0 73
0 285
0 309
0 317
0 373
0 554
0 652
0 657
0 668
0 673
0 817
0 927
1 159
1 413
1 456
1 553
1 693
1 976
2 163
2 229
2 304
2 326
2 666
2 832
2 852
3 40
3 68
3 164
3 170
3 367
3 767
3 784
4 134
4 507
4 540
4 868
4 957
5 75
5 122
5 172
5 186
5 285
5 511
5 576
5 701
5 807
5 865
5 890
5 920
5 960
5 972
6 113
6 160
6 234
6 316
6 331
6 373
6 503
6 524
6 600
6 641
6 671
6 715
6 738
7 53
7 234
7 273
7 281
7 628
7 694
7 745
7 855
7 882
7 930
8 197
8 299
8 378
8 705
8 820
9 207
9 277
9 328
9 342
9 537
9 594
9 630
9 676
9 763
9 772
9 908
9 952
10 124
10 341
10 414
10 714
10 817
10 867
10 939
11 74
11 329
11 355
11 440
11 481
11 580
11 642
11 857
11 917
11 965
12 48
12 111
12 165
12 239
12 414
12 534
12 566
12 584
12 605
12 715
12 744
12 752
12 872
13 152
13 153
13 386
13 677
13 736
13 845
13 952
14 20
14 566
14 700
14 867
14 907
14 962
15 86
15 101
15 176
15 180
15 335
15 407
15 631
15 654
15 697
15 699
15 860
15 901
15 919
15 921
15 973
16 104
16 228
16 321
16 337
16 546
16 559
16 609
16 653
16 727
16 757
16 852
16 985
17 25
17 148
17 168
17 189
17 251
17 292
17 337
17 425
17 803
17 898
17 955
18 37
18 68
18 92
18 122
18 191
18 216
18 252
18 300
18 414
18 636
18 749
18 772
18 827
18 831
18 879
18 978
19 36
19 328
19 433
19 462
19 650
19 938
20 91
20 168
20 268
20 282
20 467
20 691
20 894
20 968
21 169
21 232
21 266
21 372
21 517
21 536
21 537
21 575
21 702
21 720
21 756
21 766
21 847
21 853
21 926
22 65
22 245
22 666
22 957
22 981
22 982
22 992
23 120
23 364
23 494
23 661
23 670
23 792
24 64
24 109
24 404
24 443
24 444
24 451
24 723
24 782
24 876
24 922
25 67
25 179
25 388
25 533
25 542
25 931
25 934
25 958
26 558
26 582
26 616
26 642
26 674
26 802
26 841
27 78
27 120
27 130
27 206
27 397
27 466
27 560
27 631
27 834
27 872
28 89
28 94
28 136
28 279
28 525
28 564
28 575
28 732
28 861
28 874
28 893
28 903
29 140
29 162
29 166
29 245
29 475
29 502
29 515
29 557
29 723
29 743
29 756
29 788
29 884
29 950
29 963
30 93
30 234
30 265
30 320
30 511
30 589
30 611
30 622
30 795
30 965
31 191
31 205
31 349
31 364
31 388
31 506
31 512
31 681
31 728
31 878
31 943
32 124
32 162
32 197
32 393
32 630
32 705
32 843
32 943
33 79
33 292
33 380
33 965
33 974
33 991
34 53
34 82
34 172
34 196
34 317
34 515
34 646
34 714
34 765
34 824
34 843
34 878
34 914
34 953
35 86
35 140
35 652
35 676
35 773
35 880
35 923
36 153
36 204
36 434
36 632
36 681
36 687
36 692
36 824
36 831
36 860
37 282
37 314
37 385
37 901
37 905
38 189
38 201
38 290
38 312
38 315
38 391
38 484
38 503
38 536
38 554
38 594
38 997
39 57
39 96
39 217
39 329
39 479
39 516
39 866
39 901
39 910
40 62
40 237
40 330
40 355
40 413
40 468
40 689
40 734
40 858
40 870
41 217
41 229
41 291
41 409
41 529
41 531
41 655
41 947
42 197
42 313
42 364
42 427
42 533
42 597
42 711
42 726
42 729
42 745
42 785
42 821
42 961
43 138
43 141
43 389
43 443
43 477
43 665
43 749
44 52
44 72
44 369
44 392
44 417
44 454
44 541
44 611
44 796
44 799
44 884
44 924
45 65
45 157
45 213
45 272
45 502
45 535
45 590
45 681
45 729
45 898
45 997
46 54
46 179
46 282
46 320
46 438
46 445
46 461
46 598
46 908
47 270
47 539
47 666
47 737
47 769
47 841
47 843
47 948
48 97
48 326
48 499
48 513
48 539
48 546
48 662
48 749
48 838
48 859
48 944
49 57
49 109
49 203
49 279
49 314
49 352
49 377
49 446
49 458
49 484
49 505
49 629
49 638
49 640
49 649
49 684
49 701
49 786
49 871
49 958
49 965
50 102
50 105
50 165
50 263
50 320
50 718
50 768
50 889
50 983
51 143
51 444
51 652
51 805
51 961
52 94
52 157
52 333
52 371
52 464
52 662
52 684
52 840
53 55
53 92
53 660
53 757
53 914
54 101
54 310
54 521
54 769
54 850
55 72
55 678
55 774
55 776
55 784
56 73
56 85
56 296
56 471
56 473
56 538
56 567
56 876
56 947
57 60
57 221
57 418
57 576
57 753
57 766
57 800
57 909
57 915
57 955
57 970
58 189
58 212
58 404
58 436
58 475
58 480
58 494
58 533
58 538
58 564
58 628
58 665
58 672
58 710
58 781
58 782
58 890
58 935
59 70
59 128
59 240
59 289
59 334
59 352
59 392
59 607
59 840
59 907
60 118
60 262
60 376
60 381
60 509
60 634
60 752
60 911
60 985
61 273
61 481
61 672
61 720
61 887
61 947
62 202
62 337
62 427
62 586
62 615
62 680
62 887
62 898
62 910
62 961
63 234
63 403
63 404
63 513
63 573
63 590
63 813
63 852
64 98
64 228
64 281
64 403
64 508
64 576
64 648
64 720
64 737
65 90
65 147
65 212
65 222
65 230
65 395
65 473
65 484
65 698
65 951
65 974
66 110
66 161
66 287
66 309
66 325
66 422
66 798
66 957
67 205
67 213
67 216
67 310
67 442
67 525
67 536
67 570
67 759
67 817
67 917
67 924
68 207
68 467
68 504
68 620
69 184
69 382
69 652
69 819
69 824
69 906
69 934
70 104
70 417
70 511
70 539
70 829
70 970
71 85
71 356
71 365
71 609
71 737
71 944
71 955
72 275
72 355
72 809
72 886
73 118
73 217
73 634
73 898
73 922
74 182
74 320
74 355
74 397
74 497
74 640
74 657
75 352
75 541
75 775
75 790
75 897
75 913
75 992
76 119
76 133
76 174
76 211
76 435
76 474
76 652
76 792
76 817
76 882
76 906
76 926
76 956
77 105
77 131
77 140
77 205
77 431
77 555
77 580
77 638
77 696
77 812
77 826
78 394
78 419
78 530
78 681
78 722
78 960
79 171
79 177
79 249
79 387
79 590
79 719
79 902
80 528
80 740
80 776
80 918
80 962
81 139
81 271
81 516
81 628
81 754
81 781
81 858
81 908
82 90
82 193
82 307
82 383
82 415
82 481
82 529
82 819
83 292
83 296
83 522
83 624
83 676
83 774
83 804
84 148
84 208
84 225
84 395
84 463
84 480
84 493
84 517
84 530
84 627
84 645
84 815
84 913
84 959
85 271
85 389
85 562
85 563
85 790
85 960
86 94
86 163
86 185
86 314
86 640
86 645
86 981
87 411
87 453
87 462
87 563
87 647
87 713
87 724
87 743
87 868
87 930
87 975
88 174
88 676
88 702
88 792
89 237
89 726
89 760
89 915
89 947
90 104
90 133
90 136
90 231
90 259
90 455
90 482
90 525
90 607
90 609
90 628
90 648
90 913
91 94
91 97
91 164
91 176
91 181
91 409
91 416
91 475
91 614
91 631
91 646
91 734
91 764
91 844
91 847
91 928
91 966
92 96
92 224
92 441
92 554
92 559
92 603
92 820
92 908
93 166
93 173
93 387
93 419
93 436
93 752
93 781
93 789
93 812
93 829
93 937
93 964
94 502
94 541
94 719
94 793
94 808
94 840
94 913
95 182
95 208
95 291
95 329
95 440
95 476
95 513
95 557
95 847
96 325
96 524
96 735
96 745
96 798
96 817
96 845
96 961
96 967
97 122
97 194
97 337
97 458
97 476
97 483
97 537
97 682
97 688
97 933
97 952
98 205
98 236
98 237
98 448
98 600
98 725
98 890
99 157
99 244
99 312
99 354
99 390
99 400
99 516
99 523
99 627
99 629
99 643
99 675
99 740
99 768
99 891
99 894
99 987
100 404
100 527
100 674
100 749
100 851
101 117
101 133
101 152
101 176
101 242
101 269
101 403
101 468
101 603
101 834
101 870
101 908
101 955
101 974
102 269
102 307
102 426
102 712
102 739
102 852
102 903
103 127
103 241
103 333
103 350
103 527
103 631
103 687
103 718
103 828
103 892
103 953
104 162
104 421
104 496
104 520
104 553
104 582
104 591
104 656
104 715
104 792
104 832
105 203
105 311
105 367
105 382
105 532
105 590
105 620
105 765
105 824
106 173
106 302
106 344
106 443
106 475
106 584
106 712
106 805
107 169
107 324
107 563
107 640
107 821
107 922
107 967
108 217
108 219
108 269
108 544
108 568
108 580
108 663
108 837
109 121
109 322
109 342
109 576
109 727
109 753
109 785
109 799
110 174
110 250
110 288
110 407
110 435
110 503
110 959
110 980
110 988
110 993
111 192
111 409
111 567
111 777
111 815
111 859
111 883
111 968
111 975
111 986
112 132
112 150
112 289
112 375
112 413
112 419
112 736
112 804
112 829
113 162
113 204
113 326
113 337
113 446
113 452
113 972
114 164
114 183
114 361
114 472
114 797
114 857
114 914
114 970
115 116
115 141
115 253
115 394
115 639
115 711
115 855
116 301
116 613
116 822
117 126
117 213
117 318
117 320
117 345
117 383
117 388
117 436
117 594
117 615
117 875
117 935
118 271
118 311
118 461
118 590
118 663
118 839
118 840
118 881
119 205
119 369
119 381
119 417
119 426
119 435
119 516
119 699
119 817
119 839
119 842
120 185
120 251
120 254
120 491
120 575
120 895
120 958
120 966
121 241
121 267
121 283
121 305
121 479
121 647
121 714
121 733
121 762
121 842
122 335
122 424
122 527
122 544
122 615
122 714
122 765
122 835
122 912
122 952
123 140
123 289
123 340
123 417
123 442
123 546
123 559
123 853
123 921
123 957
123 996
124 146
124 266
124 302
124 337
124 607
124 673
124 745
124 788
124 815
124 876
124 909
124 964
125 186
125 387
125 490
125 629
125 804
125 822
125 856
125 872
126 140
126 157
126 197
126 273
126 666
127 149
127 251
127 253
127 459
127 538
127 540
127 599
127 635
127 686
127 824
128 204
128 470
128 516
128 526
128 585
128 592
128 608
128 752
129 283
129 383
129 404
129 463
129 498
129 622
129 771
129 812
129 891
129 927
130 309
130 423
130 438
130 446
130 517
130 591
130 688
130 779
130 840
130 944
130 977
131 482
131 521
131 738
131 759
131 805
131 807
131 808
132 250
132 559
132 585
132 607
132 686
132 718
132 777
132 861
133 348
133 365
133 478
133 514
133 534
133 600
133 699
133 846
133 911
133 913
134 312
134 336
134 372
134 425
134 453
134 498
134 596
134 675
134 773
134 846
135 273
135 314
135 321
135 330
135 409
135 424
135 437
135 476
135 881
135 912
136 138
136 166
136 273
136 324
136 414
136 457
136 645
136 720
136 966
137 165
137 213
137 372
137 516
137 673
137 713
137 861
137 930
138 279
138 291
138 400
138 471
138 573
138 589
138 629
138 866
139 195
139 402
139 655
139 675
139 870
139 937
139 949
139 975
140 700
141 275
141 339
141 364
141 387
141 443
141 533
141 704
141 799
141 827
141 896
142 280
142 311
142 659
142 790
142 946
142 953
142 986
143 247
143 409
143 443
143 455
143 521
143 691
143 703
143 758
143 907
143 987
144 184
144 209
144 397
144 433
144 483
144 722
144 811
144 816
144 950
144 981
145 178
145 528
145 656
145 696
145 745
145 801
145 827
146 160
146 166
146 307
146 560
146 905
147 364
147 588
147 678
147 927
148 200
148 534
148 608
148 691
148 849
148 967
149 388
149 463
149 476
149 757
149 777
149 866
149 871
149 942
149 960
149 968
150 170
150 171
150 233
150 242
150 378
150 386
150 592
150 645
150 754
150 793
150 871
150 948
151 386
151 406
151 884
151 939
151 954
152 257
152 293
152 369
153 159
153 422
153 448
153 472
153 480
153 771
153 802
153 852
153 907
154 318
154 323
154 365
154 418
154 548
154 601
154 648
154 664
154 757
154 770
154 836
154 918
154 945
155 381
155 407
155 479
155 645
155 697
155 753
155 764
155 789
155 826
155 830
155 927
155 928
156 221
156 302
156 348
156 490
156 539
156 542
156 996
157 221
157 805
158 179
158 265
158 475
158 506
158 603
158 660
158 864
158 868
159 209
159 327
159 374
159 545
159 617
159 626
159 830
159 958
159 991
160 225
160 269
160 300
160 338
160 482
160 609
160 633
160 792
160 900
160 932
160 946
161 339
161 376
161 618
161 630
161 751
161 845
161 935
161 988
162 229
162 244
162 360
162 390
162 408
162 557
162 696
162 990
163 221
163 223
163 318
163 592
163 621
163 660
163 671
163 741
163 744
163 867
163 940
163 956
164 266
164 422
164 452
164 518
164 529
164 596
164 718
164 784
164 972
165 292
165 483
165 688
165 701
165 726
165 764
165 889
165 964
166 255
166 366
166 569
166 629
166 689
166 705
166 782
166 823
166 846
166 866
166 932
166 990
167 252
167 257
167 274
167 313
167 321
167 480
167 497
167 582
167 622
167 762
167 836
168 170
168 396
168 435
168 489
168 514
168 574
168 621
168 935
169 183
169 281
169 512
169 525
169 701
169 715
169 752
169 789
169 903
170 381
170 461
170 470
170 501
170 582
170 699
170 759
170 839
170 842
170 885
170 909
170 929
170 946
171 185
171 202
171 209
171 239
171 288
171 304
171 315
171 366
171 372
171 398
171 403
171 455
171 594
171 688
171 690
171 781
171 833
171 899
172 181
172 248
172 251
172 267
172 348
172 480
172 649
172 812
172 836
172 865
172 875
172 930
173 517
173 603
173 793
173 828
173 996
174 342
174 344
174 407
174 760
174 918
174 922
174 997
175 308
175 586
175 687
175 723
175 870
175 911
176 208
176 282
176 362
176 480
176 594
176 753
176 923
176 947
177 332
177 477
177 813
178 346
178 350
178 380
178 381
178 391
178 606
178 855
178 906
178 928
178 937
179 214
179 252
179 284
179 366
179 403
179 420
179 425
179 845
180 320
180 392
180 397
180 493
180 558
180 624
180 785
181 288
181 338
181 357
181 511
181 564
181 621
181 752
181 861
182 199
182 450
182 516
182 842
183 232
183 253
183 366
183 387
183 454
183 509
183 732
183 734
183 735
183 765
183 935
183 955
183 985
184 265
184 296
184 380
184 474
184 574
184 619
184 688
185 246
185 283
185 599
185 625
185 669
185 731
185 759
185 779
185 805
186 342
186 395
186 495
186 614
186 667
186 920
186 980
186 994
187 446
187 454
187 568
187 938
188 407
188 538
188 869
188 914
189 245
189 339
189 420
189 440
189 570
189 693
189 741
189 786
189 824
189 986
190 257
190 314
190 747
190 885
190 964
191 371
191 873
192 207
192 364
192 460
192 491
192 542
192 551
192 622
192 637
192 722
192 843
192 846
192 886
192 887
192 942
193 208
193 246
193 279
193 303
193 430
193 440
193 503
193 707
193 852
193 859
193 864
193 973
193 990
193 996
194 215
194 472
194 603
195 199
195 608
195 662
195 875
195 889
195 901
195 902
196 255
196 275
196 288
196 292
196 351
196 476
196 558
196 960
196 972
197 199
197 239
197 313
197 339
197 362
197 592
197 593
197 817
198 426
198 427
198 538
198 823
198 910
198 930
199 251
199 296
199 299
199 358
199 515
199 619
199 798
199 904
199 935
200 285
200 419
200 599
200 705
200 808
200 929
200 987
201 316
201 457
201 492
201 564
201 742
201 950
202 239
202 252
202 290
202 562
202 656
202 799
202 949
202 960
203 205
203 270
203 434
203 710
203 811
203 868
203 882
204 214
204 260
204 273
204 343
204 447
204 534
204 586
204 661
204 956
205 281
205 366
205 468
205 569
205 590
205 630
205 698
205 854
206 270
206 291
206 382
206 518
206 732
206 864
206 867
206 905
207 606
207 623
207 632
207 821
207 876
207 877
207 958
208 255
208 321
208 422
208 511
208 642
208 743
208 830
208 866
208 933
209 314
209 335
209 361
209 422
209 463
209 481
209 484
209 731
209 823
210 278
210 337
210 499
210 632
210 732
210 761
210 998
211 315
211 450
211 461
211 498
211 665
211 681
211 952
212 464
212 527
212 580
212 829
212 858
212 885
213 218
213 235
213 415
213 491
213 623
213 635
213 843
214 312
214 478
214 487
214 498
214 594
214 648
214 769
214 791
214 891
215 324
215 374
215 489
215 645
215 683
215 705
215 868
216 308
216 564
216 695
216 737
216 747
216 778
216 831
216 918
216 989
217 396
217 575
217 700
217 732
217 915
218 623
218 757
219 357
219 377
219 407
219 474
219 501
219 663
219 740
219 818
219 919
220 238
220 403
220 463
220 621
220 631
221 345
221 535
221 632
221 672
221 741
221 816
222 303
222 591
222 811
222 830
223 429
223 471
223 560
223 606
223 657
223 678
223 686
223 689
223 697
223 739
223 755
223 774
224 239
224 255
224 274
224 653
224 778
224 823
224 825
224 909
225 308
225 499
225 559
225 760
226 323
226 419
226 633
226 844
226 985
227 390
227 474
227 558
227 784
227 870
227 912
227 954
227 983
228 333
228 698
228 729
228 801
228 890
228 978
229 244
229 283
229 718
229 746
229 803
229 810
229 923
230 234
230 391
230 436
230 490
230 582
230 691
230 801
230 811
230 833
230 891
230 907
230 908
231 331
231 386
231 403
231 413
231 438
231 654
231 690
231 843
231 904
231 973
232 276
232 319
232 484
232 835
232 879
233 256
233 263
233 328
233 530
233 574
233 639
233 673
233 715
233 723
233 931
234 322
234 390
234 455
234 605
234 704
234 755
234 799
234 887
235 532
235 649
235 768
235 802
235 836
235 945
235 971
235 999
236 312
236 384
236 418
236 452
236 606
236 645
236 681
236 953
237 365
237 483
237 593
237 668
237 684
237 695
237 742
237 849
237 861
237 863
238 251
238 310
238 334
238 389
238 486
238 645
238 704
238 731
238 746
238 793
238 816
238 976
239 267
239 582
239 721
239 950
240 313
240 481
240 525
240 533
240 549
240 740
240 931
240 951
241 314
241 586
241 601
241 611
242 338
242 354
242 401
242 409
242 456
242 623
242 666
242 683
242 740
242 741
242 808
242 829
242 861
242 985
243 275
243 284
243 330
243 691
243 766
243 832
243 908
243 922
244 293
244 426
244 437
244 546
244 830
244 893
244 923
244 978
245 682
245 889
246 446
246 489
246 529
246 622
246 703
246 726
246 849
246 899
247 310
247 400
247 414
247 525
247 554
247 584
247 607
247 727
247 784
247 829
247 852
247 862
247 980
248 381
248 489
248 501
248 534
248 539
248 550
248 562
248 710
248 814
248 874
248 885
249 366
249 551
249 590
249 702
249 738
249 793
249 834
249 901
250 403
250 474
250 590
250 599
250 667
250 677
250 727
250 820
251 547
251 550
251 669
251 789
251 803
251 945
251 948
252 271
252 339
252 467
253 316
253 501
253 637
253 712
253 838
253 894
253 902
254 309
254 310
254 352
254 459
254 531
254 592
254 660
254 700
254 706
254 791
255 379
255 446
255 473
255 888
255 958
256 305
256 372
256 411
256 476
256 479
256 508
256 570
256 793
256 840
256 859
257 282
257 572
257 596
257 623
257 652
257 699
257 861
257 987
258 268
258 342
258 415
258 431
258 455
258 510
258 554
258 569
258 612
258 639
258 646
258 948
258 959
258 996
259 348
259 437
259 466
259 628
259 815
260 310
260 330
260 409
260 778
260 895
260 925
261 393
261 714
261 758
261 783
261 876
262 369
262 375
262 390
262 458
262 510
262 543
262 641
262 800
262 807
262 839
262 903
263 569
263 570
263 634
263 678
263 748
263 912
264 410
264 421
264 644
264 747
264 866
265 394
265 453
265 469
265 683
265 878
265 991
266 312
266 382
266 632
266 678
266 686
266 724
266 801
266 816
266 832
267 317
267 331
267 553
267 609
267 623
267 813
267 826
268 301
268 357
268 359
268 460
268 645
268 749
268 978
269 275
269 397
269 446
269 549
269 602
269 690
269 706
269 878
269 992
270 275
270 603
271 296
271 338
271 715
271 940
271 984
272 278
272 285
272 417
272 418
272 441
272 470
272 595
272 653
273 336
273 387
273 550
273 566
273 573
273 623
273 736
273 792
273 835
274 399
274 626
274 734
274 760
274 861
274 977
275 806
275 819
275 912
276 302
276 375
276 597
276 600
276 736
276 840
276 960
277 547
277 872
277 976
277 989
278 280
278 288
278 385
278 421
278 463
278 598
278 637
278 702
278 797
278 830
278 831
279 581
279 701
279 722
280 351
280 497
280 547
280 641
280 755
280 879
281 445
281 487
281 513
281 658
281 863
281 870
281 901
281 919
281 981
282 370
282 441
282 451
282 653
282 974
283 309
283 661
283 743
283 754
283 908
283 950
283 966
284 293
284 341
284 760
284 772
284 980
285 335
285 462
285 496
285 837
286 294
286 333
286 334
286 357
286 402
286 414
286 502
286 541
286 609
286 691
286 759
288 298
288 536
288 577
288 587
288 754
288 788
288 811
288 880
288 896
289 503
289 542
289 581
289 601
289 617
289 624
289 835
290 313
290 320
290 430
290 472
290 593
290 599
290 607
290 719
290 751
290 850
290 859
291 481
291 540
291 549
291 567
291 593
291 623
291 956
291 963
292 333
292 415
292 543
292 698
292 791
292 802
292 862
292 931
293 315
293 328
293 343
293 404
293 427
293 484
293 500
293 503
293 634
293 654
293 750
293 757
294 434
294 743
294 746
294 895
294 899
294 953
294 996
295 422
295 426
295 490
295 683
295 696
295 857
295 871
295 958
296 483
296 545
296 632
296 952
296 978
297 322
297 407
297 540
297 747
297 972
298 518
298 592
298 622
298 656
298 664
298 996
298 997
299 376
299 554
299 894
299 923
299 926
300 331
300 719
300 760
300 998
301 321
301 336
301 399
301 458
301 514
301 615
301 750
301 815
301 823
301 864
301 994
301 995
302 342
302 367
302 515
302 678
302 795
302 839
302 840
302 958
302 963
303 377
303 405
303 412
303 413
303 519
304 425
304 591
304 595
304 737
304 777
305 534
305 740
305 879
306 620
306 653
306 734
306 741
306 791
306 891
306 966
307 327
307 359
307 384
307 413
307 512
307 736
307 853
308 331
308 337
308 401
308 561
308 665
308 840
309 397
309 411
309 421
309 431
309 449
309 508
309 521
309 557
309 759
309 872
309 948
310 454
310 535
310 564
310 731
310 809
310 857
310 865
310 879
310 999
311 436
311 636
311 768
311 842
311 912
311 935
311 962
312 605
312 671
312 706
312 731
312 758
312 870
313 466
313 479
313 501
313 543
313 581
313 692
313 852
313 866
313 906
313 920
313 978
313 987
314 341
314 407
314 606
314 701
314 748
314 769
314 770
314 816
314 960
315 388
315 460
315 537
315 671
315 686
315 720
315 731
315 733
315 791
315 809
315 883
315 978
315 992
316 333
316 335
316 480
316 694
316 747
316 763
316 822
316 870
316 928
316 961
316 995
317 582
317 744
317 839
317 892
317 908
318 373
318 376
318 401
318 527
318 528
318 533
318 578
318 651
318 655
318 772
318 854
318 860
318 975
319 548
319 689
319 744
319 896
319 946
320 323
320 366
320 470
320 509
320 527
320 713
320 815
320 930
320 978
321 458
321 515
321 717
321 904
321 978
322 384
322 432
322 477
322 574
322 610
322 614
322 645
322 750
322 970
323 414
323 496
323 595
323 683
323 696
323 777
323 862
323 973
323 978
324 352
324 509
324 555
324 613
324 662
324 787
324 887
324 936
325 350
325 352
325 357
325 422
325 517
326 465
326 563
326 820
326 931
326 957
327 403
327 436
327 467
327 489
327 516
327 874
327 994
328 357
328 466
328 640
328 650
328 809
328 812
329 359
329 403
329 554
329 650
329 813
329 907
330 390
330 511
330 642
330 686
330 788
330 846
330 986
331 341
331 499
331 515
331 676
331 689
331 799
331 870
331 878
331 971
332 338
332 416
332 441
332 533
332 678
332 799
332 876
332 890
333 490
333 607
333 669
333 817
333 968
334 576
334 590
335 421
335 454
335 976
336 447
336 504
336 606
336 782
336 800
337 573
337 594
337 614
337 621
337 785
337 809
337 878
338 350
338 441
338 499
338 617
338 810
338 875
338 957
339 360
339 405
339 578
339 589
339 608
339 611
339 689
339 741
339 818
339 826
339 991
340 384
340 422
340 424
340 610
340 703
340 807
340 830
340 837
340 884
341 367
341 710
341 736
341 820
341 835
341 910
342 398
342 472
342 579
342 596
342 620
342 725
342 748
343 469
343 544
343 683
343 744
343 763
343 884
343 918
344 398
344 459
344 499
344 526
344 818
344 883
344 917
344 938
345 369
345 374
345 385
345 536
345 600
345 624
345 703
345 704
345 865
345 897
346 357
346 388
346 535
346 666
346 713
346 727
346 729
346 795
346 891
346 981
347 512
347 515
347 565
347 740
347 797
347 811
347 906
348 388
348 425
348 798
348 880
349 365
349 423
349 487
349 645
349 839
349 872
350 457
350 860
350 960
350 984
351 549
351 649
351 707
351 732
351 829
351 841
351 864
352 531
352 553
352 569
352 779
352 951
353 648
353 914
354 363
354 375
354 459
354 730
354 745
354 898
354 988
355 424
355 829
356 387
356 466
356 536
357 434
357 484
357 569
357 607
357 611
357 665
357 680
357 738
357 767
357 853
357 871
358 587
358 862
358 970
358 993
359 409
359 971
360 467
360 561
360 574
360 598
360 620
360 700
360 753
360 766
360 779
360 812
360 921
361 585
361 645
361 652
361 676
361 765
361 800
361 834
361 851
362 367
362 390
362 407
362 516
362 647
362 724
362 748
362 787
362 848
362 921
362 924
363 467
363 734
363 785
363 855
363 909
364 411
364 441
364 670
364 720
364 726
364 734
365 661
365 674
365 859
366 399
366 480
366 678
366 755
366 868
367 391
367 434
367 511
367 599
367 744
367 825
367 856
367 870
367 916
367 956
368 417
368 421
368 424
368 573
368 591
368 647
368 819
368 925
368 963
369 523
369 645
369 694
369 737
369 903
370 380
370 511
370 522
370 580
370 842
370 931
371 659
371 781
371 905
371 933
371 997
372 491
372 503
372 614
372 715
372 783
373 394
373 422
373 454
373 554
373 611
373 730
373 973
374 746
374 825
375 431
375 622
375 640
375 882
375 931
376 392
376 491
376 624
376 748
376 838
376 999
377 380
377 404
377 512
377 516
377 636
377 662
377 809
377 823
377 845
377 877
377 934
378 382
378 632
379 406
379 485
379 557
379 572
379 580
379 603
379 630
379 634
379 650
379 708
379 755
379 775
379 841
379 866
379 935
379 985
380 467
380 515
380 551
380 650
380 703
380 776
380 925
380 945
380 969
381 462
381 588
381 694
381 701
381 914
382 442
382 794
382 991
383 533
383 572
383 591
383 621
383 802
383 910
384 414
384 592
384 850
384 872
384 908
384 909
384 951
384 997
385 439
385 475
385 478
385 607
385 609
385 612
385 715
385 770
385 803
385 913
386 418
386 529
386 553
386 818
387 393
387 437
387 481
387 550
387 896
387 900
387 934
388 392
388 398
388 494
388 574
388 681
388 723
388 750
388 860
388 931
388 945
389 552
389 643
389 686
389 751
389 921
389 981
390 408
390 413
390 439
390 858
391 410
391 421
391 511
391 566
391 665
391 695
391 817
391 909
391 930
392 483
392 533
392 552
392 554
392 564
392 615
392 622
392 778
392 829
392 867
392 923
392 928
392 955
393 505
393 545
393 561
393 563
393 570
393 605
393 614
393 645
393 754
394 444
394 563
394 645
394 694
394 885
394 937
395 546
395 625
395 682
395 698
395 763
395 768
395 875
396 633
396 713
396 773
396 831
397 533
397 574
397 622
397 639
397 694
397 750
397 998
398 527
398 568
398 619
398 629
398 678
398 755
398 877
398 956
399 438
399 740
399 759
399 879
399 902
400 679
400 716
400 885
400 936
400 986
401 437
401 512
401 540
401 666
401 891
402 526
402 741
402 758
402 884
403 463
403 506
403 528
403 854
403 910
403 936
403 997
404 422
404 436
404 494
404 595
404 616
404 741
404 785
404 910
404 988
405 449
405 569
405 586
405 590
405 642
405 741
405 839
405 951
406 617
406 654
406 663
406 713
406 854
406 881
406 890
407 443
407 447
407 629
407 656
407 662
407 946
407 988
408 417
408 565
408 656
408 947
408 964
408 984
409 599
409 621
409 629
409 646
409 650
409 698
409 726
409 909
409 929
409 988
410 597
410 628
410 691
410 709
410 780
411 592
411 619
411 702
411 764
411 800
412 548
412 635
412 655
412 677
412 716
412 726
412 803
412 855
412 988
413 509
413 572
413 884
413 972
414 438
414 666
414 711
414 718
414 764
414 853
414 901
414 969
414 972
415 425
415 428
415 592
415 925
416 419
416 432
416 547
416 548
416 643
416 732
416 749
416 897
416 905
416 956
416 960
416 971
417 530
417 562
417 783
417 850
417 931
418 520
418 542
418 613
418 627
418 853
419 581
419 791
419 903
420 475
421 432
421 524
421 548
421 660
421 984
422 601
422 610
422 620
422 654
422 694
422 724
422 739
422 816
422 853
422 928
422 961
423 504
423 517
423 812
423 878
424 516
424 634
424 880
424 976
425 585
425 639
425 762
425 837
425 905
425 949
425 958
426 571
426 618
426 762
426 926
426 927
426 938
427 477
427 766
427 798
427 857
427 913
428 516
428 532
428 660
428 664
428 768
428 790
428 977
428 995
429 442
429 673
429 795
429 892
429 933
429 971
430 493
430 646
430 710
430 771
430 811
431 573
431 723
431 828
431 876
431 926
431 951
432 631
432 651
432 669
432 744
432 776
432 981
432 983
433 585
433 664
433 687
433 722
433 756
433 933
433 990
434 436
434 510
434 592
434 606
434 644
434 657
434 987
435 445
435 648
435 811
435 939
435 949
435 985
436 481
436 534
436 641
436 717
436 734
436 796
436 880
436 906
437 572
437 576
437 586
437 621
437 665
437 704
437 775
437 822
437 942
438 786
439 619
439 734
439 736
439 800
439 891
439 941
440 753
440 791
440 795
440 896
440 928
440 940
440 988
441 509
441 517
441 605
441 681
441 766
441 833
441 996
442 491
442 563
442 571
442 579
442 720
442 736
442 742
442 867
443 768
443 966
444 596
444 790
444 799
444 920
444 959
445 493
445 519
445 685
445 721
445 760
445 861
446 862
447 680
447 704
447 784
447 890
447 901
447 924
447 928
449 468
449 469
449 501
449 534
449 699
449 828
450 626
450 631
450 677
451 491
451 667
451 723
451 785
451 786
451 847
452 458
452 492
452 636
452 705
452 902
452 963
453 492
453 550
453 690
453 738
453 956
454 528
454 606
454 803
454 858
454 882
454 883
455 482
455 582
455 812
455 881
455 973
456 462
456 519
456 544
456 615
456 731
456 777
456 842
456 933
457 681
457 809
458 465
458 478
458 514
458 659
458 748
458 809
458 853
458 907
458 985
459 517
459 561
459 643
459 680
459 725
459 967
460 534
460 558
460 653
460 927
460 935
461 618
461 913
462 478
462 522
462 536
462 589
462 638
462 642
462 810
463 472
463 559
463 613
463 785
463 788
463 896
463 932
463 966
464 512
464 523
464 529
464 535
464 585
464 681
464 696
464 718
464 736
464 746
464 843
464 951
464 982
465 526
465 569
465 641
465 723
465 751
465 808
465 846
465 865
465 920
466 645
466 722
466 725
466 786
466 796
466 830
466 839
466 884
467 473
467 588
467 870
467 916
467 988
468 627
468 635
468 672
468 830
469 475
469 627
469 648
469 829
469 981
470 607
470 665
470 673
470 679
471 515
471 517
471 718
471 811
471 946
471 998
472 899
473 484
473 737
473 794
473 804
474 815
474 914
474 943
474 946
474 975
475 680
475 688
475 732
475 779
475 784
475 871
476 511
476 545
476 651
476 714
477 790
477 832
477 875
478 549
478 612
478 840
478 869
478 987
479 666
479 804
480 503
480 686
480 719
480 774
480 912
480 989
481 563
481 798
481 925
482 668
482 915
482 921
483 607
483 716
483 758
483 851
484 514
484 558
484 626
484 696
484 877
484 890
484 964
484 965
485 523
485 758
485 784
485 992
486 537
486 573
486 867
486 990
486 995
487 503
487 542
487 666
487 723
487 767
487 813
487 822
487 980
488 505
488 563
488 575
488 576
488 586
488 621
488 838
488 990
489 558
489 564
489 576
489 676
489 697
489 698
489 703
489 779
489 787
489 822
489 832
490 747
490 800
490 974
491 530
491 564
491 586
491 590
491 661
491 767
491 770
491 784
491 875
491 947
492 532
492 585
492 642
492 723
492 807
492 844
492 872
493 698
493 809
493 953
494 571
494 644
494 672
494 831
495 723
495 790
495 797
495 813
495 845
495 856
495 942
495 957
496 558
496 787
496 806
496 808
496 851
496 892
496 931
496 999
497 640
497 826
497 843
497 853
497 863
498 500
498 627
498 762
498 864
499 596
499 639
499 651
499 771
499 923
499 998
500 511
500 646
500 739
500 742
500 757
500 919
501 523
501 588
502 588
502 908
503 517
503 557
503 799
503 847
503 858
503 982
504 634
504 655
504 773
504 783
504 803
504 926
504 932
505 545
505 550
505 582
505 709
505 739
505 826
505 848
505 876
506 552
506 582
506 682
506 732
506 824
506 892
507 522
507 610
507 746
507 867
507 958
507 985
508 582
508 693
508 724
508 731
508 820
508 918
509 795
509 875
510 518
510 528
510 551
510 680
510 705
510 798
510 871
510 876
510 921
510 969
511 553
511 578
511 617
511 894
511 906
511 913
512 541
512 557
512 567
512 742
512 772
512 811
512 856
512 914
513 538
513 603
513 659
513 816
514 700
514 838
514 912
515 516
515 795
515 905
515 939
516 576
516 699
516 732
516 784
516 962
516 970
517 546
517 780
517 900
517 915
517 936
518 621
518 660
518 681
518 803
518 926
519 811
519 826
519 853
519 855
519 967
520 749
520 843
520 872
520 982
520 988
521 818
522 647
522 665
522 716
522 806
522 812
522 841
523 536
523 560
523 707
523 788
523 887
523 902
523 943
524 529
524 597
524 609
524 668
524 743
524 826
524 857
524 880
525 608
525 929
526 538
526 561
526 603
526 697
526 775
526 823
527 627
527 700
527 804
527 822
527 848
527 849
527 924
528 634
528 754
528 873
528 933
528 990
529 587
529 639
529 889
529 950
531 590
531 603
531 731
531 787
531 817
531 831
531 884
531 889
531 929
532 556
532 665
532 748
532 760
532 822
532 969
533 745
533 947
534 633
534 755
534 756
534 779
534 869
535 675
535 877
536 547
536 548
537 590
537 595
537 683
537 731
537 763
537 956
537 980
537 989
538 976
539 581
539 587
539 648
539 779
539 854
540 931
541 824
541 926
542 634
542 709
542 747
542 752
542 874
543 746
543 789
543 876
543 913
544 577
544 727
544 730
544 901
544 929
544 934
544 935
544 941
545 567
545 660
545 858
545 933
546 554
546 707
546 726
546 948
546 951
547 661
547 664
547 720
547 787
547 846
547 858
548 563
548 583
548 588
548 615
548 825
548 988
549 614
549 793
549 877
549 892
549 903
549 918
550 693
550 765
550 864
550 902
551 632
551 843
551 978
552 595
552 652
552 700
552 786
552 845
552 862
552 951
553 706
553 822
554 583
554 910
555 670
555 725
555 774
555 983
556 576
556 680
556 772
556 949
557 611
557 666
557 674
557 785
557 919
558 587
558 892
558 975
559 581
559 718
559 850
559 916
559 960
559 961
559 995
560 637
560 859
560 939
560 986
560 989
561 661
561 824
561 867
562 619
562 636
562 906
562 917
562 940
563 581
563 732
563 807
563 916
563 921
564 593
564 642
564 711
564 842
564 952
565 660
565 698
565 769
565 773
566 861
567 596
567 775
567 818
567 917
567 948
567 966
567 992
568 599
568 735
568 771
568 922
569 733
569 829
570 740
570 837
570 907
571 703
571 825
572 609
572 679
572 734
572 804
573 749
573 806
573 831
573 920
574 597
574 639
574 830
574 832
574 879
574 939
574 946
575 624
575 662
575 682
575 695
575 708
575 709
575 720
575 932
575 969
575 996
576 612
576 632
576 634
576 658
576 669
576 759
576 804
576 901
576 939
576 995
577 606
577 613
577 939
577 960
578 641
578 650
578 677
578 821
578 831
578 900
579 695
579 742
579 780
579 969
580 610
580 622
580 746
580 747
580 777
580 794
580 885
581 792
581 935
582 780
582 786
582 819
583 713
583 808
583 835
584 823
585 735
585 870
585 916
585 953
586 642
586 789
587 596
587 791
587 929
587 958
588 979
589 920
589 955
590 619
590 665
590 703
590 723
590 783
590 829
591 706
591 792
591 799
591 863
592 890
592 915
592 938
593 605
593 621
593 623
593 639
593 684
593 718
593 814
593 821
594 670
594 778
594 908
595 616
595 714
595 768
595 862
595 972
596 695
596 734
596 765
596 968
597 624
597 709
597 711
597 761
597 830
597 879
598 599
598 851
598 914
599 619
599 670
599 681
599 734
599 858
599 908
600 627
600 644
600 648
600 831
600 838
600 920
601 725
601 775
601 817
601 917
602 831
602 838
602 919
603 693
603 791
603 810
603 849
603 925
604 655
604 698
604 713
604 778
604 824
604 831
604 944
604 981
605 726
605 796
605 920
606 677
606 750
606 897
607 713
607 726
607 730
607 928
608 648
608 666
608 832
608 968
608 971
609 765
609 823
609 834
610 629
610 638
610 663
610 981
611 764
611 893
611 922
611 933
611 973
613 679
613 797
613 806
614 907
614 930
615 824
615 840
615 861
616 689
616 731
616 788
616 942
616 961
616 991
616 992
617 782
617 826
617 859
617 953
618 661
618 931
618 965
618 999
619 856
619 864
619 893
619 906
620 665
620 697
620 867
621 663
621 892
622 692
622 886
622 990
623 652
623 660
623 842
624 635
624 863
624 903
625 640
625 669
625 807
625 924
627 668
627 729
627 739
627 820
627 891
627 935
628 784
628 825
628 906
628 956
629 753
629 932
630 873
630 933
631 735
631 982
632 805
632 808
632 833
632 887
633 672
633 687
633 952
634 711
634 855
634 890
634 930
635 688
635 719
635 765
635 834
636 893
636 928
637 643
637 678
637 793
637 915
637 920
638 766
640 676
640 704
640 722
641 646
641 895
641 959
642 666
642 922
643 701
643 826
643 997
644 847
645 664
645 769
645 784
645 793
645 868
645 890
645 958
645 962
645 978
646 782
646 820
646 929
646 933
646 935
647 722
647 738
647 767
647 808
647 932
647 946
647 977
648 810
649 664
649 731
649 743
649 857
649 908
649 921
649 994
651 718
651 846
651 910
651 919
652 812
652 854
652 901
653 809
653 933
653 935
653 986
654 685
654 785
654 817
654 821
654 897
654 905
654 922
655 938
656 725
656 927
656 938
657 661
657 687
657 730
657 798
657 816
657 937
657 996
658 672
658 686
658 751
658 761
658 910
658 937
659 670
659 704
659 841
659 932
659 973
660 863
660 954
661 668
661 725
661 736
661 745
662 663
662 667
662 910
662 969
663 729
663 740
664 685
664 773
664 777
664 837
664 838
665 772
665 813
665 829
665 849
666 701
666 747
667 744
667 878
667 972
668 670
668 681
669 727
669 758
669 787
669 812
669 836
670 717
670 776
670 782
670 868
670 870
670 896
670 927
670 938
671 677
671 702
671 727
671 786
671 831
671 933
671 964
672 880
672 930
672 965
673 841
673 948
673 980
674 760
674 806
674 820
674 888
675 676
675 881
675 885
675 889
676 950
677 691
677 694
677 717
677 843
678 809
678 823
678 825
678 890
679 795
679 960
679 998
680 742
680 786
681 741
681 751
681 755
681 783
681 801
681 938
682 805
682 916
682 953
683 721
683 773
683 816
683 821
683 829
683 963
684 694
684 777
684 834
684 970
685 731
686 713
686 732
686 745
686 892
686 960
687 688
687 730
687 925
688 697
688 768
689 737
689 773
689 832
689 875
689 977
690 745
690 775
690 953
691 774
691 851
691 878
692 776
692 833
692 930
692 962
693 777
693 849
693 887
693 890
693 914
693 977
694 713
694 782
694 942
694 986
695 724
695 794
695 827
695 893
696 739
696 852
696 886
696 983
697 823
697 898
698 796
699 709
699 763
699 927
699 941
699 943
699 991
700 873
700 968
701 912
702 709
702 736
702 867
702 963
703 816
703 836
703 892
704 720
704 947
705 732
705 763
705 858
705 891
705 951
706 861
706 922
706 943
707 766
707 777
708 866
708 985
709 853
709 864
709 952
710 821
710 852
710 916
710 927
711 815
711 877
711 880
711 965
711 969
711 993
711 995
712 981
713 874
713 905
713 989
714 735
714 880
715 977
716 802
716 886
716 903
716 998
717 764
717 775
717 817
717 857
717 894
718 752
718 810
718 831
718 832
719 760
719 833
720 824
720 956
720 963
722 724
722 741
722 838
722 876
722 885
722 965
723 787
724 760
725 738
725 771
725 919
725 922
725 934
725 956
725 985
726 788
726 989
726 992
727 899
728 739
728 936
728 966
729 805
729 954
730 768
730 931
730 946
730 958
731 753
731 800
731 949
732 780
733 796
733 798
733 845
733 934
734 805
734 927
734 957
734 978
735 756
735 968
736 745
736 766
736 918
737 799
737 806
738 762
738 870
739 742
739 820
739 828
739 842
739 947
739 962
740 750
740 883
741 769
741 906
742 765
742 978
743 842
743 917
743 955
744 862
745 789
745 803
745 924
746 748
746 828
746 870
747 984
747 985
748 852
748 918
749 774
750 763
750 783
750 830
750 919
750 926
751 754
751 860
751 906
751 952
752 830
752 876
754 781
754 882
754 895
755 839
755 874
755 920
756 783
756 805
756 860
756 863
757 884
757 887
757 953
757 958
757 961
757 979
758 973
758 998
759 825
759 862
760 808
761 890
761 972
762 854
763 835
763 852
763 924
763 960
764 807
764 808
764 809
764 916
764 923
765 783
765 826
765 917
765 952
765 972
766 822
766 934
767 827
767 860
768 950
769 847
769 872
769 978
770 812
770 868
771 979
771 981
772 978
773 780
773 914
774 838
774 841
774 888
774 912
776 987
777 816
778 827
778 938
778 972
778 982
779 805
779 835
779 894
779 977
780 814
781 815
781 840
781 876
781 986
782 821
782 843
782 899
782 926
783 871
783 955
784 945
784 977
785 926
786 795
786 918
786 933
786 953
787 807
787 903
787 905
787 946
790 851
790 896
790 912
790 994
791 839
791 932
792 820
792 852
792 863
793 892
793 901
794 795
794 829
794 847
794 878
795 845
795 955
796 979
797 836
797 848
797 977
797 978
798 805
798 815
798 828
798 977
799 946
799 989
800 848
800 943
801 807
801 953
801 971
802 839
802 890
804 866
805 883
806 889
806 959
807 855
807 857
808 873
808 879
811 819
811 875
811 888
811 899
811 985
812 973
813 916
814 985
815 821
815 856
816 869
816 989
817 903
817 904
818 821
819 871
821 935
822 865
823 853
823 915
825 868
826 903
827 987
828 861
828 906
828 922
829 845
829 957
830 990
831 889
831 915
832 909
832 938
833 923
834 885
835 855
836 880
836 899
837 868
839 854
839 888
839 962
840 904
841 852
841 859
841 982
842 845
842 855
842 998
842 999
843 877
843 969
843 976
844 943
845 849
846 887
846 905
847 855
847 939
847 948
847 970
848 915
848 927
849 932
849 956
849 961
849 978
850 980
851 877
853 939
853 968
853 996
855 984
856 887
856 922
856 944
857 924
857 958
858 860
858 949
860 901
860 950
861 932
861 979
862 863
862 901
863 977
865 909
866 992
868 928
869 995
877 879
878 896
879 977
880 893
880 901
881 956
882 994
885 982
886 956
886 983
887 914
887 959
888 938
890 926
891 948
891 984
892 974
893 899
893 961
893 965
893 982
894 895
894 897
894 927
894 954
896 919
896 988
898 908
898 948
899 949
900 910
900 927
900 967
900 992
901 924
901 933
901 946
901 975
902 995
903 962
904 919
905 931
905 957
907 927
908 979
910 957
911 968
914 944
915 952
915 964
918 972
920 929
921 986
923 953
924 929
930 959
930 985
931 949
932 942
932 949
932 986
934 943
934 980
936 942
937 951
938 971
940 978
941 983
942 955
944 950
945 971
947 957
947 999
948 959
956 993
964 975
966 972
966 992
969 994
972 992
977 997
981 998
982 985
982 988
986 996
