0 29
0 75
0 103
0 200
0 219
0 312
0 329
0 348
0 355
0 476
0 486
1 6
1 53
1 215
1 276
1 285
1 291
1 312
1 328
1 337
1 386
2 28
2 121
2 122
2 152
2 155
2 206
2 275
2 300
2 327
2 467
2 475
3 22
3 71
3 230
3 248
3 256
3 284
3 290
3 299
3 398
3 414
3 420
3 428
3 455
3 474
4 144
4 235
4 342
4 372
5 93
5 172
5 202
5 278
5 324
5 384
5 444
5 496
6 85
6 147
6 252
6 261
6 361
6 364
6 395
6 428
6 450
6 456
6 461
7 57
7 72
7 108
7 271
7 276
7 297
7 407
7 417
7 472
8 24
8 98
8 115
8 168
8 293
8 349
8 402
8 407
9 45
9 57
9 115
9 160
9 211
9 226
9 241
9 302
9 437
10 81
10 97
10 110
10 123
10 241
10 270
10 304
10 313
10 338
11 44
11 186
11 201
11 239
11 255
11 296
11 478
11 493
12 36
12 61
12 83
12 90
12 98
12 117
12 164
12 223
12 254
12 312
12 353
13 57
13 107
13 111
13 176
13 181
13 187
13 268
13 301
13 302
13 411
13 473
14 15
14 44
14 92
14 121
14 215
14 216
14 250
14 297
14 323
14 339
14 361
14 380
14 382
14 488
15 107
15 220
15 232
15 490
16 40
16 80
16 95
16 157
16 192
16 209
16 247
16 252
16 272
16 317
16 359
16 367
16 394
16 412
16 442
16 465
17 21
17 35
17 139
17 193
17 317
17 346
17 361
17 383
18 23
18 25
18 87
18 118
18 304
18 309
18 367
18 398
18 407
18 410
18 427
18 445
18 464
19 80
19 101
19 138
19 273
19 345
19 358
19 379
19 464
20 23
20 28
20 30
20 33
20 55
20 122
20 165
20 240
20 266
20 275
20 380
20 387
20 423
20 483
21 51
21 90
21 119
21 142
21 174
21 176
21 347
21 394
21 404
21 430
21 477
22 60
22 89
22 121
22 234
22 248
22 279
22 379
22 427
22 434
22 486
23 72
23 117
23 122
23 188
23 195
23 222
23 268
23 287
23 301
23 311
23 331
23 352
23 362
23 370
23 399
23 424
23 439
23 478
24 29
24 42
24 133
24 145
24 206
24 275
24 278
25 27
25 136
25 139
25 149
25 155
25 198
25 215
25 262
25 354
25 425
26 34
26 48
26 156
26 290
26 419
26 482
27 42
27 88
27 203
27 339
27 351
27 353
27 367
27 374
27 391
27 466
27 478
27 488
28 44
28 48
28 76
28 84
28 128
28 194
28 196
28 267
28 285
28 493
28 494
29 87
29 90
29 133
29 146
29 194
29 262
29 290
29 309
29 327
29 459
30 71
30 116
30 154
30 184
30 226
30 398
30 414
30 486
31 44
31 94
31 194
31 218
31 230
31 287
31 394
31 428
32 165
32 169
32 246
32 267
32 331
32 428
33 66
33 161
33 228
33 229
33 344
33 409
33 481
34 180
34 212
34 214
34 297
34 336
34 361
34 387
34 423
34 442
35 238
35 320
35 356
35 364
35 365
35 368
35 370
35 431
35 441
36 72
36 190
36 196
36 289
36 297
36 359
36 399
36 401
36 435
36 482
36 492
37 43
37 75
37 82
37 141
37 199
37 223
37 236
37 305
37 367
37 439
37 444
38 47
38 86
38 292
38 304
38 312
38 351
38 380
38 427
38 434
38 486
39 69
39 82
39 187
39 211
39 224
39 232
39 329
39 337
39 348
39 349
39 422
39 426
39 496
40 67
40 84
40 96
40 139
40 202
40 230
40 236
40 246
40 249
40 257
40 361
40 401
40 440
40 459
40 465
40 472
41 57
41 116
41 182
41 229
41 253
41 257
41 357
41 399
42 74
42 109
42 184
42 288
42 350
42 495
43 114
43 181
43 189
43 204
43 292
43 338
43 423
43 430
44 146
44 345
44 418
44 456
44 475
44 495
45 87
45 302
45 323
45 350
46 140
46 141
46 163
46 199
46 208
46 245
46 270
46 347
46 382
46 460
47 61
47 108
47 110
47 142
47 177
47 195
47 212
47 249
47 254
47 257
47 266
47 293
47 342
47 370
47 447
47 450
47 455
48 89
48 117
48 124
48 155
48 295
48 311
48 312
48 405
48 430
49 118
49 146
49 234
49 260
49 271
49 272
49 294
49 368
49 421
49 471
49 472
49 485
50 83
50 102
50 120
50 182
50 233
50 449
50 461
51 98
51 104
51 108
51 219
51 243
51 258
51 320
51 449
51 453
51 497
52 72
52 98
52 108
52 136
52 164
52 204
52 213
52 247
52 268
52 313
52 328
52 347
52 354
52 367
52 374
52 403
52 405
52 419
52 446
52 464
53 64
53 205
53 482
54 101
54 112
54 188
54 483
55 90
55 143
55 189
55 263
55 278
55 280
55 335
55 355
55 368
55 482
56 190
56 234
56 264
56 329
56 343
56 404
57 97
57 141
57 154
57 247
57 324
57 404
57 422
57 444
57 454
58 95
58 109
58 221
58 286
58 322
58 328
58 429
58 459
58 491
59 219
59 221
59 245
59 260
59 268
59 278
59 282
59 285
59 337
59 426
59 444
60 178
60 206
60 254
60 292
60 357
60 412
60 423
60 486
61 135
61 187
61 241
61 296
61 364
61 434
61 449
62 99
62 178
62 279
62 291
62 293
62 307
62 386
62 403
62 481
62 498
63 74
63 75
63 170
63 206
63 219
63 345
63 346
63 348
63 427
64 105
64 127
64 149
64 216
64 240
64 349
64 357
64 360
64 366
64 424
64 460
64 495
65 66
65 151
65 162
65 214
65 308
65 327
65 343
65 377
65 398
66 96
66 217
66 220
66 291
66 363
66 380
66 489
66 497
67 114
67 212
67 238
67 246
67 323
67 380
67 419
67 427
67 452
67 456
67 457
68 107
68 215
68 278
68 288
68 318
68 366
68 387
68 436
69 130
69 168
69 417
70 170
70 220
70 427
70 439
71 139
71 146
71 164
71 262
71 328
71 330
71 423
71 455
72 195
72 294
73 171
73 172
73 225
73 313
73 328
73 416
73 451
73 480
74 78
74 166
74 194
74 412
74 440
74 480
75 80
75 297
75 366
75 390
75 448
75 486
76 139
76 199
76 233
76 281
76 335
76 389
76 478
76 494
77 105
77 216
77 225
77 229
77 273
77 333
77 431
77 485
78 149
78 152
78 269
78 280
78 310
78 323
78 344
78 391
78 424
78 437
78 470
78 493
79 146
79 182
79 200
79 236
79 252
79 332
79 362
79 389
80 102
80 162
80 197
80 205
80 217
80 280
80 345
80 368
80 373
80 385
80 404
80 409
81 95
81 121
81 142
81 147
81 195
81 226
81 234
81 342
81 484
81 492
81 496
82 203
82 282
82 295
83 89
83 102
83 116
83 150
83 152
83 172
83 219
83 237
83 309
83 389
83 485
84 204
84 307
84 328
84 346
84 393
84 413
85 220
85 238
85 240
85 267
85 280
85 342
85 362
85 416
85 443
85 489
85 496
86 177
86 178
86 259
86 347
86 370
86 381
86 463
87 139
87 426
87 463
87 467
88 105
88 161
88 225
88 295
88 296
88 397
88 399
88 401
88 403
88 410
89 117
89 129
89 132
89 153
89 242
89 296
89 372
89 386
89 394
89 480
89 493
90 133
90 160
90 161
90 265
91 94
91 147
91 354
91 414
91 462
92 276
92 363
92 368
92 372
92 398
92 427
93 110
93 278
93 297
93 440
93 446
93 472
94 123
94 195
94 251
94 295
94 317
94 354
94 358
94 359
94 404
94 442
94 482
95 131
95 150
95 242
95 270
95 352
95 361
95 390
95 457
95 478
96 129
96 160
96 167
96 196
96 222
96 223
96 275
96 278
96 285
96 328
96 332
96 387
96 400
96 419
96 480
97 129
97 155
97 264
97 311
97 312
97 336
97 339
97 372
98 222
98 277
98 317
98 447
98 450
99 189
99 338
99 361
99 373
99 406
100 109
100 229
100 244
100 293
101 126
101 142
101 257
101 324
101 450
102 115
102 120
102 159
102 167
102 212
102 258
102 273
102 278
102 283
102 445
102 462
103 177
103 189
103 211
103 221
103 314
103 339
103 374
103 377
103 410
103 419
103 421
103 457
103 467
104 106
104 108
104 127
104 132
104 279
104 286
104 289
104 293
104 320
104 325
104 327
104 373
104 435
104 448
104 463
104 467
104 489
105 116
105 171
105 274
105 277
105 426
105 471
106 114
106 117
106 127
106 141
106 226
106 283
106 388
106 391
106 417
106 441
106 445
106 457
107 146
107 168
107 327
107 340
107 468
108 130
108 154
108 227
108 239
108 279
108 354
108 366
109 179
109 315
109 381
109 476
109 491
110 152
110 190
110 322
110 324
110 416
110 434
110 449
110 496
110 498
111 124
111 164
111 169
111 221
111 262
111 361
111 474
112 175
112 200
112 283
112 342
112 409
112 449
112 450
112 484
113 123
113 209
113 379
113 402
113 408
113 441
114 183
114 236
114 267
114 332
114 346
114 398
114 498
115 136
115 148
115 182
115 221
115 247
115 293
115 297
115 393
116 217
116 252
116 272
116 279
116 361
116 366
116 398
116 479
116 490
117 133
117 150
117 172
117 196
117 423
117 441
117 494
118 140
118 144
118 202
118 255
118 299
118 376
118 378
118 444
118 472
118 478
118 491
119 148
119 156
119 189
119 213
119 296
119 309
119 318
119 373
119 488
120 306
120 320
120 387
120 393
120 410
120 432
120 455
121 194
121 200
121 224
121 232
121 413
122 157
122 177
122 298
122 316
122 369
122 387
122 412
123 124
123 190
123 240
123 274
123 363
124 184
124 185
124 196
124 257
124 410
124 482
125 140
125 205
125 244
125 301
125 389
125 400
125 435
125 496
126 160
126 194
126 215
126 232
126 299
126 305
126 365
126 374
126 384
127 193
127 207
127 211
127 247
127 249
127 454
127 473
128 180
128 204
128 325
128 386
128 400
128 414
129 174
129 186
129 286
129 352
129 413
130 151
130 240
130 344
130 393
130 467
130 478
131 170
131 231
131 316
131 366
132 136
132 145
132 148
132 292
132 316
132 332
132 478
132 492
133 359
133 364
133 367
133 408
133 462
134 157
134 249
134 264
134 319
134 335
134 373
134 417
134 434
134 441
134 479
134 482
134 483
135 158
135 333
135 409
135 413
135 449
135 495
135 497
136 150
136 214
136 267
136 330
136 437
136 469
136 482
137 166
137 203
137 249
137 309
137 332
137 406
137 414
137 419
137 491
138 163
138 171
138 174
138 177
138 210
138 216
138 288
138 321
138 467
138 486
139 147
139 181
139 256
139 341
139 441
140 278
140 338
140 434
140 437
140 477
141 307
141 308
141 337
141 360
141 375
141 424
141 488
141 494
142 182
142 286
142 484
143 329
143 344
143 468
144 247
144 284
144 316
145 146
145 173
145 207
145 224
145 439
145 446
145 452
146 206
146 218
146 237
146 262
146 300
146 402
146 498
147 201
147 252
147 259
147 323
147 413
147 420
147 456
147 489
148 395
148 472
149 241
149 251
149 312
149 329
149 337
149 424
150 154
150 273
150 322
150 338
151 213
151 269
151 425
151 454
151 475
152 172
152 174
152 284
152 302
152 324
152 338
152 400
152 458
152 493
153 168
153 253
153 412
153 425
154 209
154 222
154 333
154 359
154 381
154 436
154 476
154 479
154 491
155 167
155 227
155 232
155 250
155 297
155 302
155 347
155 377
155 405
156 169
156 204
156 213
156 229
156 244
156 257
156 309
156 374
156 376
156 403
156 408
156 478
157 201
157 233
157 267
157 268
157 306
157 388
157 441
158 212
158 251
158 283
158 312
158 353
158 363
158 379
158 477
158 483
159 222
159 247
159 282
159 388
160 178
160 250
160 254
160 257
160 301
160 302
160 357
160 363
160 365
160 380
160 473
160 494
161 201
161 224
161 283
161 334
161 337
161 361
161 443
161 448
161 456
162 190
162 231
162 263
162 330
162 346
163 194
163 218
163 231
163 313
163 343
163 391
163 399
163 401
163 408
163 429
164 184
164 196
164 249
164 314
164 386
164 399
165 248
165 260
165 265
165 283
165 360
165 429
166 218
166 257
166 319
166 484
167 251
167 350
167 379
167 396
167 400
167 417
167 448
167 469
168 189
168 269
168 270
168 309
168 380
168 406
168 419
168 442
168 456
168 459
169 280
169 282
169 317
169 321
169 408
170 189
170 199
170 348
170 356
170 362
170 396
170 400
170 419
170 423
170 473
170 493
171 242
171 246
171 275
171 310
171 342
171 369
171 370
171 446
172 236
172 352
172 460
172 472
172 483
172 498
173 207
173 230
173 259
173 279
173 460
173 461
173 466
174 181
174 227
174 338
174 424
174 450
175 223
175 248
175 392
175 394
175 460
176 212
176 237
176 248
176 274
176 281
176 284
176 304
176 347
176 394
176 414
177 273
177 363
177 387
177 491
178 206
178 217
178 266
178 322
178 341
178 379
178 413
178 431
178 450
179 296
180 206
180 213
180 254
180 297
180 318
181 190
181 313
181 318
181 326
181 337
181 348
181 369
181 391
181 398
181 408
182 214
182 270
182 273
182 280
182 299
182 413
183 261
183 265
183 358
183 391
184 245
184 281
184 294
184 302
184 340
184 388
184 406
184 479
185 289
185 304
185 334
185 336
185 376
185 393
185 394
186 305
186 331
186 341
186 365
186 401
186 442
187 207
187 268
187 323
187 353
187 365
187 458
187 460
187 480
188 362
188 462
189 247
189 254
189 320
189 377
189 398
189 412
189 449
190 214
190 243
190 335
190 384
190 422
190 499
191 279
191 287
191 359
191 379
191 389
191 491
191 497
192 395
192 450
193 198
193 230
193 242
193 427
193 463
193 486
193 495
194 202
194 244
194 330
194 350
194 357
194 373
194 459
194 485
195 199
195 256
195 336
195 340
195 423
195 470
195 475
196 201
196 251
196 252
196 324
196 332
196 372
196 400
196 448
196 479
197 307
197 332
197 342
197 355
197 450
197 453
198 238
198 244
198 255
198 350
198 361
198 374
198 437
199 200
199 208
199 283
199 336
199 356
199 398
199 404
199 469
200 219
200 449
200 473
201 207
201 259
201 279
201 295
201 374
201 431
201 453
202 258
202 264
202 271
202 305
202 335
202 347
202 426
202 487
203 375
203 379
203 392
203 446
204 309
204 310
204 319
204 382
204 419
204 453
204 492
205 215
205 360
205 498
206 469
206 472
207 212
207 252
207 262
207 285
207 295
207 363
207 430
208 262
208 267
208 351
208 367
208 403
208 460
209 358
209 384
209 440
210 227
210 231
210 257
210 281
210 336
210 460
210 492
211 278
211 289
211 375
211 395
211 407
211 438
211 499
212 226
212 350
212 393
213 240
213 383
213 434
213 458
214 260
214 263
214 278
214 377
214 399
214 444
214 462
214 494
215 247
215 280
215 312
215 320
215 326
215 339
215 432
216 249
216 333
216 431
216 470
216 472
216 474
217 222
217 239
217 269
217 372
217 443
217 447
217 490
218 228
218 246
218 247
218 277
218 347
218 360
218 406
219 253
219 299
219 343
219 406
219 448
219 497
220 223
220 258
220 338
220 402
220 477
221 235
221 277
221 286
221 293
221 303
221 305
221 356
221 388
221 412
221 422
221 496
222 262
222 307
222 384
222 390
222 413
222 422
222 474
222 477
222 498
223 318
223 341
223 367
223 456
223 484
224 259
224 305
224 355
224 412
224 490
225 274
225 278
225 296
225 364
225 458
225 479
225 482
226 231
226 332
226 368
226 397
226 422
226 476
227 260
227 265
227 286
227 317
227 391
227 397
227 419
227 471
228 389
228 424
229 250
229 321
229 397
230 245
230 260
230 269
230 340
230 352
230 369
230 454
230 476
231 237
231 343
231 364
231 459
232 277
232 302
232 396
232 427
232 438
232 441
233 266
233 294
233 301
233 338
233 411
233 450
233 466
234 244
234 264
234 305
234 315
234 356
234 409
234 424
234 430
234 452
234 492
234 496
235 274
235 310
235 319
235 337
235 424
235 459
236 290
236 291
236 308
236 381
236 413
237 333
237 408
238 243
238 333
238 365
238 392
238 395
239 319
239 377
239 398
239 432
239 474
240 242
240 258
240 277
240 344
240 400
240 411
240 443
240 464
241 291
241 343
241 347
241 355
241 371
241 426
242 304
242 318
242 334
242 451
243 272
243 299
244 288
244 316
244 346
244 374
245 442
245 458
245 475
245 495
246 272
246 294
246 380
246 399
246 433
246 498
247 367
247 396
247 445
247 454
247 456
247 482
248 269
248 285
248 380
248 397
248 431
248 461
248 498
249 305
249 419
249 472
250 293
250 296
250 322
250 329
250 334
250 396
250 467
251 351
251 369
251 382
251 389
251 417
251 419
251 494
252 269
252 395
252 432
252 479
253 263
253 434
253 442
253 452
253 476
254 280
254 282
254 378
254 382
254 406
254 415
254 470
255 275
255 326
255 411
255 428
256 284
256 294
256 299
256 391
256 476
256 490
257 331
257 342
257 428
257 447
258 333
258 362
258 424
259 283
259 318
259 366
259 437
259 445
259 459
260 269
260 303
260 422
260 435
260 442
261 275
261 414
261 423
261 440
261 492
262 310
262 368
262 428
262 435
262 463
262 493
263 275
263 282
263 318
263 384
263 387
263 410
264 275
264 338
264 363
264 435
264 464
265 328
265 330
265 385
265 403
265 412
265 429
265 495
266 426
266 482
267 290
267 292
267 314
267 340
267 436
267 470
268 309
268 314
268 395
268 424
268 437
268 448
268 460
269 362
269 374
269 412
269 415
269 447
269 462
270 274
270 347
270 438
271 309
271 310
271 337
271 338
271 382
271 405
271 423
271 481
272 394
272 404
273 278
273 280
273 284
273 345
273 376
273 491
274 277
274 419
274 494
275 330
275 343
275 353
275 452
275 488
275 489
276 290
276 291
276 411
276 453
276 454
276 471
277 356
277 360
277 382
277 386
277 441
278 311
278 313
278 328
278 341
278 406
278 422
279 289
279 357
279 498
280 356
280 364
280 370
280 380
280 400
280 405
280 418
280 435
280 437
280 443
280 452
281 309
281 363
282 365
282 366
282 384
282 428
282 476
283 307
283 325
283 355
283 420
283 425
283 437
284 314
284 373
284 417
284 440
284 463
284 474
285 286
285 299
285 344
285 351
285 475
285 498
286 321
286 326
286 368
286 393
286 430
286 450
286 482
286 496
287 387
287 476
288 356
288 462
288 474
289 297
289 345
289 395
289 453
290 307
290 393
290 395
291 345
291 362
291 451
291 498
292 338
292 442
292 478
292 482
293 297
293 327
293 377
293 448
293 459
293 487
294 324
294 330
294 349
294 423
294 478
294 498
294 499
295 491
296 325
296 339
296 352
296 366
296 377
296 409
297 345
297 424
297 474
297 496
298 303
298 321
298 369
299 306
299 338
299 346
299 349
299 406
299 428
300 329
300 335
300 355
300 361
300 380
300 458
300 492
300 494
301 330
301 365
301 372
301 376
301 462
302 389
302 432
302 494
303 395
303 411
303 461
303 484
304 311
304 388
304 406
304 473
305 309
305 413
305 416
305 423
306 381
306 457
307 489
307 499
308 344
308 350
308 405
308 412
309 343
309 461
310 314
310 450
311 341
311 364
311 377
311 449
312 322
312 327
312 391
312 410
312 443
312 480
313 360
313 383
313 460
313 462
313 473
314 354
314 390
314 459
314 463
314 485
315 378
315 387
315 498
316 355
316 357
317 398
317 489
318 321
318 363
318 378
318 420
319 376
319 389
319 397
319 439
319 454
319 464
320 376
320 416
321 366
321 450
321 467
322 424
322 484
323 404
323 445
324 345
324 448
325 387
325 389
325 395
325 410
325 426
325 456
325 492
326 393
326 407
326 420
326 433
326 464
326 480
328 384
328 406
328 413
328 434
328 456
329 336
329 366
329 449
329 486
330 487
331 333
331 371
331 388
331 482
332 386
332 389
332 456
333 434
333 491
334 364
334 424
334 434
334 472
335 373
336 337
336 339
336 352
336 372
336 455
337 359
337 367
337 376
338 388
338 394
338 421
338 457
339 375
340 344
340 377
340 394
341 361
341 425
341 464
341 465
342 396
342 470
343 401
343 449
343 461
343 480
344 355
344 454
344 458
344 487
345 350
345 425
346 400
347 349
347 375
347 395
347 398
347 487
348 370
348 416
349 363
349 420
349 433
349 450
350 359
350 378
350 388
350 484
351 398
351 410
352 364
352 431
352 458
352 473
352 498
353 447
354 381
355 389
356 357
356 363
357 399
357 401
357 456
357 495
358 425
358 427
359 362
359 366
359 398
359 426
359 471
359 473
359 481
360 468
361 383
361 452
363 364
363 389
363 420
363 422
363 425
363 428
363 435
363 447
364 381
364 412
364 453
364 487
365 404
365 429
365 451
365 453
366 400
366 401
366 420
366 485
366 491
367 416
367 441
367 496
368 457
368 467
368 475
369 414
369 421
369 440
369 447
369 474
370 392
370 428
371 434
371 459
372 405
372 466
373 392
373 393
373 481
374 401
374 426
374 435
375 409
375 433
375 473
376 407
377 407
377 446
378 466
378 492
379 435
379 464
379 468
379 480
380 407
380 417
380 447
380 470
380 476
381 398
381 439
381 444
381 496
382 414
382 437
384 416
384 473
385 403
385 418
385 447
385 452
386 466
387 416
387 422
388 394
388 420
389 476
390 404
390 406
390 469
391 483
391 487
392 490
393 405
393 414
393 458
393 469
394 444
395 420
395 438
396 459
397 400
397 401
397 421
397 466
398 429
399 413
399 463
399 468
401 437
402 467
402 484
403 497
405 406
406 430
406 446
406 447
406 448
407 471
407 486
408 458
408 479
408 497
409 426
409 470
411 482
412 459
413 432
413 462
413 480
414 428
414 465
414 467
415 474
416 424
416 496
416 498
417 447
417 452
418 454
418 496
419 482
419 490
420 424
420 476
422 490
424 434
424 474
424 495
424 499
425 491
426 460
426 462
427 468
427 485
428 452
428 471
429 475
429 485
431 435
431 445
432 445
435 494
436 457
439 454
440 461
442 456
442 465
442 489
443 446
443 469
444 479
445 452
446 450
446 477
446 496
448 462
449 469
449 485
451 453
451 464
451 497
453 485
456 463
456 468
456 484
458 470
458 478
459 489
460 467
463 479
463 497
467 476
468 471
470 499
472 476
476 478
478 480
480 495
483 485
485 496
493 495
