0 174
0 184
0 382
0 517
0 580
0 806
0 814
1 26
1 119
1 135
1 457
1 836
1 919
1 961
1 978
2 12
2 604
2 991
3 134
3 138
3 318
3 328
3 649
3 661
3 872
4 12
4 36
4 164
4 171
4 316
4 374
4 437
4 498
4 499
4 545
4 646
4 851
4 864
4 914
5 67
5 100
5 242
5 248
5 282
5 375
5 399
5 509
5 512
5 531
5 732
5 814
5 874
6 65
6 275
6 445
6 479
6 507
6 665
6 717
6 745
6 819
6 906
6 937
7 81
7 114
7 115
7 133
7 196
7 240
7 348
7 381
7 513
7 574
7 700
7 711
7 714
7 785
7 862
7 946
8 164
8 172
8 313
8 588
8 844
8 890
9 148
9 225
9 378
9 476
9 652
9 739
9 796
9 954
10 180
10 531
10 538
10 605
10 676
11 112
11 165
11 178
11 346
11 841
12 99
12 244
12 349
12 493
12 508
12 538
12 641
12 952
12 987
13 192
13 322
13 338
13 486
13 533
13 559
13 584
13 603
13 621
13 676
13 861
14 31
14 211
14 284
14 293
14 405
14 519
14 548
14 563
14 642
15 41
15 118
15 184
15 210
15 641
15 731
15 879
15 924
15 927
15 957
16 63
16 82
16 108
16 493
16 598
16 606
16 644
16 701
16 768
16 777
16 863
16 867
17 26
17 182
17 183
17 380
17 382
17 398
17 603
17 678
17 739
17 912
17 962
18 439
18 468
18 613
18 657
18 677
18 768
18 837
18 857
18 905
19 38
19 52
19 128
19 181
19 296
19 432
19 465
19 611
19 623
19 642
19 712
19 745
19 760
19 841
19 935
20 167
20 215
20 263
20 268
20 342
20 482
20 649
20 671
20 848
21 34
21 125
21 286
21 334
21 719
21 789
21 930
22 68
22 94
22 228
22 281
22 324
22 560
22 608
22 781
22 882
22 946
23 39
23 108
23 189
23 258
23 320
23 377
23 393
23 407
23 421
23 645
23 739
23 904
23 967
23 989
23 995
24 41
24 54
24 136
24 210
24 618
24 763
25 344
25 349
25 467
25 606
25 701
25 702
25 845
25 848
25 894
26 180
26 195
26 294
26 313
26 314
26 553
26 718
26 772
26 930
26 935
27 34
27 119
27 340
27 393
27 584
27 590
27 777
27 839
28 59
28 109
28 177
28 265
28 345
28 351
28 361
28 385
28 469
28 499
28 586
28 683
28 734
28 793
28 895
29 157
29 217
29 275
29 393
29 521
29 538
29 761
29 840
30 52
30 247
30 500
30 603
30 678
30 706
30 751
30 809
30 921
30 935
31 181
31 220
31 510
31 765
31 776
31 778
31 846
31 910
32 180
32 194
32 211
32 255
32 267
32 395
32 461
32 477
32 497
32 506
32 611
32 621
32 688
32 727
32 764
32 771
32 928
33 563
33 570
33 619
33 725
33 781
33 814
33 829
34 84
34 205
34 224
34 401
34 428
34 444
34 560
34 627
34 805
34 855
34 908
34 936
35 50
35 148
35 223
35 267
35 336
35 612
35 764
35 848
35 910
35 964
36 88
36 133
36 178
36 262
36 321
36 387
36 683
36 961
37 177
37 219
37 354
37 472
37 597
37 650
37 734
37 887
38 102
38 320
38 535
38 569
38 631
38 803
38 891
38 974
38 991
39 209
39 280
39 497
39 506
39 596
39 648
39 710
39 770
39 800
39 831
39 860
39 886
39 916
39 984
40 72
40 110
40 185
40 212
40 248
40 386
40 729
40 758
40 835
41 108
41 128
41 223
41 578
41 582
41 662
41 664
41 774
41 778
42 47
42 93
42 131
42 182
42 286
42 294
42 303
42 581
42 769
42 788
42 875
42 957
43 137
43 255
43 356
43 469
43 541
44 132
44 239
44 289
44 311
44 366
44 402
44 528
44 579
44 646
44 735
44 738
44 746
44 782
44 827
44 858
45 237
45 460
45 473
45 536
45 574
45 628
45 761
45 931
45 978
45 984
46 387
46 442
46 523
46 604
46 775
46 781
46 844
46 977
46 994
47 81
47 99
47 306
47 593
47 609
47 671
47 687
47 943
48 73
48 81
48 153
48 471
48 545
48 876
48 915
49 289
49 342
49 399
49 417
49 565
49 677
50 103
50 116
50 129
50 146
50 173
50 175
50 254
50 290
50 384
50 434
50 454
50 519
50 520
50 581
50 754
51 101
51 216
51 404
51 479
51 497
51 635
51 949
52 71
52 115
52 216
52 343
52 514
52 570
52 578
52 656
52 744
52 771
52 879
53 404
53 567
53 588
53 736
53 779
53 947
54 61
54 228
54 268
54 310
54 359
54 390
54 398
54 477
54 518
54 682
54 725
54 795
54 828
54 831
54 834
54 937
55 65
55 80
55 213
55 319
55 460
55 475
55 569
55 631
55 683
55 711
55 720
55 824
55 851
55 865
56 140
56 177
56 326
56 498
56 529
56 827
56 861
56 908
56 952
57 259
57 338
57 362
57 509
57 653
57 669
57 709
57 780
57 784
57 840
57 871
57 890
57 904
58 62
58 96
58 130
58 285
58 430
58 498
58 929
58 981
58 997
59 95
59 117
59 226
59 248
59 314
59 346
59 421
59 490
59 576
59 619
59 633
59 679
59 885
60 79
60 98
60 234
60 266
60 319
60 519
60 601
60 607
60 619
60 666
60 702
60 732
60 772
60 893
61 159
61 332
61 366
61 444
61 615
61 690
61 706
62 92
62 328
62 397
62 424
62 540
62 564
62 588
62 654
62 658
62 735
62 784
62 826
62 835
62 986
63 222
63 257
63 269
63 397
63 680
63 712
63 820
63 891
63 953
64 183
64 379
64 391
64 501
64 510
64 572
64 689
64 882
65 281
65 371
65 383
65 628
65 637
65 647
65 651
65 743
65 790
65 795
65 856
65 907
66 84
66 306
66 430
66 464
66 467
66 499
66 541
66 690
66 738
66 767
66 874
67 69
67 78
67 150
67 259
67 355
67 656
67 687
67 880
67 935
68 74
68 265
68 287
68 393
68 464
68 490
68 515
68 617
68 633
68 661
68 693
68 943
69 396
69 532
69 924
70 102
70 328
70 334
70 593
70 608
70 751
70 888
70 899
70 997
71 77
71 243
71 311
71 361
71 677
71 722
71 805
71 905
71 966
72 113
72 351
72 730
72 917
72 969
73 111
73 197
73 305
73 325
73 444
73 448
73 490
73 517
73 519
73 542
73 875
73 966
73 969
73 971
74 75
74 198
74 281
74 458
74 472
74 503
74 521
74 553
74 594
74 601
74 723
74 746
74 838
75 252
75 366
75 439
75 665
75 849
75 891
75 983
76 145
76 169
76 265
76 418
76 455
76 536
76 782
76 861
76 992
77 113
77 410
77 714
77 875
78 170
78 216
78 250
78 289
78 291
78 339
78 422
78 902
78 936
78 968
79 165
79 181
79 292
79 495
79 545
79 658
79 736
79 791
79 850
79 947
80 83
80 227
80 228
80 376
80 386
80 455
80 510
80 512
81 85
81 267
81 830
81 852
81 903
82 105
82 125
82 162
82 335
82 424
82 605
82 657
83 88
83 135
83 443
83 555
83 613
83 777
83 849
83 895
84 247
84 261
84 278
84 307
84 337
84 424
84 687
84 776
84 961
85 197
85 353
85 540
85 742
86 404
86 482
86 577
86 673
86 782
87 322
87 390
87 476
87 495
87 502
87 607
87 620
87 947
87 981
87 984
87 990
88 490
88 494
88 524
88 698
88 788
88 862
88 952
89 187
89 242
89 351
89 428
89 439
89 552
89 635
89 698
89 721
89 726
89 742
89 819
89 821
89 947
90 97
90 118
90 204
90 245
90 483
90 601
90 742
90 753
90 847
91 108
91 126
91 165
91 264
91 304
91 387
91 694
91 745
91 750
92 267
92 299
92 481
92 593
92 688
92 726
92 767
92 802
92 809
92 826
92 844
93 220
93 296
93 412
93 458
93 612
93 658
93 755
93 865
94 105
94 113
94 187
94 277
94 359
94 368
94 445
94 447
94 503
94 667
94 683
94 723
94 732
94 832
95 166
95 246
95 324
95 405
95 536
95 548
95 708
95 752
95 923
96 229
96 335
96 372
96 462
96 514
96 625
96 837
96 848
96 892
96 947
96 991
97 181
97 383
97 457
97 512
97 523
97 669
97 708
97 752
97 873
98 268
98 321
98 471
98 493
98 591
98 651
98 785
98 807
98 847
98 964
99 181
99 314
99 329
99 438
99 634
99 645
99 683
99 716
100 327
100 339
100 374
100 404
100 617
100 916
100 924
100 954
101 123
101 400
101 423
101 731
101 776
102 404
102 618
102 643
102 659
102 664
102 682
102 686
102 800
102 858
102 893
103 273
103 317
103 594
103 652
103 860
103 947
103 969
104 399
104 515
104 560
104 593
104 697
104 704
104 940
104 983
105 169
105 220
105 310
105 352
105 390
105 497
105 514
105 586
105 589
105 769
105 794
105 857
105 887
105 926
105 950
106 146
106 165
106 222
106 537
106 589
106 760
106 779
106 807
106 841
107 172
107 187
107 248
107 430
107 666
107 727
107 755
107 870
107 977
107 979
108 302
108 601
108 818
108 855
108 906
108 938
108 977
109 437
109 515
109 534
109 826
109 879
109 941
109 970
110 160
110 183
110 215
110 227
110 325
110 531
110 545
110 622
110 737
110 878
111 206
111 468
111 483
111 604
111 732
111 787
111 788
111 797
111 949
112 525
112 574
112 695
112 739
112 767
112 873
112 959
113 115
113 117
113 126
113 474
113 525
113 677
113 694
113 967
114 129
114 297
114 357
114 576
114 639
114 755
115 156
115 206
115 569
115 646
115 690
115 763
115 956
115 961
115 972
116 181
116 223
116 247
116 339
116 344
116 404
116 655
116 689
116 711
116 762
116 790
117 166
117 203
117 326
117 549
117 580
117 742
117 863
117 867
117 928
117 944
118 179
118 193
118 346
118 422
118 430
118 501
118 507
118 703
118 984
119 199
119 281
119 292
119 352
119 425
119 646
119 658
119 865
120 234
120 235
120 470
120 587
120 705
120 753
120 779
120 803
120 806
120 979
121 195
121 221
121 238
121 263
121 285
121 287
121 316
121 580
121 792
121 824
121 855
121 910
121 911
121 951
122 176
122 186
122 271
122 332
122 395
122 422
122 457
122 459
122 550
122 625
122 793
122 810
122 842
123 206
123 610
123 859
123 920
124 188
124 245
124 394
124 427
124 499
124 793
124 903
124 945
125 208
125 212
125 370
125 454
125 733
125 832
126 169
126 200
126 343
126 365
126 385
126 516
126 578
126 617
126 668
126 809
127 230
127 337
127 351
127 467
127 522
127 532
127 984
128 384
128 490
128 712
128 729
128 762
128 854
128 905
128 943
129 394
129 765
129 923
129 945
129 953
130 248
130 386
130 389
130 390
130 494
130 519
130 563
130 565
130 575
130 697
130 715
130 727
130 816
130 819
130 993
131 160
131 162
131 219
131 242
131 494
131 604
131 683
131 739
131 775
131 933
132 174
132 216
132 247
132 286
132 356
132 891
132 982
133 346
133 378
133 475
133 484
133 515
133 694
133 828
134 239
134 268
134 288
134 328
134 412
134 446
134 565
134 572
134 606
134 920
135 246
135 282
135 293
135 555
135 565
135 617
135 655
135 914
135 987
136 145
136 272
136 292
136 298
136 393
136 720
136 734
136 778
136 818
136 838
136 958
137 340
137 362
137 370
137 393
137 506
137 747
137 872
137 966
138 259
138 282
138 436
138 448
138 622
138 672
138 729
138 972
139 149
139 246
139 357
139 390
139 452
139 463
139 548
139 556
139 611
139 664
139 856
139 888
139 893
139 904
139 937
140 390
140 452
140 746
140 759
140 772
140 781
140 808
140 831
140 918
141 174
141 185
141 318
141 441
141 541
141 669
141 719
141 861
141 893
142 175
142 194
142 303
142 566
142 589
142 598
142 625
142 629
142 652
142 787
142 824
142 956
143 157
143 217
143 316
143 362
143 431
143 689
143 739
143 822
143 897
144 383
144 388
144 409
144 438
144 772
144 879
145 334
145 386
145 677
145 983
146 164
146 313
146 479
146 636
146 794
146 909
146 925
147 227
147 235
147 466
147 648
147 956
148 178
148 181
148 351
148 452
148 526
148 661
148 768
149 276
149 334
149 581
149 668
149 917
149 938
149 960
150 177
150 352
150 467
150 645
150 650
150 662
150 739
151 204
151 486
151 488
151 675
151 780
151 973
152 240
152 303
152 434
152 653
152 907
153 200
153 235
153 268
153 299
153 331
153 407
153 507
153 659
153 801
153 806
153 869
153 942
153 995
154 743
154 758
154 768
154 845
154 886
154 887
154 977
155 477
155 545
155 622
155 772
155 950
155 953
156 187
156 390
156 410
156 442
156 474
156 530
156 727
156 755
156 792
156 821
157 372
157 423
157 435
157 527
157 695
157 738
157 796
157 827
157 831
157 865
157 948
158 159
158 399
158 516
158 789
158 994
159 399
159 417
159 540
159 676
159 747
159 978
160 207
160 209
160 211
160 352
160 393
160 398
160 446
160 489
160 521
160 677
160 782
160 791
160 868
160 895
161 314
161 389
161 411
161 443
161 471
161 490
161 523
161 632
161 644
161 718
161 719
161 793
161 806
161 996
162 165
162 254
162 378
162 544
162 706
162 734
162 945
162 994
163 290
163 305
163 594
163 619
164 259
164 543
164 623
164 662
164 691
164 733
165 191
165 375
165 431
165 610
165 646
165 979
165 980
166 750
166 989
167 586
167 895
167 901
167 992
168 304
168 335
168 346
168 424
168 462
168 473
168 512
168 609
168 840
168 873
168 919
169 194
169 225
169 245
169 294
169 325
169 430
169 557
169 644
169 756
169 791
169 815
170 375
170 424
170 713
170 776
170 821
170 822
170 958
171 311
171 407
171 411
171 462
171 470
171 516
171 663
172 231
172 429
172 449
172 502
172 511
172 691
172 872
173 223
173 297
173 332
173 388
173 571
173 903
174 277
174 353
174 540
174 589
174 599
174 728
174 806
174 864
174 958
175 200
175 276
175 536
175 609
175 613
175 707
175 708
175 791
175 810
175 966
176 221
176 268
176 346
176 404
176 528
176 553
176 585
176 642
177 322
177 343
177 393
177 396
177 474
177 491
177 891
177 963
178 330
178 351
178 374
178 519
178 609
178 619
178 751
178 917
179 227
179 346
179 610
179 691
179 825
179 840
179 926
180 256
180 670
180 719
180 958
181 351
181 394
181 568
181 748
181 849
181 989
182 429
182 485
182 763
182 899
183 350
183 388
183 408
183 425
183 435
183 464
183 801
183 872
184 193
184 363
184 508
184 601
184 625
184 715
184 741
184 815
184 977
185 234
185 259
185 325
185 338
185 409
185 493
185 578
185 650
186 214
186 374
186 493
186 533
186 627
186 643
186 709
186 810
186 858
186 918
187 214
187 287
187 567
187 642
187 660
187 754
187 763
187 776
188 470
188 748
188 763
188 791
188 959
189 260
189 315
189 330
189 673
189 790
190 399
190 502
190 575
190 859
190 973
191 227
191 344
191 470
191 493
191 497
191 503
191 703
191 948
192 202
192 252
192 297
192 471
192 540
192 554
192 640
192 642
192 647
192 818
192 825
192 841
192 931
193 286
193 385
193 480
193 484
193 496
193 711
193 733
193 740
193 745
193 754
193 876
193 897
194 331
194 400
194 518
194 550
194 632
195 245
195 418
195 426
195 439
195 631
195 715
195 751
195 924
196 259
196 309
196 324
196 511
196 537
196 593
196 794
196 861
196 964
197 601
197 686
197 693
197 786
197 871
198 291
198 304
198 385
198 398
198 449
198 473
198 721
198 891
198 940
198 960
199 224
199 246
199 275
199 409
199 469
199 599
199 618
199 660
199 732
199 933
199 943
200 211
200 321
200 332
200 363
200 443
200 489
200 747
200 926
200 944
200 953
201 231
201 367
201 483
201 530
201 627
201 635
201 757
201 782
201 915
202 248
202 434
202 490
202 616
202 761
202 861
203 313
203 468
203 690
203 835
203 909
203 990
204 313
204 365
204 448
204 482
204 512
204 600
204 671
204 674
204 776
204 941
204 945
205 232
205 400
205 408
205 644
205 724
205 757
205 815
205 879
205 965
206 398
206 406
206 457
206 552
206 576
206 908
206 963
206 980
207 212
207 314
207 345
207 412
207 507
207 739
207 912
208 237
208 441
208 518
208 671
208 765
208 789
209 384
209 390
209 427
209 445
209 512
209 672
209 904
209 959
210 237
210 259
210 436
210 459
210 460
210 635
210 700
210 765
210 778
210 837
211 361
211 420
211 432
211 625
211 756
211 779
212 217
212 317
212 446
212 665
212 713
212 781
213 324
213 325
213 378
213 391
213 713
213 784
213 985
214 288
214 320
214 534
214 598
214 872
214 886
214 931
214 991
215 293
215 296
215 420
215 555
215 652
215 713
216 434
216 540
216 543
216 545
216 730
216 926
216 958
217 810
217 834
217 939
218 220
218 670
218 759
218 861
218 961
219 524
219 754
219 839
219 856
219 995
220 312
220 318
220 323
220 392
220 465
220 650
220 685
220 717
220 742
220 936
220 970
221 360
221 392
221 455
221 552
221 643
221 741
221 759
221 932
222 345
222 458
222 518
222 667
222 755
222 763
222 829
222 861
222 865
222 964
223 249
223 405
223 434
223 598
223 715
223 795
223 835
223 854
224 249
224 323
224 330
224 338
224 423
224 440
224 495
224 519
224 624
224 769
224 865
224 877
225 240
225 289
225 343
225 453
225 466
225 772
225 803
225 959
226 384
226 440
226 447
226 525
226 733
226 771
226 937
226 987
227 467
227 470
227 832
227 916
228 323
228 355
228 394
228 450
228 668
228 700
228 766
228 774
228 840
228 851
229 270
229 274
229 340
229 492
229 712
230 271
230 282
230 544
230 599
230 785
230 793
230 915
231 412
231 459
231 465
231 588
231 647
231 762
231 878
231 917
231 925
232 369
232 494
232 502
232 578
232 694
232 771
232 787
232 820
232 941
232 951
233 273
233 284
233 477
233 706
233 815
233 836
233 898
233 908
234 379
234 525
234 550
234 599
234 806
234 820
235 570
235 598
235 646
235 911
235 918
236 274
236 320
236 381
236 594
236 829
236 953
237 262
237 339
237 559
237 728
237 837
237 845
237 950
238 536
238 773
238 805
239 426
239 538
239 585
239 783
239 839
240 358
240 363
240 367
240 462
240 474
240 476
240 646
240 713
240 952
241 449
241 585
241 591
241 665
241 684
241 830
241 939
242 284
242 300
242 471
242 494
242 574
242 903
242 995
243 395
243 420
243 598
243 616
243 665
243 838
243 971
243 975
244 468
244 645
244 705
244 869
244 887
244 985
245 323
245 508
245 940
246 389
246 530
246 587
246 668
246 834
246 977
247 330
247 340
247 519
247 546
247 582
247 699
247 803
248 288
248 399
248 670
248 685
248 703
248 723
248 742
248 753
248 849
248 976
249 261
249 388
249 425
249 478
249 561
249 717
249 813
249 870
250 511
250 598
250 665
250 733
250 752
250 754
250 801
250 971
251 302
251 356
251 509
251 697
251 751
251 856
251 888
251 943
252 464
252 672
252 683
252 846
253 327
253 330
253 488
253 522
253 592
253 613
253 743
253 987
254 296
254 956
254 968
255 362
255 454
255 469
255 489
255 649
255 681
255 692
255 747
255 863
255 973
256 400
256 424
256 429
256 503
256 597
256 718
256 723
256 761
256 791
256 892
256 963
257 371
257 485
257 525
257 709
257 725
257 779
257 860
257 995
258 304
258 386
258 449
258 550
258 642
258 963
259 423
259 611
259 690
259 815
259 919
260 347
260 531
260 694
260 739
260 770
260 928
261 283
261 317
261 326
261 451
261 489
261 562
261 642
261 979
262 361
262 439
262 460
262 806
262 841
262 909
262 977
263 502
263 519
263 570
263 775
263 835
263 878
263 971
263 986
263 989
263 994
264 301
264 343
264 385
264 428
264 442
264 454
264 643
264 670
264 840
264 988
265 310
265 411
265 520
265 567
265 937
266 289
266 402
266 570
266 713
266 877
266 921
267 385
267 398
267 645
267 713
268 289
268 556
268 588
268 644
268 665
268 728
268 758
268 927
269 277
269 342
269 345
269 518
269 543
269 562
269 579
269 668
269 971
269 998
270 373
270 382
270 494
270 632
270 672
270 820
270 853
270 874
270 921
270 958
270 968
271 278
271 349
271 414
271 453
271 459
271 520
271 582
271 652
271 709
271 712
271 834
272 398
272 432
272 433
272 642
272 651
272 762
272 818
272 841
273 301
273 545
273 666
273 751
273 801
274 361
274 397
274 476
274 789
274 931
274 974
275 389
275 399
275 402
275 478
275 558
275 580
275 815
276 465
276 482
276 549
276 663
276 762
276 786
276 837
276 926
277 435
277 586
277 640
277 680
278 407
278 437
278 516
278 759
278 764
278 891
279 541
279 556
279 703
279 736
279 783
279 821
280 342
280 349
280 738
280 763
280 828
280 960
280 974
281 416
281 563
281 952
282 300
282 373
282 453
282 551
282 626
282 635
282 722
282 816
282 819
282 883
282 920
283 357
283 400
283 596
283 666
283 750
283 772
283 937
284 397
284 510
284 613
284 649
284 939
285 301
285 509
285 536
285 567
286 366
286 559
286 665
286 775
286 870
287 313
287 337
287 340
287 386
287 414
287 490
287 516
287 585
287 630
287 744
287 769
287 770
287 804
287 879
287 908
287 921
288 313
288 323
288 352
288 538
288 637
288 719
288 870
289 313
289 354
289 414
289 479
289 502
289 507
289 720
289 757
289 829
289 872
289 947
290 456
290 489
290 501
290 522
290 710
290 780
290 831
291 505
291 512
291 526
291 581
291 745
291 836
291 861
291 959
292 347
292 450
292 459
292 560
292 561
292 585
292 797
292 967
293 309
293 391
293 418
293 612
293 645
293 680
293 969
294 309
294 683
294 815
294 818
294 835
294 931
295 602
295 751
295 969
296 373
296 394
296 687
296 752
296 783
296 808
297 373
297 394
297 548
297 596
297 630
297 663
297 735
297 915
297 977
298 434
298 551
298 654
298 818
299 321
299 361
299 382
299 439
299 457
299 525
299 652
299 677
299 733
299 957
300 591
300 610
300 685
300 983
301 491
301 593
301 766
301 895
302 410
302 725
302 822
303 304
303 349
303 427
303 430
303 484
303 553
303 588
303 816
303 878
303 955
303 990
304 332
304 419
304 432
304 436
304 529
304 595
304 668
304 841
304 866
304 932
304 939
304 982
305 340
305 589
305 639
305 652
305 666
305 733
305 823
305 932
305 965
306 357
306 551
306 572
306 574
306 596
306 646
306 857
307 378
307 602
307 779
307 835
307 847
307 926
307 966
307 994
308 320
308 505
308 742
308 764
308 801
308 943
309 435
309 446
309 450
309 522
309 529
309 538
309 694
309 827
309 918
309 981
310 394
310 402
310 587
310 821
310 847
311 332
311 429
311 681
311 776
312 443
312 479
312 673
312 754
312 867
312 945
313 333
313 529
313 556
313 797
313 826
313 831
314 478
314 482
314 735
314 736
314 750
314 792
314 856
314 894
314 951
315 330
315 455
315 494
315 537
315 567
315 604
315 661
315 679
315 842
316 415
316 430
316 433
316 562
316 570
316 679
316 787
316 864
317 418
317 474
317 494
317 523
317 583
317 691
317 695
317 731
317 777
317 854
317 935
317 961
318 370
318 552
318 609
318 851
318 896
319 322
319 543
319 906
320 372
320 482
320 648
320 721
320 778
320 789
320 851
320 945
320 988
321 325
321 355
321 373
321 402
321 406
321 429
321 572
321 582
321 661
321 687
321 834
321 930
322 335
322 425
322 516
322 585
322 730
323 515
323 557
323 628
323 662
323 718
323 777
323 963
324 329
324 417
324 446
324 749
324 810
324 837
324 910
324 998
325 374
325 432
325 702
325 787
325 826
325 885
325 971
326 383
326 695
326 705
327 381
327 444
327 485
327 623
327 686
327 812
327 827
327 944
327 945
327 964
327 993
328 547
328 551
328 954
329 423
329 454
329 476
329 524
329 574
329 586
329 625
329 855
330 341
330 397
330 401
330 486
330 590
330 598
330 600
330 747
330 770
330 853
330 924
330 965
330 978
331 601
331 725
331 758
331 937
331 958
332 354
332 479
332 585
332 670
332 704
332 708
332 738
332 797
332 854
332 911
332 989
332 994
333 363
333 392
333 547
333 617
333 692
333 705
334 336
334 414
334 756
334 757
334 928
335 341
335 409
335 491
335 493
335 507
335 656
335 833
335 862
335 863
335 880
335 888
335 891
336 363
336 410
336 475
336 506
336 521
336 524
336 852
336 872
336 906
337 496
337 578
337 582
337 878
337 988
338 479
338 556
338 635
338 686
338 855
338 884
338 979
339 346
339 390
339 431
339 432
339 461
339 510
339 598
339 655
339 669
339 714
339 862
339 962
340 416
340 455
340 488
340 551
340 666
341 382
341 441
341 529
341 552
341 748
342 346
342 351
342 399
342 495
342 575
343 344
343 669
343 698
343 702
343 733
343 757
343 759
343 836
343 872
343 969
344 708
344 755
344 761
344 815
344 821
345 419
345 558
345 625
345 668
346 375
346 400
346 404
346 503
346 520
346 560
346 581
346 713
346 829
347 508
347 652
347 771
347 786
347 836
347 841
347 843
347 864
347 897
348 370
348 533
348 786
348 801
348 839
349 389
349 437
349 488
349 524
349 574
349 576
349 583
349 599
349 600
349 716
350 495
350 521
350 909
350 963
351 358
351 416
351 458
351 462
351 657
351 804
351 905
352 813
352 835
353 586
353 724
353 841
353 985
354 426
354 526
354 684
354 686
354 693
354 760
354 777
354 966
354 982
355 405
355 420
355 566
355 595
355 640
355 900
355 958
356 455
356 474
356 542
356 603
356 679
356 801
356 889
356 892
356 934
356 950
357 755
357 807
357 853
357 965
358 367
358 664
358 891
358 926
358 960
359 363
359 519
359 611
359 757
359 767
359 969
360 364
360 472
360 594
360 614
360 625
360 954
361 505
361 711
361 878
361 888
361 960
362 492
362 757
362 973
363 365
363 527
363 729
363 833
363 871
363 923
364 445
364 498
364 633
364 638
364 647
364 729
364 803
364 899
365 393
365 829
365 993
366 391
366 491
366 494
366 496
366 582
366 587
366 626
366 745
366 888
366 985
367 387
367 440
367 451
367 484
367 652
367 749
368 413
368 464
368 488
368 509
368 525
368 643
368 736
368 766
369 394
369 425
369 550
369 591
369 620
369 633
369 644
369 678
369 688
369 728
369 729
369 800
369 816
370 510
370 650
370 702
370 752
370 907
370 975
371 408
371 507
372 452
372 474
372 574
372 787
372 847
372 859
372 949
373 411
373 496
373 676
373 861
373 945
374 401
374 573
374 801
374 933
375 399
375 559
375 708
375 779
375 790
375 961
375 963
376 498
376 703
376 707
376 753
376 965
376 998
377 395
377 560
377 626
377 629
377 714
377 750
377 866
377 959
378 392
378 417
378 661
378 723
378 948
378 967
379 624
379 634
379 700
379 740
379 864
379 898
379 932
379 975
379 976
380 610
380 651
381 507
381 617
381 657
381 832
381 976
382 419
382 431
382 807
382 858
382 872
382 979
383 574
383 577
383 796
383 805
383 893
383 938
383 985
383 986
384 536
384 734
384 804
384 984
385 526
385 604
385 713
385 738
385 743
385 761
385 781
385 821
385 908
385 936
385 958
386 396
386 845
386 900
386 961
387 504
387 708
387 794
387 848
387 880
388 599
388 746
388 875
389 396
389 615
389 683
389 721
389 870
389 871
389 979
390 678
390 706
390 786
390 921
390 994
391 791
391 963
392 508
392 870
392 985
393 436
393 444
393 490
393 549
393 581
393 660
393 683
393 779
393 807
393 876
393 983
394 547
394 712
395 418
395 459
395 540
395 571
395 603
395 771
395 889
396 410
396 652
396 821
396 836
396 846
396 874
397 402
397 519
397 678
397 692
397 755
397 760
397 813
397 835
397 838
397 945
397 965
398 554
398 853
398 868
398 912
399 482
399 545
399 724
399 770
399 902
399 943
400 405
400 491
400 493
400 514
400 528
400 552
400 608
400 936
401 427
401 746
401 750
401 806
402 507
402 632
402 694
402 785
403 476
403 621
403 682
403 695
403 978
404 595
404 637
404 771
404 869
404 899
404 904
404 933
405 532
405 609
405 702
405 711
406 638
406 770
406 801
406 833
406 902
406 948
406 973
407 488
407 528
407 643
407 834
408 701
408 720
408 727
408 758
408 834
408 872
408 970
408 999
409 510
409 608
409 617
409 759
409 962
409 978
410 450
410 589
410 681
410 745
410 769
410 872
411 440
411 474
411 493
411 625
411 848
411 907
411 967
412 433
412 437
412 458
413 639
413 689
413 817
413 950
414 449
414 485
414 487
414 620
414 718
414 855
414 878
415 805
415 869
416 479
416 484
416 543
416 577
416 686
416 820
416 938
417 418
417 426
417 454
417 500
417 581
417 628
417 657
417 795
417 852
418 428
418 596
418 660
418 730
418 816
418 881
418 913
419 710
419 814
419 852
419 967
420 428
420 517
420 521
420 635
420 685
420 691
420 766
420 781
420 816
420 978
421 584
421 593
421 785
421 862
421 887
421 985
421 992
422 474
422 514
422 583
422 737
422 788
422 876
422 972
423 724
423 750
423 913
423 986
424 519
424 547
424 609
424 662
424 681
424 692
424 842
424 902
424 948
425 477
425 481
425 565
425 774
425 848
425 897
425 971
426 431
426 544
426 826
426 841
427 445
427 535
427 698
427 765
427 799
427 864
427 985
428 438
428 443
428 720
428 786
428 839
428 848
429 454
429 458
429 517
429 519
429 708
429 753
429 785
429 813
429 845
429 864
429 867
429 882
429 900
430 532
430 594
430 862
430 965
431 517
431 531
431 560
431 645
431 665
431 795
431 809
431 992
432 553
432 582
432 597
432 668
432 675
432 756
432 773
432 774
432 845
432 892
432 913
433 576
433 628
433 639
433 798
433 889
434 441
434 447
434 471
434 817
434 837
434 900
434 973
435 518
435 593
435 618
435 631
435 645
435 659
435 721
435 795
435 848
435 966
436 549
436 550
436 622
436 847
436 923
437 552
437 563
437 564
437 585
437 781
437 799
437 818
437 922
437 947
438 826
438 879
438 893
439 960
440 514
440 530
440 532
440 578
440 766
440 814
440 890
441 706
441 710
441 808
441 831
441 833
441 952
442 443
442 496
442 606
442 798
442 850
442 957
443 489
443 565
443 619
443 646
443 731
443 957
443 989
444 572
444 669
444 764
444 963
444 976
445 509
445 542
445 599
445 672
445 724
445 893
445 916
445 973
446 560
446 619
446 869
446 919
447 498
447 780
448 494
448 542
448 651
448 747
448 757
448 833
448 904
449 457
449 513
449 728
449 757
449 881
449 928
449 974
449 980
450 651
450 747
450 775
450 798
451 647
451 662
451 703
452 642
452 722
452 847
452 985
453 520
453 545
453 753
453 875
453 919
453 965
454 492
454 809
454 965
455 503
455 599
455 873
455 992
456 490
456 970
457 559
457 630
457 684
457 934
457 960
458 564
458 710
458 808
458 881
459 526
459 558
459 663
459 732
459 842
460 506
460 811
460 890
460 904
461 488
461 545
461 549
461 631
461 643
461 981
462 560
462 595
462 874
462 921
463 482
463 501
463 558
463 562
463 786
463 854
463 857
463 886
464 585
464 657
464 801
464 845
465 612
465 672
465 678
465 699
465 818
465 967
466 484
466 522
466 553
466 593
466 681
466 842
466 915
466 944
466 996
467 658
467 776
467 798
467 918
467 922
467 967
468 502
468 518
468 527
468 902
468 955
468 989
469 515
469 532
469 539
469 556
469 710
469 743
470 564
470 575
470 727
470 775
470 798
471 569
471 592
471 639
471 685
471 745
471 749
471 760
472 510
472 523
472 618
472 808
472 852
472 997
473 504
473 506
473 582
473 818
474 480
474 504
474 555
474 557
474 700
474 932
474 986
475 569
475 671
475 689
475 718
475 902
475 967
476 669
476 694
476 936
477 572
477 632
477 689
477 796
477 823
477 908
477 983
478 491
478 723
478 838
479 485
479 661
479 664
479 668
479 678
479 790
479 874
479 940
479 971
480 500
480 529
480 758
481 859
482 582
482 665
482 738
482 928
483 641
483 642
483 755
483 784
483 925
483 933
484 494
484 648
484 657
484 744
484 906
484 959
484 994
485 575
485 605
485 745
485 837
485 927
486 505
486 582
486 630
486 679
486 683
486 692
486 984
487 586
487 814
487 843
487 982
487 997
488 594
488 647
488 715
488 797
488 911
488 966
488 978
489 539
489 611
489 612
489 730
489 752
489 868
489 959
490 528
490 659
490 677
491 571
491 633
491 641
491 767
491 839
491 857
491 877
491 994
492 654
492 750
492 830
492 998
493 507
493 636
493 740
493 750
493 802
493 825
493 849
493 893
493 929
494 515
494 572
494 717
494 910
494 983
495 522
495 708
495 862
495 954
496 606
496 875
496 991
497 618
498 551
498 617
498 618
498 772
498 869
498 934
498 946
499 612
499 687
499 881
499 954
500 575
500 666
500 696
500 873
500 941
500 992
501 522
501 553
501 671
501 925
502 573
502 575
502 695
502 726
502 829
502 830
502 833
502 907
502 946
502 990
503 526
503 679
503 800
503 810
503 935
503 950
503 966
503 997
504 696
504 715
504 787
504 892
505 779
505 816
505 829
505 849
505 995
506 605
506 616
506 757
507 536
507 623
507 630
507 696
507 734
507 742
507 805
507 901
507 996
508 626
508 687
508 700
508 741
508 835
509 811
509 823
510 568
510 622
510 741
510 922
510 923
511 819
511 837
511 916
511 934
512 652
512 673
512 683
512 834
512 888
512 918
513 530
513 570
513 841
513 843
513 846
513 892
513 893
514 594
514 736
514 797
514 854
514 906
514 920
515 708
515 729
516 523
516 580
516 630
517 541
517 600
517 705
517 720
517 945
517 988
518 642
518 805
518 855
518 896
518 958
519 520
519 523
519 648
519 682
519 950
519 977
520 566
520 634
520 742
520 793
520 857
520 954
521 641
521 785
521 957
521 982
521 987
522 559
522 661
522 668
522 695
522 722
522 853
522 861
522 896
522 961
523 545
523 810
523 919
523 966
524 610
524 690
524 824
524 883
524 980
525 532
525 643
525 835
525 875
525 891
526 849
526 963
527 658
527 862
527 902
527 941
528 628
528 714
528 772
528 924
529 555
529 783
529 889
529 996
530 709
530 795
530 796
530 805
530 930
530 952
531 544
531 589
531 593
531 653
531 807
531 819
531 824
531 976
532 628
532 773
532 806
532 849
532 979
533 538
533 722
533 744
533 939
533 980
534 537
534 586
534 593
534 636
534 645
534 812
535 575
535 611
535 740
536 624
536 706
536 845
536 848
537 712
537 762
537 773
537 818
537 880
538 551
538 667
538 701
538 749
538 791
538 903
539 814
539 934
539 988
540 652
540 798
540 893
540 974
541 708
541 713
542 603
542 711
542 858
542 891
542 907
543 767
543 830
544 651
544 783
545 665
546 690
546 701
546 786
547 793
547 852
548 620
548 702
548 726
548 886
548 937
549 567
549 697
549 734
549 903
549 914
549 962
550 643
550 696
550 908
550 930
551 552
551 561
551 618
551 633
551 653
551 690
551 705
551 713
552 563
552 669
552 761
552 802
552 896
552 984
553 608
553 614
553 738
554 652
554 687
554 782
554 837
555 557
555 576
555 895
556 695
556 846
556 877
556 929
556 975
557 562
557 825
558 571
558 696
558 701
558 763
558 783
558 785
558 797
558 873
558 938
559 814
559 868
559 916
560 591
560 756
560 843
560 858
560 869
560 925
561 567
561 633
561 982
562 918
562 930
562 947
562 954
563 675
563 761
563 771
563 846
563 934
563 961
564 644
564 791
564 914
564 951
564 956
565 579
565 633
565 670
565 908
566 814
566 960
567 578
567 705
567 990
568 654
568 669
568 675
568 849
568 867
568 885
569 602
569 603
569 853
569 874
569 989
570 610
570 765
570 774
570 831
570 930
570 941
570 956
571 619
571 624
571 652
571 676
571 765
571 916
571 977
572 680
572 850
573 597
573 673
573 799
573 995
574 622
574 654
574 675
574 696
574 707
574 720
574 769
574 808
574 841
574 979
575 590
575 758
575 819
575 831
575 919
576 584
576 636
576 731
576 809
576 879
576 989
577 675
577 831
577 934
578 648
578 880
578 898
578 949
579 640
579 780
579 843
579 863
579 883
579 887
580 614
580 619
580 696
580 818
580 883
580 901
581 825
581 874
581 975
582 643
582 714
582 769
583 626
583 757
583 959
583 968
584 633
584 732
584 811
584 832
584 964
584 982
585 700
585 718
585 740
585 894
585 997
586 662
586 714
586 925
587 662
587 695
587 737
587 971
587 992
588 778
588 925
589 602
589 687
589 907
589 962
590 594
590 798
591 732
591 735
591 801
591 812
591 855
591 943
591 999
592 708
592 804
592 826
592 950
593 634
593 637
593 912
593 964
594 602
594 700
594 920
595 812
595 833
595 892
595 927
595 990
596 600
596 644
596 833
596 939
596 961
597 639
597 720
597 763
597 945
597 981
597 984
598 656
598 785
598 787
599 618
599 680
599 726
599 827
600 673
600 889
600 944
601 777
601 810
601 864
602 904
602 947
602 971
603 628
603 694
603 735
603 755
604 661
604 700
604 719
604 822
604 843
604 881
604 951
605 637
605 648
605 651
605 960
605 973
606 781
606 935
607 728
607 738
607 814
607 850
607 887
607 941
608 833
608 838
609 735
609 860
609 957
610 800
610 851
610 874
610 894
611 617
611 701
611 722
611 804
611 831
611 980
612 643
612 716
612 984
612 999
613 754
613 889
614 683
614 764
615 631
615 657
615 686
615 710
615 731
615 736
616 679
616 793
616 821
616 985
616 993
617 641
617 685
617 705
617 731
617 774
617 775
617 826
618 645
618 674
618 736
618 786
618 879
618 926
619 977
620 749
620 771
620 853
621 625
621 656
621 657
621 741
621 772
621 780
621 850
621 897
622 747
622 751
622 759
622 856
623 693
623 805
624 744
624 901
624 921
625 636
625 854
625 951
626 639
626 757
626 795
626 799
626 863
626 896
626 905
627 691
627 827
628 631
628 777
628 847
628 973
629 977
629 979
630 679
630 783
630 826
631 750
631 788
631 791
631 866
631 898
632 717
633 641
633 647
633 770
633 863
633 882
634 650
634 656
634 828
635 783
635 875
636 743
636 749
636 785
636 920
636 985
636 994
637 690
637 926
637 934
638 659
638 977
638 990
639 766
639 796
639 918
640 655
640 670
640 712
640 744
640 762
640 772
640 844
640 907
641 795
641 802
641 958
641 963
641 971
641 998
642 712
642 752
642 848
642 966
642 991
643 774
643 857
643 863
644 656
644 804
644 871
644 953
645 736
645 756
645 841
645 859
645 989
646 648
646 911
647 920
648 674
648 755
648 778
648 788
649 702
649 723
649 745
649 849
649 906
650 655
650 658
650 723
650 934
650 937
651 970
652 817
653 732
653 760
653 972
654 794
654 938
655 727
655 730
655 839
655 899
656 752
656 893
657 843
658 680
658 710
658 740
658 748
658 989
658 990
660 690
660 743
660 849
660 876
660 905
661 930
662 794
662 952
663 672
663 716
663 730
663 818
663 848
663 893
663 996
663 999
664 814
664 819
664 892
665 701
665 722
665 937
666 694
667 774
667 807
667 921
667 949
668 699
668 975
669 687
669 700
669 937
670 701
670 777
670 898
670 926
671 730
671 762
671 913
672 991
673 681
673 789
673 830
673 877
674 845
674 901
674 936
674 975
675 859
676 724
676 741
676 822
676 983
677 726
677 762
677 864
677 882
677 906
677 952
677 958
678 692
678 710
678 872
679 793
679 797
679 879
679 893
680 726
680 765
680 767
680 843
680 933
681 746
681 882
682 736
682 784
682 786
682 801
682 853
682 881
682 888
683 866
683 867
683 903
684 881
684 980
685 919
685 962
685 972
686 836
686 849
686 878
687 970
687 989
688 776
688 907
688 967
689 842
689 871
689 956
689 993
690 828
691 807
691 966
691 973
692 919
693 732
693 773
693 786
693 823
693 886
693 889
694 856
694 868
694 921
695 757
695 773
695 818
695 862
695 901
695 926
695 993
696 717
696 734
696 866
697 751
697 825
697 864
697 980
697 985
698 731
698 954
699 815
699 884
700 732
700 957
701 799
702 730
702 759
702 955
702 986
703 934
704 775
704 877
705 816
705 908
706 719
706 723
706 740
706 785
706 944
706 998
707 939
707 960
708 744
708 959
709 717
709 875
709 952
709 980
710 796
710 946
710 999
711 761
711 921
712 905
712 918
713 766
713 794
713 885
714 847
715 870
715 933
715 937
716 995
717 802
717 895
717 942
718 743
718 750
720 752
720 783
720 796
720 849
720 903
720 933
720 942
721 813
721 877
721 903
721 997
722 741
722 769
722 962
723 882
723 995
724 811
724 911
724 915
724 947
725 834
725 904
726 787
726 799
726 909
726 921
726 943
727 787
727 823
727 905
728 761
729 874
729 879
730 775
731 956
732 794
732 960
732 968
733 823
733 884
734 796
735 797
735 917
735 925
735 962
735 986
737 811
737 837
737 863
737 894
737 975
738 902
738 960
739 771
740 866
740 924
740 987
741 898
742 787
742 833
742 901
742 950
742 991
743 827
744 791
744 993
745 884
745 927
745 965
746 754
746 944
749 843
749 926
750 768
750 807
750 861
751 923
752 917
753 816
753 906
753 943
753 981
754 806
755 804
755 997
756 836
757 767
758 866
758 875
758 956
759 771
759 806
759 933
760 823
760 827
760 875
761 772
761 939
761 945
762 775
762 897
764 823
765 813
765 912
765 999
766 817
767 778
767 831
768 795
768 801
768 900
769 771
769 879
769 890
770 793
770 878
771 910
772 979
773 799
774 886
775 822
775 938
776 816
776 998
777 833
777 898
778 822
778 848
779 835
779 897
780 974
781 998
782 910
782 935
783 793
783 885
783 984
784 803
784 891
786 814
786 907
787 949
788 829
788 918
789 790
789 872
789 873
789 953
789 999
790 816
790 842
790 903
791 864
792 961
793 813
795 872
796 831
796 882
796 988
797 826
797 987
798 811
798 820
798 932
798 939
798 999
799 859
799 897
800 887
800 914
800 953
801 956
802 991
803 874
803 957
804 827
804 852
804 917
804 984
806 855
806 888
806 891
806 993
807 826
807 829
807 844
807 871
807 888
808 872
808 894
809 905
810 934
810 969
811 878
811 908
811 911
811 954
811 991
812 846
812 940
813 828
813 872
813 907
814 858
815 872
815 912
818 873
818 915
819 857
819 986
820 831
820 926
820 942
821 900
821 997
822 920
822 931
822 947
822 957
823 832
823 863
823 943
823 962
824 957
824 981
825 832
825 872
826 937
826 972
827 854
827 933
828 947
829 846
829 869
829 979
831 920
832 919
832 922
832 933
832 975
832 976
832 988
833 859
834 869
834 927
834 933
835 990
837 976
840 954
841 958
842 861
842 877
842 945
842 982
843 892
844 890
846 883
846 900
846 949
846 952
848 992
849 983
850 924
850 930
850 997
851 994
852 919
852 983
853 987
854 928
855 862
855 899
855 901
855 963
857 911
857 929
857 949
860 864
860 986
861 878
863 907
863 934
864 976
865 913
865 954
865 977
866 948
866 973
866 982
867 894
867 909
867 946
868 905
868 986
869 990
870 972
870 993
871 908
871 923
871 989
873 894
873 922
873 935
873 945
873 994
876 880
876 895
876 971
876 985
877 948
877 982
879 882
879 976
879 980
880 902
880 912
880 951
882 986
883 903
883 957
883 988
883 995
885 908
886 895
886 966
888 984
890 979
892 917
894 914
895 986
895 990
897 929
897 951
898 907
898 941
898 973
898 991
899 955
901 936
901 996
902 999
903 925
903 973
904 956
904 961
904 986
905 935
906 961
908 947
908 975
910 913
911 949
912 919
912 957
912 966
913 973
913 997
916 986
920 927
920 975
920 989
925 943
925 994
928 934
931 988
932 948
933 971
939 950
940 948
941 979
941 999
942 977
943 947
943 958
943 993
946 974
947 981
949 956
950 951
952 982
953 979
954 979
954 988
955 964
955 980
957 972
957 983
957 993
967 968
967 998
969 999
977 981
994 996
