0 22
0 51
0 139
0 155
0 206
0 251
0 269
0 427
0 460
0 470
0 497
1 56
1 301
1 319
1 357
1 363
1 408
1 415
1 482
2 57
2 178
2 273
2 404
2 473
3 21
3 64
3 67
3 108
3 225
3 338
3 375
3 426
3 429
3 471
4 193
4 201
4 253
4 320
4 327
4 367
5 46
5 101
5 242
5 296
5 317
5 436
5 495
5 496
5 497
6 70
6 107
6 228
6 280
6 300
6 352
6 405
6 417
6 458
6 498
7 67
7 95
7 101
7 112
7 131
7 186
7 214
7 277
7 302
7 393
7 398
8 11
8 41
8 99
8 107
8 109
8 189
8 219
8 282
8 291
8 380
8 459
9 72
9 130
9 176
9 230
9 283
9 289
9 328
9 440
9 495
9 499
10 61
10 197
10 235
10 251
10 279
10 283
10 333
11 141
11 149
11 169
11 179
11 261
11 282
11 284
11 288
11 340
11 352
11 396
11 414
11 465
12 144
12 149
12 170
12 283
12 294
12 320
12 328
12 413
12 437
13 29
13 54
13 59
13 163
13 198
13 227
13 293
13 382
13 411
13 444
14 31
14 62
14 102
14 152
14 162
14 168
14 233
14 270
14 411
14 418
14 431
15 39
15 52
15 87
15 111
15 229
15 251
15 305
15 468
16 22
16 63
16 86
16 106
16 146
16 281
16 343
16 394
16 413
16 420
16 432
17 18
17 32
17 52
17 82
17 102
17 128
17 283
17 319
17 323
17 494
18 47
18 59
18 112
18 157
18 227
18 229
18 236
18 244
18 252
18 309
18 368
18 443
19 37
19 63
19 89
19 104
19 120
19 163
19 274
19 337
19 338
19 394
19 467
19 473
19 474
20 63
20 124
20 140
20 156
20 279
20 286
20 305
20 310
20 386
20 395
20 403
20 420
21 53
21 124
21 140
21 142
21 172
21 177
21 246
21 416
22 34
22 46
22 67
22 84
22 112
22 155
22 378
23 44
23 66
23 113
23 245
23 271
23 298
23 346
23 445
23 472
23 487
23 499
24 89
24 107
24 131
24 192
24 220
24 275
24 284
24 304
24 318
24 486
25 45
25 79
25 80
25 110
25 119
25 187
25 205
25 261
25 310
25 338
25 368
25 412
25 494
26 114
26 117
26 122
26 127
26 132
26 158
26 165
26 170
26 218
26 293
26 302
26 340
26 456
27 79
27 107
27 147
27 183
27 196
27 229
27 233
27 239
27 448
28 56
28 205
28 227
28 256
28 315
28 399
28 458
29 46
29 52
29 80
29 101
29 116
29 191
29 267
29 360
30 38
30 193
30 214
30 239
30 289
30 337
30 339
30 381
30 445
30 490
31 82
31 136
31 149
31 223
31 270
31 329
31 353
31 389
31 391
31 419
31 426
32 48
32 136
32 243
32 252
32 289
33 109
33 195
33 247
33 277
33 310
33 398
34 76
34 186
34 282
34 402
34 408
34 409
34 438
34 479
35 44
35 117
35 135
35 297
35 344
35 368
35 411
35 422
35 483
36 53
36 144
36 152
36 153
36 229
36 242
36 274
36 310
36 446
37 60
37 129
37 164
37 180
37 289
37 355
37 368
37 372
37 452
37 464
38 112
38 119
38 139
38 148
38 221
38 237
38 295
38 325
38 363
38 392
38 486
39 57
39 131
39 179
39 245
39 394
39 455
39 482
39 485
40 94
40 103
40 174
40 244
40 247
40 272
40 288
40 344
40 367
40 374
40 470
41 107
41 176
41 189
41 241
41 249
41 368
41 383
41 406
41 417
41 431
41 486
42 127
42 132
42 174
42 238
42 342
42 413
42 440
42 476
43 46
43 82
43 148
43 190
43 209
43 373
43 436
44 89
44 126
44 171
44 197
44 206
44 244
44 271
44 308
44 325
45 88
45 96
45 143
45 151
45 170
45 186
45 213
45 240
45 260
45 354
45 416
46 135
46 160
46 176
46 210
46 234
46 261
46 327
46 334
46 375
46 391
46 452
47 59
47 71
47 81
47 228
47 234
47 296
47 312
47 340
47 371
47 390
47 413
47 450
47 490
48 186
48 222
48 226
48 229
48 304
48 307
48 327
48 388
48 460
48 467
48 483
49 50
49 94
49 117
49 127
49 178
49 254
49 258
49 265
49 314
49 331
49 341
49 409
49 418
49 480
49 481
50 87
50 146
50 222
50 274
50 396
50 471
50 480
50 490
51 143
51 169
51 188
51 218
51 241
51 266
51 286
51 391
51 406
51 420
51 439
51 440
51 441
52 235
52 250
52 272
52 372
52 384
53 142
53 144
53 165
53 190
53 211
53 215
53 277
53 433
54 99
54 173
54 200
54 223
54 228
54 245
54 359
54 386
54 421
55 84
55 154
55 247
55 273
55 346
55 471
56 72
56 84
56 107
56 270
56 347
56 407
57 151
57 205
57 208
57 213
57 243
57 292
57 361
57 368
57 405
58 107
58 119
58 125
58 240
58 257
58 295
58 335
58 370
58 381
58 433
58 434
58 469
58 471
59 107
59 158
59 198
59 213
59 237
59 245
59 248
59 296
59 317
59 373
59 384
59 422
59 428
59 433
60 82
60 93
60 103
60 145
60 156
60 283
60 286
60 291
60 309
60 316
60 427
60 468
60 480
61 65
61 100
61 184
61 215
61 279
61 281
61 295
61 322
61 337
61 368
61 421
61 437
61 447
62 90
62 126
62 226
62 240
62 249
62 333
62 365
63 176
63 414
63 440
63 458
64 103
64 202
64 247
64 298
64 309
64 355
64 368
64 378
64 424
64 476
65 119
65 201
65 217
65 383
65 398
66 72
66 78
66 92
66 204
66 361
66 390
66 401
66 452
66 472
67 78
67 103
67 148
67 156
67 159
67 177
67 291
67 345
67 378
67 450
67 483
68 117
68 121
68 297
68 388
68 496
69 112
69 136
69 208
69 298
69 349
69 462
70 176
70 187
71 94
71 166
71 167
71 255
71 262
71 473
71 498
72 107
72 159
72 170
72 207
72 219
72 280
72 298
72 303
72 337
72 346
72 355
72 421
72 423
73 202
73 283
73 341
73 348
73 351
73 362
73 379
73 414
73 438
74 97
74 332
74 346
74 361
74 426
74 446
74 460
74 477
75 132
75 188
75 231
75 251
75 265
75 366
75 384
76 98
76 99
76 134
76 164
76 239
76 384
76 393
76 404
77 109
77 143
77 149
77 272
77 292
77 354
77 402
77 493
78 148
78 179
78 183
78 218
78 358
78 364
78 416
79 93
79 222
79 232
79 237
79 245
79 264
79 269
79 292
79 326
79 347
79 348
79 400
79 402
79 406
80 92
80 137
80 165
80 172
80 225
80 226
80 335
80 356
80 420
80 421
80 427
80 448
80 449
80 481
81 85
81 120
81 183
81 343
81 348
81 361
82 182
82 259
82 357
82 466
83 211
83 245
83 249
83 283
83 286
83 301
83 324
83 336
83 378
83 462
84 106
84 107
84 187
84 200
84 203
84 247
84 284
84 338
84 436
84 497
85 123
85 150
85 154
85 259
85 320
85 398
85 448
85 481
86 91
86 107
86 138
86 270
86 279
86 436
86 458
86 462
86 494
87 135
87 303
87 310
87 379
87 394
87 464
87 481
88 124
88 139
88 157
88 217
88 242
88 279
88 390
88 427
88 431
88 434
89 114
89 215
89 247
89 275
89 283
89 361
89 480
90 110
90 115
90 230
90 335
90 340
91 153
91 321
91 492
92 174
92 307
92 359
92 391
92 429
92 438
93 174
93 205
93 210
93 267
93 309
93 336
93 350
93 357
93 359
93 367
93 376
93 414
94 97
94 103
94 104
94 126
94 279
94 369
94 423
94 428
94 497
94 499
95 100
95 235
95 286
95 303
95 312
95 318
95 336
95 348
96 110
96 153
96 203
96 230
96 325
96 326
96 376
96 381
96 400
96 404
96 488
97 102
97 107
97 131
97 134
97 152
97 173
97 174
97 175
97 260
97 319
97 335
97 336
98 153
98 176
98 208
98 222
98 288
98 315
98 323
98 333
98 341
98 383
98 480
98 482
99 108
99 113
99 129
99 184
99 269
99 296
99 336
99 337
99 494
100 152
100 237
100 259
100 328
100 369
100 454
101 183
101 197
101 202
101 203
101 226
101 241
101 305
101 337
101 348
101 386
101 410
101 428
101 444
102 106
102 150
102 208
102 215
102 321
102 324
102 339
102 376
102 380
102 387
102 407
102 435
102 453
102 473
103 111
103 147
103 270
103 278
104 160
104 173
104 248
104 348
104 349
104 456
105 152
105 276
105 283
105 295
105 305
105 327
105 339
105 356
105 382
105 403
105 409
106 378
107 204
107 217
107 312
107 321
107 470
107 474
107 477
107 499
108 121
108 138
108 182
108 250
108 346
108 371
108 406
108 416
108 417
108 432
108 445
109 125
109 160
109 207
109 211
109 299
109 321
110 156
110 258
110 286
111 132
111 183
111 220
111 282
111 283
111 375
112 139
112 202
112 241
112 283
112 305
112 417
112 420
112 480
112 489
113 125
113 249
113 253
113 321
113 330
113 356
113 415
113 478
114 231
114 247
114 274
114 278
114 292
114 303
114 349
114 408
114 490
114 496
115 210
115 289
115 355
115 450
115 452
115 486
116 136
116 231
116 234
116 265
116 308
116 337
116 379
116 393
116 394
116 415
116 423
116 444
116 466
116 485
116 490
117 132
117 139
117 149
117 159
117 271
117 294
117 342
117 421
117 496
118 130
118 134
118 155
118 216
118 221
118 232
118 262
118 298
118 365
119 406
120 131
120 166
120 168
120 171
120 216
120 376
120 388
120 463
120 476
120 484
121 177
121 203
121 228
121 231
121 234
121 247
121 255
121 260
121 267
121 278
121 284
122 171
122 204
122 225
122 298
122 401
122 480
123 158
123 290
123 293
123 301
123 349
123 399
123 408
123 432
123 496
124 212
124 217
124 246
124 256
124 288
124 341
124 374
124 490
125 217
125 221
125 244
125 285
125 324
125 450
126 199
126 203
126 258
126 293
126 329
126 447
127 134
127 141
127 149
127 158
127 187
127 190
127 340
127 356
127 407
127 427
128 161
128 231
128 237
128 247
128 264
128 274
128 289
128 375
128 383
128 468
128 473
129 168
129 207
129 261
129 266
129 304
129 316
129 403
130 144
130 167
130 220
130 319
131 207
131 208
131 263
131 312
131 342
131 463
131 477
131 487
132 147
132 150
132 165
132 301
132 337
132 393
132 409
132 443
132 452
132 465
132 474
133 168
133 197
133 201
133 203
133 263
133 265
133 319
133 358
133 359
133 439
133 443
133 453
133 474
133 487
134 145
134 175
134 243
134 274
134 376
134 483
135 349
135 427
135 485
136 147
136 191
136 314
136 351
136 403
136 414
136 434
136 499
137 195
137 309
137 338
137 339
137 393
137 457
137 487
138 221
138 344
138 372
138 408
138 439
138 474
139 162
139 170
139 227
139 288
139 458
139 467
139 483
140 160
140 240
140 260
140 287
140 294
140 401
140 479
141 241
141 248
141 369
141 396
141 409
141 438
142 213
142 226
143 201
143 210
143 245
143 315
143 321
143 375
143 397
143 459
144 327
144 335
144 427
145 175
145 198
145 201
145 272
145 332
145 357
146 261
146 274
146 327
146 375
146 416
146 487
147 156
147 196
147 268
147 300
147 365
147 420
147 450
148 154
148 224
148 231
148 284
148 437
149 283
149 321
150 170
150 176
150 197
150 240
150 257
150 259
150 281
150 313
150 462
151 186
151 221
151 258
151 354
151 366
151 369
151 384
151 431
151 474
151 485
152 186
152 236
153 188
153 242
153 247
153 248
153 255
153 387
153 395
153 453
153 467
153 470
154 243
154 270
154 311
154 423
154 432
154 436
154 443
155 179
155 345
155 412
156 179
156 237
156 284
156 341
156 491
157 165
157 265
157 275
157 277
157 384
158 214
158 217
158 226
158 340
158 401
158 442
158 486
159 166
159 212
159 222
159 310
159 318
159 353
159 359
159 372
159 381
159 471
160 181
160 242
160 322
160 371
160 417
160 496
161 186
161 344
161 383
161 439
162 175
162 178
162 197
162 206
162 251
162 275
162 276
162 348
162 396
162 418
162 449
162 458
163 166
163 228
163 287
163 339
163 345
163 421
163 432
163 434
163 445
163 451
163 487
163 491
164 175
164 199
164 254
164 262
164 268
164 351
164 361
164 372
164 374
164 447
164 456
165 226
165 249
165 252
165 256
165 260
165 265
165 270
165 282
165 284
165 343
165 352
165 399
165 497
166 189
166 204
166 314
166 316
166 388
166 402
167 180
167 200
167 209
167 240
167 298
167 321
167 379
167 470
167 494
168 174
168 200
168 218
168 240
168 270
168 374
168 397
168 422
168 478
168 489
169 230
169 337
169 341
169 419
169 433
169 444
170 217
170 331
170 429
170 454
171 199
171 402
171 416
171 429
171 449
172 244
172 251
172 276
172 392
172 433
172 434
173 346
173 363
173 366
173 367
173 412
173 437
174 286
174 327
174 354
174 490
175 188
175 192
175 217
175 241
175 298
175 337
175 373
175 484
176 185
176 196
176 209
176 248
176 274
176 309
176 355
176 362
176 379
176 428
177 186
177 305
177 314
177 371
177 384
178 203
178 251
178 272
178 288
178 364
178 372
178 402
178 412
178 463
178 475
178 479
179 217
179 376
179 398
179 474
179 485
180 191
180 216
180 261
180 266
180 299
180 397
180 404
180 445
180 481
181 188
181 245
181 273
181 395
181 399
181 419
181 455
181 480
182 237
182 239
182 256
182 277
182 296
182 297
183 204
183 227
183 237
183 241
183 303
183 318
183 377
184 190
184 278
184 303
184 407
185 186
185 348
185 439
185 458
185 462
186 246
186 386
186 416
186 465
187 230
187 261
187 262
187 266
187 285
187 363
187 470
187 494
188 192
188 223
188 240
188 288
188 317
188 356
188 360
188 362
188 446
188 488
189 214
189 225
189 306
189 327
189 350
189 399
189 419
189 431
189 492
190 265
190 267
190 362
190 403
190 453
190 459
190 485
190 495
191 202
191 226
191 240
191 338
191 366
191 381
192 193
192 251
192 263
192 328
192 338
192 348
192 414
192 443
193 210
193 211
193 216
193 223
193 224
193 289
193 431
193 451
193 466
194 232
194 255
194 263
194 284
194 285
194 378
194 391
194 467
194 483
195 226
195 273
195 294
195 434
195 459
195 468
195 485
196 242
196 263
196 486
197 210
197 232
197 338
197 344
197 393
197 474
198 213
198 333
198 393
198 421
198 439
198 453
199 279
199 298
199 317
199 327
199 339
199 485
200 211
200 249
200 259
200 318
200 337
200 357
200 434
200 475
200 488
201 228
201 339
201 345
202 316
202 346
202 464
203 228
203 253
203 277
203 303
203 354
203 386
203 426
203 447
204 240
204 253
204 325
204 360
204 387
204 480
205 349
205 408
205 463
205 482
205 487
206 221
206 233
206 410
206 420
207 294
207 357
207 436
207 474
208 324
208 368
208 422
208 448
209 335
209 402
209 427
210 252
210 288
210 289
210 331
210 395
210 404
211 293
211 307
211 316
211 349
211 364
211 446
211 448
211 450
211 480
211 486
212 225
212 247
213 249
213 281
213 383
213 461
213 473
214 291
214 333
214 424
214 426
214 480
215 258
215 260
215 300
215 327
215 381
215 416
215 423
215 429
216 257
216 262
216 320
216 363
216 397
216 419
216 428
217 234
217 251
217 276
217 423
217 442
218 224
218 226
218 378
218 494
219 245
219 282
219 312
219 332
219 335
219 421
220 224
220 236
220 335
220 436
220 456
220 464
221 239
221 278
221 312
221 340
222 224
222 232
222 305
222 317
222 366
222 382
222 410
222 430
222 469
223 242
223 394
223 410
223 477
223 490
224 234
224 246
224 274
224 365
224 421
224 443
224 447
224 459
225 280
225 306
225 339
225 407
225 454
226 254
226 313
226 358
226 359
226 402
227 237
227 286
227 397
227 407
227 409
227 424
227 482
228 246
228 266
228 375
229 308
229 385
231 366
231 372
231 414
231 455
231 463
231 474
232 234
232 288
232 344
232 483
233 247
233 256
233 491
234 277
234 325
234 420
234 424
234 425
234 456
235 250
235 269
235 286
235 308
235 357
235 440
235 460
236 313
236 324
236 349
236 400
236 424
236 430
236 474
236 475
237 323
237 325
237 330
237 403
237 451
238 293
238 437
238 442
239 318
239 369
239 399
239 400
239 460
239 467
240 303
240 315
240 364
240 379
240 497
241 246
241 260
241 285
241 336
241 345
241 379
242 264
242 277
242 295
242 321
242 362
242 438
242 497
243 247
243 258
243 270
243 275
243 284
243 348
243 497
244 307
244 316
244 357
244 389
244 406
244 458
245 293
245 405
245 436
245 487
246 304
246 351
246 421
246 475
247 299
247 319
247 354
247 490
248 295
248 384
248 436
248 456
249 296
249 333
249 348
249 350
249 354
249 388
249 468
250 342
250 418
251 254
251 333
251 396
251 437
251 498
252 267
252 339
252 426
252 442
252 454
253 268
253 299
254 272
254 298
254 328
254 352
254 403
254 464
255 265
255 325
255 337
255 374
255 441
256 267
256 332
256 367
256 389
256 422
256 489
257 281
257 366
257 418
257 431
257 471
258 292
258 371
258 448
259 343
259 363
259 412
259 431
260 286
260 423
261 273
261 292
261 308
261 417
261 467
261 472
261 487
261 496
262 364
262 388
262 401
262 426
262 448
262 498
263 339
263 349
263 367
263 374
263 448
263 476
264 283
264 286
264 343
264 405
265 317
265 321
265 375
265 377
265 399
265 420
265 455
266 281
266 305
266 453
267 281
267 292
267 311
267 382
267 482
268 284
268 339
268 411
269 289
269 296
269 353
269 372
269 407
270 368
270 479
271 288
271 305
271 308
271 335
271 374
271 449
271 494
272 289
272 413
272 461
273 305
273 331
273 410
273 440
274 320
274 359
274 417
274 492
274 493
275 307
275 325
275 326
275 405
275 457
276 318
276 340
276 341
276 356
276 392
276 479
276 483
276 498
277 356
277 386
277 404
277 491
278 281
278 308
278 329
278 405
278 459
279 390
279 464
279 465
280 380
280 385
280 466
281 408
281 447
282 308
282 384
282 472
283 299
283 331
283 400
283 460
284 308
284 371
284 391
284 403
284 437
284 458
284 471
285 299
285 377
285 379
285 383
285 392
285 463
287 420
287 447
287 496
288 319
288 341
288 438
288 439
289 324
289 379
289 399
289 406
289 409
289 466
290 335
290 379
290 453
290 463
290 471
291 300
291 319
291 328
291 338
291 356
291 403
291 453
291 457
292 318
292 364
292 375
292 382
292 384
292 388
292 436
292 462
292 485
293 311
293 327
293 357
294 406
295 355
295 446
295 448
295 470
296 358
296 360
296 472
296 478
296 482
296 493
297 375
297 391
297 417
297 479
297 492
298 312
298 412
298 471
298 496
299 301
299 373
299 381
299 405
299 458
299 477
299 487
300 391
300 445
301 409
302 406
302 427
302 480
302 484
303 308
303 338
303 364
303 406
303 414
303 423
303 451
304 355
304 404
304 422
305 346
305 453
305 459
305 498
306 318
306 382
306 461
307 404
307 414
307 465
308 367
308 472
309 337
309 357
309 360
309 415
309 453
310 369
310 383
310 415
310 429
310 477
311 316
311 320
311 430
312 444
312 465
312 489
312 496
313 337
313 402
313 441
313 452
314 403
314 430
314 434
314 454
315 335
315 351
315 405
315 474
315 495
316 322
316 465
316 481
317 318
317 346
317 488
318 328
318 343
318 391
318 452
318 498
319 337
319 340
319 371
319 386
320 368
321 323
321 336
321 339
321 349
321 373
321 393
322 449
322 452
323 408
323 413
323 463
323 464
324 381
324 400
324 447
324 456
325 373
325 396
325 496
326 413
326 441
326 487
327 341
327 361
327 374
327 424
327 485
328 451
328 459
328 463
328 464
329 330
329 468
330 350
330 382
331 437
332 360
332 381
332 412
332 438
333 420
333 453
335 394
336 436
336 450
336 461
336 475
336 481
337 372
338 375
338 434
339 358
339 448
340 391
340 426
340 473
340 498
341 379
341 398
341 418
341 478
342 422
342 458
342 480
342 485
343 384
343 394
343 483
343 485
344 354
344 426
345 389
345 416
345 471
346 347
346 348
346 357
346 386
346 399
346 402
346 455
346 462
346 497
347 358
347 380
347 455
347 495
348 385
348 434
349 367
349 427
350 359
350 459
350 474
351 391
351 454
352 356
353 358
353 441
353 485
353 491
354 398
354 454
354 455
355 395
355 401
355 422
355 433
355 443
355 459
356 369
356 381
356 392
356 396
356 410
356 445
357 471
358 419
358 486
359 450
360 431
360 450
361 371
361 400
361 449
361 470
362 382
362 385
363 397
363 403
363 425
363 469
363 497
364 394
364 403
365 400
365 409
365 430
366 387
366 406
366 438
367 386
368 379
368 381
368 432
368 450
368 469
370 485
371 443
371 469
372 376
372 413
372 487
373 464
373 474
374 381
375 397
375 405
375 417
375 443
375 450
376 467
377 476
377 489
378 404
378 464
379 394
379 428
379 457
379 471
379 498
380 446
380 489
381 434
384 385
384 435
384 439
384 443
384 454
385 413
385 458
386 451
386 453
387 454
388 425
388 430
389 399
389 422
389 474
392 394
392 396
393 403
393 470
394 416
396 398
397 402
397 415
397 437
398 421
398 430
398 445
398 485
399 465
399 486
399 487
400 447
400 460
400 480
401 448
401 483
402 480
403 426
403 451
403 458
406 469
406 473
406 483
407 442
408 425
408 493
409 447
410 481
411 471
411 497
412 421
412 471
412 478
412 489
413 468
413 498
414 422
414 442
414 469
414 476
416 475
416 499
417 428
418 473
419 420
419 440
419 465
420 450
420 499
421 493
422 429
422 432
422 447
422 451
423 492
424 486
425 457
426 442
426 488
426 498
427 436
427 459
427 466
428 449
428 487
430 452
431 444
432 439
434 473
435 483
436 470
436 493
437 463
437 498
440 452
440 475
440 476
441 465
442 458
443 461
443 467
443 491
445 448
447 457
449 452
452 490
453 467
453 492
454 467
455 462
456 462
457 475
462 491
464 487
464 495
467 469
471 473
471 498
472 489
473 474
473 487
475 489
481 495
485 488
490 498
