0 17
0 65
0 80
0 101
0 108
0 155
0 403
0 409
1 112
1 158
1 227
1 231
1 344
1 399
1 452
1 465
2 30
2 78
2 86
2 162
2 164
2 175
2 260
2 295
2 385
2 391
2 406
2 419
2 427
3 16
3 79
3 85
3 102
3 129
3 130
3 135
3 160
3 307
3 327
3 360
3 439
3 491
4 171
4 230
4 249
4 308
4 319
4 453
4 480
5 55
5 59
5 63
5 71
5 133
5 138
5 199
5 280
5 329
5 366
5 401
5 406
5 410
5 457
5 482
6 29
6 55
6 117
6 149
6 208
6 244
6 307
6 327
6 365
6 404
6 482
7 14
7 111
7 126
7 215
7 219
7 300
7 354
7 449
8 29
8 35
8 154
8 272
8 283
8 307
8 415
8 421
8 457
8 463
8 472
8 474
9 12
9 57
9 86
9 132
9 136
9 298
9 338
9 437
9 493
10 31
10 71
10 118
10 144
10 262
10 310
10 354
10 413
10 477
10 497
11 13
11 69
11 114
11 129
11 207
11 235
11 339
11 350
11 361
11 426
11 437
12 47
12 58
12 190
12 192
12 197
12 204
12 207
12 211
12 338
12 488
12 498
13 197
13 200
13 218
13 246
13 311
13 406
13 444
13 483
14 94
14 186
14 233
14 284
14 287
14 308
14 327
14 419
14 477
14 493
15 89
15 110
15 177
15 243
15 298
15 308
15 343
15 344
15 398
15 495
16 35
16 111
16 152
16 161
16 168
16 180
16 201
16 222
16 252
16 319
16 369
16 400
16 440
16 464
16 472
17 24
17 120
17 170
17 190
17 208
17 246
17 284
17 428
17 449
18 267
18 303
18 357
18 468
19 115
19 118
19 180
19 237
19 294
19 322
19 333
19 359
19 372
19 413
19 457
20 41
20 203
20 302
20 319
20 373
20 433
20 451
20 473
21 48
21 66
21 72
21 73
21 115
21 159
21 177
21 223
21 260
21 266
21 354
21 415
21 427
21 439
21 472
22 105
22 177
22 227
22 310
22 329
22 359
23 71
23 139
23 140
23 154
23 155
23 213
23 245
23 257
23 275
23 298
23 367
23 386
23 445
24 149
24 170
24 202
24 212
24 259
24 281
24 447
25 107
25 109
25 155
25 189
25 263
25 322
25 334
25 401
25 410
25 450
26 69
26 76
26 164
26 189
26 304
26 311
26 336
26 422
27 136
27 148
27 219
27 240
27 263
27 267
27 276
27 328
27 433
27 483
28 46
28 61
28 80
28 173
28 198
28 208
28 322
28 445
29 133
29 182
29 348
29 427
30 34
30 43
30 127
30 161
30 182
30 230
30 281
30 302
30 318
30 330
30 338
30 392
30 425
30 442
30 463
30 473
31 76
31 112
31 131
31 136
31 175
31 176
31 212
31 225
31 241
31 243
31 321
31 328
31 347
31 353
31 385
31 446
32 39
32 69
32 89
32 136
32 291
32 356
32 369
32 416
32 425
32 442
32 448
33 34
33 50
33 80
33 119
33 193
33 229
33 372
33 399
33 442
34 46
34 111
34 191
34 233
34 248
34 285
34 325
34 398
34 419
34 460
34 464
34 469
35 41
35 42
35 97
35 264
35 295
35 306
35 316
35 379
35 391
36 42
36 65
36 152
36 205
36 379
36 409
36 434
36 464
37 86
37 118
37 160
37 174
37 189
37 195
37 328
37 343
37 383
37 446
37 485
38 41
38 52
38 67
38 79
38 128
38 153
38 247
38 335
38 407
38 413
38 490
39 110
39 153
39 243
39 251
39 318
39 350
39 424
39 455
39 492
40 99
40 138
40 158
40 262
40 358
40 420
41 106
41 185
41 232
41 415
41 472
42 90
42 136
42 143
42 217
42 218
42 239
42 370
42 443
43 82
43 89
43 170
43 187
43 208
43 257
43 304
43 347
43 449
44 93
44 121
44 230
44 259
44 379
44 382
44 463
44 498
45 132
45 195
45 213
45 242
45 263
45 269
45 297
45 306
45 375
45 418
45 485
46 88
46 194
46 250
46 280
47 133
47 140
47 228
47 238
47 244
47 248
47 400
47 439
47 447
47 452
48 64
48 93
48 94
48 119
48 196
48 209
48 228
48 284
48 293
48 321
48 380
48 399
48 458
48 468
48 482
48 484
49 61
49 164
49 204
49 221
49 274
49 445
49 469
50 59
50 87
50 97
50 136
50 155
50 192
50 290
50 307
50 349
50 356
50 413
50 471
50 473
51 57
51 122
51 141
51 154
51 156
51 321
51 366
51 420
51 454
52 212
52 255
52 299
52 305
52 381
53 75
53 115
53 244
53 246
53 354
53 355
53 363
53 369
53 434
53 456
54 82
54 156
54 222
54 231
54 232
54 246
54 317
54 321
54 359
54 400
54 469
55 212
55 243
55 314
55 350
56 58
56 77
56 100
56 113
56 338
56 365
56 493
57 68
57 110
57 185
57 235
57 253
57 285
57 471
57 484
58 131
58 184
58 251
58 287
58 320
58 332
58 359
58 439
58 463
59 175
59 234
59 254
59 257
59 346
59 365
59 421
59 429
59 434
59 470
60 116
60 144
60 167
60 344
60 444
61 94
61 95
61 140
61 156
61 225
61 230
61 253
61 289
61 409
61 431
61 433
61 472
61 478
62 74
62 85
62 95
62 102
62 356
62 391
62 407
62 411
62 432
63 226
63 229
63 313
63 354
63 423
63 472
63 479
64 131
64 214
64 222
64 403
64 441
64 462
64 471
65 79
65 374
65 395
65 409
66 116
66 181
66 210
66 213
66 263
66 338
66 473
67 114
67 115
67 174
67 205
67 251
67 286
67 416
67 449
68 115
68 152
68 178
68 186
69 82
69 127
69 196
69 223
69 254
69 265
69 298
69 323
69 345
69 422
69 468
70 175
70 272
70 290
70 369
71 111
71 208
71 332
71 359
72 146
72 175
72 194
72 275
72 289
72 318
72 320
72 367
72 380
72 398
72 472
72 475
73 108
73 329
73 400
73 447
73 464
74 255
74 360
74 388
74 407
74 426
74 429
74 473
75 94
75 174
75 197
75 217
75 237
75 239
75 288
75 339
75 354
75 394
75 436
75 446
76 89
76 211
76 220
76 286
76 473
76 480
77 109
77 276
77 307
77 336
77 369
78 127
78 205
78 233
78 321
78 347
78 369
79 83
79 97
79 176
79 248
79 415
79 438
79 495
80 265
80 400
80 407
80 415
80 431
80 461
80 465
80 496
81 110
81 116
81 142
81 143
81 147
81 193
81 301
81 341
81 429
82 103
82 112
82 143
82 186
82 236
82 273
82 282
82 292
82 326
82 398
82 458
83 262
83 282
83 334
83 370
83 443
83 492
84 96
84 199
84 245
84 267
84 286
84 305
84 318
84 329
84 330
84 387
84 435
84 472
85 100
85 176
85 285
85 297
85 309
85 346
85 490
86 143
86 178
86 179
86 215
86 220
86 247
86 255
86 304
86 404
86 450
86 484
86 486
87 88
87 120
87 121
87 124
87 173
87 205
87 213
87 221
87 246
87 429
87 461
88 117
88 215
88 231
88 258
88 288
88 290
88 313
88 320
88 479
89 122
89 202
89 213
89 321
89 366
89 481
90 144
90 145
90 158
90 201
90 202
90 216
90 218
90 248
90 328
90 375
90 446
91 120
91 147
91 196
91 252
91 298
91 330
91 373
91 394
91 412
91 415
92 175
92 230
92 254
92 343
92 349
92 426
92 431
93 147
93 150
93 178
93 181
93 201
93 245
93 273
93 348
93 455
93 481
94 102
94 134
94 255
94 290
94 302
94 306
94 325
94 355
94 386
94 390
94 401
94 410
94 428
94 435
95 128
95 148
95 185
95 272
95 321
95 402
95 432
96 168
96 172
96 182
96 251
96 256
96 282
96 413
96 416
96 431
96 461
96 462
96 463
96 481
96 483
97 105
97 143
97 213
97 348
97 354
97 477
98 132
98 163
98 223
98 345
98 356
98 371
99 111
99 122
99 149
99 179
99 208
99 215
99 255
100 244
100 264
100 337
100 348
100 358
101 198
101 215
101 239
101 412
101 428
101 455
101 468
102 135
102 193
102 316
102 331
102 369
103 211
103 287
103 333
103 345
103 385
103 387
104 128
104 220
104 251
104 266
104 274
104 275
104 278
104 380
104 392
105 116
105 134
105 181
105 199
105 234
105 244
105 349
105 400
105 434
105 435
105 487
106 108
106 198
106 204
106 261
106 300
106 310
106 311
107 154
107 223
107 346
107 349
107 391
107 399
107 445
108 111
108 135
108 164
108 187
108 207
108 384
108 418
108 447
109 177
109 189
109 204
109 235
109 245
109 255
109 320
109 399
109 414
109 448
109 460
109 475
109 486
110 121
110 147
110 153
110 157
110 164
110 165
110 205
110 226
110 288
110 296
110 327
110 341
110 393
110 485
111 119
111 121
111 216
111 233
111 264
111 295
111 304
111 316
111 335
111 363
111 403
111 410
111 449
111 484
112 126
112 140
112 190
112 198
112 239
112 254
112 293
112 428
113 216
113 271
113 324
113 333
113 339
113 340
113 379
113 396
113 438
114 222
114 293
114 390
114 402
114 410
114 428
114 447
114 455
114 485
114 493
115 120
115 212
115 259
115 262
115 304
115 325
115 346
115 399
116 292
116 334
116 355
116 361
116 371
116 374
116 494
117 118
117 221
117 305
117 307
117 392
117 407
117 459
117 493
118 158
118 160
118 249
118 281
118 284
118 334
118 413
119 135
119 144
119 212
119 274
119 352
119 401
120 134
120 352
120 371
120 448
120 484
120 494
121 148
121 158
121 166
121 296
121 359
121 384
121 439
121 484
122 189
122 206
122 256
122 259
122 327
122 353
122 395
122 400
122 406
122 412
123 129
123 230
123 241
123 296
123 306
123 315
123 316
123 346
123 402
123 428
123 451
123 452
124 197
124 245
124 287
124 357
124 414
124 431
124 459
124 490
124 492
124 493
125 158
125 238
125 292
125 302
125 483
126 179
126 183
126 187
126 204
126 229
126 234
126 243
126 257
126 264
126 277
126 366
126 438
126 440
126 447
126 472
126 484
126 486
127 154
127 160
127 204
127 267
127 287
127 317
127 356
127 369
127 470
127 474
128 162
128 278
128 331
128 364
128 431
129 134
129 228
129 236
129 240
129 257
129 284
129 354
129 363
129 375
129 456
130 204
130 238
130 315
130 353
130 357
130 390
130 399
130 444
131 184
131 201
131 271
131 274
131 286
131 303
131 334
131 421
131 466
131 498
132 163
132 273
132 327
132 340
132 384
132 464
132 486
133 163
133 220
133 312
133 352
133 389
134 176
134 298
134 429
134 448
135 328
135 357
135 362
135 378
135 450
135 477
136 254
136 309
136 388
136 406
136 408
136 413
136 427
136 484
137 162
137 310
137 345
137 471
137 477
138 160
138 218
138 297
138 392
138 409
138 451
138 456
138 471
139 235
139 334
139 353
139 369
139 374
139 457
139 471
139 482
140 228
140 252
140 261
140 309
140 314
140 453
140 467
140 485
141 159
141 318
141 378
141 385
141 429
141 448
142 221
142 299
142 388
142 474
143 154
143 170
143 298
143 349
143 428
143 458
144 248
144 274
144 320
144 355
145 263
145 288
145 313
145 363
145 365
145 434
145 446
146 151
146 400
146 438
146 461
147 184
147 223
147 443
147 449
148 160
148 181
148 244
148 273
148 284
148 373
148 403
148 462
149 188
149 288
149 336
149 455
149 487
149 492
150 160
150 179
150 250
150 271
150 278
150 318
150 336
150 364
150 418
150 420
151 170
151 176
151 247
151 248
151 300
151 383
151 404
151 451
151 490
151 499
152 200
152 401
153 217
153 225
153 255
153 286
153 340
153 352
153 409
153 460
153 465
154 225
154 226
154 237
154 243
154 294
154 390
154 402
154 424
155 158
155 166
155 181
155 229
155 260
155 301
155 335
155 437
156 162
156 163
156 190
156 315
156 319
156 406
157 247
157 263
157 271
157 289
157 295
157 367
157 400
157 401
157 422
158 238
158 252
158 269
158 272
158 357
158 401
158 465
158 490
158 495
159 242
159 373
159 400
159 453
159 470
159 491
160 171
160 226
160 262
160 279
160 324
160 403
161 195
161 197
161 207
161 220
161 298
161 304
161 338
161 365
161 376
161 419
162 164
162 167
162 197
162 198
162 223
162 382
162 475
163 168
163 179
163 180
163 186
163 247
163 411
163 418
164 209
164 283
164 310
164 346
164 367
164 392
164 405
164 444
165 178
165 229
165 272
165 363
165 432
166 184
166 203
166 250
166 307
166 328
166 396
166 478
166 487
167 198
167 221
167 222
167 306
167 333
167 358
167 394
167 398
167 402
167 408
167 417
167 452
167 464
167 473
167 485
167 498
167 499
168 183
168 201
168 221
168 271
168 364
168 407
168 463
169 244
169 275
169 311
169 381
169 450
170 214
170 247
170 349
170 400
170 438
170 456
171 261
171 283
171 413
171 495
172 264
172 275
172 450
173 193
173 209
173 331
173 350
173 369
173 394
173 463
174 185
174 241
174 252
174 301
174 331
174 338
174 346
174 357
174 412
174 431
174 435
174 468
174 490
175 210
175 327
175 417
175 439
175 440
175 451
176 240
176 288
176 296
176 317
176 380
176 400
176 412
176 434
176 452
176 490
177 180
177 208
177 361
177 375
177 376
178 208
178 221
178 249
178 290
178 317
178 365
178 390
179 215
179 256
179 288
179 369
179 370
179 378
179 450
179 461
180 226
180 458
181 254
181 257
181 348
181 431
181 449
182 257
182 276
182 386
182 411
182 414
182 436
182 468
182 499
183 262
183 276
183 320
183 418
183 443
183 446
183 465
184 187
184 297
184 364
184 373
184 398
184 432
184 479
185 260
185 310
185 351
185 382
185 400
185 420
186 241
186 249
186 290
186 396
186 404
186 410
186 441
186 444
186 466
187 230
187 231
187 278
187 294
187 375
187 411
187 413
187 416
187 443
187 475
187 478
188 285
188 321
188 332
188 431
189 224
189 339
189 383
189 460
190 191
190 315
190 375
190 405
191 289
191 323
191 339
191 421
192 195
192 247
192 286
192 337
192 372
192 387
192 391
192 435
192 450
192 469
193 219
193 247
193 403
193 418
193 443
194 198
194 209
194 265
194 277
194 366
194 383
194 396
194 435
195 263
195 273
195 481
196 366
196 398
196 411
196 431
197 252
197 282
197 295
197 313
197 352
197 433
198 253
198 284
198 440
199 277
199 393
199 398
199 410
199 477
200 256
200 373
200 399
200 401
200 446
200 448
200 488
201 220
201 439
201 471
202 346
202 358
202 413
202 420
202 495
203 215
203 221
204 252
204 259
204 281
204 362
204 366
204 388
204 418
204 435
204 454
204 458
204 495
205 288
205 334
205 357
205 359
206 221
206 283
206 401
206 411
207 210
207 233
207 392
207 399
207 433
207 439
207 448
207 489
208 283
208 287
208 334
208 385
208 386
208 484
209 258
209 266
209 437
209 471
209 481
209 486
209 495
210 242
210 343
210 455
211 248
211 254
211 263
211 274
211 288
211 313
211 334
212 282
212 367
212 387
212 420
212 430
213 216
213 314
213 354
213 440
213 463
214 230
214 284
214 295
214 360
214 448
214 465
215 256
215 285
215 305
215 321
215 328
215 374
215 375
215 400
215 407
215 415
216 228
216 278
216 291
216 332
216 343
216 413
216 420
216 436
216 491
216 494
217 302
217 331
217 380
218 222
218 224
218 280
218 291
218 292
218 387
218 447
218 457
218 469
218 485
219 240
219 322
219 476
220 297
220 320
220 403
220 470
220 484
221 299
221 330
221 364
221 469
222 258
222 304
222 367
222 405
222 448
223 234
223 241
223 316
223 381
223 391
223 426
223 476
223 487
224 308
224 387
224 434
224 478
225 258
225 283
225 320
225 387
225 406
225 471
225 497
226 327
226 389
227 229
227 278
227 287
227 395
227 448
227 491
228 283
228 329
228 445
228 467
229 262
229 271
229 305
229 323
229 359
229 464
229 495
229 499
230 298
230 300
230 338
230 388
230 395
230 476
231 275
231 381
231 433
231 450
231 458
231 484
232 265
232 324
232 328
232 475
233 245
233 365
233 463
233 483
234 246
234 271
234 288
234 331
234 423
234 437
234 460
235 367
235 413
235 474
236 283
236 297
236 341
236 354
236 380
236 464
237 297
237 307
237 331
237 374
237 391
237 421
237 427
237 453
237 469
238 252
238 365
238 444
239 271
239 302
239 481
240 265
240 389
240 417
240 419
240 444
240 445
240 484
241 279
241 290
241 293
241 297
241 320
241 398
241 401
241 417
241 481
241 496
242 248
242 283
242 295
242 309
242 318
242 345
242 364
242 439
243 264
243 321
244 262
244 313
244 317
244 366
244 378
244 397
244 456
245 341
245 398
246 388
247 297
247 479
248 289
248 313
248 354
248 432
248 452
248 455
248 483
248 490
249 258
249 275
249 310
249 318
249 321
249 338
249 477
249 490
249 494
250 271
250 359
250 389
251 325
251 374
251 478
252 290
252 309
252 338
252 346
252 347
252 407
252 439
252 499
253 288
253 358
253 448
253 465
253 483
254 258
254 283
254 294
254 312
254 317
254 366
254 384
254 419
255 269
255 448
256 266
256 280
256 318
256 341
256 374
256 391
257 262
257 274
257 321
257 329
257 337
257 358
257 440
257 455
257 475
258 309
258 437
258 452
258 476
259 288
259 298
259 348
259 384
259 432
259 465
259 482
259 484
260 348
261 280
261 420
261 438
261 478
261 495
262 265
262 381
262 415
262 418
262 460
262 467
263 297
263 323
263 373
264 272
264 330
264 404
264 470
265 316
265 426
265 438
265 446
265 476
266 321
266 378
266 420
266 473
266 488
267 339
267 403
268 361
268 466
268 469
269 378
269 463
269 493
269 494
269 499
270 362
270 388
270 411
270 412
270 422
270 424
270 466
271 339
271 418
271 439
271 474
272 362
272 363
272 441
273 275
273 308
273 312
273 321
273 413
273 416
273 428
273 470
274 340
274 375
274 443
275 334
275 373
275 394
276 315
276 329
276 425
276 448
276 498
277 302
277 315
277 390
277 456
277 481
278 310
278 321
278 333
278 390
278 403
278 405
278 421
278 475
279 292
279 296
279 387
279 418
279 427
279 479
280 284
280 327
280 433
281 306
281 346
281 369
281 415
281 441
282 307
282 335
282 392
282 436
283 380
283 410
284 331
284 342
284 364
285 348
285 476
286 384
286 464
287 392
287 409
288 406
288 424
289 322
289 360
289 478
290 338
290 347
290 353
290 403
290 418
290 490
291 367
291 411
292 375
292 385
292 438
292 498
293 297
293 376
293 409
293 413
293 468
294 416
294 476
294 498
295 307
295 346
295 395
295 412
295 419
296 384
296 491
297 436
298 455
298 474
299 382
299 392
299 461
300 320
300 339
300 394
301 353
301 394
302 360
302 414
302 460
303 309
303 353
303 357
303 420
304 340
304 352
304 488
304 499
305 319
305 346
305 442
306 382
306 425
307 338
307 343
307 385
307 395
307 447
307 464
307 499
309 321
309 353
309 399
309 445
309 463
311 363
311 423
312 356
312 437
312 442
312 462
314 322
314 330
314 332
314 355
314 450
315 337
315 353
316 323
316 334
316 344
316 389
316 402
316 415
316 478
317 325
317 339
317 362
317 384
317 417
317 444
317 474
318 352
318 359
318 384
318 496
319 333
319 383
319 494
320 330
320 348
320 392
320 421
320 454
320 492
321 322
321 384
321 393
321 429
322 336
322 339
322 451
322 470
323 496
324 337
324 392
324 409
325 350
325 382
325 386
325 496
326 350
326 389
327 330
327 340
327 352
327 437
327 440
328 426
328 467
328 471
329 371
329 405
329 443
329 483
330 347
330 353
330 440
330 456
330 465
330 485
331 336
331 441
332 397
332 408
332 420
332 428
333 374
333 406
333 470
333 492
334 359
334 377
334 433
334 476
334 483
335 404
335 447
335 473
336 437
336 482
337 366
337 387
338 440
339 412
339 435
339 498
340 341
340 345
340 389
340 407
340 466
341 416
341 459
341 498
342 413
342 467
343 398
344 382
344 478
345 382
345 423
345 446
345 483
346 365
346 377
346 380
346 389
346 491
346 493
347 477
347 499
348 372
348 429
348 478
348 486
349 399
349 458
349 485
350 401
350 491
351 385
351 414
351 477
351 491
352 428
353 411
354 391
355 375
355 433
355 467
356 362
356 442
356 455
356 498
357 375
357 382
357 405
358 376
358 468
359 487
359 491
360 444
360 451
360 491
361 405
361 422
361 428
362 454
363 408
363 416
364 419
364 481
364 497
365 480
366 401
366 481
367 391
367 459
367 477
368 402
368 427
368 431
368 447
369 407
369 458
369 466
369 480
370 397
370 426
370 433
371 372
371 387
371 392
371 402
371 467
372 416
372 429
373 404
373 428
373 483
373 496
374 382
375 394
375 424
375 454
375 499
376 417
378 403
378 424
378 427
378 498
379 410
379 438
379 483
380 411
380 433
381 398
381 408
381 417
382 406
382 445
383 476
384 439
385 394
386 417
386 448
386 459
387 404
387 427
387 432
387 449
387 456
387 464
388 390
388 407
388 470
389 455
389 470
390 397
392 482
393 399
393 409
393 453
393 465
393 492
394 451
395 434
395 490
396 409
396 423
396 461
397 407
397 424
397 471
397 494
398 485
398 496
400 414
400 454
400 482
400 490
401 407
401 427
402 433
403 432
403 472
403 487
404 406
404 456
404 494
406 418
406 430
406 488
406 499
407 409
407 414
407 450
407 452
407 464
407 483
408 483
409 489
410 477
411 458
411 460
411 487
412 451
412 452
412 467
413 433
413 447
413 471
413 477
413 480
414 447
416 447
418 458
419 434
419 435
419 455
419 478
420 432
420 462
420 471
421 439
421 444
423 473
423 495
425 434
425 447
426 451
426 452
426 475
427 458
428 472
428 496
429 474
429 485
431 481
432 436
432 478
432 496
434 473
434 484
435 448
436 463
436 496
438 497
438 498
439 465
440 475
441 494
443 498
444 486
446 448
446 464
447 456
447 482
448 452
448 476
448 486
450 491
451 491
455 488
456 478
457 465
457 474
457 498
458 459
459 492
460 466
460 497
462 491
464 481
465 480
465 492
466 475
470 493
472 483
475 483
476 488
477 487
478 486
481 498
483 493
496 499
