0 1
0 4
0 12
0 15
0 73
0 107
0 142
1 2
1 10
1 11
1 32
1 38
1 56
1 65
1 81
1 116
1 141
1 143
1 176
1 186
1 196
1 198
1 204
1 242
1 257
1 272
1 283
1 291
1 296
1 354
1 382
1 428
1 437
2 3
2 5
2 6
2 7
2 9
2 16
2 17
2 18
2 21
2 23
2 27
2 29
2 31
2 34
2 40
2 41
2 47
2 50
2 52
2 54
2 58
2 63
2 66
2 70
2 71
2 74
2 79
2 87
2 88
2 89
2 90
2 92
2 98
2 110
2 125
2 138
2 147
2 155
2 157
2 161
2 168
2 173
2 174
2 175
2 183
2 188
2 197
2 200
2 206
2 228
2 262
2 269
2 273
2 278
2 279
2 295
2 299
2 325
2 328
2 339
2 342
2 345
2 346
2 350
2 358
2 391
2 394
2 419
2 435
2 436
2 448
2 449
2 458
2 465
2 477
2 478
2 480
2 483
2 498
3 19
3 149
4 20
4 24
4 44
4 130
4 224
4 310
5 169
6 464
7 8
7 13
7 14
7 26
7 48
7 104
7 159
7 231
7 300
7 324
7 475
8 43
8 61
8 136
8 213
9 36
9 37
9 39
9 78
9 96
9 180
9 293
10 45
12 253
13 166
13 236
13 304
14 145
15 42
15 72
15 444
16 332
16 495
17 60
18 30
18 49
18 100
18 129
18 252
18 326
18 443
20 22
20 28
20 33
20 62
20 85
20 137
20 179
20 239
20 255
20 288
20 323
20 334
20 355
20 450
21 25
21 35
21 51
21 55
21 57
21 75
21 83
21 93
21 121
21 156
21 158
21 167
21 182
21 211
21 229
21 244
21 264
21 280
21 387
21 491
22 128
22 261
22 327
22 338
23 417
24 151
25 103
25 119
25 275
25 407
25 427
25 430
26 67
27 69
27 164
27 201
27 285
27 372
28 132
28 181
28 234
28 352
28 431
28 489
29 101
29 187
29 240
29 434
31 178
31 217
33 84
33 111
33 258
33 330
34 77
34 95
34 402
35 76
35 109
35 115
35 144
35 190
35 238
35 241
35 348
36 102
36 105
36 192
36 281
36 351
37 162
38 191
38 263
39 126
39 203
40 94
40 114
43 59
45 46
46 106
46 457
46 476
47 163
47 193
48 118
48 386
49 53
50 86
50 212
50 308
50 490
51 316
52 150
53 127
53 265
53 439
54 68
55 131
55 146
55 246
55 266
56 64
58 499
59 160
61 243
62 80
62 82
62 97
62 112
62 133
62 135
62 202
62 221
62 225
62 227
62 286
62 290
62 313
62 315
62 356
62 395
63 237
64 282
65 170
65 438
69 91
72 248
72 369
73 311
74 205
74 220
74 446
76 108
76 210
79 195
79 496
81 267
82 412
85 120
85 122
85 124
85 404
85 418
86 99
87 113
88 232
88 320
89 420
91 298
91 337
91 341
91 349
91 409
92 433
93 140
93 259
93 461
94 199
95 276
96 134
97 184
99 360
99 398
100 235
100 302
100 364
100 425
100 493
102 216
102 405
103 209
103 344
106 117
106 215
106 347
107 123
108 165
109 148
109 331
111 171
112 139
112 223
114 153
114 245
114 494
115 294
115 406
117 154
123 251
128 371
128 393
129 152
130 226
130 426
130 463
130 474
132 189
132 411
134 447
135 207
135 214
135 268
135 321
135 413
139 177
140 466
141 378
143 376
143 415
144 219
144 254
144 314
145 277
146 307
147 488
148 459
151 208
151 301
151 359
151 365
151 373
153 274
153 306
153 453
153 468
153 485
155 456
156 185
157 408
160 292
162 172
162 247
162 423
167 445
168 194
169 333
169 385
170 297
172 379
174 397
174 473
180 451
180 460
181 233
182 422
184 400
185 462
189 218
194 384
194 452
197 484
199 416
201 424
208 312
208 318
208 329
208 367
208 492
211 249
211 390
213 396
216 222
216 403
217 256
219 381
221 230
221 322
221 368
222 414
222 432
227 377
229 289
230 284
231 399
240 260
240 370
242 305
244 250
246 353
246 469
253 363
253 389
257 380
257 470
259 317
259 357
260 270
261 271
261 383
262 319
265 340
269 482
272 343
281 287
281 303
284 335
285 479
288 392
296 309
296 471
297 410
301 375
312 487
315 362
316 374
321 467
325 336
327 455
330 472
331 366
331 440
331 454
336 442
339 361
344 388
361 401
361 429
384 421
389 441
421 481
428 486
448 497
