0 1
0 7
0 10
0 11
0 12
0 15
0 46
0 62
0 78
0 107
0 155
0 170
0 227
0 300
0 318
0 335
0 356
0 411
0 509
0 530
0 600
0 651
0 825
0 893
0 943
1 2
1 3
1 13
1 19
1 26
1 28
1 30
1 35
1 38
1 41
1 42
1 48
1 55
1 57
1 63
1 70
1 87
1 92
1 101
1 105
1 116
1 120
1 127
1 156
1 160
1 177
1 193
1 199
1 202
1 218
1 219
1 226
1 244
1 246
1 269
1 272
1 279
1 280
1 288
1 316
1 322
1 323
1 348
1 387
1 407
1 420
1 426
1 432
1 508
1 533
1 551
1 571
1 584
1 598
1 604
1 611
1 646
1 664
1 675
1 694
1 755
1 800
1 818
1 898
1 954
1 995
2 583
3 4
3 5
3 9
3 20
3 23
3 29
3 52
3 65
3 88
3 112
3 137
3 150
3 175
3 247
3 271
3 293
3 390
3 414
3 468
3 525
3 657
3 668
3 727
3 744
3 757
3 758
3 814
3 833
3 835
3 849
4 22
4 27
4 43
4 56
4 60
4 68
4 83
4 89
4 111
4 118
4 179
4 194
4 205
4 241
4 249
4 314
4 534
4 540
4 565
4 691
4 729
4 829
5 6
5 16
5 58
5 86
5 98
5 143
5 151
5 216
5 262
5 734
5 741
5 922
6 39
6 152
6 301
6 378
7 8
7 14
7 18
7 34
7 54
7 59
7 93
7 121
7 146
7 234
7 253
7 424
7 485
7 579
7 730
8 465
8 497
8 688
9 24
9 135
9 290
9 457
9 588
9 685
9 855
10 77
10 102
10 106
10 147
10 213
10 220
10 231
10 311
10 334
10 346
10 349
10 460
10 477
10 524
10 555
10 633
10 723
10 775
10 889
10 899
10 994
11 50
11 90
11 100
11 136
11 183
11 232
11 240
11 267
11 391
11 425
11 431
11 616
11 715
11 760
12 31
12 236
12 397
12 464
12 546
12 905
13 17
13 125
13 340
13 385
14 21
14 629
14 706
16 91
16 122
16 162
17 51
17 128
19 47
19 97
19 191
19 201
19 237
19 445
20 36
22 25
22 32
22 73
22 214
22 321
22 327
22 409
22 545
22 617
22 717
22 724
22 986
23 33
23 298
24 422
24 496
24 519
26 148
26 482
26 585
26 823
28 117
28 251
28 822
30 141
31 302
31 529
31 780
32 131
32 140
32 250
32 382
32 456
32 499
32 689
32 904
33 37
33 40
33 44
33 81
33 126
33 157
33 161
33 207
33 239
33 275
33 313
33 379
33 441
33 487
33 559
33 597
33 627
33 644
33 654
33 709
33 769
33 783
33 827
33 926
33 928
33 929
33 958
33 973
34 902
35 53
35 80
35 82
35 138
35 189
35 532
35 573
35 749
35 909
36 49
36 79
36 108
36 144
36 178
36 450
36 466
36 680
36 698
36 809
37 66
37 94
37 171
37 436
37 803
37 845
38 167
38 184
38 195
38 198
38 256
38 257
38 352
38 388
38 400
38 911
38 968
38 979
39 45
39 71
40 67
40 264
40 423
40 569
40 628
40 686
40 770
40 834
40 912
41 294
41 690
41 705
41 728
42 103
42 225
42 268
42 365
42 402
42 593
42 910
43 672
44 258
44 265
44 351
44 405
44 614
44 660
44 789
45 95
45 133
45 333
45 342
45 677
45 711
45 732
45 842
47 154
47 166
47 172
47 320
47 331
47 350
47 363
47 455
47 639
47 648
47 678
47 931
47 991
48 221
48 278
48 326
48 328
50 187
50 222
50 242
50 359
50 547
51 72
51 442
52 69
52 76
52 159
52 575
54 418
54 568
55 114
55 197
55 204
55 610
55 640
55 722
55 774
55 799
55 852
57 61
57 309
57 408
57 536
57 599
57 761
57 920
58 64
58 581
58 658
58 684
59 109
59 235
59 784
59 875
59 934
60 74
61 85
64 292
64 978
65 134
65 210
65 786
66 613
66 837
67 168
67 459
67 681
67 918
68 130
68 475
68 544
69 924
70 606
70 676
70 881
71 286
71 885
72 419
72 759
73 75
73 169
73 274
73 324
73 337
73 434
73 548
73 666
73 721
73 857
73 984
74 99
74 580
74 713
75 211
75 655
75 856
75 884
77 754
78 821
79 104
79 230
79 860
81 84
81 254
81 490
81 576
81 623
81 846
81 848
81 877
82 357
82 483
82 739
83 319
83 882
84 96
84 260
84 824
85 735
86 376
86 479
87 277
88 115
88 438
88 463
88 726
88 811
88 869
88 876
88 892
88 953
89 712
89 745
90 358
91 399
93 437
94 145
94 185
96 572
96 802
100 516
100 865
100 980
101 110
102 429
102 921
103 505
103 637
103 890
103 964
104 751
106 284
106 417
106 632
106 955
106 981
107 119
107 212
107 217
107 430
107 500
108 129
110 113
110 291
110 538
110 557
110 702
110 762
111 180
111 196
111 312
111 778
112 123
112 132
112 233
112 372
112 373
112 394
112 491
112 539
112 828
112 840
113 124
113 149
113 206
113 504
113 531
113 608
113 635
113 674
113 700
113 826
115 476
117 535
117 626
117 935
119 563
119 594
121 173
121 188
122 182
122 607
123 392
123 528
126 186
126 203
126 238
126 305
126 401
126 622
126 974
127 439
127 458
127 996
129 153
129 192
129 224
129 243
129 252
129 421
129 448
129 549
129 864
129 919
130 283
130 297
130 336
131 804
134 181
134 473
135 142
135 165
135 310
135 957
136 384
136 908
137 139
137 266
137 764
137 859
138 215
138 389
138 467
138 495
142 229
142 526
144 174
144 638
145 370
145 773
146 296
146 446
147 164
149 471
149 983
150 410
150 453
150 474
150 517
150 556
150 601
150 699
150 975
151 158
151 307
151 484
151 514
151 552
151 592
151 738
151 883
151 947
152 295
152 367
152 374
152 470
152 615
152 621
152 791
154 805
154 874
154 945
155 830
155 886
156 163
156 200
156 612
156 719
157 347
157 609
159 720
160 228
163 176
163 190
163 281
163 393
163 444
163 696
163 906
164 740
166 415
166 472
166 916
167 682
168 255
170 208
171 847
172 596
172 992
173 801
174 362
174 523
174 765
174 810
174 866
174 867
176 494
176 631
176 795
177 259
177 353
177 502
177 779
177 962
178 377
178 380
178 461
180 325
180 971
181 248
181 383
182 360
183 289
184 317
184 406
186 366
192 223
192 939
193 338
194 245
194 261
194 299
194 412
194 447
194 714
195 209
195 836
197 488
197 506
197 843
199 662
200 900
204 361
205 263
206 492
209 454
209 564
209 650
209 777
209 871
210 276
211 708
212 282
212 428
212 513
212 518
212 561
212 756
212 872
216 303
216 725
217 481
217 768
218 806
221 567
223 287
226 887
228 368
228 960
229 515
230 647
235 896
236 270
240 891
243 554
243 930
246 369
247 386
250 511
253 404
253 498
255 480
255 493
255 578
256 443
256 669
256 731
256 785
257 553
257 952
257 999
258 285
260 932
267 273
267 679
269 854
270 462
273 403
273 959
276 395
276 440
276 619
277 435
278 330
278 375
278 521
278 653
278 808
278 819
278 880
278 903
284 566
285 451
286 841
287 354
287 956
288 603
289 343
289 398
291 355
292 987
293 308
294 427
294 652
296 315
296 888
301 339
303 304
303 306
303 364
303 587
305 371
306 329
306 341
307 332
307 574
307 941
308 522
315 345
316 737
316 838
316 951
318 570
318 656
323 507
324 503
325 344
329 670
329 746
331 776
333 396
336 582
337 868
339 879
341 469
341 716
342 541
343 413
343 832
344 895
351 663
352 747
359 381
361 433
365 816
368 620
376 416
376 489
376 703
380 550
380 794
380 967
380 997
384 624
384 782
386 683
387 478
391 733
395 512
400 590
401 449
401 748
401 933
402 743
408 486
409 452
409 630
410 520
410 605
410 641
414 763
420 625
421 966
425 861
427 501
427 510
427 642
427 704
429 586
430 542
431 796
435 790
439 988
440 560
443 873
447 537
447 870
448 589
450 673
451 937
456 543
458 938
465 767
490 948
496 798
496 915
497 788
499 591
499 963
503 527
507 558
507 718
510 643
521 913
522 707
525 701
525 752
525 894
526 771
530 618
530 634
530 820
531 850
533 693
535 817
538 687
538 851
539 985
543 577
544 636
544 659
548 602
552 562
554 661
557 815
568 844
568 946
570 697
571 942
575 965
578 766
586 595
590 667
591 839
593 649
595 671
599 793
611 695
614 901
621 961
622 792
627 858
627 950
637 797
637 936
639 645
646 949
647 692
655 862
660 665
661 742
684 787
684 998
688 710
688 753
688 807
688 813
707 750
714 736
716 863
718 940
731 831
732 914
733 812
733 907
744 927
745 982
749 990
751 781
764 944
765 853
767 917
768 772
780 897
784 969
785 993
786 923
786 970
835 878
857 977
863 972
876 925
884 976
909 989
