0 1
0 2
0 3
0 4
0 5
0 6
0 7
0 8
0 9
0 10
0 11
0 13
0 19
0 21
0 33
0 38
0 49
0 62
0 63
0 81
0 95
0 120
0 158
0 170
0 183
0 194
0 200
0 204
0 209
0 237
0 284
0 297
0 301
0 311
0 317
0 363
0 375
0 400
0 404
0 406
0 504
0 507
0 520
0 526
0 540
0 588
0 635
0 677
0 687
0 725
0 784
0 834
0 844
0 864
0 882
0 890
0 907
0 928
0 951
0 955
0 974
1 5
1 6
1 7
1 12
1 16
1 20
1 26
1 84
1 94
1 97
1 138
1 157
1 177
1 186
1 203
1 216
1 225
1 232
1 282
1 300
1 307
1 333
1 463
1 482
1 629
1 633
1 709
1 710
1 749
1 802
1 876
1 894
2 5
2 6
2 8
2 10
2 12
2 14
2 23
2 34
2 40
2 43
2 45
2 48
2 61
2 74
2 77
2 87
2 90
2 93
2 96
2 97
2 99
2 112
2 131
2 132
2 136
2 137
2 144
2 147
2 160
2 165
2 174
2 182
2 190
2 192
2 198
2 211
2 213
2 236
2 319
2 387
2 394
2 400
2 407
2 409
2 433
2 450
2 456
2 465
2 471
2 487
2 497
2 533
2 565
2 572
2 583
2 586
2 625
2 657
2 699
2 754
2 764
2 776
2 780
2 847
2 869
2 888
2 925
2 938
2 941
2 971
2 984
3 5
3 6
3 7
3 10
3 11
3 13
3 14
3 18
3 20
3 21
3 23
3 25
3 29
3 34
3 36
3 40
3 42
3 47
3 51
3 55
3 58
3 65
3 67
3 69
3 71
3 92
3 110
3 146
3 154
3 163
3 166
3 173
3 177
3 199
3 200
3 207
3 210
3 212
3 231
3 240
3 242
3 244
3 246
3 248
3 249
3 292
3 303
3 305
3 310
3 317
3 358
3 382
3 403
3 404
3 445
3 447
3 475
3 541
3 567
3 642
3 662
3 788
3 797
3 809
3 836
3 927
3 954
3 992
4 9
4 10
4 13
4 15
4 29
4 37
4 61
4 68
4 89
4 108
4 118
4 121
4 133
4 153
4 187
4 212
4 263
4 267
4 292
4 298
4 373
4 378
4 380
4 401
4 453
4 468
4 560
4 565
4 588
4 601
4 703
4 763
4 799
4 827
4 870
5 8
5 15
5 17
5 19
5 25
5 27
5 30
5 31
5 33
5 36
5 46
5 48
5 53
5 55
5 62
5 68
5 83
5 90
5 92
5 107
5 143
5 144
5 156
5 160
5 169
5 180
5 192
5 202
5 227
5 237
5 246
5 250
5 253
5 263
5 273
5 277
5 316
5 321
5 335
5 337
5 345
5 351
5 354
5 372
5 403
5 446
5 449
5 465
5 543
5 545
5 557
5 591
5 596
5 614
5 638
5 647
5 709
5 716
5 722
5 755
5 758
5 760
5 761
5 783
5 849
5 880
5 894
5 902
5 924
5 939
5 965
6 7
6 8
6 9
6 11
6 12
6 14
6 15
6 17
6 19
6 20
6 21
6 26
6 29
6 35
6 36
6 38
6 41
6 55
6 59
6 65
6 67
6 74
6 78
6 81
6 94
6 105
6 116
6 122
6 124
6 125
6 137
6 140
6 143
6 144
6 151
6 156
6 182
6 187
6 191
6 202
6 227
6 243
6 277
6 278
6 281
6 287
6 289
6 290
6 296
6 308
6 312
6 321
6 329
6 342
6 369
6 411
6 416
6 429
6 441
6 442
6 455
6 461
6 464
6 466
6 470
6 480
6 490
6 503
6 524
6 568
6 570
6 599
6 608
6 638
6 649
6 652
6 655
6 658
6 668
6 676
6 700
6 730
6 733
6 742
6 747
6 752
6 765
6 770
6 782
6 814
6 815
6 837
6 859
6 884
6 946
6 981
6 998
7 9
7 11
7 17
7 25
7 28
7 31
7 40
7 66
7 79
7 88
7 115
7 133
7 135
7 169
7 199
7 207
7 258
7 268
7 282
7 467
7 494
7 504
7 528
7 550
7 574
7 979
8 24
8 28
8 34
8 37
8 41
8 46
8 47
8 49
8 59
8 74
8 105
8 109
8 134
8 144
8 150
8 171
8 181
8 201
8 281
8 289
8 361
8 398
8 423
8 431
8 439
8 520
8 527
8 554
8 598
8 655
8 664
8 693
8 789
8 842
8 866
8 883
8 902
8 907
8 916
8 942
8 988
8 997
9 18
9 22
9 27
9 30
9 31
9 32
9 42
9 43
9 56
9 65
9 71
9 72
9 83
9 99
9 104
9 111
9 124
9 127
9 134
9 140
9 172
9 179
9 182
9 183
9 192
9 193
9 260
9 264
9 304
9 308
9 310
9 362
9 363
9 447
9 452
9 463
9 465
9 474
9 490
9 498
9 501
9 509
9 545
9 560
9 592
9 598
9 679
9 694
9 704
9 745
9 759
9 762
9 775
9 783
9 829
9 849
9 937
9 961
9 991
10 12
10 13
10 16
10 22
10 25
10 26
10 27
10 30
10 38
10 41
10 43
10 47
10 50
10 89
10 94
10 121
10 123
10 126
10 137
10 141
10 149
10 178
10 205
10 215
10 255
10 258
10 274
10 288
10 325
10 328
10 334
10 346
10 350
10 364
10 367
10 414
10 418
10 419
10 421
10 425
10 452
10 474
10 486
10 505
10 518
10 525
10 529
10 539
10 542
10 563
10 566
10 571
10 578
10 583
10 604
10 608
10 632
10 642
10 672
10 684
10 707
10 711
10 722
10 730
10 747
10 762
10 802
10 833
10 834
10 851
10 933
10 945
10 952
10 976
11 14
11 19
11 20
11 22
11 24
11 26
11 34
11 35
11 49
11 53
11 68
11 69
11 84
11 90
11 91
11 102
11 103
11 106
11 109
11 114
11 127
11 128
11 137
11 162
11 168
11 180
11 184
11 185
11 186
11 197
11 201
11 242
11 256
11 271
11 292
11 311
11 339
11 347
11 366
11 368
11 379
11 388
11 392
11 397
11 412
11 462
11 463
11 466
11 512
11 531
11 594
11 641
11 657
11 671
11 675
11 680
11 682
11 701
11 729
11 770
11 774
11 778
11 784
11 802
11 805
11 818
11 827
11 858
11 889
11 913
11 945
11 976
11 984
12 16
12 18
12 29
12 44
12 50
12 61
12 62
12 63
12 68
12 81
12 122
12 125
12 129
12 143
12 146
12 181
12 185
12 210
12 242
12 249
12 262
12 264
12 286
12 315
12 353
12 425
12 510
12 634
12 678
12 690
12 766
12 804
12 914
12 990
13 15
13 18
13 35
13 36
13 42
13 72
13 91
13 104
13 105
13 112
13 117
13 124
13 131
13 132
13 134
13 139
13 145
13 151
13 176
13 196
13 209
13 221
13 266
13 279
13 305
13 306
13 341
13 367
13 385
13 388
13 401
13 444
13 458
13 494
13 499
13 527
13 539
13 584
13 659
13 724
13 752
13 947
13 963
14 17
14 24
14 31
14 37
14 39
14 40
14 51
14 52
14 57
14 89
14 103
14 118
14 141
14 199
14 204
14 219
14 223
14 231
14 261
14 269
14 288
14 316
14 322
14 339
14 340
14 341
14 349
14 361
14 365
14 385
14 387
14 459
14 492
14 538
14 540
14 547
14 564
14 584
14 594
14 663
14 675
14 683
14 687
14 705
14 723
14 915
14 992
15 16
15 21
15 48
15 49
15 67
15 129
15 216
15 277
15 312
15 313
15 390
15 475
15 510
15 572
15 689
15 744
15 808
15 877
15 927
15 970
16 23
16 24
16 32
16 54
16 70
16 96
16 131
16 202
16 218
16 258
16 259
16 284
16 287
16 290
16 332
16 333
16 340
16 365
16 375
16 419
16 462
16 470
16 481
16 497
16 501
16 533
16 589
16 599
16 661
16 678
16 745
16 746
16 759
16 769
16 817
16 831
16 861
16 932
16 961
17 22
17 28
17 30
17 38
17 39
17 46
17 50
17 54
17 58
17 64
17 65
17 67
17 73
17 76
17 77
17 84
17 98
17 115
17 128
17 156
17 158
17 159
17 168
17 216
17 226
17 234
17 235
17 307
17 311
17 329
17 347
17 360
17 390
17 417
17 443
17 458
17 468
17 471
17 489
17 535
17 540
17 573
17 575
17 596
17 611
17 752
17 763
17 801
17 892
17 906
17 914
18 28
18 32
18 44
18 63
18 76
18 97
18 154
18 173
18 178
18 293
18 297
18 318
18 336
18 407
18 431
18 440
18 466
18 502
18 542
18 582
18 629
18 651
18 836
18 864
18 874
18 875
19 45
19 53
19 75
19 111
19 127
19 186
19 232
19 340
19 526
19 541
19 662
19 874
19 950
20 23
20 32
20 35
20 46
20 64
20 79
20 91
20 102
20 140
20 166
20 194
20 206
20 215
20 217
20 275
20 288
20 321
20 348
20 349
20 548
20 629
20 676
20 687
20 718
20 762
20 928
21 27
21 44
21 53
21 54
21 56
21 70
21 88
21 108
21 111
21 132
21 170
21 172
21 194
21 245
21 247
21 300
21 380
21 403
21 584
21 591
21 648
21 665
21 900
22 62
22 79
22 93
22 107
22 108
22 112
22 118
22 146
22 164
22 165
22 177
22 200
22 210
22 342
22 435
22 551
22 685
22 692
22 762
22 854
22 897
22 988
23 74
23 87
23 138
23 297
23 403
23 488
23 626
23 657
23 688
23 985
23 992
24 42
24 63
24 85
24 95
24 101
24 123
24 148
24 197
24 199
24 243
24 277
24 332
24 521
24 570
24 610
24 681
24 698
24 780
24 811
24 840
25 60
25 86
25 171
25 220
25 238
25 493
25 705
25 806
25 834
25 852
26 33
26 52
26 60
26 64
26 79
26 86
26 106
26 126
26 158
26 180
26 216
26 222
26 252
26 268
26 376
26 405
26 406
26 440
26 532
26 559
26 667
26 686
26 712
26 723
26 728
26 839
26 850
26 872
26 949
27 51
27 54
27 57
27 59
27 69
27 93
27 130
27 159
27 167
27 189
27 196
27 235
27 279
27 286
27 302
27 306
27 335
27 378
27 469
27 586
27 587
27 619
27 653
27 656
27 763
27 896
27 901
27 927
28 45
28 50
28 96
28 100
28 122
28 154
28 238
28 244
28 247
28 283
28 327
28 347
28 370
28 408
28 455
28 462
28 559
28 921
29 33
29 43
29 45
29 153
29 162
29 208
29 239
29 333
29 365
29 712
29 810
29 857
29 879
29 887
30 37
30 57
30 78
30 148
30 220
30 253
30 302
30 338
30 363
30 399
30 439
30 531
30 561
30 668
30 706
30 721
30 750
30 975
31 73
31 113
31 170
31 176
31 188
31 302
31 398
31 548
31 624
31 854
32 75
32 80
32 246
32 610
32 675
32 736
32 744
32 863
33 39
33 75
33 82
33 237
33 270
33 280
33 449
33 608
33 804
33 937
34 48
34 73
34 176
34 256
34 263
34 350
34 375
34 471
34 644
34 855
34 901
35 84
35 127
35 165
35 239
35 248
35 432
35 484
35 507
35 583
35 648
35 731
35 740
35 932
36 66
36 90
36 136
36 149
36 241
36 350
36 366
36 654
36 767
37 39
37 121
37 677
37 894
38 41
38 78
38 89
38 99
38 126
38 136
38 150
38 166
38 312
38 371
38 400
38 476
38 497
38 567
38 644
38 833
38 864
38 873
38 926
38 931
38 954
38 959
38 982
39 56
39 83
39 122
39 234
39 240
39 298
39 321
39 450
39 533
39 701
39 873
39 888
39 973
40 55
40 60
40 70
40 85
40 88
40 128
40 151
40 155
40 218
40 220
40 224
40 234
40 259
40 275
40 299
40 300
40 348
40 378
40 402
40 438
40 439
40 458
40 493
40 560
40 582
40 623
40 637
40 642
40 667
40 720
40 786
40 790
41 52
41 260
41 273
41 471
41 618
41 621
41 711
41 814
41 878
41 885
41 939
41 946
41 995
42 44
42 47
42 72
42 77
42 179
42 190
42 194
42 202
42 212
42 215
42 428
42 558
42 590
42 634
42 818
42 876
42 919
43 51
43 66
43 98
43 147
43 152
43 163
43 169
43 227
43 262
43 386
43 524
43 632
43 765
43 831
43 960
44 58
44 86
44 119
44 163
44 175
44 181
44 207
44 245
44 272
44 299
44 349
44 366
44 383
44 391
44 393
44 480
44 493
44 574
44 578
44 636
44 741
44 768
44 786
44 974
45 52
45 57
45 81
45 95
45 160
45 166
45 237
45 285
45 415
45 454
45 503
45 644
45 765
45 917
46 69
46 117
46 135
46 174
46 245
46 345
46 382
46 397
46 406
46 408
46 553
46 704
46 776
47 59
47 76
47 93
47 109
47 117
47 129
47 165
47 235
47 251
47 256
47 294
47 305
47 317
47 323
47 330
47 515
47 587
47 681
47 722
47 781
47 791
47 793
48 86
48 185
48 411
48 451
48 477
48 498
48 531
48 658
48 820
48 855
49 106
49 123
49 189
49 214
49 233
49 453
49 550
49 782
49 872
49 956
50 98
50 601
50 617
51 56
51 60
51 71
51 105
51 124
51 219
51 315
51 328
51 373
51 377
51 514
51 598
51 689
51 961
52 82
52 159
52 198
52 264
52 445
52 515
52 619
52 684
52 711
52 966
53 120
53 260
53 267
53 322
53 374
53 381
53 693
53 883
54 185
54 339
54 390
54 563
54 755
54 977
55 328
55 467
55 719
55 721
55 738
56 75
56 250
56 411
56 479
56 672
56 831
57 58
57 61
57 66
57 71
57 88
57 100
57 115
57 139
57 157
57 168
57 173
57 184
57 229
57 242
57 255
57 315
57 384
57 553
57 623
57 757
57 803
57 858
57 863
57 870
57 916
58 70
58 82
58 97
58 101
58 108
58 113
58 152
58 217
58 240
58 276
58 312
58 320
58 395
58 432
58 469
58 485
58 489
58 491
58 665
58 700
58 810
58 924
59 101
59 103
59 196
59 254
59 306
59 338
59 394
59 586
59 742
59 858
59 894
59 982
60 231
60 384
60 451
60 511
60 623
60 720
60 732
61 76
61 182
61 209
61 278
61 476
61 678
62 107
62 125
62 142
62 206
62 219
62 257
62 271
62 307
62 369
62 402
62 408
62 573
62 589
62 680
62 813
62 995
63 64
63 72
63 148
63 316
63 318
63 359
63 409
63 464
63 497
63 701
63 775
63 809
64 205
64 211
64 296
64 335
64 339
64 589
64 597
64 809
65 91
65 120
65 261
65 297
65 542
65 682
65 971
66 219
66 279
66 346
66 357
66 440
66 505
66 526
66 683
66 767
66 891
66 975
67 80
67 109
67 150
67 250
67 287
67 512
67 585
67 611
67 646
67 647
67 662
67 903
68 549
68 681
68 698
68 828
69 73
69 87
69 114
69 238
69 301
69 358
69 384
69 561
69 593
69 662
69 760
69 765
69 942
70 78
70 102
70 197
70 201
70 336
70 362
70 372
70 389
70 428
70 498
70 532
70 597
70 690
70 861
70 876
70 940
71 77
71 80
71 101
71 102
71 106
71 111
71 115
71 126
71 135
71 142
71 313
71 386
71 392
71 448
71 559
71 563
71 580
71 654
71 668
71 673
71 698
71 729
71 808
71 910
71 948
71 972
72 119
72 131
72 158
72 171
72 177
72 322
72 379
72 402
72 573
72 802
73 87
73 96
73 117
73 161
73 180
73 230
73 259
73 265
73 272
73 286
73 477
73 486
73 498
73 631
73 663
73 846
73 926
73 937
74 99
74 110
74 119
74 238
74 252
74 294
74 301
74 387
74 410
74 569
74 680
74 731
74 822
74 887
74 916
74 964
75 82
75 85
75 98
75 110
75 125
75 141
75 151
75 155
75 160
75 161
75 187
75 203
75 212
75 266
75 274
75 295
75 314
75 323
75 326
75 396
75 443
75 451
75 532
75 612
75 632
75 670
75 697
75 712
75 799
75 830
75 860
75 923
75 950
75 955
76 85
76 149
76 351
76 610
76 806
77 113
77 189
77 801
78 80
78 95
78 162
78 208
78 259
78 338
78 415
78 553
78 630
78 929
78 981
79 128
79 133
79 191
79 201
79 213
79 342
79 421
79 427
79 591
79 633
79 865
79 990
80 92
80 349
80 448
80 502
80 575
80 605
80 694
80 784
80 853
80 913
81 94
81 168
81 362
81 594
81 976
82 83
82 100
82 104
82 138
82 147
82 155
82 184
82 220
82 247
82 266
82 281
82 317
82 420
82 429
82 434
82 440
82 456
82 482
82 531
82 532
82 600
82 702
82 725
82 738
82 821
82 888
82 918
82 979
82 989
83 132
83 235
83 600
83 807
83 857
83 907
83 954
83 991
84 250
84 377
84 454
84 596
84 859
84 903
85 272
85 429
85 601
85 674
85 687
86 104
86 134
86 208
86 254
86 327
86 425
86 450
86 543
86 557
86 653
86 904
86 912
86 968
87 331
87 395
87 577
87 770
87 819
87 841
88 92
88 161
88 579
88 708
89 100
89 116
89 248
89 369
89 397
89 655
89 792
90 287
90 849
91 255
91 381
91 454
91 546
91 738
92 130
92 147
92 167
92 187
92 314
92 322
92 324
92 360
92 373
92 727
92 735
92 794
92 996
93 110
93 129
93 130
93 352
93 360
93 571
94 255
94 776
95 164
95 346
95 530
95 697
95 966
95 967
96 103
96 138
96 154
96 253
96 269
96 273
96 303
96 311
96 341
96 377
96 441
96 485
96 620
96 734
96 830
96 914
97 233
97 273
97 343
97 438
97 487
97 555
97 669
98 107
98 146
98 186
98 579
98 647
99 139
99 149
99 228
99 291
99 334
99 351
99 353
99 473
99 577
99 595
99 878
100 173
100 178
100 214
100 443
100 791
100 803
101 195
101 399
101 592
101 679
101 958
102 708
103 116
103 120
103 121
103 276
103 343
103 400
103 439
103 672
103 803
103 835
103 909
104 211
104 483
104 490
104 676
105 116
105 133
105 155
105 167
105 192
105 257
105 300
105 391
105 426
105 438
105 472
105 483
105 528
105 645
105 667
105 682
105 706
105 760
105 813
105 828
105 831
105 851
105 942
105 978
106 198
106 263
106 302
106 383
106 414
106 416
106 433
106 600
106 640
106 844
106 949
107 119
107 375
107 779
108 145
108 148
108 164
108 226
108 262
108 319
108 348
108 417
108 524
108 562
108 962
109 290
109 664
109 728
109 851
110 136
110 503
110 595
110 778
111 112
111 113
111 203
112 114
112 118
112 143
112 171
112 172
112 204
112 245
112 426
112 437
112 460
112 482
112 549
112 560
112 602
112 630
112 654
113 114
113 157
113 241
113 354
113 547
113 837
113 883
113 934
114 167
114 319
114 456
114 533
114 537
114 637
114 965
115 159
115 225
115 227
115 241
115 275
115 298
115 324
115 341
115 367
115 376
115 401
115 494
115 499
115 509
115 526
115 562
115 567
115 590
115 696
115 751
115 819
115 846
115 923
116 130
116 295
116 353
116 493
116 500
116 541
116 576
116 651
116 718
116 768
116 959
117 153
117 241
117 244
117 331
117 414
117 640
117 686
118 145
118 196
118 230
118 274
118 359
118 383
118 386
118 480
118 522
118 773
118 787
119 123
119 140
119 174
119 193
119 271
119 350
119 369
119 534
119 661
119 721
119 870
119 882
120 139
120 141
120 150
120 169
120 183
120 330
120 489
120 592
120 637
120 645
120 769
120 852
120 853
121 213
121 262
121 385
121 429
121 603
121 664
122 203
122 267
122 285
122 294
122 473
122 476
122 554
122 902
123 145
123 176
123 193
123 210
123 276
123 416
123 456
123 458
123 461
123 616
123 714
123 717
123 731
123 732
123 771
123 838
123 922
124 214
124 269
124 278
124 387
124 431
124 446
124 454
124 480
124 652
124 686
124 811
124 917
124 940
124 943
124 978
125 142
125 175
125 213
125 218
125 688
125 754
126 142
126 191
126 338
126 413
126 609
126 650
126 739
126 841
127 184
127 200
127 222
127 254
127 393
127 494
127 527
127 602
127 607
127 611
127 627
127 714
127 929
127 990
128 152
128 356
128 736
128 893
129 685
129 792
130 135
130 379
130 588
130 645
130 868
131 525
131 609
131 733
131 764
131 848
132 157
132 332
132 344
132 419
132 481
132 574
132 758
132 882
132 977
133 179
133 406
133 604
133 659
133 959
134 222
134 224
134 239
134 281
134 353
134 378
134 398
134 405
134 485
134 544
134 549
134 563
134 580
134 621
134 633
134 709
134 716
134 727
134 737
134 739
134 745
134 752
134 758
134 870
134 872
134 944
134 974
134 982
135 221
135 319
135 499
136 204
136 239
136 310
136 351
136 427
136 442
136 514
136 591
136 707
136 780
137 291
137 305
137 330
137 361
137 424
137 537
137 913
138 181
138 271
138 614
138 648
139 900
139 917
140 236
140 251
140 309
140 474
140 506
140 513
140 536
140 634
141 231
141 282
141 628
141 647
141 759
141 843
141 961
142 152
142 291
142 715
144 153
144 188
144 211
144 214
144 316
144 512
144 513
144 517
144 518
144 632
144 660
145 566
145 679
145 989
146 163
146 164
146 170
146 222
146 495
146 551
146 621
146 658
146 906
147 205
147 424
147 726
148 318
148 360
149 162
149 179
149 195
149 206
149 260
149 289
149 337
149 376
149 447
149 534
149 552
149 624
149 641
149 649
149 725
149 896
149 938
149 997
150 161
150 265
150 288
150 301
150 431
150 444
150 459
150 599
150 702
150 921
150 996
151 285
151 413
151 437
151 673
151 723
151 806
151 991
152 228
152 331
152 354
152 368
152 455
152 457
152 503
152 557
152 576
153 156
153 188
153 376
153 611
154 324
154 473
154 554
154 602
154 874
155 217
155 384
155 430
155 435
155 597
155 625
155 710
155 750
155 797
155 940
156 172
156 236
156 323
156 326
156 336
156 359
156 469
156 489
156 603
156 854
156 875
158 175
158 189
158 195
158 411
158 470
158 566
158 613
158 788
158 839
158 850
158 904
158 930
158 934
158 994
159 361
159 443
159 907
160 174
160 206
160 324
160 636
160 718
161 229
161 412
161 605
161 700
161 731
161 808
161 990
162 175
162 195
162 230
162 266
162 432
162 767
162 798
162 968
163 499
164 188
164 342
164 357
164 385
164 627
165 228
165 396
165 520
165 530
165 588
165 654
165 766
165 768
165 773
165 880
165 903
166 178
166 191
166 404
166 445
166 548
166 606
166 833
166 886
166 908
167 229
167 233
167 279
167 308
167 478
167 506
167 624
167 695
169 183
169 289
169 334
169 428
169 495
169 518
169 540
169 573
169 648
169 708
169 733
169 812
169 862
169 924
170 261
170 295
170 310
170 574
170 622
170 856
170 944
171 233
171 286
171 348
171 519
171 546
171 564
172 226
172 364
172 371
172 460
172 478
172 482
172 678
172 820
173 236
173 299
173 472
173 796
173 898
175 190
175 193
175 293
175 368
175 374
175 502
175 504
175 825
175 877
175 899
176 224
176 261
176 405
176 430
176 558
176 606
176 638
177 190
177 388
178 252
178 412
178 421
178 452
178 536
178 543
178 686
178 696
179 366
179 379
180 198
180 223
180 232
180 283
180 421
180 475
180 749
180 832
180 892
181 795
181 846
182 215
182 218
182 389
182 549
182 584
182 622
182 823
183 504
184 228
184 845
184 893
185 337
185 495
186 283
186 579
186 801
187 197
187 364
188 225
188 270
188 428
188 627
188 674
188 820
188 861
188 874
190 217
190 224
190 412
191 205
191 414
191 423
191 575
191 706
191 766
191 996
192 290
192 500
192 614
192 616
192 853
192 935
193 294
193 722
193 956
194 246
194 251
194 284
194 329
194 580
194 689
194 957
195 209
195 282
195 293
195 336
195 395
195 415
195 502
195 593
196 270
196 296
196 343
196 399
197 510
198 267
198 393
198 459
199 326
199 472
199 558
199 582
199 669
199 781
200 208
200 430
200 450
200 589
200 895
200 998
201 229
201 234
201 244
201 514
202 568
202 741
202 785
202 988
203 309
203 313
203 719
203 790
203 891
204 207
204 223
204 558
205 373
206 221
206 232
206 240
206 252
206 254
206 256
206 291
206 304
206 365
206 389
206 434
206 470
206 472
206 484
206 643
206 705
206 726
206 743
206 778
206 789
206 848
206 915
207 243
207 477
207 586
207 875
208 221
208 334
208 335
208 661
208 741
208 840
209 622
210 344
210 422
210 547
210 605
210 839
211 284
211 325
211 352
211 460
211 949
212 253
212 327
212 398
212 437
212 485
212 583
212 856
213 226
213 264
213 481
213 635
213 761
213 972
214 223
214 257
214 285
214 410
214 776
214 807
215 363
215 370
215 983
216 345
216 541
216 728
216 770
216 793
216 877
216 899
217 265
217 280
217 392
217 419
217 679
217 714
217 857
217 864
218 249
218 257
219 272
219 618
219 639
219 786
220 265
220 304
220 320
220 657
220 892
220 898
221 251
221 296
221 640
222 225
222 230
222 278
222 550
222 707
222 788
222 833
222 923
223 352
223 615
223 667
224 243
224 367
224 609
224 739
224 828
225 451
225 638
225 875
226 448
227 247
227 320
227 332
227 842
228 248
228 283
228 298
228 308
228 323
228 359
228 418
228 516
228 612
228 653
228 756
228 823
228 871
228 999
229 438
229 511
229 565
229 651
229 664
229 884
229 913
230 306
231 314
231 567
231 980
232 413
232 420
232 601
232 640
232 650
232 748
232 772
233 510
233 607
233 625
233 807
234 269
234 292
234 474
235 280
235 415
235 542
235 569
235 827
235 986
237 303
237 550
237 685
237 692
237 729
237 756
237 868
238 299
238 328
238 425
238 455
238 555
238 794
238 856
238 953
238 957
239 274
239 354
239 478
239 488
240 309
240 346
240 516
241 268
241 327
241 488
241 491
241 617
241 639
241 809
241 819
243 249
243 509
243 642
243 793
243 965
243 999
244 630
245 593
245 623
245 869
246 675
247 304
247 325
247 394
247 420
247 900
248 422
248 465
248 519
248 528
248 607
248 630
248 756
248 798
249 293
249 407
249 580
250 329
251 276
251 309
251 344
251 357
251 417
251 418
251 565
251 581
251 615
251 968
252 545
252 585
252 673
252 712
252 768
253 344
253 355
253 572
254 268
254 303
254 333
254 501
254 651
254 835
254 957
255 280
255 753
255 797
256 258
256 631
257 340
257 356
257 424
257 914
257 919
258 275
258 386
258 486
258 548
258 766
258 863
258 878
259 469
260 371
260 570
260 595
260 958
260 965
260 987
261 862
263 537
263 605
264 270
264 307
264 320
264 603
264 824
264 984
265 557
265 684
265 927
266 391
266 437
266 453
266 934
267 326
267 552
267 603
268 331
269 356
269 374
269 516
269 543
269 566
269 625
269 946
270 396
270 457
271 508
271 649
271 735
272 930
273 318
273 535
273 703
273 734
274 576
275 535
276 362
276 491
276 993
277 628
277 670
278 345
278 390
278 773
279 453
279 865
279 992
280 523
280 525
281 430
281 595
281 613
281 748
281 801
281 947
282 427
282 590
282 641
282 701
282 713
282 922
282 931
282 962
283 553
284 295
284 488
284 796
284 830
284 881
285 578
286 423
286 477
286 517
286 559
286 843
286 862
286 869
287 313
287 442
288 356
288 407
288 467
288 744
290 473
290 761
290 892
291 420
291 518
291 539
291 547
291 646
291 724
291 729
293 364
293 460
294 528
294 655
295 381
295 388
295 410
295 436
295 816
295 981
296 315
297 330
297 552
297 688
298 530
298 955
299 358
299 377
299 500
299 539
299 666
299 697
300 610
300 719
300 888
301 523
301 706
301 795
301 921
302 352
302 426
303 325
303 446
303 685
303 755
303 775
303 792
304 436
304 509
305 314
305 347
305 521
305 606
305 659
305 695
305 893
305 980
306 840
306 899
307 382
307 405
307 524
307 585
307 737
308 466
308 665
309 522
309 737
310 561
310 576
310 636
311 507
311 794
312 358
313 615
313 620
313 705
314 537
314 637
314 639
315 845
316 829
317 696
318 370
318 389
318 508
318 511
318 989
319 837
319 849
320 534
320 724
320 807
321 368
321 409
321 484
321 538
321 998
322 487
323 355
323 602
323 728
324 850
326 380
326 408
326 564
326 876
329 774
330 495
330 521
330 713
330 741
330 757
330 975
331 357
331 370
331 410
331 847
331 920
332 507
332 523
332 555
332 785
332 923
333 527
334 337
334 459
334 551
334 837
335 702
335 750
335 816
335 918
336 436
337 343
337 688
337 709
339 355
339 571
339 633
339 691
339 693
339 749
339 815
339 841
340 423
340 424
340 519
340 715
340 777
340 822
341 355
341 397
341 597
341 699
341 703
341 860
341 885
341 972
342 570
342 582
342 622
342 660
342 704
342 879
343 441
343 848
343 867
344 461
344 479
344 691
344 844
345 416
345 434
345 825
346 381
346 695
347 613
348 392
348 417
348 745
349 853
351 463
351 720
351 808
352 621
352 902
353 401
353 486
353 631
354 395
354 520
354 811
354 950
355 478
355 671
355 696
358 427
358 447
358 593
358 810
359 698
360 409
360 476
360 538
360 683
360 785
360 790
360 814
360 817
360 830
360 960
361 545
363 372
363 457
363 926
363 999
364 371
364 997
365 441
365 444
365 483
365 751
365 764
365 873
365 908
365 953
366 692
367 374
367 383
367 556
367 751
367 903
367 962
367 966
367 979
368 382
368 394
368 399
368 606
368 626
369 372
369 491
369 721
369 723
371 380
371 944
372 464
372 615
372 719
373 857
374 393
374 436
374 564
374 617
374 649
374 671
374 690
374 691
374 703
374 754
374 777
374 800
374 867
374 890
374 934
375 784
376 422
376 964
377 604
377 897
378 435
378 656
379 514
379 556
379 727
379 881
379 967
379 973
380 492
380 522
380 818
381 391
381 404
381 490
381 551
381 634
381 644
381 650
382 396
382 402
382 413
382 445
382 804
382 953
384 468
384 845
385 461
386 492
386 496
386 538
386 568
386 612
386 769
386 856
387 468
387 475
387 619
387 786
387 879
387 905
388 697
388 710
388 759
389 433
389 607
389 910
390 969
391 457
392 822
392 866
393 422
393 433
393 517
394 434
394 596
394 798
394 817
394 871
395 426
395 555
395 924
399 444
400 449
400 699
400 863
402 505
402 581
402 838
402 890
403 826
403 828
404 522
404 624
404 945
405 418
405 483
405 746
405 966
405 977
407 512
407 562
407 779
407 935
408 575
408 725
409 467
409 656
409 767
410 432
410 829
410 909
411 484
411 515
411 704
411 991
412 530
412 673
412 742
413 496
413 508
413 613
413 619
414 479
414 569
414 676
414 681
414 753
415 656
415 713
415 714
415 787
415 909
416 449
416 740
417 462
417 652
418 746
419 782
419 834
419 964
421 516
421 877
422 556
422 715
422 829
424 981
425 435
425 446
425 487
425 958
426 448
426 568
426 682
426 832
426 836
426 983
426 985
428 998
429 904
430 838
431 464
433 668
433 734
434 500
434 666
434 800
434 931
436 452
436 646
436 743
436 988
437 612
437 871
438 442
438 521
439 795
440 513
440 517
440 523
440 626
440 643
440 653
440 973
442 936
443 561
443 669
443 847
443 868
443 941
444 737
447 479
447 506
447 666
447 716
448 590
448 598
448 738
449 578
449 796
451 529
451 579
451 717
451 947
451 959
452 552
452 751
452 812
452 921
453 481
453 911
453 987
454 700
455 506
455 928
456 496
456 546
456 631
456 753
456 886
456 925
456 970
458 501
459 618
460 665
460 758
461 773
461 912
462 536
463 594
464 529
464 677
464 938
465 747
465 793
465 897
465 956
466 952
467 515
467 620
467 788
467 823
467 826
467 917
467 978
468 918
468 948
469 534
469 645
470 810
470 860
470 865
471 535
471 827
473 641
473 727
473 930
474 691
474 824
475 616
475 726
475 884
477 496
477 663
477 806
478 492
478 511
481 674
482 747
483 525
483 581
484 513
484 587
484 670
484 699
484 815
484 905
485 736
488 726
489 785
489 935
490 519
491 581
491 771
492 950
496 915
496 980
497 505
497 760
497 880
497 980
497 984
498 755
500 544
500 840
500 871
501 822
503 508
503 571
503 585
504 720
505 536
505 556
506 587
506 600
506 674
506 854
507 881
508 787
509 717
510 529
510 775
510 800
511 627
511 804
513 733
513 832
513 873
514 899
515 544
515 669
515 757
515 761
515 884
516 798
516 948
518 617
520 652
520 898
521 661
523 912
525 695
526 690
527 920
528 599
528 677
528 789
528 817
529 954
530 544
530 666
530 716
530 748
532 878
533 569
533 635
533 901
534 909
534 930
535 735
535 782
535 796
535 886
536 936
538 771
538 811
539 736
539 847
541 546
542 554
544 635
544 778
545 659
545 702
545 911
547 783
548 753
549 739
549 795
549 825
550 748
551 608
551 616
551 805
551 920
553 618
553 694
555 769
555 897
555 901
555 942
556 680
556 944
557 562
557 577
557 639
557 717
557 799
558 880
561 865
562 935
563 774
563 932
564 715
564 824
564 842
565 792
565 940
568 592
568 609
568 838
569 577
569 861
570 572
570 713
570 967
573 604
574 781
577 740
578 926
578 967
579 650
579 970
581 963
582 710
583 783
583 898
583 937
584 859
585 836
586 614
586 851
588 629
588 803
588 852
590 906
591 628
593 895
595 663
595 777
596 994
599 893
600 711
601 628
601 660
602 757
603 821
604 620
604 734
605 746
605 787
608 794
609 636
609 692
609 951
610 896
611 754
611 887
612 660
612 764
612 947
615 626
615 805
617 905
617 925
619 643
619 885
620 643
620 694
620 846
623 684
623 777
624 718
624 919
625 732
625 740
627 683
632 672
632 872
633 724
633 743
636 814
637 689
638 932
639 896
643 646
643 781
643 812
644 658
644 779
646 693
646 818
646 977
646 989
647 800
647 911
648 743
648 813
648 912
649 855
653 960
654 670
656 671
656 826
657 732
657 826
658 933
659 730
664 994
665 866
666 839
666 986
667 824
668 791
669 832
670 812
671 915
673 735
674 986
676 820
677 941
677 996
678 997
679 772
680 730
684 780
684 835
685 744
685 825
688 858
688 895
689 797
694 707
695 933
695 948
695 963
695 983
696 708
699 821
703 763
704 886
705 952
706 895
708 835
712 772
712 891
712 962
713 906
713 963
717 774
718 816
718 885
720 789
720 905
720 952
720 985
725 891
727 742
728 756
730 749
731 928
732 823
735 941
735 979
739 922
740 971
742 975
743 815
744 850
744 931
746 750
746 791
746 868
751 771
758 772
758 920
758 939
758 970
759 779
759 960
761 972
762 816
766 993
767 852
769 843
772 799
772 976
775 890
775 993
776 805
776 971
777 821
777 845
779 813
779 819
779 859
779 881
779 945
779 969
780 841
783 943
783 994
785 860
785 869
786 855
787 790
787 883
787 946
787 968
787 978
791 982
792 889
793 866
796 842
798 867
803 848
808 862
809 882
809 925
810 922
811 844
818 879
819 843
822 956
822 995
823 929
823 939
824 974
825 910
826 933
828 973
830 889
830 904
833 910
833 985
834 918
835 908
836 987
838 911
840 969
841 999
845 916
845 919
846 908
846 949
852 943
852 958
860 889
864 867
864 887
864 951
865 951
889 900
889 953
894 929
895 987
912 936
918 938
920 943
921 983
924 955
925 936
947 964
954 995
956 957
961 986
963 969
990 993
