0 1
0 7
0 13
0 15
0 33
0 47
1 2
1 4
1 6
1 8
1 10
1 11
1 14
1 17
1 23
1 25
1 26
1 27
1 31
1 35
1 42
1 43
1 57
1 58
1 61
1 77
1 78
1 95
1 97
2 3
2 5
2 9
2 12
2 16
2 32
2 34
2 39
2 40
2 51
2 54
2 63
2 85
2 98
3 29
3 36
5 18
5 62
6 93
7 20
7 24
7 37
7 46
7 50
7 68
7 71
9 56
10 38
10 74
10 91
12 19
12 21
15 22
15 28
15 52
16 96
17 45
17 83
18 75
21 53
21 76
25 30
25 41
25 48
25 66
25 84
29 64
29 82
29 87
30 69
30 86
34 79
35 44
35 94
36 72
40 65
41 88
42 49
42 60
42 70
42 81
42 89
42 92
42 99
45 67
49 59
49 80
52 55
70 73
70 90
