0 1
0 2
0 3
0 4
0 5
0 7
0 9
0 12
0 15
0 17
0 21
0 23
0 26
0 28
0 29
0 31
0 32
0 34
0 43
0 44
0 46
0 50
0 55
0 60
0 61
0 62
0 65
0 70
0 71
0 73
0 79
0 96
0 104
0 105
0 115
0 120
0 122
0 124
0 137
0 154
0 157
0 163
0 164
0 173
0 175
0 176
0 184
0 190
0 194
0 196
0 201
0 222
0 229
0 232
0 235
0 246
0 257
0 266
0 272
0 278
0 290
0 329
0 355
0 361
0 375
0 388
0 396
0 401
0 450
0 451
0 479
0 486
0 500
0 520
0 586
0 644
0 646
0 651
0 679
0 692
0 703
0 704
0 708
0 715
0 720
0 725
0 742
0 744
0 764
0 765
0 771
0 774
0 821
0 849
0 872
0 878
0 923
0 940
0 962
0 965
0 970
0 974
0 976
1 14
1 18
1 39
1 76
1 109
1 239
1 245
1 317
1 759
1 760
1 911
2 22
2 66
2 143
2 231
2 283
2 309
2 351
2 430
2 575
2 609
2 815
3 11
3 63
3 142
3 178
3 409
3 503
3 558
3 819
4 6
4 8
4 48
4 78
4 171
4 215
4 652
5 10
5 13
5 19
5 33
5 41
5 145
5 197
5 247
5 274
5 356
5 427
5 439
5 495
5 517
5 694
5 719
5 812
7 153
7 192
7 275
7 452
8 42
9 37
9 67
9 95
9 123
9 754
9 801
10 59
10 69
10 83
10 301
10 307
10 320
10 423
10 665
10 933
11 349
11 488
11 788
12 20
12 101
12 106
12 324
12 542
12 718
12 820
12 958
13 16
13 25
13 51
13 56
13 138
13 144
13 150
13 151
13 169
13 193
13 213
13 250
13 308
13 363
13 376
13 390
13 448
13 477
13 484
13 496
13 687
13 690
13 709
13 893
13 954
14 27
14 312
14 373
14 420
14 935
15 89
15 94
15 133
15 167
15 226
15 481
15 525
15 784
15 810
15 859
15 999
16 24
16 107
16 205
16 227
16 485
16 591
16 919
17 736
18 40
18 68
18 199
18 342
18 366
18 368
18 476
18 656
18 661
18 710
19 30
19 75
19 77
19 87
19 112
19 228
19 249
19 348
19 404
19 837
19 920
20 233
20 302
21 97
21 294
21 417
21 459
21 512
21 614
21 615
21 883
21 996
22 38
22 148
22 206
22 907
23 218
23 322
23 377
23 714
23 800
24 49
24 57
24 80
24 110
24 111
24 251
24 253
24 357
24 513
24 519
24 582
24 697
24 746
24 793
24 822
24 885
24 979
25 82
25 134
26 47
26 54
26 88
26 100
26 131
26 161
26 332
26 425
26 731
26 830
27 45
27 53
27 116
27 258
27 269
27 306
27 339
27 458
27 565
27 580
27 960
28 36
28 146
28 210
28 567
28 601
28 671
28 963
29 620
31 58
31 90
31 166
31 296
32 35
32 132
33 300
33 372
33 374
33 527
33 630
33 882
34 411
34 438
34 569
34 748
34 982
39 74
39 98
39 252
39 330
39 433
39 436
39 480
40 125
40 195
40 237
40 378
40 383
40 407
40 466
40 498
40 616
40 757
41 219
41 563
43 52
43 64
43 72
43 108
43 261
43 371
43 465
43 598
43 778
43 897
43 961
43 983
45 279
45 293
45 707
45 750
45 863
47 469
47 777
47 934
48 783
50 147
50 288
50 468
50 506
50 794
50 918
51 766
51 896
52 508
54 286
54 353
54 592
54 629
54 892
55 91
55 174
55 318
55 340
55 347
55 391
55 682
55 809
57 139
58 86
58 179
58 209
58 280
58 490
58 950
58 973
59 141
59 389
59 475
59 835
59 864
60 92
60 381
60 534
60 728
61 93
61 118
61 263
61 524
62 84
62 103
62 158
62 463
62 491
63 444
63 670
63 755
63 944
64 208
64 546
64 745
65 155
65 198
65 255
70 99
70 282
70 313
70 462
70 647
70 653
70 712
70 894
71 126
71 884
72 117
74 81
74 85
74 128
74 159
74 177
74 186
74 230
74 326
74 358
74 382
74 413
74 418
74 429
74 435
74 467
74 662
74 678
76 607
78 102
78 114
78 121
78 334
78 385
78 808
78 886
80 113
80 168
80 182
80 240
80 277
80 548
80 581
80 639
80 673
80 806
83 635
84 268
84 406
84 443
86 248
86 502
86 797
86 829
87 408
87 511
87 568
87 721
88 183
88 203
88 398
88 722
89 119
89 416
89 473
89 509
90 273
90 464
90 483
90 526
90 606
91 254
91 303
92 156
94 570
95 127
95 187
95 310
95 564
97 344
97 449
97 626
97 663
97 971
98 471
98 482
98 599
98 972
99 129
99 602
99 637
99 951
100 660
100 992
102 304
103 181
103 191
103 212
103 478
103 608
104 259
104 333
104 574
104 857
105 130
105 987
107 188
107 297
107 412
107 743
108 589
109 165
109 170
109 264
109 271
109 515
109 877
109 880
109 908
111 216
114 244
114 453
114 497
114 533
115 549
115 763
115 795
116 135
116 160
116 284
116 590
116 939
117 214
124 270
128 136
128 387
128 393
129 571
129 573
131 140
131 217
131 234
131 311
131 531
132 285
132 831
134 544
134 584
134 839
135 162
135 189
135 202
135 276
135 291
135 432
135 537
135 551
135 717
135 816
136 729
137 152
137 211
137 236
141 559
141 798
143 265
143 762
143 855
144 649
146 149
146 224
146 262
146 370
146 447
146 585
148 394
148 505
148 785
149 172
149 267
149 814
150 594
150 619
150 912
151 494
152 207
152 223
152 913
153 492
155 315
155 405
155 618
161 562
162 790
163 180
163 642
163 805
166 341
166 953
167 185
167 238
167 336
167 400
167 421
167 632
169 292
169 617
171 460
171 547
171 578
172 200
178 419
179 346
180 352
181 905
184 204
184 225
184 287
184 289
184 354
184 577
186 343
187 922
188 487
188 869
188 988
192 327
192 553
193 314
194 345
194 395
197 298
199 220
199 434
199 440
200 243
201 379
201 832
201 930
202 260
202 604
202 916
204 380
204 668
204 761
205 470
205 624
206 295
207 674
207 811
211 221
212 241
212 335
212 561
212 583
215 316
215 365
217 557
217 853
218 441
218 627
221 724
221 826
222 242
222 489
222 969
224 325
224 593
225 392
226 431
226 536
226 747
226 926
230 369
230 474
230 941
231 331
232 688
234 523
234 634
238 779
243 426
243 782
246 677
247 455
247 603
250 521
250 530
250 628
253 572
254 256
254 323
254 442
254 780
254 929
256 613
258 364
258 633
259 305
259 823
262 925
265 281
266 402
266 456
266 852
270 667
271 622
271 860
272 881
273 741
274 867
275 556
275 786
276 841
277 299
277 359
277 914
278 767
279 403
279 422
279 545
279 612
279 890
280 428
280 600
280 781
284 397
284 775
287 319
287 997
291 751
293 516
296 457
297 658
300 693
302 507
303 732
306 518
307 362
308 321
308 576
308 638
309 328
309 560
310 541
311 669
311 804
313 595
316 415
316 818
316 833
316 946
319 384
319 645
319 901
321 337
321 399
321 621
321 643
322 338
322 539
322 873
322 895
324 532
324 611
325 874
326 915
330 538
331 928
332 410
332 566
333 640
336 360
336 792
340 975
342 623
344 350
345 789
348 844
349 454
349 587
354 540
358 657
358 730
364 367
364 445
364 446
364 552
364 825
364 924
365 605
366 543
376 437
376 493
376 776
380 386
380 579
383 424
387 641
392 504
392 796
392 942
396 535
397 414
403 472
409 998
413 510
413 528
415 676
415 733
418 650
422 683
423 723
427 875
430 799
430 952
431 655
431 887
433 917
440 957
441 499
441 522
441 856
444 461
444 828
444 848
444 861
446 791
447 827
449 610
450 921
457 813
461 807
465 868
467 770
472 850
472 904
474 991
476 501
480 713
484 711
487 906
491 550
494 514
494 700
494 959
495 554
496 529
496 588
497 769
497 851
497 967
497 995
499 845
503 672
504 943
505 698
510 555
513 597
522 648
524 680
528 689
532 739
532 964
539 889
541 706
542 654
543 738
543 955
546 984
550 787
550 843
553 879
559 681
564 596
571 702
572 636
575 625
576 727
582 684
583 772
583 902
586 862
588 686
594 664
594 749
604 631
604 666
611 685
615 705
615 768
615 888
622 691
627 824
629 802
633 737
635 854
637 753
640 734
647 695
647 716
647 931
647 985
652 699
652 773
653 659
653 675
653 909
658 726
662 990
664 701
664 840
676 858
676 949
682 803
682 936
684 956
687 977
692 735
694 696
701 980
711 846
715 817
719 740
722 752
723 756
723 866
731 891
731 900
734 865
736 842
737 838
739 758
740 870
743 834
744 947
744 981
745 932
758 937
766 836
777 910
786 871
795 948
803 938
806 903
813 989
830 876
845 927
846 847
858 898
858 899
862 993
896 966
898 968
936 945
974 978
974 994
982 986
