0 1
0 2
0 3
0 4
0 5
0 6
0 7
0 9
0 11
0 12
0 13
0 14
0 15
0 17
0 19
0 22
0 23
0 24
0 28
0 30
0 31
0 34
0 36
0 37
0 44
0 49
0 54
0 55
0 57
0 61
0 63
0 67
0 78
0 86
0 106
0 113
0 123
0 137
0 141
0 143
0 150
0 153
0 159
0 160
0 162
0 167
0 176
0 186
0 194
0 203
0 205
0 228
0 231
0 232
0 236
0 243
0 245
0 252
0 278
0 280
0 286
0 298
0 320
0 323
0 331
0 334
0 335
0 336
0 343
0 345
0 370
0 393
0 400
0 403
0 405
0 417
0 428
0 430
0 444
0 465
0 466
0 496
1 6
1 8
1 9
1 10
1 11
1 12
1 21
1 32
1 39
1 56
1 59
1 67
1 69
1 71
1 75
1 84
1 93
1 96
1 104
1 141
1 144
1 150
1 157
1 173
1 179
1 184
1 186
1 200
1 204
1 223
1 226
1 231
1 248
1 257
1 275
1 287
1 367
1 370
1 371
1 410
2 5
2 28
2 29
2 34
2 200
2 409
2 498
3 5
3 6
3 7
3 30
3 52
3 58
3 62
3 65
3 135
3 164
3 294
3 306
3 312
3 318
3 352
3 387
3 403
4 5
4 13
4 20
4 31
4 41
4 48
4 49
4 56
4 70
4 72
4 113
4 120
4 121
4 122
4 185
4 217
4 222
4 234
4 243
4 253
4 371
4 379
4 402
4 422
5 6
5 7
5 8
5 10
5 11
5 16
5 18
5 20
5 24
5 25
5 27
5 29
5 32
5 35
5 36
5 40
5 41
5 42
5 47
5 52
5 54
5 58
5 63
5 72
5 74
5 79
5 83
5 90
5 92
5 96
5 101
5 104
5 117
5 120
5 121
5 129
5 140
5 146
5 175
5 180
5 187
5 188
5 192
5 197
5 201
5 212
5 214
5 219
5 236
5 244
5 245
5 261
5 277
5 279
5 285
5 288
5 294
5 319
5 328
5 329
5 331
5 333
5 345
5 352
5 393
5 402
5 408
5 424
5 432
5 438
5 445
5 461
5 463
5 486
6 7
6 8
6 10
6 11
6 13
6 15
6 16
6 21
6 23
6 26
6 37
6 43
6 51
6 53
6 64
6 66
6 73
6 80
6 86
6 146
6 147
6 153
6 169
6 214
6 222
6 280
6 288
6 299
6 348
6 407
6 412
6 418
6 426
6 438
6 469
7 8
7 9
7 14
7 15
7 16
7 18
7 19
7 20
7 21
7 23
7 32
7 34
7 36
7 39
7 43
7 46
7 53
7 57
7 64
7 71
7 85
7 90
7 100
7 101
7 106
7 111
7 130
7 139
7 144
7 145
7 164
7 167
7 189
7 196
7 197
7 211
7 227
7 246
7 250
7 255
7 262
7 267
7 284
7 301
7 311
7 330
7 360
7 397
7 405
7 424
7 477
7 480
7 482
7 489
8 9
8 10
8 20
8 24
8 30
8 38
8 57
8 115
8 156
8 217
8 312
8 353
8 435
8 455
8 462
9 12
9 14
9 16
9 17
9 22
9 31
9 33
9 34
9 35
9 40
9 41
9 44
9 51
9 67
9 76
9 77
9 78
9 80
9 87
9 111
9 116
9 123
9 127
9 128
9 129
9 136
9 141
9 155
9 195
9 213
9 229
9 230
9 232
9 235
9 246
9 250
9 330
9 367
9 444
9 459
9 466
9 498
10 12
10 13
10 14
10 25
10 28
10 37
10 47
10 63
10 69
10 93
10 113
10 130
10 131
10 142
10 248
10 263
10 273
10 302
10 332
10 372
10 383
10 464
10 475
11 17
11 25
11 29
11 30
11 31
11 42
11 45
11 46
11 51
11 62
11 64
11 68
11 81
11 82
11 87
11 108
11 110
11 113
11 116
11 130
11 139
11 147
11 159
11 166
11 203
11 218
11 235
11 249
11 270
11 314
11 354
11 394
11 402
11 416
11 420
11 430
11 433
11 484
12 17
12 18
12 22
12 23
12 27
12 39
12 40
12 44
12 50
12 57
12 60
12 65
12 66
12 68
12 95
12 96
12 109
12 137
12 138
12 177
12 178
12 190
12 207
12 232
12 241
12 244
12 265
12 292
12 297
12 305
12 307
12 344
12 359
12 374
12 381
12 398
12 429
12 436
12 453
12 455
12 464
12 492
13 21
13 26
13 53
13 88
13 132
13 223
13 285
13 445
14 15
14 19
14 28
14 33
14 40
14 50
14 60
14 65
14 72
14 75
14 81
14 85
14 90
14 92
14 103
14 104
14 105
14 145
14 158
14 168
14 178
14 192
14 195
14 202
14 208
14 213
14 232
14 237
14 372
14 387
14 415
14 462
14 475
14 486
14 490
15 43
15 89
15 138
15 157
15 159
15 267
15 316
15 335
15 362
16 22
16 26
16 27
16 29
16 35
16 54
16 82
16 83
16 84
16 95
16 97
16 109
16 117
16 133
16 135
16 137
16 142
16 149
16 187
16 243
16 275
16 325
16 328
16 333
16 342
16 379
16 420
17 18
17 27
17 108
17 110
17 139
17 323
18 19
18 24
18 25
18 47
18 52
18 69
18 77
18 89
18 99
18 130
18 138
18 152
18 156
18 165
18 206
18 212
18 214
18 216
18 225
18 231
18 298
18 305
18 373
18 375
18 397
18 419
18 496
19 43
19 49
19 56
19 71
19 81
19 128
19 155
19 183
19 258
19 270
19 272
19 275
19 289
19 291
19 325
19 341
19 343
19 379
19 386
19 408
19 446
19 485
19 494
20 26
20 50
20 55
20 61
20 66
20 85
20 92
20 97
20 126
20 148
20 161
20 197
20 198
20 203
20 219
20 247
20 249
20 299
20 329
20 333
20 337
20 340
20 354
20 377
20 427
20 439
20 452
20 456
20 487
20 491
20 498
21 35
21 79
21 99
21 104
21 106
21 109
21 118
21 132
21 149
21 152
21 155
21 157
21 162
21 163
21 196
21 199
21 235
21 270
21 296
21 300
21 313
21 339
21 368
21 425
22 38
22 48
22 59
22 72
22 73
22 78
22 98
22 114
22 143
22 195
22 355
22 368
22 402
22 443
22 488
23 33
23 38
23 55
23 89
23 108
23 128
23 161
23 233
23 261
23 350
23 441
23 462
24 46
24 70
24 118
24 158
24 200
24 211
24 256
24 273
24 306
24 485
25 62
25 73
25 122
25 133
25 155
25 157
25 181
25 184
25 193
25 233
25 234
25 260
25 274
25 302
25 311
25 343
25 421
25 423
26 37
26 38
26 44
26 115
26 234
26 307
26 342
26 349
26 425
26 446
26 447
27 75
27 77
27 112
27 246
27 289
27 440
28 54
28 66
28 94
28 107
28 188
28 341
28 407
28 433
28 459
29 32
29 33
29 122
29 321
29 422
29 474
30 36
30 45
30 48
30 51
30 52
30 67
30 79
30 131
30 135
30 199
30 208
30 229
30 233
30 238
30 239
30 269
30 278
30 286
30 309
30 319
30 337
30 442
30 453
30 493
30 494
31 68
31 198
31 277
31 364
31 440
31 458
32 58
32 166
32 180
32 424
32 457
33 42
33 45
33 61
33 71
33 94
33 107
33 121
33 122
33 123
33 124
33 147
33 201
33 226
33 227
33 492
33 497
34 39
34 41
34 77
34 101
34 110
34 133
34 161
34 188
34 261
34 274
34 357
34 361
34 384
34 461
35 80
35 105
35 169
35 193
35 326
35 362
35 375
35 416
35 473
36 42
36 53
36 140
36 142
36 154
36 170
36 239
36 256
36 257
36 277
36 314
36 332
36 347
36 356
36 359
36 365
36 398
36 421
36 480
37 47
37 61
37 62
37 136
37 145
37 169
37 249
37 260
37 269
37 276
37 281
37 332
37 364
37 388
38 48
38 60
38 154
38 165
38 268
39 65
39 69
39 70
39 93
39 94
39 100
39 119
39 125
39 132
39 134
39 179
39 284
39 341
39 355
39 358
39 399
39 408
39 443
39 454
40 45
40 84
40 94
40 98
40 117
40 171
40 194
40 211
40 254
40 271
40 297
40 404
40 406
40 464
41 60
41 220
41 342
42 49
42 102
42 107
42 108
42 111
42 126
42 172
42 181
42 190
42 201
42 206
42 264
42 281
42 289
42 291
42 292
42 321
42 349
42 355
42 436
42 452
43 64
43 76
43 218
43 220
44 46
44 55
44 76
44 79
44 84
44 87
44 91
44 101
44 103
44 124
44 134
44 172
44 174
44 215
44 260
44 328
44 395
44 397
44 452
44 484
44 494
45 91
45 96
45 97
45 160
45 348
45 498
46 74
46 148
46 209
46 222
46 246
46 257
46 496
47 59
47 63
47 73
47 78
47 152
47 182
47 192
47 194
47 216
47 225
47 237
47 338
47 376
47 399
47 450
47 473
48 56
48 70
48 102
48 118
48 160
48 163
48 167
48 182
48 186
48 224
48 247
48 280
48 309
48 339
48 373
48 465
49 50
49 76
49 115
49 185
49 304
49 365
49 440
50 91
50 286
50 302
50 327
50 369
51 59
51 74
51 187
51 351
51 357
51 404
51 430
52 58
52 95
52 112
52 115
52 135
52 147
52 198
52 214
52 221
52 226
52 247
52 250
52 251
52 252
52 254
52 310
52 345
52 385
52 429
52 467
52 479
53 86
53 124
53 160
53 177
53 241
53 276
53 319
53 351
53 357
53 407
54 129
54 290
54 378
55 85
55 88
55 98
55 123
55 153
55 159
55 174
55 196
55 203
55 221
55 266
55 312
55 350
55 382
55 406
55 423
56 102
56 140
56 149
56 242
56 262
56 296
56 493
57 88
57 91
57 181
57 372
57 456
58 80
58 219
58 231
59 89
59 167
59 266
59 272
59 287
59 354
59 361
59 465
60 142
60 184
61 103
61 107
61 151
61 176
61 205
61 224
61 243
61 245
61 282
61 335
61 389
62 93
62 344
62 380
62 470
63 88
63 103
63 112
63 131
63 150
63 191
63 254
63 277
63 375
63 427
64 92
64 134
64 376
64 399
65 95
65 158
65 174
65 222
65 258
65 283
65 301
65 336
65 461
66 68
66 100
66 119
66 184
66 189
66 204
66 255
66 268
66 273
66 446
67 148
67 193
67 324
68 74
68 81
68 126
68 166
68 171
68 175
68 185
68 191
68 361
68 396
68 411
68 418
68 451
68 475
69 75
69 99
69 172
69 226
69 242
69 285
69 290
69 363
69 378
69 381
70 87
70 119
70 313
70 496
71 106
71 116
71 144
71 182
71 202
71 216
71 237
71 341
71 401
71 421
72 132
72 399
73 86
73 109
73 134
73 353
73 453
74 102
74 127
74 263
74 303
74 472
75 168
75 213
75 321
75 367
75 377
75 421
75 441
75 488
75 491
76 83
76 97
76 99
76 114
76 161
76 165
76 183
76 256
76 300
76 380
76 445
77 82
77 83
77 110
77 120
77 164
77 170
77 238
77 252
77 347
77 357
77 473
78 82
78 137
78 204
78 321
78 433
79 149
79 213
79 387
79 447
79 463
80 90
80 100
80 220
80 259
80 289
80 339
80 359
80 376
80 381
80 395
80 413
80 423
81 180
81 249
81 288
81 318
81 429
82 140
82 233
82 301
82 464
83 175
83 189
83 208
83 339
83 390
83 472
84 126
84 127
84 171
84 240
84 472
85 111
85 128
85 151
85 309
85 330
85 409
85 469
86 133
86 180
86 258
86 271
86 331
86 414
87 112
87 136
87 138
87 259
87 364
88 196
88 326
89 240
89 414
90 105
90 120
90 143
90 248
90 283
90 356
90 362
90 366
90 438
90 459
90 480
91 278
91 467
92 98
92 116
92 129
92 215
92 265
92 278
92 287
92 317
92 322
92 385
92 444
93 173
93 242
93 401
93 434
94 141
94 183
94 309
94 456
94 481
94 495
95 139
95 458
96 178
97 127
97 198
97 245
98 240
98 267
98 293
98 332
98 485
99 114
99 187
99 189
99 205
99 324
99 463
99 486
100 105
100 114
100 143
100 151
100 152
100 185
100 204
100 271
100 322
100 326
100 396
100 400
100 415
100 479
101 206
101 210
101 250
101 303
101 426
101 468
101 493
102 124
102 146
102 154
102 221
102 225
102 254
102 259
102 377
102 470
104 191
104 224
104 238
104 241
104 274
104 279
104 317
104 353
104 474
105 125
105 182
105 183
105 206
105 261
105 275
105 393
105 499
106 118
106 119
106 150
106 195
106 287
106 297
106 356
106 436
107 170
107 228
107 244
107 265
107 427
107 437
108 117
108 144
108 217
108 263
108 264
108 484
109 209
109 310
110 162
110 176
110 178
110 188
110 194
110 318
110 441
111 131
111 244
111 253
111 292
111 295
111 315
112 125
112 217
112 247
112 253
112 346
112 347
112 400
112 454
113 248
113 251
113 294
113 450
114 121
114 228
114 305
114 345
114 410
115 145
115 265
115 322
115 360
115 363
115 391
116 284
116 437
116 443
117 163
117 215
117 293
117 310
118 181
118 202
118 210
118 454
119 168
119 171
119 343
119 417
119 437
120 220
120 308
120 366
121 170
121 218
121 238
121 310
121 313
121 392
121 471
122 154
122 156
122 165
122 388
122 457
123 312
123 331
123 335
123 405
123 466
124 125
124 156
124 190
124 308
124 363
124 490
124 499
125 169
125 316
125 389
125 431
125 440
125 478
126 209
126 210
126 211
126 223
126 411
126 417
127 323
128 268
128 327
129 391
130 136
130 148
130 166
130 200
130 439
131 179
131 229
131 267
131 328
132 201
133 306
133 336
133 445
134 163
134 301
134 422
135 208
136 191
136 257
136 318
136 370
136 462
137 173
137 199
137 210
137 251
137 362
137 384
137 448
138 158
138 212
138 382
139 212
139 316
139 376
139 481
140 173
141 151
141 324
141 382
142 477
143 146
143 251
143 336
143 337
143 349
143 476
144 348
144 499
145 153
145 186
145 235
145 236
145 253
145 256
145 288
145 394
145 460
145 465
145 497
146 338
146 349
146 384
146 389
147 358
148 162
148 177
149 276
150 190
150 193
150 216
150 272
150 293
150 360
150 363
150 397
150 401
150 411
151 295
151 387
152 174
152 239
152 291
152 303
153 292
153 316
153 392
154 271
154 294
155 432
156 176
156 375
157 384
158 266
159 164
159 168
159 172
159 205
159 355
159 373
159 392
159 459
159 473
159 477
160 230
160 327
161 449
162 396
163 179
163 192
163 263
164 340
165 175
167 228
167 264
169 230
169 419
170 381
172 329
174 197
174 494
175 177
175 304
175 317
175 449
175 456
176 219
176 227
176 270
176 390
177 237
177 468
177 479
178 207
178 272
178 344
178 374
178 385
178 422
178 469
179 218
179 330
179 374
179 410
180 324
180 427
182 209
182 224
182 282
182 286
182 365
182 428
182 448
182 480
183 240
183 297
183 298
184 199
185 207
185 225
185 241
185 346
188 269
188 284
188 468
189 361
189 418
189 497
190 264
190 307
190 313
190 320
190 342
190 373
190 374
190 405
191 281
191 483
192 202
192 215
192 258
192 262
192 290
192 300
192 338
193 379
193 438
193 451
194 369
195 308
195 347
196 223
196 252
196 317
196 425
198 207
198 279
198 290
198 394
200 239
201 334
201 366
201 431
202 259
202 441
202 457
203 311
203 391
204 227
204 370
204 435
205 242
205 420
205 470
206 314
206 412
206 491
208 234
208 350
208 383
208 489
210 236
212 276
212 281
212 407
214 356
214 477
215 315
215 391
215 474
216 221
216 268
216 327
216 447
217 291
217 359
217 371
218 300
218 308
218 323
218 386
219 436
220 306
220 311
221 299
222 262
223 230
224 229
224 446
225 299
225 307
225 435
226 424
227 320
227 340
227 434
228 388
228 432
228 481
230 426
231 260
231 298
231 409
232 398
233 266
233 439
234 296
234 315
234 319
234 408
235 274
235 378
236 302
236 304
236 340
236 358
237 282
237 295
237 334
238 293
238 333
238 476
239 279
239 354
239 415
239 428
239 439
243 350
244 280
244 295
244 296
245 269
247 255
247 386
248 303
248 352
249 378
250 403
250 475
251 353
251 486
252 255
252 390
252 396
252 448
252 451
252 461
252 472
254 366
254 404
255 283
255 320
257 325
258 371
259 398
259 419
260 273
260 393
260 430
261 351
262 283
262 482
263 334
263 476
265 395
269 411
269 420
269 431
270 450
270 453
270 458
274 388
276 325
276 360
276 426
277 386
278 285
278 404
278 487
279 364
280 304
281 282
281 380
281 442
282 365
282 471
283 338
283 415
283 463
284 429
284 495
287 413
288 314
289 326
289 435
291 369
292 337
292 351
293 348
293 457
295 437
295 447
295 481
297 358
299 305
299 390
299 403
299 450
299 492
301 412
301 419
302 344
302 491
303 346
303 478
304 493
306 329
306 484
307 315
307 497
309 460
309 483
311 394
311 454
313 431
314 346
314 489
315 443
316 322
316 368
316 451
317 380
318 487
319 442
320 413
320 449
320 452
324 383
328 417
328 444
330 467
330 495
331 433
331 455
332 409
333 425
335 369
338 367
338 372
338 410
338 416
339 352
339 377
340 466
341 383
341 389
345 414
348 492
349 432
351 490
352 392
353 368
353 434
354 482
357 395
357 401
358 418
358 471
358 488
360 428
361 434
363 400
365 412
365 442
365 449
365 470
366 382
366 413
366 423
366 487
368 385
369 488
370 471
373 406
374 490
375 460
377 406
378 489
379 416
385 485
386 414
402 483
404 448
408 455
409 476
411 482
415 479
430 468
433 460
433 483
433 499
434 469
439 478
441 458
451 478
454 467
461 474
476 495
