0 1
0 2
0 3
0 4
0 5
0 6
0 7
0 8
0 10
0 12
0 13
0 14
0 16
0 20
0 21
0 22
0 26
0 30
0 36
0 38
0 40
0 41
0 46
0 56
0 60
0 63
0 66
0 70
0 79
0 85
0 105
0 114
0 116
0 120
0 126
0 145
0 151
0 152
0 155
0 159
0 196
0 197
0 202
0 211
0 218
0 225
0 226
0 229
0 252
0 268
0 280
0 285
0 293
0 295
0 308
0 311
0 313
0 318
0 322
0 351
0 355
0 358
0 364
0 373
0 386
0 396
0 404
0 426
0 440
0 458
0 485
1 5
1 6
1 7
1 8
1 9
1 11
1 13
1 14
1 20
1 23
1 33
1 45
1 48
1 50
1 52
1 53
1 55
1 58
1 66
1 70
1 74
1 76
1 80
1 83
1 84
1 86
1 116
1 121
1 122
1 123
1 124
1 129
1 149
1 154
1 163
1 172
1 181
1 192
1 213
1 246
1 248
1 256
1 270
1 305
1 306
1 318
1 323
1 346
1 356
1 366
1 408
1 449
1 471
1 474
1 494
1 499
2 5
2 10
2 13
2 20
2 75
2 86
2 110
2 177
2 231
2 297
2 323
2 359
2 417
3 5
3 7
3 17
3 38
3 53
3 59
3 95
3 111
3 164
3 171
3 189
3 378
3 388
3 411
3 456
4 6
4 16
4 25
4 29
4 51
4 53
4 69
4 82
4 87
4 96
4 101
4 109
4 114
4 130
4 136
4 146
4 185
4 191
4 220
4 239
4 261
4 266
4 286
4 296
4 323
4 346
4 361
4 419
4 437
4 456
4 483
4 495
5 6
5 8
5 9
5 10
5 24
5 37
5 49
5 58
5 60
5 65
5 68
5 93
5 112
5 139
5 143
5 147
5 185
5 206
5 209
5 210
5 230
5 237
5 256
5 282
5 283
5 294
5 295
5 364
5 374
5 377
5 380
5 445
5 488
6 7
6 8
6 9
6 12
6 15
6 17
6 18
6 21
6 26
6 33
6 35
6 41
6 42
6 43
6 47
6 48
6 57
6 58
6 64
6 70
6 72
6 79
6 82
6 85
6 92
6 96
6 100
6 103
6 105
6 115
6 123
6 125
6 126
6 127
6 134
6 144
6 170
6 173
6 178
6 179
6 182
6 234
6 255
6 262
6 266
6 278
6 289
6 304
6 313
6 316
6 317
6 323
6 384
6 420
6 422
6 423
6 437
6 439
6 458
6 467
6 480
6 490
7 9
7 11
7 17
7 20
7 23
7 27
7 31
7 32
7 39
7 43
7 58
7 64
7 72
7 77
7 80
7 91
7 94
7 97
7 106
7 111
7 121
7 151
7 162
7 169
7 175
7 176
7 180
7 204
7 231
7 235
7 252
7 257
7 288
7 291
7 294
7 297
7 304
7 305
7 306
7 328
7 356
7 362
7 415
7 442
7 475
8 11
8 15
8 16
8 17
8 18
8 19
8 26
8 28
8 32
8 33
8 36
8 37
8 46
8 47
8 48
8 49
8 53
8 56
8 67
8 75
8 82
8 83
8 93
8 102
8 107
8 108
8 112
8 120
8 122
8 128
8 138
8 141
8 143
8 146
8 149
8 162
8 168
8 174
8 184
8 185
8 189
8 190
8 191
8 194
8 200
8 207
8 214
8 223
8 227
8 236
8 237
8 246
8 252
8 257
8 267
8 272
8 286
8 297
8 325
8 332
8 349
8 357
8 358
8 363
8 364
8 366
8 368
8 395
8 401
8 402
8 412
8 421
8 434
8 440
8 457
8 460
8 461
8 476
8 492
9 10
9 12
9 13
9 15
9 21
9 28
9 29
9 31
9 35
9 46
9 56
9 67
9 73
9 74
9 78
9 84
9 89
9 90
9 92
9 94
9 96
9 99
9 106
9 143
9 148
9 161
9 213
9 251
9 260
9 281
9 284
9 287
9 292
9 310
9 333
9 334
9 342
9 438
9 445
9 470
9 479
9 486
10 11
10 12
10 22
10 25
10 32
10 84
10 102
10 144
10 150
10 160
10 166
10 190
10 214
10 357
10 399
10 400
11 14
11 25
11 26
11 27
11 32
11 35
11 39
11 62
11 87
11 144
11 186
11 209
11 222
11 277
11 355
11 367
11 377
11 381
11 454
11 487
12 14
12 18
12 19
12 22
12 24
12 28
12 29
12 30
12 31
12 35
12 36
12 39
12 44
12 45
12 49
12 52
12 55
12 61
12 64
12 71
12 75
12 79
12 81
12 92
12 101
12 115
12 124
12 132
12 150
12 181
12 190
12 194
12 196
12 203
12 209
12 241
12 247
12 251
12 275
12 279
12 292
12 321
12 347
12 392
12 400
12 434
12 447
12 469
12 485
13 15
13 27
13 34
13 38
13 93
13 119
13 131
13 164
13 219
13 230
13 239
13 425
13 463
13 471
14 16
14 18
14 37
14 42
14 63
14 65
14 82
14 95
14 112
14 134
14 139
14 142
14 149
14 162
14 165
14 180
14 189
14 263
14 352
14 432
15 19
15 40
15 61
15 78
15 113
15 118
15 170
15 262
15 279
15 320
15 366
15 405
15 406
15 415
15 480
16 22
16 23
16 45
16 69
16 76
16 77
16 99
16 102
16 119
16 123
16 127
16 150
16 158
16 186
16 226
16 231
16 263
16 353
16 366
16 390
16 403
16 408
16 421
16 454
16 457
16 461
16 473
17 19
17 21
17 24
17 25
17 27
17 29
17 31
17 38
17 44
17 55
17 57
17 101
17 103
17 104
17 106
17 123
17 125
17 133
17 135
17 145
17 152
17 195
17 222
17 237
17 247
17 255
17 274
17 276
17 284
17 293
17 320
17 376
17 395
17 399
17 425
17 434
17 459
17 470
18 24
18 28
18 51
18 63
18 81
18 134
18 145
18 146
18 215
18 240
18 248
18 274
18 296
18 304
18 360
18 433
18 498
19 165
19 175
19 433
20 23
20 41
20 59
20 125
20 137
20 154
20 208
20 282
20 441
21 37
21 45
21 83
21 197
21 216
21 235
21 257
21 276
21 300
21 496
22 171
22 177
23 30
23 43
23 44
23 59
23 60
23 90
23 161
23 172
23 187
23 203
23 229
23 239
23 258
23 267
23 291
23 301
23 307
23 360
23 363
23 374
23 421
23 449
23 465
23 478
24 34
24 40
24 47
24 55
24 56
24 66
24 67
24 71
24 77
24 78
24 88
24 89
24 98
24 119
24 127
24 131
24 150
24 166
24 178
24 183
24 195
24 196
24 204
24 223
24 234
24 236
24 252
24 265
24 275
24 290
24 299
24 302
24 339
24 355
24 383
24 386
24 391
24 410
24 429
24 446
24 448
25 30
25 41
25 57
25 111
25 211
25 253
25 302
25 335
25 349
26 42
26 68
26 95
26 148
26 170
26 210
26 211
26 225
26 240
26 242
26 260
26 288
26 325
26 353
27 33
27 80
27 108
27 121
27 154
27 160
27 181
27 200
27 224
27 257
27 327
27 341
27 345
27 347
28 34
28 61
28 75
28 191
28 263
28 429
28 459
29 51
29 59
29 89
29 108
29 110
29 113
29 124
29 148
29 197
29 230
29 258
29 303
29 309
29 345
29 354
29 413
29 457
30 42
30 43
30 46
30 62
30 78
30 85
30 113
30 136
30 151
30 172
30 235
30 271
30 274
30 318
30 331
30 342
30 348
30 403
30 439
30 467
31 39
31 95
31 288
31 290
31 335
31 338
31 453
32 34
32 36
32 50
32 108
32 131
32 140
32 278
32 398
34 84
34 85
34 120
34 155
34 168
34 180
34 184
34 224
34 226
34 438
35 93
36 40
36 54
36 62
36 98
36 171
36 178
36 212
36 253
36 305
36 339
36 375
36 376
36 485
37 57
37 61
37 122
37 135
37 238
37 286
37 378
37 427
37 462
37 463
37 473
38 44
38 54
38 62
38 65
38 66
38 67
38 70
38 77
38 91
38 94
38 100
38 104
38 109
38 110
38 153
38 178
38 230
38 249
38 284
38 314
38 330
38 353
38 379
38 399
38 423
38 443
38 466
38 491
39 47
39 51
39 104
39 127
39 227
39 397
39 448
40 97
40 113
40 128
40 275
40 292
40 367
40 396
41 49
41 52
41 136
41 142
41 200
41 233
41 338
42 60
42 65
42 138
42 238
42 269
42 281
42 289
42 350
42 439
42 447
42 488
43 315
43 333
43 397
43 405
43 480
44 50
44 74
44 109
44 120
44 205
44 225
44 281
44 302
44 347
44 360
44 407
45 52
45 89
45 132
45 135
45 166
45 176
45 201
45 232
45 337
45 378
45 472
46 50
46 99
46 100
46 105
46 114
46 122
46 132
46 139
46 175
46 179
46 195
46 227
46 228
46 264
46 330
46 348
46 383
46 403
46 413
46 452
46 481
47 48
47 68
47 81
47 88
47 103
47 130
47 147
47 175
47 212
47 259
47 344
47 369
48 54
48 64
48 72
48 118
48 190
48 205
48 235
48 243
48 254
48 291
48 329
48 362
49 54
49 69
49 187
49 337
49 409
50 68
50 73
50 221
50 303
50 327
50 464
50 479
51 63
51 83
51 131
51 135
51 287
51 376
51 475
52 98
52 201
52 218
52 246
52 467
53 71
53 73
53 106
53 222
53 342
53 421
54 72
54 76
54 115
54 125
54 210
54 258
54 280
54 345
54 352
54 393
54 397
54 401
54 420
54 447
54 461
55 137
55 498
56 73
56 107
56 179
56 201
56 220
56 265
56 266
56 271
56 308
56 428
56 474
56 494
56 498
57 138
57 145
57 177
57 197
57 234
57 265
57 300
57 324
57 359
57 361
57 394
57 428
57 493
58 69
58 91
58 100
58 126
58 157
58 186
58 199
58 201
58 217
58 232
58 277
58 325
58 445
59 79
59 90
59 162
59 167
59 169
59 170
59 250
59 255
59 262
59 271
59 430
59 470
61 116
61 215
61 367
61 405
62 119
62 133
62 213
62 282
62 314
62 336
62 346
62 396
62 422
62 448
63 74
63 92
63 104
63 136
63 182
63 209
63 218
63 304
63 330
63 367
63 419
63 441
63 444
63 452
64 115
64 188
64 299
64 328
64 417
65 94
65 144
65 173
65 214
65 345
65 388
65 418
65 454
66 90
66 300
66 391
67 110
67 219
67 245
68 71
68 88
68 177
68 184
68 187
68 191
68 277
68 424
69 491
70 286
70 476
70 480
71 80
71 141
71 157
71 199
71 220
71 264
71 429
72 76
72 102
72 107
72 155
72 206
72 269
73 86
73 118
73 172
73 247
73 373
73 430
73 437
74 86
74 88
74 109
74 128
74 141
74 199
74 250
74 368
74 483
74 497
75 163
75 187
75 203
75 359
75 389
76 163
76 233
76 242
77 87
77 91
77 126
77 152
77 255
77 424
78 81
78 98
78 103
78 117
78 163
78 227
78 234
78 290
78 412
79 134
79 194
79 460
80 167
80 194
80 214
80 239
80 316
80 398
80 496
81 87
81 97
81 254
82 124
82 132
82 159
82 205
82 267
82 298
82 308
82 311
82 408
83 137
83 183
83 482
84 101
84 118
84 129
84 143
84 167
84 193
84 206
84 228
84 341
85 133
85 142
85 147
85 166
85 173
85 224
85 231
85 307
85 383
85 463
86 96
86 293
86 484
87 161
87 236
87 272
87 321
88 97
88 121
88 181
88 247
88 354
89 153
89 263
89 301
89 420
89 496
90 99
90 111
90 200
90 362
90 473
91 114
91 128
91 173
91 174
91 213
91 249
91 465
92 243
93 155
93 202
93 292
93 423
93 470
94 310
94 388
94 442
95 139
95 216
95 259
95 387
96 226
96 370
97 305
97 350
97 371
97 428
98 107
98 117
98 390
98 419
98 469
98 472
98 477
99 105
99 133
99 140
99 156
99 238
99 499
100 130
100 158
100 160
100 183
100 315
100 390
101 117
101 169
101 207
101 340
101 465
103 116
103 192
103 364
104 149
104 236
104 298
104 334
105 138
105 146
105 268
105 407
106 112
106 117
106 129
106 147
106 180
106 185
106 204
106 212
106 251
106 398
107 414
107 431
108 129
108 174
108 241
108 377
109 376
109 416
109 417
110 249
110 258
110 266
110 402
110 490
111 182
111 262
111 397
111 426
112 140
112 221
112 445
112 477
113 184
113 212
113 216
113 244
113 356
113 406
114 168
115 130
115 183
115 233
115 321
115 403
115 434
115 477
116 164
117 232
117 279
117 326
117 405
118 160
118 329
119 165
119 176
119 204
119 208
119 240
119 248
119 264
119 269
119 301
119 312
119 341
119 342
119 425
120 148
120 237
120 294
120 414
120 459
121 285
121 351
121 380
122 372
123 153
123 159
123 228
123 254
123 270
123 385
123 387
123 464
124 141
124 142
124 182
125 245
125 279
125 431
125 458
126 433
127 151
127 276
127 301
127 317
127 330
127 334
127 343
127 435
127 494
128 161
128 240
128 274
128 393
128 396
128 414
128 432
129 171
129 251
129 327
129 474
130 137
130 152
130 179
130 188
130 198
130 215
130 233
130 416
130 430
130 448
131 158
131 169
131 196
132 156
132 157
132 158
132 174
132 343
132 380
132 393
133 140
133 153
133 195
133 241
133 325
133 340
133 351
134 453
135 167
135 336
135 425
135 449
135 466
136 156
136 242
136 319
136 377
136 384
137 168
137 489
138 189
138 337
140 350
140 381
140 436
141 265
141 268
141 297
142 468
143 157
143 188
143 203
143 211
143 298
143 306
143 455
144 198
144 244
144 273
144 363
144 385
145 156
145 243
145 303
145 319
145 384
145 457
146 285
146 322
146 371
146 471
147 299
148 192
148 217
148 381
149 188
149 303
149 435
149 460
150 192
150 406
150 493
151 154
151 241
151 335
151 353
151 360
152 199
152 310
152 369
152 371
152 372
153 256
153 383
153 489
154 176
155 164
155 165
155 217
155 317
155 400
155 432
156 216
156 355
156 473
157 159
157 283
157 409
157 444
157 455
158 205
158 223
158 400
160 287
160 495
161 186
161 309
161 338
161 368
161 408
162 208
162 250
162 259
162 392
163 193
163 335
163 489
164 344
165 253
165 280
165 308
165 329
165 361
165 462
166 261
166 298
167 248
167 475
168 372
170 232
170 272
170 349
171 416
171 456
172 379
173 307
174 207
174 270
174 388
175 291
175 314
175 389
175 486
175 498
176 193
176 402
177 220
179 207
180 206
180 219
180 224
180 311
180 414
180 497
181 202
181 218
181 418
182 287
182 295
182 310
182 327
182 375
182 477
183 215
183 331
183 423
183 491
184 415
185 283
185 392
185 412
186 221
187 193
187 270
187 275
187 289
187 334
187 404
189 198
189 238
189 322
189 344
189 382
189 455
190 349
190 413
191 245
192 198
192 419
193 202
193 221
193 228
193 278
193 450
194 229
194 244
194 267
194 278
194 309
194 357
194 382
194 456
195 242
196 285
197 340
198 217
198 311
199 381
199 418
200 253
200 379
202 208
202 365
202 436
202 497
203 210
203 243
203 244
203 249
203 261
203 359
203 384
203 499
204 288
204 486
205 312
205 315
205 365
206 223
206 295
206 321
206 328
206 420
207 246
207 302
207 404
207 426
208 296
208 361
209 219
209 284
209 317
209 436
210 313
210 332
210 370
210 422
211 245
211 365
212 271
212 293
212 443
212 478
212 487
213 354
214 339
214 422
214 451
215 256
215 283
215 300
215 315
215 326
216 222
216 225
216 272
217 268
217 277
217 380
217 446
218 250
219 398
219 410
220 413
221 260
221 492
222 306
222 375
223 368
223 372
224 411
226 478
228 229
228 385
229 259
229 282
230 313
230 336
230 399
230 450
231 391
232 347
232 463
233 332
233 374
233 427
233 469
234 261
234 264
234 328
235 357
236 290
236 324
236 333
236 447
236 451
236 453
238 254
238 269
239 440
241 346
241 365
241 394
242 393
242 482
243 276
244 273
244 333
244 341
245 273
245 370
246 332
246 407
247 329
247 356
247 479
249 273
250 358
250 471
251 481
252 394
252 432
252 444
255 318
256 260
256 316
256 487
258 493
259 395
260 469
261 435
262 299
262 362
262 389
262 416
262 443
263 431
263 488
264 402
264 410
265 307
265 382
265 428
267 289
270 294
270 424
271 322
271 395
271 439
271 468
273 280
273 373
274 316
274 320
274 429
274 449
275 437
276 344
276 348
276 468
277 281
277 442
279 309
279 319
281 387
282 487
283 443
284 451
285 319
285 387
286 296
286 369
286 375
286 385
288 427
289 343
292 326
294 340
295 312
296 339
296 438
298 331
298 343
299 358
299 394
299 464
299 486
300 336
300 338
300 354
300 427
300 492
301 324
301 386
303 314
303 331
303 382
304 348
304 390
305 352
305 371
305 379
306 312
306 378
307 455
308 320
308 324
308 350
308 351
308 352
309 326
310 369
311 462
311 468
312 337
312 391
312 424
315 436
318 484
320 472
321 444
323 401
324 492
327 370
327 410
327 440
327 450
327 494
328 431
329 363
329 389
334 401
334 404
334 454
335 441
335 491
338 485
339 467
341 435
341 481
345 409
345 411
345 452
346 466
348 412
348 442
349 386
350 373
351 406
354 407
355 482
363 415
365 479
366 409
367 465
368 430
369 417
372 446
373 374
374 433
376 392
379 488
383 446
388 464
389 483
391 441
396 411
398 489
401 452
401 453
403 450
404 426
408 484
410 418
410 495
413 493
414 476
419 490
419 496
422 438
423 461
425 490
425 499
427 459
427 497
428 482
430 474
433 481
435 472
437 460
438 462
439 451
439 466
439 478
446 458
463 475
463 484
463 495
465 483
468 476
