0 1
0 2
0 3
0 4
0 12
0 19
0 52
0 98
0 107
0 203
0 211
0 217
0 218
0 220
0 239
0 243
0 275
0 295
0 296
0 359
0 406
0 475
0 590
0 626
0 638
0 703
0 740
0 846
0 954
1 4
1 5
1 6
1 7
1 9
1 10
1 26
1 32
1 33
1 49
1 65
1 66
1 72
1 93
1 96
1 105
1 163
1 179
1 204
1 209
1 222
1 226
1 245
1 278
1 280
1 284
1 295
1 301
1 310
1 311
1 313
1 315
1 370
1 388
1 403
1 459
1 492
1 496
1 521
1 537
1 561
1 636
1 656
1 666
1 728
1 748
1 769
1 780
1 801
1 977
2 6
2 7
2 9
2 15
2 17
2 18
2 21
2 23
2 37
2 40
2 46
2 48
2 56
2 57
2 58
2 62
2 66
2 140
2 149
2 152
2 159
2 169
2 174
2 192
2 227
2 261
2 267
2 272
2 280
2 333
2 342
2 362
2 370
2 401
2 411
2 449
2 457
2 469
2 474
2 505
2 632
2 637
2 652
2 668
2 699
2 725
2 730
2 769
2 781
2 782
2 790
2 825
2 894
2 895
2 905
2 946
2 961
2 981
3 4
3 5
3 11
3 16
3 18
3 26
3 31
3 54
3 84
3 100
3 124
3 130
3 136
3 161
3 182
3 228
3 231
3 420
3 451
3 455
3 469
3 531
3 593
3 658
3 693
3 772
3 788
3 871
3 915
4 5
4 6
4 8
4 15
4 16
4 20
4 21
4 28
4 32
4 37
4 41
4 43
4 44
4 45
4 58
4 65
4 67
4 70
4 71
4 72
4 76
4 78
4 80
4 83
4 84
4 92
4 95
4 101
4 107
4 125
4 148
4 155
4 175
4 178
4 208
4 210
4 221
4 236
4 254
4 267
4 268
4 291
4 298
4 314
4 316
4 323
4 324
4 335
4 351
4 352
4 388
4 395
4 399
4 400
4 428
4 449
4 481
4 536
4 571
4 579
4 584
4 587
4 653
4 674
4 685
4 741
4 758
4 759
4 793
4 797
4 798
4 836
4 852
4 884
4 893
4 910
4 913
4 928
4 969
4 971
4 972
4 988
4 991
5 8
5 10
5 11
5 12
5 14
5 20
5 26
5 29
5 41
5 43
5 49
5 55
5 68
5 70
5 77
5 109
5 121
5 129
5 134
5 135
5 137
5 141
5 144
5 149
5 150
5 153
5 162
5 186
5 193
5 206
5 217
5 227
5 231
5 238
5 239
5 254
5 267
5 273
5 282
5 312
5 343
5 383
5 384
5 386
5 392
5 426
5 433
5 443
5 458
5 465
5 477
5 484
5 522
5 549
5 557
5 567
5 577
5 596
5 623
5 628
5 661
5 663
5 664
5 695
5 723
5 767
5 768
5 785
5 802
5 811
5 815
5 821
5 838
5 878
5 896
5 934
6 7
6 8
6 9
6 13
6 14
6 25
6 34
6 35
6 43
6 47
6 53
6 61
6 62
6 90
6 94
6 95
6 102
6 108
6 113
6 116
6 117
6 137
6 138
6 157
6 160
6 235
6 242
6 250
6 274
6 307
6 318
6 319
6 327
6 349
6 399
6 420
6 432
6 437
6 442
6 456
6 502
6 506
6 543
6 550
6 553
6 586
6 590
6 594
6 595
6 624
6 650
6 662
6 700
6 721
6 742
6 756
6 768
6 778
6 826
6 855
6 907
6 958
6 984
7 87
7 89
7 104
7 122
7 187
7 230
7 288
7 376
7 470
7 510
7 522
7 535
7 803
8 10
8 12
8 17
8 22
8 27
8 33
8 51
8 56
8 81
8 82
8 91
8 100
8 105
8 106
8 133
8 159
8 177
8 181
8 186
8 341
8 401
8 435
8 436
8 497
8 507
8 535
8 576
8 577
8 603
8 688
8 727
8 730
8 744
8 774
8 780
8 791
8 842
8 844
8 871
8 904
8 972
9 13
9 15
9 17
9 19
9 22
9 24
9 30
9 31
9 32
9 38
9 39
9 40
9 47
9 54
9 67
9 69
9 73
9 78
9 80
9 96
9 97
9 98
9 129
9 130
9 145
9 147
9 166
9 186
9 189
9 196
9 199
9 207
9 229
9 282
9 321
9 328
9 350
9 363
9 380
9 394
9 405
9 407
9 409
9 415
9 419
9 425
9 431
9 468
9 498
9 544
9 547
9 550
9 600
9 606
9 616
9 637
9 679
9 773
9 792
9 801
9 814
9 847
9 883
9 887
9 900
9 940
9 976
10 11
10 22
10 23
10 24
10 29
10 33
10 35
10 44
10 48
10 61
10 73
10 74
10 79
10 118
10 122
10 128
10 137
10 155
10 167
10 173
10 181
10 183
10 216
10 274
10 285
10 337
10 383
10 431
10 568
10 702
10 875
10 877
11 19
11 45
11 76
11 128
11 153
11 164
11 185
11 188
11 230
11 249
11 360
11 380
11 412
11 441
11 474
11 494
11 568
11 830
11 892
11 944
12 13
12 18
12 37
12 42
12 59
12 74
12 87
12 94
12 108
12 135
12 156
12 167
12 171
12 176
12 244
12 246
12 269
12 299
12 318
12 357
12 374
12 391
12 393
12 400
12 506
12 517
12 538
12 560
12 562
12 564
12 669
12 719
12 720
12 754
12 783
12 807
12 890
13 14
13 30
13 41
13 50
13 66
13 81
13 98
13 129
13 185
13 198
13 218
13 296
13 317
13 329
13 556
13 616
13 633
13 660
13 800
13 835
13 915
13 986
14 16
14 45
14 105
14 139
14 166
14 337
14 383
14 466
14 545
14 638
14 757
14 835
14 838
14 883
14 955
15 21
15 36
15 102
15 138
15 148
15 189
15 203
15 210
15 257
15 620
15 689
15 817
15 855
16 23
16 34
16 38
16 52
16 60
16 75
16 93
16 112
16 115
16 123
16 131
16 140
16 146
16 152
16 156
16 161
16 171
16 213
16 231
16 232
16 241
16 310
16 326
16 335
16 338
16 387
16 519
16 527
16 576
16 585
16 659
16 676
16 704
16 722
16 763
16 784
16 803
16 817
16 836
16 854
16 858
16 926
16 946
16 970
17 64
17 86
17 111
17 120
17 199
17 217
17 223
17 265
17 277
17 332
17 346
17 348
17 452
17 537
17 538
17 583
17 939
17 962
17 973
17 995
18 20
18 24
18 28
18 51
18 82
18 148
18 151
18 197
18 212
18 220
18 221
18 223
18 236
18 245
18 278
18 398
18 484
18 578
18 709
18 861
19 30
19 54
19 88
19 169
19 230
19 279
19 321
19 402
19 452
19 470
19 494
19 620
19 622
19 629
19 702
19 789
19 815
19 950
20 27
20 28
20 71
20 79
20 104
20 111
20 190
20 191
20 234
20 298
20 394
20 396
20 490
20 521
20 575
20 651
20 656
20 681
20 690
20 860
20 958
21 304
21 336
21 439
22 95
22 223
22 368
22 473
22 555
22 606
22 655
22 674
22 758
22 843
23 25
23 27
23 40
23 42
23 47
23 53
23 63
23 79
23 88
23 99
23 110
23 127
23 130
23 142
23 192
23 227
23 229
23 248
23 322
23 328
23 349
23 370
23 415
23 551
23 566
23 584
23 750
23 780
23 805
23 811
23 830
23 892
23 994
24 25
24 35
24 90
24 108
24 115
24 157
24 170
24 222
24 238
24 260
24 289
24 344
24 358
24 511
24 600
24 612
24 669
24 742
24 745
24 786
24 866
24 913
24 970
25 39
25 72
25 82
25 236
25 293
25 486
25 731
25 828
25 964
26 34
26 57
26 121
26 126
26 150
26 162
26 271
26 279
26 312
26 329
26 416
26 444
26 537
26 577
26 701
26 712
26 891
26 920
26 933
27 29
27 46
27 132
27 157
27 172
27 294
27 344
27 476
27 481
27 509
27 514
27 876
27 903
27 909
27 937
27 990
28 31
28 83
28 96
28 99
28 103
28 112
28 155
28 172
28 187
28 214
28 264
28 382
28 478
28 508
28 518
28 582
28 670
28 928
28 997
29 114
29 184
29 246
29 372
29 385
29 861
30 36
30 42
30 71
30 74
30 80
30 92
30 103
30 125
30 190
30 252
30 262
30 300
30 303
30 352
30 432
30 558
30 566
30 570
30 645
30 681
30 743
30 827
30 858
30 980
31 62
31 64
31 75
31 93
31 101
31 110
31 151
31 164
31 170
31 206
31 226
31 242
31 256
31 341
31 379
31 386
31 406
31 445
31 446
31 509
31 604
31 646
31 672
31 858
31 870
31 882
31 899
31 943
31 963
32 36
32 38
32 46
32 49
32 85
32 146
32 178
32 180
32 193
32 201
32 226
32 240
32 250
32 338
32 339
32 441
32 479
32 590
32 633
32 703
32 843
32 897
32 922
32 930
32 948
33 51
33 53
33 58
33 68
33 83
33 89
33 103
33 142
33 158
33 159
33 259
33 413
33 426
33 517
33 538
33 677
33 700
33 738
33 782
33 940
34 52
34 55
34 60
34 106
34 114
34 140
34 176
34 427
34 505
34 586
34 631
34 671
34 893
34 965
35 136
35 176
35 206
35 247
35 288
35 327
35 887
35 979
35 986
36 39
36 91
36 385
36 603
36 987
36 999
37 44
37 55
37 70
37 121
37 197
37 209
37 233
37 301
37 474
37 733
37 856
37 947
38 99
38 308
38 323
38 366
38 466
38 525
38 530
38 540
38 589
38 777
38 879
39 61
39 68
39 84
39 154
39 175
39 180
39 233
39 258
39 378
39 389
39 407
39 684
39 695
39 771
39 931
39 943
40 59
40 88
40 107
40 172
40 287
40 293
40 339
40 369
40 504
40 523
40 593
40 620
40 659
40 735
40 820
40 917
41 78
41 183
41 187
41 246
41 262
41 269
41 366
41 412
41 440
41 592
41 654
41 670
41 870
42 50
42 171
42 372
42 735
42 855
43 48
43 90
43 106
43 134
43 219
43 225
43 484
43 503
43 515
43 647
43 682
43 854
43 921
44 59
44 91
44 304
44 529
45 146
45 173
45 247
45 251
45 282
45 545
46 85
46 285
46 309
46 317
46 350
46 353
46 392
46 402
46 404
46 491
46 528
46 675
46 676
46 684
46 849
47 97
47 151
47 249
47 263
47 271
47 451
47 698
47 718
47 816
47 827
47 834
48 60
48 122
48 232
48 639
49 50
49 56
49 67
49 97
49 136
49 165
49 244
49 251
49 276
49 284
49 289
49 450
49 460
49 480
49 488
49 492
49 520
49 563
49 716
49 720
49 746
49 785
49 813
49 909
50 57
50 120
50 196
50 340
50 401
50 414
50 448
50 912
51 81
51 188
51 253
51 466
51 573
51 575
51 581
51 608
51 641
51 650
51 739
52 355
52 361
52 738
52 743
53 63
53 73
53 75
53 77
53 142
53 188
53 205
53 209
53 261
53 397
53 414
53 440
53 563
53 570
53 614
53 687
53 729
53 764
53 791
53 829
53 891
53 965
54 141
54 202
54 313
54 340
54 417
54 461
54 596
54 933
55 113
55 115
55 143
55 156
55 160
55 200
55 286
55 292
55 428
55 581
55 645
55 680
55 723
56 85
56 143
56 165
56 207
56 299
56 306
56 343
56 367
56 388
56 650
56 765
56 795
56 954
56 982
57 64
57 65
57 109
57 131
57 133
57 150
57 174
57 222
57 311
57 360
57 364
57 390
57 400
57 539
57 560
57 573
57 614
57 684
57 711
58 357
58 394
59 77
59 87
59 100
59 102
59 178
59 241
59 265
59 422
59 467
59 482
59 488
59 559
59 607
59 654
59 749
59 808
59 809
59 820
59 881
59 982
60 63
60 418
60 479
60 493
60 736
61 135
61 177
61 204
61 374
61 433
61 454
61 497
61 776
61 795
61 807
61 809
61 864
61 903
61 950
61 996
62 147
62 373
62 379
62 574
62 596
62 704
63 196
63 576
63 701
63 837
63 968
64 133
64 218
64 299
64 472
64 778
65 132
65 360
65 378
66 259
66 314
66 397
66 462
66 473
66 678
66 885
66 966
67 69
67 76
67 86
67 145
67 158
67 212
67 215
67 272
67 326
67 331
67 368
67 519
67 694
67 739
67 766
67 779
67 806
67 869
67 877
67 916
67 940
68 69
68 499
69 139
69 182
69 324
69 362
69 782
70 127
70 147
70 423
70 578
70 676
71 123
71 181
71 210
71 289
71 303
71 322
71 363
71 396
71 531
72 675
72 705
72 779
73 203
73 276
73 379
73 427
73 503
73 571
73 630
73 881
74 118
74 300
74 307
74 367
74 396
74 513
74 666
74 677
74 715
75 152
75 234
75 561
75 774
77 86
77 111
77 126
77 174
77 198
77 442
77 526
77 886
78 139
78 204
78 251
78 332
78 389
78 426
78 548
78 561
78 567
78 602
78 615
78 697
78 710
78 815
78 859
78 868
78 890
78 911
78 959
78 962
78 992
79 476
80 205
80 224
80 271
80 463
80 552
80 615
80 679
80 726
80 739
80 745
80 808
80 851
80 867
80 947
81 158
81 281
81 342
81 362
81 455
81 555
81 599
81 618
81 838
81 904
82 284
82 302
82 346
82 448
83 116
83 215
83 268
83 567
83 580
83 610
83 814
83 902
83 914
83 934
84 127
84 143
84 184
84 195
84 233
84 263
84 327
84 405
84 628
84 641
84 655
84 679
84 927
85 125
85 321
85 823
85 848
85 866
85 906
86 89
86 104
86 119
86 124
86 191
86 214
86 240
86 252
86 312
86 385
86 391
86 570
86 591
86 688
86 825
86 921
86 922
87 92
87 110
87 113
87 119
87 162
87 200
87 202
87 410
87 416
87 429
87 509
87 546
87 564
87 604
87 817
87 896
87 900
87 995
88 94
88 138
88 195
88 322
88 403
88 459
88 501
88 737
88 779
88 898
89 266
89 324
89 897
90 101
90 375
90 413
90 434
90 762
90 874
92 116
92 149
92 189
92 308
92 320
92 468
92 485
92 882
92 974
92 998
93 117
93 237
93 290
93 381
93 525
93 533
93 771
94 575
95 114
95 144
95 163
95 180
95 194
95 304
95 377
95 421
95 465
95 472
95 477
95 496
95 634
95 651
95 683
95 764
95 769
95 805
95 840
95 851
95 908
96 154
96 179
96 219
96 287
96 424
96 841
96 967
97 514
98 132
98 144
98 179
98 245
98 253
98 258
98 270
98 275
98 317
98 374
98 376
98 419
98 450
98 489
98 504
98 510
98 523
98 630
98 663
98 689
98 789
98 942
99 117
99 134
99 417
99 439
99 452
99 653
99 673
99 775
99 796
99 804
99 973
100 123
100 168
100 173
100 256
100 659
101 109
101 608
101 734
102 355
102 707
103 120
103 407
104 112
104 184
104 300
104 889
104 952
104 977
105 202
105 250
105 301
105 959
106 119
106 266
106 901
107 126
107 182
107 229
107 344
107 483
107 660
108 249
108 435
109 276
109 454
109 619
110 118
110 211
110 306
110 465
110 714
110 754
110 831
111 141
111 192
111 224
111 398
111 447
111 459
111 496
111 905
112 164
112 175
112 291
112 339
112 369
112 471
112 552
112 599
112 748
112 999
113 216
113 352
113 583
113 712
113 759
113 766
113 862
114 266
114 337
114 463
114 682
114 685
114 819
115 168
115 232
115 235
115 280
115 358
115 422
115 443
115 483
115 527
115 545
115 692
116 131
116 154
116 237
116 502
116 883
116 979
117 194
117 195
117 201
117 737
119 163
119 169
119 254
119 333
119 715
119 741
120 297
120 356
120 482
120 485
120 657
120 969
121 225
121 476
121 746
122 124
122 166
122 257
122 381
122 464
122 475
122 539
122 703
123 128
123 161
123 219
123 248
123 255
123 348
123 424
123 463
123 492
123 493
123 653
123 740
123 850
123 936
124 153
124 228
124 235
124 371
124 471
124 530
124 680
124 875
125 494
125 639
126 190
126 197
126 269
126 618
126 887
127 369
127 702
128 428
128 437
128 562
128 712
128 744
129 145
129 193
129 242
129 425
129 526
129 613
129 856
129 945
129 983
130 160
130 279
130 319
130 816
131 307
131 377
131 827
132 170
132 183
132 318
132 511
132 513
132 530
132 548
132 612
132 859
132 970
133 294
133 358
133 725
134 191
134 208
134 234
134 594
134 602
134 749
135 252
135 633
136 243
136 258
136 277
136 309
136 568
136 820
136 949
137 199
137 287
137 357
137 384
137 444
137 500
137 597
137 714
137 731
137 733
137 760
137 880
137 955
138 678
138 914
139 283
139 585
139 778
140 165
140 255
140 264
140 334
140 512
140 550
140 772
141 257
141 455
141 797
142 255
142 283
142 355
142 539
142 541
142 607
142 683
142 893
142 968
143 286
143 335
143 783
144 221
144 240
144 467
144 504
144 555
144 775
144 776
144 794
144 956
145 366
145 444
145 751
146 168
146 330
146 377
146 436
146 512
146 516
146 542
146 980
147 272
147 275
147 957
148 216
148 628
148 937
148 960
149 260
149 412
150 167
150 296
150 297
150 462
150 501
150 697
151 237
151 338
151 665
153 436
153 558
153 761
154 185
154 291
154 675
154 709
154 755
154 796
155 565
155 611
155 672
155 689
156 288
156 438
157 528
158 601
159 270
159 350
159 404
159 457
159 723
159 732
159 828
159 938
160 420
160 424
160 482
160 869
160 976
161 639
161 652
161 832
162 244
162 932
164 325
164 387
164 432
164 558
164 611
164 818
164 923
165 201
165 306
165 629
165 913
166 238
166 365
167 177
167 213
167 487
167 856
168 445
169 208
169 326
169 376
169 541
169 609
169 720
169 876
169 999
170 601
171 351
171 356
171 784
172 200
172 239
172 305
172 421
172 534
172 732
172 743
173 268
173 278
173 281
173 373
173 847
175 686
176 205
176 389
176 411
176 488
176 507
177 198
177 345
177 625
177 795
178 354
178 404
178 478
178 677
178 685
178 962
179 248
179 524
179 543
179 621
179 691
179 747
179 910
180 194
180 535
180 580
180 644
180 938
181 572
181 661
181 787
184 453
184 734
187 211
187 213
187 315
187 325
187 635
187 978
188 483
188 844
188 895
189 365
190 390
190 709
190 716
190 768
190 925
191 603
191 711
192 207
192 375
192 699
192 920
194 212
194 253
194 283
194 345
194 453
194 534
194 608
194 784
194 866
194 996
196 443
196 604
197 297
197 303
197 393
197 564
197 852
197 990
198 286
198 408
198 410
198 771
198 781
198 907
198 983
199 270
199 319
199 961
200 241
200 274
200 329
200 664
200 770
201 215
201 770
201 934
202 345
203 247
203 334
203 583
203 673
203 763
203 767
203 802
203 894
205 214
205 606
206 224
206 340
206 454
206 882
207 320
207 408
207 832
208 293
208 955
209 256
209 305
209 328
209 572
209 706
210 220
210 470
211 261
211 263
211 464
211 524
211 727
211 747
211 775
211 952
212 495
212 518
212 975
213 799
214 265
214 515
215 403
215 434
215 524
215 594
215 665
215 672
215 706
215 738
215 811
215 853
215 969
216 410
217 277
217 382
217 624
217 818
218 225
218 302
218 359
218 409
218 411
218 447
218 658
218 661
218 693
218 774
218 813
218 818
219 228
219 354
219 623
219 906
220 260
220 347
220 926
220 978
221 614
221 662
221 757
221 812
221 873
222 536
222 966
223 294
223 387
224 264
224 625
225 368
226 243
226 315
226 473
226 486
226 647
227 273
227 753
227 821
227 925
228 491
229 973
230 295
230 902
231 453
231 640
232 728
232 761
233 413
233 908
234 330
234 460
235 334
235 346
235 641
235 874
236 298
236 333
236 417
237 310
237 760
238 259
238 516
238 971
239 330
240 371
240 487
240 595
240 680
240 692
241 290
241 478
242 332
242 490
242 621
242 673
242 908
242 937
243 292
243 347
243 364
243 600
243 694
243 729
243 837
243 948
244 616
244 648
244 649
244 666
245 409
245 457
246 273
246 446
246 854
247 380
248 364
248 429
248 556
248 670
248 844
249 281
249 316
250 469
250 597
251 353
251 696
253 378
253 418
254 262
254 361
254 427
255 361
255 408
255 451
255 480
255 486
255 520
255 566
255 591
256 705
258 347
258 395
258 475
258 729
258 829
259 450
259 880
259 957
260 316
260 629
261 308
262 402
264 336
264 348
264 381
264 980
265 292
265 414
265 526
265 544
265 683
265 821
265 865
266 311
266 354
269 285
269 599
269 605
269 978
270 305
270 320
270 415
270 458
270 544
270 569
270 646
270 736
271 290
271 511
272 367
272 391
272 708
273 373
273 625
273 667
273 885
274 445
275 309
275 500
275 520
275 805
276 610
276 635
277 597
278 554
278 572
279 399
279 582
279 643
279 828
279 916
280 571
281 314
281 430
281 529
281 985
282 613
282 809
283 325
283 422
283 430
283 609
283 983
284 363
285 458
285 549
285 790
285 997
287 438
287 533
287 554
287 698
287 719
287 979
288 392
289 834
290 442
291 353
291 523
291 984
292 438
292 556
292 724
292 839
292 852
293 936
294 439
294 613
295 331
295 472
296 499
296 506
296 626
296 975
298 302
298 331
298 806
299 581
299 926
300 605
302 384
302 418
302 634
303 440
303 514
304 512
304 644
305 342
305 553
305 631
305 643
305 920
306 726
307 313
307 518
309 481
309 574
310 406
310 623
311 906
313 637
313 998
314 867
315 505
315 662
315 851
315 873
316 584
317 664
318 437
318 456
318 515
318 588
318 667
318 717
319 713
319 907
320 323
320 382
320 853
321 343
321 541
321 622
321 690
321 704
321 803
321 884
321 898
323 398
324 359
324 425
324 923
324 931
326 487
326 686
326 862
327 525
327 585
327 909
327 939
328 336
328 434
328 532
328 825
328 875
328 929
328 989
329 532
329 546
329 787
329 899
330 551
332 393
333 480
333 617
333 744
334 341
334 658
334 750
335 423
335 824
336 533
336 621
336 800
338 351
338 636
339 471
339 493
339 547
339 619
339 678
339 733
339 808
339 935
340 491
340 549
340 857
340 991
341 349
341 591
341 598
341 694
342 848
342 868
343 994
345 356
345 421
345 707
345 763
346 503
346 536
346 640
346 734
346 982
347 562
347 696
347 812
348 395
348 607
349 553
349 587
349 773
350 579
350 691
350 912
351 752
351 924
351 944
352 467
352 502
352 557
353 371
353 448
354 447
354 490
354 587
356 397
357 507
357 879
357 944
359 372
359 456
359 497
359 945
359 948
360 429
360 500
360 618
360 671
360 843
360 876
360 886
362 365
362 559
362 691
362 715
362 878
362 953
363 495
363 534
363 961
364 560
364 593
366 390
366 510
367 816
368 687
368 822
369 519
369 742
370 508
370 517
370 714
370 831
371 375
371 756
372 884
373 819
374 814
379 617
380 522
380 554
380 759
381 477
381 863
381 919
382 461
384 386
385 655
387 501
387 557
387 648
388 848
389 405
389 433
389 660
389 860
390 548
390 598
390 927
394 498
394 736
395 574
396 435
396 489
396 826
398 441
398 461
398 649
398 867
398 877
401 495
401 542
401 895
402 423
403 416
403 542
403 592
403 605
403 656
403 657
403 693
403 728
404 799
405 632
405 981
406 431
406 446
406 552
406 708
406 719
407 647
407 840
408 627
409 610
410 419
410 630
416 602
416 750
416 990
417 485
417 612
417 663
417 804
417 833
417 870
418 580
418 749
418 872
419 430
419 638
419 933
420 589
420 872
421 752
421 849
422 761
423 462
424 746
424 935
425 690
426 468
427 449
427 731
428 794
429 772
429 949
430 705
431 540
433 699
433 770
434 632
434 698
435 915
438 464
438 688
438 707
438 823
438 949
440 797
442 840
443 579
445 911
446 657
446 792
446 873
447 529
448 513
450 532
450 569
450 631
450 835
450 902
450 997
451 951
452 531
452 627
453 578
457 757
457 967
458 460
458 588
458 617
458 932
459 788
459 993
461 521
461 527
461 706
461 751
462 565
462 755
464 540
465 646
466 611
466 682
466 925
468 598
468 622
468 730
468 956
469 905
470 508
470 918
471 516
471 865
473 669
474 786
475 898
476 479
476 551
476 801
476 841
477 864
477 941
479 546
480 569
480 773
480 890
481 756
482 626
482 649
482 686
482 754
483 748
483 936
484 810
485 489
485 791
485 833
486 985
488 751
489 559
489 841
490 839
491 498
492 499
494 700
494 752
497 643
497 671
497 992
498 745
499 789
499 824
500 648
501 573
501 627
501 640
501 911
503 798
503 938
505 695
505 952
510 725
510 747
510 918
510 931
511 619
511 668
511 765
512 635
512 807
512 930
513 543
513 624
513 871
514 810
515 652
519 722
520 722
520 819
524 582
524 995
525 928
527 528
528 565
528 963
529 563
529 595
529 886
529 959
532 721
532 831
535 783
536 692
537 718
538 674
538 765
539 592
542 793
542 846
544 645
545 547
545 642
545 758
545 845
545 985
546 762
546 963
550 813
551 762
553 710
553 777
557 987
559 880
559 941
561 924
565 589
565 965
567 642
571 977
572 826
574 711
575 636
575 665
577 586
579 654
581 786
583 588
583 634
583 798
583 824
586 601
587 687
590 609
591 642
592 922
593 785
595 615
596 921
597 718
599 727
601 879
601 960
602 901
604 710
605 776
606 974
607 713
608 790
609 766
611 950
613 753
614 708
619 753
619 991
620 697
621 849
622 845
623 945
624 760
625 850
627 681
627 724
627 864
633 667
634 953
635 644
635 701
636 792
640 732
640 737
641 904
641 932
642 716
642 863
642 984
643 740
643 767
644 823
646 839
648 651
649 804
649 951
653 857
654 668
656 822
656 956
658 796
663 755
663 802
663 888
665 889
666 885
666 892
667 917
668 713
669 741
673 696
673 861
674 868
676 874
679 764
680 842
680 859
683 964
684 726
684 968
685 863
687 957
689 939
689 998
690 800
699 894
701 781
702 717
702 832
702 834
706 837
707 721
708 717
708 788
710 829
710 845
710 857
711 993
717 842
718 735
719 724
719 900
726 971
728 853
733 777
734 806
734 976
738 989
739 833
742 967
746 850
747 987
750 923
752 794
753 846
754 847
756 822
757 860
762 981
764 812
764 836
766 919
767 996
769 810
771 793
772 986
773 974
774 888
776 896
784 799
786 787
786 872
786 899
789 943
794 891
798 901
798 941
798 958
808 919
810 918
811 865
812 914
816 924
818 830
818 910
819 881
825 912
825 942
830 992
836 862
840 947
840 994
845 897
847 888
847 942
853 878
854 929
859 966
865 869
867 975
868 946
870 903
870 927
883 889
886 929
890 951
904 993
910 917
913 916
914 988
915 964
916 954
916 989
918 935
920 930
928 960
950 953
964 988
967 972
