0 1
0 2
0 3
0 4
0 5
0 6
0 7
0 8
0 9
0 10
0 11
0 12
0 13
0 14
0 16
0 17
0 18
0 21
0 23
0 26
0 28
0 33
0 35
0 36
0 39
0 41
0 49
0 52
0 53
0 56
0 57
0 60
0 63
0 65
0 66
0 68
0 72
0 85
0 86
0 87
0 92
0 93
0 98
0 110
0 112
0 117
0 119
0 122
0 130
0 135
0 136
0 144
0 146
0 161
0 163
0 168
0 169
0 170
0 173
0 177
0 180
0 194
0 195
0 199
0 228
0 238
0 239
0 246
0 254
0 255
0 256
0 261
0 269
0 273
0 278
0 289
0 297
0 299
0 305
0 319
0 323
0 324
0 326
0 337
0 353
0 356
0 360
0 364
0 375
0 377
0 392
0 412
0 422
0 425
0 426
0 448
0 449
0 463
0 466
0 467
0 468
0 471
0 479
0 522
0 525
0 526
0 527
0 539
0 558
0 589
0 609
0 619
0 624
0 634
0 669
0 673
0 682
0 697
0 705
0 725
0 744
0 758
0 771
0 773
0 912
0 924
0 925
0 933
0 937
0 939
0 963
0 990
1 5
1 6
1 7
1 13
1 14
1 17
1 19
1 20
1 22
1 23
1 28
1 30
1 33
1 55
1 61
1 62
1 69
1 74
1 78
1 83
1 88
1 94
1 113
1 115
1 123
1 132
1 138
1 142
1 146
1 149
1 155
1 166
1 170
1 174
1 179
1 182
1 187
1 189
1 199
1 208
1 224
1 250
1 277
1 302
1 351
1 372
1 416
1 434
1 441
1 462
1 488
1 533
1 560
1 561
1 562
1 630
1 639
1 655
1 675
1 679
1 697
1 720
1 738
1 756
1 781
1 802
1 807
1 848
1 865
1 901
1 908
1 980
1 996
2 5
2 10
2 13
2 14
2 77
2 129
2 132
2 164
2 255
2 274
2 318
2 324
2 342
2 424
2 480
2 723
2 915
2 959
3 11
3 46
3 56
3 73
3 99
3 105
3 188
3 190
3 196
3 228
3 521
3 788
3 794
4 5
4 6
4 7
4 8
4 10
4 12
4 14
4 16
4 21
4 24
4 29
4 30
4 36
4 37
4 38
4 43
4 53
4 71
4 75
4 77
4 84
4 100
4 119
4 121
4 177
4 189
4 207
4 211
4 213
4 216
4 223
4 229
4 233
4 240
4 262
4 270
4 292
4 337
4 359
4 365
4 374
4 387
4 413
4 426
4 461
4 463
4 514
4 528
4 570
4 580
4 622
4 627
4 651
4 675
4 681
4 699
4 790
4 819
4 822
4 834
4 861
4 900
4 980
4 986
5 6
5 8
5 9
5 11
5 13
5 15
5 16
5 18
5 19
5 20
5 24
5 25
5 26
5 31
5 32
5 38
5 41
5 42
5 43
5 48
5 52
5 54
5 58
5 61
5 66
5 67
5 88
5 89
5 97
5 102
5 105
5 117
5 127
5 128
5 130
5 166
5 177
5 187
5 195
5 198
5 203
5 207
5 208
5 220
5 224
5 226
5 236
5 239
5 255
5 258
5 268
5 271
5 279
5 283
5 287
5 304
5 305
5 311
5 339
5 349
5 354
5 358
5 363
5 368
5 377
5 384
5 406
5 411
5 420
5 434
5 443
5 447
5 451
5 470
5 482
5 488
5 493
5 497
5 508
5 532
5 541
5 548
5 555
5 570
5 571
5 623
5 637
5 646
5 660
5 668
5 669
5 726
5 733
5 738
5 741
5 744
5 745
5 762
5 796
5 797
5 837
5 877
5 878
5 888
5 889
5 893
5 894
5 959
5 971
5 977
5 993
6 7
6 9
6 12
6 15
6 19
6 23
6 25
6 31
6 32
6 34
6 37
6 48
6 54
6 57
6 64
6 113
6 114
6 123
6 126
6 129
6 171
6 201
6 218
6 221
6 255
6 257
6 263
6 316
6 327
6 366
6 369
6 382
6 448
6 545
6 547
6 616
6 695
6 733
6 780
6 816
6 838
6 885
6 910
6 961
6 971
6 986
7 8
7 9
7 10
7 11
7 12
7 22
7 23
7 26
7 27
7 37
7 42
7 51
7 57
7 62
7 73
7 79
7 87
7 100
7 108
7 113
7 138
7 143
7 150
7 159
7 160
7 170
7 172
7 197
7 203
7 206
7 212
7 214
7 219
7 256
7 273
7 281
7 293
7 308
7 317
7 321
7 327
7 356
7 383
7 408
7 438
7 439
7 507
7 524
7 565
7 582
7 586
7 627
7 663
7 693
7 697
7 715
7 745
7 777
7 793
7 797
7 799
7 800
7 819
7 842
7 984
8 24
8 27
8 32
8 35
8 76
8 88
8 219
8 237
8 268
8 336
8 429
8 450
8 469
8 508
8 566
8 643
8 865
8 899
8 999
9 20
9 21
9 25
9 27
9 33
9 70
9 73
9 79
9 89
9 98
9 125
9 131
9 133
9 157
9 163
9 192
9 204
9 215
9 225
9 242
9 253
9 300
9 332
9 347
9 349
9 357
9 437
9 439
9 485
9 577
9 612
9 616
9 640
9 661
9 744
9 805
9 818
9 836
9 855
9 863
9 964
10 15
10 16
10 17
10 21
10 29
10 30
10 35
10 41
10 49
10 84
10 89
10 100
10 107
10 110
10 152
10 157
10 161
10 163
10 185
10 187
10 192
10 205
10 270
10 301
10 395
10 430
10 432
10 441
10 454
10 502
10 540
10 552
10 559
10 579
10 600
10 610
10 617
10 647
10 667
10 687
10 698
10 747
10 757
10 824
10 907
10 912
10 972
10 986
11 17
11 29
11 34
11 39
11 40
11 44
11 50
11 62
11 63
11 64
11 74
11 91
11 117
11 124
11 149
11 174
11 182
11 217
11 428
11 453
11 553
11 555
11 641
11 759
11 804
12 15
12 18
12 22
12 26
12 38
12 62
12 64
12 80
12 96
12 97
12 104
12 116
12 124
12 128
12 148
12 150
12 164
12 183
12 193
12 216
12 224
12 229
12 237
12 275
12 279
12 291
12 292
12 308
12 326
12 328
12 332
12 359
12 379
12 389
12 467
12 502
12 526
12 537
12 550
12 560
12 581
12 595
12 615
12 661
12 700
12 741
12 750
12 770
12 774
12 816
12 875
12 892
12 945
12 951
12 978
13 32
13 34
13 48
13 56
13 104
13 106
13 154
13 200
13 202
13 237
13 333
13 337
13 374
13 404
13 455
13 461
13 790
13 793
13 969
13 991
14 19
14 22
14 36
14 48
14 75
14 80
14 90
14 101
14 155
14 168
14 188
14 303
14 315
14 328
14 393
14 418
14 584
14 595
14 614
14 621
14 663
14 679
14 713
14 736
14 782
14 846
14 879
14 893
14 992
15 18
15 20
15 30
15 60
15 81
15 205
15 215
15 311
15 312
15 324
15 434
15 449
15 475
15 478
15 485
15 487
15 497
15 559
15 812
16 24
16 36
16 44
16 45
16 53
16 54
16 57
16 69
16 70
16 71
16 81
16 84
16 86
16 110
16 111
16 118
16 143
16 156
16 169
16 174
16 179
16 193
16 207
16 218
16 226
16 243
16 266
16 276
16 284
16 307
16 327
16 334
16 342
16 343
16 349
16 351
16 376
16 431
16 434
16 481
16 491
16 501
16 512
16 528
16 536
16 542
16 606
16 652
16 665
16 701
16 717
16 737
16 792
16 847
16 855
16 866
16 944
16 976
17 53
17 229
17 278
17 286
17 343
17 407
17 450
17 452
17 479
17 488
17 820
17 843
18 25
18 41
18 47
18 51
18 78
18 85
18 126
18 153
18 178
18 182
18 244
18 260
18 264
18 401
18 414
18 422
18 433
18 470
18 499
18 505
18 577
18 582
18 612
18 649
18 680
18 771
18 789
18 814
18 857
18 894
18 896
18 921
18 924
18 966
18 995
19 35
19 45
19 65
19 83
19 103
19 118
19 123
19 133
19 192
19 200
19 211
19 220
19 241
19 243
19 331
19 390
19 535
19 569
19 608
19 651
19 756
19 769
19 871
19 906
20 31
20 34
20 46
20 47
20 66
20 201
20 264
20 278
20 324
20 492
20 736
20 784
20 795
20 860
20 942
21 37
21 511
21 874
21 878
22 31
22 40
22 120
22 151
22 328
22 391
22 405
22 450
22 454
22 465
22 469
22 559
22 594
23 28
23 33
23 39
23 42
23 46
23 63
23 85
23 93
23 100
23 101
23 126
23 130
23 152
23 167
23 221
23 225
23 242
23 247
23 253
23 259
23 326
23 330
23 333
23 363
23 389
23 394
23 399
23 436
23 461
23 477
23 492
23 540
23 561
23 567
23 714
23 748
23 796
23 809
23 820
23 961
23 965
24 40
24 50
24 76
24 99
24 104
24 122
24 217
24 231
24 309
24 333
24 393
24 456
24 469
24 482
24 494
24 507
24 508
24 516
24 527
24 594
24 600
24 647
24 668
24 727
24 800
24 875
24 987
25 27
25 28
25 29
25 39
25 43
25 118
25 125
25 138
25 143
25 166
25 235
25 290
25 335
25 387
25 551
25 753
25 822
26 73
26 147
26 150
26 283
26 306
26 353
26 383
26 567
26 602
26 703
26 878
26 908
26 938
27 42
27 51
27 59
27 61
27 69
27 76
27 95
27 112
27 134
27 139
27 156
27 166
27 167
27 169
27 172
27 175
27 181
27 212
27 221
27 230
27 244
27 301
27 341
27 362
27 367
27 370
27 436
27 438
27 459
27 476
27 551
27 569
27 587
27 604
27 653
27 671
27 760
27 788
27 819
27 845
27 856
27 870
27 873
27 899
27 915
27 935
27 970
28 40
28 44
28 45
28 50
28 51
28 52
28 75
28 79
28 90
28 109
28 155
28 164
28 199
28 204
28 232
28 236
28 261
28 262
28 290
28 293
28 334
28 339
28 352
28 357
28 359
28 364
28 397
28 425
28 484
28 504
28 506
28 538
28 601
28 632
28 652
28 657
28 723
28 771
28 872
28 979
29 38
29 84
29 142
29 201
29 292
29 432
29 497
29 498
29 552
29 675
29 709
29 756
29 779
29 816
29 843
29 936
30 49
30 55
30 60
30 65
30 67
30 96
30 142
30 180
30 213
30 228
30 230
30 239
30 284
30 304
30 372
30 382
30 402
30 415
30 501
30 574
30 586
30 613
30 651
30 829
30 908
30 947
31 47
31 71
31 85
31 104
31 185
31 200
31 435
31 588
31 599
31 729
31 788
31 791
31 827
31 850
31 970
31 998
32 77
32 196
32 244
32 468
32 565
32 648
32 753
32 898
33 82
33 159
33 160
33 180
33 234
33 294
33 375
33 435
33 591
33 596
33 650
33 830
34 50
34 70
34 115
34 165
34 186
34 193
34 354
34 362
34 396
34 483
34 631
34 691
34 719
34 728
34 731
34 743
34 838
35 58
35 88
35 97
35 158
35 163
35 202
35 285
35 345
35 351
35 457
35 459
35 567
35 787
35 833
35 861
36 44
36 58
36 72
36 91
36 92
36 94
36 125
36 134
36 138
36 154
36 158
36 185
36 195
36 233
36 250
36 272
36 279
36 300
36 336
36 361
36 411
36 436
36 636
36 640
36 749
36 785
36 798
36 839
36 859
36 909
36 916
36 917
36 931
36 953
36 964
36 994
36 995
37 55
37 82
37 97
37 98
37 105
37 631
37 678
37 717
37 967
38 131
38 251
39 63
39 139
39 183
39 211
39 257
39 304
39 334
39 413
39 429
39 437
39 456
39 511
39 608
39 630
39 773
39 918
40 49
40 247
40 317
40 345
40 379
40 438
40 519
40 762
40 791
41 59
41 72
41 86
41 101
41 102
41 133
41 136
41 151
41 158
41 222
41 230
41 264
41 318
41 325
41 341
41 382
41 384
41 386
41 453
41 576
41 690
41 723
41 950
42 43
42 47
42 81
42 95
42 111
42 259
42 309
42 338
42 350
42 369
42 419
42 463
42 500
42 510
42 705
42 761
42 783
42 887
42 949
43 45
43 56
43 66
43 80
43 102
43 140
43 156
43 186
43 216
43 260
43 284
43 299
43 303
43 325
43 356
43 400
43 409
43 424
43 427
43 487
43 507
43 568
43 643
43 732
43 786
43 787
43 821
43 826
43 890
44 69
44 133
44 170
44 296
44 346
44 403
44 407
44 410
44 533
44 539
44 594
44 770
44 772
44 891
44 905
45 46
45 59
45 79
45 105
45 121
45 129
45 198
45 205
45 226
45 323
45 355
45 385
45 394
45 411
45 444
45 459
45 502
45 505
45 562
45 624
45 625
45 745
45 883
45 904
45 913
45 952
46 59
46 72
46 87
46 94
46 145
46 173
46 188
46 194
46 328
46 413
46 492
46 642
47 60
47 71
47 81
47 103
47 204
47 248
47 275
47 277
47 285
47 288
47 335
47 433
47 445
47 457
47 476
47 528
47 530
47 557
47 629
47 666
47 667
47 676
47 709
47 730
47 782
47 883
47 897
47 913
47 969
47 998
48 98
48 172
48 235
48 250
48 394
48 397
48 398
48 664
48 982
49 52
49 54
49 58
49 78
49 213
49 229
49 258
49 267
49 298
49 475
49 549
49 620
49 644
49 743
49 811
49 898
49 902
50 67
50 74
50 95
50 116
50 139
50 141
50 143
50 154
50 159
50 253
50 267
50 303
50 340
50 346
50 373
50 388
50 424
50 437
50 444
50 449
50 467
50 550
50 572
50 586
50 613
50 644
50 660
50 752
50 760
50 766
50 770
50 813
50 836
50 889
50 891
50 924
50 976
50 981
51 61
51 77
51 86
51 249
51 296
51 297
51 312
51 529
51 532
51 639
51 656
51 708
51 773
51 892
52 55
52 68
52 75
52 101
52 185
52 211
52 305
52 313
52 364
52 386
52 472
52 473
52 525
52 563
52 641
52 657
52 728
52 811
52 841
52 846
52 898
52 901
52 939
52 955
53 82
53 90
53 117
53 139
53 161
53 189
53 208
53 226
53 240
53 241
53 412
53 416
53 466
53 554
53 603
53 604
53 895
54 68
54 102
54 127
54 136
54 280
54 300
54 578
54 602
54 798
54 833
54 874
55 106
55 115
55 137
55 147
55 172
55 179
55 252
55 260
55 262
55 285
55 346
55 460
55 529
55 880
55 950
56 65
56 91
56 132
56 134
56 191
56 282
56 325
56 354
56 409
56 445
56 647
56 652
56 666
56 698
56 765
56 772
57 67
57 80
57 107
57 173
57 233
57 269
57 330
57 581
57 660
57 693
57 721
57 881
58 64
58 78
58 94
58 96
58 181
58 190
58 196
58 214
58 271
58 320
58 398
58 479
58 581
58 829
59 206
59 356
59 378
60 171
60 197
60 203
60 291
60 340
60 399
60 635
60 671
60 696
60 742
61 87
61 128
61 137
61 209
61 218
61 276
61 503
61 506
61 620
61 625
61 867
62 70
62 92
62 103
62 108
62 120
62 127
62 132
62 227
62 293
62 394
62 396
62 483
62 582
62 638
62 650
62 659
62 686
62 712
62 833
62 887
62 922
63 153
63 160
63 194
63 243
63 263
63 288
63 371
63 431
63 461
63 546
63 636
63 720
63 817
63 826
64 93
64 114
64 202
64 227
64 235
64 257
64 403
64 557
64 617
64 697
64 722
64 860
64 956
64 958
64 972
65 131
65 144
65 315
65 317
65 353
65 514
65 529
65 571
65 742
65 943
66 68
66 74
66 76
66 90
66 99
66 109
66 111
66 113
66 118
66 145
66 171
66 209
66 217
66 281
66 321
66 466
66 471
66 509
66 517
66 576
66 684
66 734
66 750
66 927
66 928
67 114
67 234
67 296
67 671
67 900
67 911
68 151
68 164
68 189
68 365
68 462
68 497
68 511
68 701
69 135
69 206
69 223
69 249
69 343
69 351
69 376
69 384
69 393
69 486
69 674
69 761
69 812
69 965
70 184
70 496
70 714
71 92
71 96
71 176
71 830
72 82
72 110
72 136
72 153
72 177
72 266
72 329
72 414
72 427
72 429
72 431
72 566
72 591
72 719
73 106
73 275
73 305
73 347
73 369
73 396
73 510
73 654
73 711
73 981
73 983
74 91
74 95
74 111
74 146
74 165
74 186
74 210
74 277
74 282
74 301
74 334
74 336
74 357
74 367
74 378
74 436
74 442
74 480
74 502
74 536
74 541
74 626
74 668
74 766
74 775
74 825
74 831
75 89
75 150
75 169
75 236
75 261
75 473
75 498
75 573
75 623
76 83
76 124
76 175
76 209
76 426
76 432
76 518
76 549
76 588
76 778
76 921
77 272
77 687
77 782
78 322
78 515
78 552
78 689
78 799
79 183
79 416
79 489
79 490
79 592
79 881
80 329
81 83
81 137
81 140
81 210
81 307
81 370
81 426
81 584
81 619
81 655
81 683
81 771
81 775
81 885
81 952
82 103
82 116
82 200
82 289
82 316
82 402
82 889
82 940
82 978
83 181
83 627
83 763
84 93
84 120
84 126
84 165
84 191
84 238
84 355
84 411
84 420
84 486
84 498
84 524
84 531
84 554
84 614
84 686
84 747
84 838
84 975
85 182
85 195
85 322
85 330
85 362
85 390
85 451
85 470
85 579
85 621
85 633
85 662
85 724
85 729
85 774
85 968
87 121
87 162
87 298
87 319
87 338
87 464
87 518
87 610
87 653
87 723
87 960
88 107
88 125
88 157
88 190
88 198
88 208
88 231
88 244
88 252
88 273
88 306
88 321
88 358
88 361
88 446
88 557
88 593
88 662
88 704
88 716
88 734
88 825
88 967
88 993
88 996
89 108
89 119
89 141
89 148
89 167
89 191
89 206
89 495
89 654
89 665
89 776
89 782
90 123
90 241
90 257
90 263
90 492
90 565
90 570
91 99
91 153
91 910
91 935
92 441
92 476
92 872
93 106
93 168
93 179
93 440
93 472
93 519
93 575
93 576
93 655
93 670
93 698
93 806
93 808
93 883
93 909
93 910
93 955
94 112
94 120
94 256
94 283
94 410
94 539
94 681
94 914
95 109
95 148
95 274
95 287
95 360
95 388
95 635
95 646
95 686
95 728
95 746
95 874
96 108
96 292
96 430
96 447
96 449
96 475
96 541
97 107
97 109
97 115
97 134
97 152
97 339
97 733
97 828
98 130
98 162
98 312
98 348
98 417
98 454
98 544
98 554
98 605
98 677
98 864
98 944
99 122
99 140
99 141
99 580
99 692
99 766
100 743
100 882
101 114
101 116
101 251
101 347
101 381
101 457
101 496
101 504
101 706
101 953
101 957
102 468
103 146
103 147
103 158
103 193
103 228
103 254
103 269
103 452
103 489
103 839
103 919
103 922
103 975
104 352
104 419
104 489
104 521
104 574
104 661
104 768
104 888
104 894
104 904
104 916
104 937
104 974
105 446
105 712
105 801
105 803
106 121
106 171
106 192
106 227
106 421
106 471
106 611
106 636
106 753
107 131
107 141
107 142
107 156
107 174
107 327
107 371
107 455
107 578
107 592
107 637
107 641
107 864
108 212
108 237
108 523
108 708
109 221
109 338
109 783
109 991
110 112
110 167
110 194
110 346
110 360
110 373
110 572
110 673
111 332
111 460
112 216
112 233
112 259
112 268
112 526
112 540
112 695
112 776
112 823
112 856
112 900
112 921
112 923
113 128
113 178
113 223
113 232
113 350
113 437
113 439
113 737
113 935
113 973
114 162
114 232
114 245
114 291
114 602
114 783
115 147
115 157
115 175
115 203
115 534
115 544
115 622
115 623
115 676
115 795
115 930
116 129
116 149
116 197
116 294
116 391
116 503
116 761
116 862
116 941
117 190
117 427
117 906
118 119
118 140
118 149
118 218
118 225
118 231
118 400
118 527
118 549
118 596
118 674
118 680
118 707
118 751
118 824
118 934
118 943
119 180
119 264
119 265
119 380
119 425
119 512
119 551
119 578
119 688
119 914
120 122
120 124
120 127
120 273
120 283
120 299
120 488
120 626
120 958
121 784
121 949
122 391
122 395
122 414
122 455
122 456
122 484
122 546
122 897
122 936
123 144
123 548
123 612
123 672
124 289
124 440
124 628
124 657
124 660
124 852
125 242
125 376
125 534
125 568
125 764
125 821
125 822
125 837
126 338
126 701
126 835
127 246
127 527
128 135
128 144
128 247
128 249
128 314
128 401
128 442
128 517
128 589
128 749
128 932
129 205
130 210
130 378
130 549
130 571
130 895
131 272
131 373
131 458
131 466
131 560
131 582
131 596
131 607
131 634
131 677
131 746
131 779
131 783
131 834
131 851
131 975
132 135
132 178
132 378
132 428
132 509
132 622
132 629
132 645
132 795
132 937
132 947
132 965
132 971
132 987
133 295
133 374
134 323
134 366
134 385
134 423
134 518
134 550
134 564
134 649
134 677
135 145
135 155
135 161
135 176
135 280
135 391
135 641
135 658
136 137
136 145
136 316
136 530
136 534
136 787
137 429
137 559
137 626
137 687
137 842
137 866
138 187
138 196
138 247
138 326
138 420
138 469
138 476
138 705
138 726
138 863
139 148
139 152
139 209
139 220
139 224
139 344
139 538
139 606
139 830
139 947
139 984
140 176
140 335
141 151
141 181
141 183
141 231
141 245
141 248
141 284
141 288
141 310
141 348
141 381
141 543
141 607
141 618
141 630
141 685
141 779
141 891
142 173
142 266
142 383
142 428
142 448
142 512
142 740
142 768
142 828
143 321
143 344
143 359
143 361
143 464
143 556
143 803
143 874
143 962
143 968
144 752
144 753
144 754
144 860
144 917
144 999
145 191
145 388
145 670
145 751
146 175
146 207
146 217
146 248
146 265
146 423
146 542
146 564
146 623
146 761
146 779
146 819
147 154
147 199
147 348
147 583
147 598
147 633
147 692
147 724
147 946
148 245
148 260
148 280
148 306
148 417
148 472
148 520
148 555
148 663
148 675
148 716
148 718
148 742
148 765
148 780
148 904
148 958
149 178
149 219
149 222
149 267
149 300
149 386
149 399
149 407
149 408
149 425
149 505
149 515
149 584
149 600
149 847
149 851
149 919
149 926
149 932
150 362
150 481
150 635
150 917
150 939
151 159
151 162
151 295
151 297
151 310
151 315
151 319
151 496
151 523
151 852
152 186
152 366
152 371
152 839
152 902
152 907
153 268
153 402
153 443
153 585
153 586
153 696
153 732
153 985
154 288
154 299
154 483
154 524
154 578
154 776
154 823
154 946
155 160
155 198
155 443
155 477
155 947
155 969
156 307
156 400
156 473
156 746
156 784
156 884
157 176
157 184
157 349
157 433
157 509
157 553
157 830
158 184
158 358
158 727
158 912
159 688
160 165
160 234
160 332
160 405
160 824
160 936
160 946
161 302
161 700
161 704
162 204
162 367
162 417
162 574
162 729
162 852
163 168
163 184
163 222
163 732
163 815
163 817
163 953
164 197
164 246
164 295
164 451
164 555
164 599
164 669
164 717
164 767
165 201
165 220
165 223
165 235
165 277
165 293
165 558
165 656
165 715
165 816
165 841
165 857
166 236
167 368
167 526
167 551
167 561
167 570
167 636
167 704
168 249
168 308
168 421
168 462
168 625
168 767
168 792
169 802
170 219
170 294
170 406
170 528
170 662
170 672
170 673
170 685
170 785
170 856
171 313
171 342
171 593
171 719
172 352
172 404
172 739
173 250
173 252
173 286
173 412
173 418
173 505
173 859
173 867
173 960
174 340
174 453
175 817
175 902
176 447
176 714
177 210
177 270
177 354
177 371
177 465
177 471
177 503
177 507
177 539
177 593
177 638
177 751
177 994
178 927
178 954
179 642
179 794
180 251
180 271
180 389
181 282
181 479
181 606
182 683
182 772
183 232
183 238
183 314
183 330
183 689
183 757
183 952
184 202
184 275
184 307
184 382
184 545
184 962
185 269
186 365
186 818
186 857
186 905
187 188
187 214
187 869
187 921
187 957
188 240
188 241
188 252
188 845
189 289
189 311
189 335
189 735
189 790
189 808
190 240
190 253
190 281
190 441
190 478
190 923
191 213
191 439
191 665
191 707
191 764
191 841
192 295
192 319
192 365
192 506
192 524
192 678
192 708
192 738
193 212
193 265
193 290
194 318
194 372
194 958
195 333
195 531
195 607
195 670
196 246
196 278
196 344
196 368
196 406
196 531
196 673
196 863
197 315
198 276
198 345
198 383
198 501
198 642
198 664
198 892
198 927
198 960
199 279
199 287
199 615
199 621
199 732
199 998
200 691
200 711
200 907
201 225
201 254
201 341
201 424
201 597
201 755
202 215
202 286
202 495
202 896
202 933
202 964
203 230
203 242
203 254
203 296
203 375
203 376
203 403
203 598
203 601
203 605
203 632
204 238
204 621
205 801
205 848
205 858
205 924
206 797
207 214
207 222
207 320
207 340
207 442
207 520
207 533
207 547
207 591
207 604
208 256
208 281
208 313
208 410
208 483
208 536
208 696
208 698
208 703
208 775
208 990
209 215
209 287
209 310
209 344
209 583
209 893
210 322
210 739
212 515
212 702
212 963
213 360
213 538
213 639
214 266
214 401
214 489
214 516
214 620
214 934
215 397
215 491
215 558
215 603
215 856
216 272
216 565
216 658
216 664
216 876
216 954
217 470
217 835
217 887
218 258
218 968
219 243
219 285
219 309
219 348
219 379
219 389
219 422
219 455
219 537
219 611
219 805
220 574
220 807
220 849
221 227
221 234
221 282
221 298
221 339
221 519
221 629
221 982
222 308
222 402
222 421
222 480
222 653
223 259
223 270
223 280
223 286
223 290
223 325
223 350
223 563
223 564
223 831
223 903
224 271
224 487
224 674
224 700
224 787
225 721
225 778
226 239
226 265
226 405
226 501
226 851
227 370
227 452
227 503
227 661
227 873
228 298
228 304
228 490
228 818
228 992
229 398
229 618
229 777
230 245
230 415
230 445
230 520
230 603
230 870
230 950
231 258
231 261
231 274
231 446
231 460
231 601
231 618
231 801
231 901
232 309
232 313
232 381
232 573
233 848
233 914
233 955
234 267
234 415
234 511
234 517
234 569
234 733
234 820
234 860
234 986
235 297
235 484
235 854
235 867
235 905
236 531
236 613
237 248
237 459
237 477
237 525
237 560
237 907
238 302
238 367
238 619
238 800
238 802
238 821
239 276
239 739
240 491
240 499
240 614
240 748
240 770
240 796
240 941
240 993
241 251
241 885
241 967
242 369
242 403
242 440
242 532
242 721
242 799
242 903
243 433
243 556
243 642
243 684
243 726
243 767
244 390
244 410
244 444
244 599
244 682
244 808
244 827
244 840
245 643
245 926
246 397
246 419
246 736
246 985
247 515
247 950
248 379
248 419
248 547
248 676
248 689
249 375
249 392
249 395
249 398
249 557
249 735
249 749
249 945
250 556
250 579
250 848
251 396
251 418
251 585
251 789
252 390
252 393
252 414
252 535
252 632
252 706
252 896
252 931
252 963
253 294
253 303
253 366
253 413
253 481
253 832
253 840
254 637
254 751
255 314
255 571
255 865
256 263
256 318
256 345
256 352
256 357
256 368
256 380
256 485
256 493
256 517
256 542
256 669
256 682
256 711
256 718
256 747
256 844
256 869
256 912
256 948
256 988
257 306
257 380
257 480
257 482
257 486
257 521
257 763
257 772
257 884
258 262
258 372
258 850
258 940
259 355
259 590
259 705
260 386
260 484
260 541
260 575
260 624
260 683
260 758
260 879
260 951
261 409
261 460
261 899
261 982
261 989
262 472
262 922
263 358
263 361
263 422
263 493
263 553
263 576
263 590
263 886
264 342
264 444
264 468
264 652
264 748
264 931
265 710
265 900
266 331
266 404
266 452
266 588
266 715
266 752
266 814
266 866
267 692
268 499
268 548
269 442
269 556
270 274
270 392
271 529
271 587
271 603
272 322
272 496
272 645
272 678
272 710
272 734
273 612
274 638
274 645
275 329
275 602
275 648
276 347
276 843
277 387
277 440
277 450
277 508
277 536
277 540
277 558
277 569
278 320
278 447
278 855
278 929
279 465
279 863
280 605
281 331
281 463
282 353
282 523
282 543
282 643
282 676
282 988
282 996
283 420
283 841
284 680
284 756
286 331
286 491
286 499
286 880
287 311
287 453
287 575
288 291
288 634
288 853
289 739
290 302
290 654
291 474
292 301
292 310
292 312
292 341
292 575
292 645
292 778
292 985
294 337
294 381
294 423
295 930
296 464
296 629
296 840
298 412
298 693
298 859
298 995
299 314
299 363
299 760
300 320
300 666
301 373
301 537
301 579
301 580
302 323
303 522
304 316
304 343
304 725
305 869
306 317
306 458
306 464
306 644
306 837
306 962
306 997
307 438
307 506
307 738
308 634
308 794
308 984
309 592
309 942
310 336
310 886
311 355
311 451
311 500
311 695
311 909
312 959
314 374
314 423
314 458
314 475
314 513
314 534
314 649
315 552
315 670
315 690
315 764
316 432
317 550
317 596
317 681
317 966
317 978
318 329
318 388
319 572
319 906
320 350
320 387
320 533
320 747
320 923
321 377
321 588
321 706
321 960
322 370
322 862
323 407
323 712
324 523
324 699
324 710
324 967
325 928
327 487
327 674
328 914
329 363
329 750
329 797
329 996
331 377
331 991
332 405
332 473
332 849
333 415
333 933
333 963
334 486
334 609
334 777
335 418
335 671
335 911
336 380
336 495
336 765
336 904
337 628
337 740
337 780
337 801
338 513
338 678
339 458
339 462
339 568
339 618
339 870
340 443
341 364
341 427
341 467
341 494
341 512
341 825
342 606
342 691
342 868
342 873
343 406
343 975
344 594
344 627
344 836
344 845
344 942
344 987
345 395
345 713
345 919
347 416
349 664
349 916
350 430
350 474
350 494
350 500
350 590
350 688
350 750
353 504
353 768
353 815
353 899
353 974
354 400
354 580
354 581
354 615
354 622
355 929
357 404
357 817
357 877
357 920
357 946
358 530
358 628
359 564
359 615
359 929
360 617
361 385
361 624
361 846
361 876
361 925
363 408
363 656
363 682
363 690
363 918
364 408
365 445
365 513
365 519
365 567
366 384
366 417
366 716
366 755
366 823
367 494
367 638
367 681
368 522
368 587
368 625
368 633
369 706
369 979
370 735
370 822
370 876
371 592
372 597
372 609
373 401
373 617
373 716
374 431
374 535
374 932
375 465
375 662
375 781
376 430
376 853
376 866
377 545
377 672
378 637
378 844
379 457
380 385
380 610
380 631
381 509
382 722
382 836
382 849
383 510
383 595
384 890
385 658
386 997
388 583
388 828
388 911
390 635
390 655
391 392
391 485
391 880
393 543
393 966
393 983
394 687
394 703
394 727
394 791
394 957
395 798
396 399
396 446
396 718
397 880
399 435
399 997
402 421
402 595
402 792
402 847
402 929
402 943
403 409
403 945
404 510
404 525
404 679
404 820
406 672
406 717
406 926
407 538
407 589
408 577
408 896
408 987
410 897
411 493
411 495
411 616
411 785
411 793
412 482
412 767
412 931
413 754
415 428
416 518
416 520
416 828
417 478
417 598
417 626
417 640
417 689
417 694
417 702
417 744
417 804
417 809
417 845
417 952
418 792
419 876
419 932
419 935
421 877
422 490
422 583
422 610
422 743
422 780
422 803
423 600
423 854
423 976
424 563
424 611
424 804
424 805
425 435
425 504
425 858
425 940
427 614
428 757
429 722
430 448
430 516
431 648
433 456
433 562
433 663
433 999
434 546
434 587
434 653
434 696
434 796
434 832
435 781
435 920
436 477
436 546
436 667
436 749
437 535
437 566
437 832
437 882
439 651
439 699
439 790
440 454
440 478
440 590
440 911
440 956
441 667
441 748
441 940
442 605
444 532
444 913
445 699
445 930
446 481
446 704
448 474
448 585
448 685
449 522
449 650
449 684
449 712
449 788
450 844
450 974
451 812
451 994
452 953
453 620
453 735
454 840
455 804
456 530
456 777
456 800
459 514
459 659
459 707
459 892
460 545
463 844
464 474
464 553
464 563
464 731
464 752
465 516
465 537
465 599
465 890
466 514
466 613
467 608
467 862
468 730
469 498
470 688
470 736
471 513
472 548
472 616
472 631
472 646
472 726
472 871
472 955
472 962
473 542
474 754
475 658
475 923
477 713
477 989
478 786
479 724
480 762
480 809
481 684
482 597
482 760
483 847
483 873
484 694
484 768
485 490
485 720
486 763
487 741
487 745
487 853
487 857
489 758
490 500
490 585
490 649
490 871
490 886
492 864
495 775
497 798
497 850
497 878
497 905
498 591
498 977
499 521
500 794
501 769
502 544
502 879
503 894
504 868
505 979
506 690
508 566
508 786
508 810
509 813
509 930
509 942
511 915
512 547
512 561
512 709
512 795
512 992
513 908
514 791
516 572
517 654
518 701
519 544
519 656
519 803
519 951
520 826
520 858
521 898
524 611
526 711
527 543
527 568
527 668
527 728
529 628
530 633
530 759
530 954
530 974
531 573
531 677
534 646
535 758
537 827
538 562
538 737
539 597
540 554
542 584
544 895
545 936
546 573
546 691
546 882
547 825
548 948
549 604
549 713
549 826
549 849
549 948
549 983
550 934
552 764
554 609
554 685
554 700
554 774
554 902
557 703
558 742
558 999
559 659
559 778
559 852
559 990
560 731
561 589
561 812
562 644
563 702
563 881
565 718
565 807
565 835
566 593
566 882
568 619
569 765
571 989
572 577
572 598
572 607
572 630
573 648
573 659
573 842
576 769
576 861
576 875
578 601
578 959
578 971
579 724
580 740
581 730
581 925
582 608
584 864
590 727
590 773
591 981
592 650
592 916
594 823
594 994
597 757
603 632
603 722
603 885
603 949
604 913
605 640
605 868
606 639
610 647
610 694
611 877
611 920
612 719
612 883
612 993
613 933
614 769
614 872
617 884
618 834
619 909
621 964
622 926
624 683
625 948
626 861
627 709
629 710
629 842
630 680
630 951
631 694
631 714
631 734
631 781
632 759
632 918
633 815
633 918
633 922
636 813
637 665
638 815
641 806
642 715
642 731
642 818
643 679
643 938
644 725
645 943
645 969
647 666
647 693
647 708
647 762
652 833
653 945
655 657
656 838
658 789
658 895
662 692
662 859
663 766
666 802
666 850
667 686
667 867
667 903
667 995
668 831
668 997
669 988
670 707
670 886
671 720
671 737
672 741
672 991
673 755
673 980
675 888
676 814
677 702
677 827
677 972
681 695
685 740
685 862
687 903
688 721
691 774
694 759
695 970
696 725
703 887
705 870
705 889
707 814
711 854
712 831
716 806
716 884
716 976
717 851
719 846
721 799
721 879
722 729
722 746
722 915
723 891
725 730
726 793
728 938
729 810
730 755
730 934
731 832
732 865
736 776
736 868
737 810
737 835
738 821
738 839
739 807
739 811
739 813
739 956
739 978
740 809
741 789
741 941
741 990
742 754
746 939
746 981
747 763
747 811
753 806
753 983
754 810
758 973
759 784
759 954
762 786
762 829
763 785
763 872
765 888
768 944
768 966
770 853
774 992
778 858
783 805
785 890
786 837
786 937
790 843
790 982
791 824
796 808
796 871
796 938
797 834
797 881
798 941
801 973
802 869
803 855
809 910
815 972
817 927
818 968
822 977
827 829
827 854
833 965
835 893
837 901
837 977
838 875
840 979
850 944
850 957
853 970
855 897
856 961
862 998
864 906
870 980
891 917
900 920
907 956
907 961
911 919
918 928
918 949
919 988
923 925
923 985
924 928
953 984
957 973
970 989
