0 1
0 2
0 3
0 4
0 5
0 6
0 7
0 15
0 17
0 19
0 22
0 24
0 48
0 55
0 58
0 62
0 65
0 81
0 100
0 149
0 175
0 194
0 237
0 267
0 291
0 376
0 382
0 388
0 405
0 430
0 438
0 478
0 526
0 558
0 594
0 622
0 636
0 643
0 657
0 666
0 680
0 700
0 714
0 718
0 735
0 758
0 894
0 914
0 916
0 926
0 977
1 4
1 5
1 6
1 7
1 8
1 14
1 25
1 26
1 35
1 39
1 41
1 51
1 57
1 81
1 82
1 95
1 101
1 103
1 150
1 155
1 159
1 181
1 197
1 202
1 214
1 222
1 237
1 255
1 294
1 350
1 360
1 424
1 465
1 488
1 512
1 526
1 547
1 692
1 755
1 805
1 951
1 975
1 989
2 4
2 5
2 8
2 9
2 23
2 25
2 28
2 38
2 44
2 46
2 55
2 59
2 64
2 72
2 75
2 82
2 86
2 87
2 95
2 100
2 101
2 104
2 120
2 148
2 192
2 228
2 238
2 257
2 286
2 301
2 333
2 338
2 348
2 355
2 381
2 389
2 390
2 458
2 487
2 528
2 536
2 537
2 550
2 564
2 579
2 606
2 622
2 650
2 675
2 676
2 694
2 722
2 779
2 796
2 838
2 862
2 938
2 974
2 997
3 10
3 23
3 45
3 115
3 244
3 337
3 376
3 390
3 406
3 552
3 561
3 581
3 596
4 6
4 12
4 15
4 27
4 35
4 38
4 43
4 48
4 58
4 60
4 61
4 64
4 71
4 74
4 75
4 88
4 102
4 103
4 116
4 126
4 131
4 144
4 147
4 152
4 154
4 163
4 184
4 194
4 208
4 213
4 219
4 231
4 296
4 299
4 302
4 315
4 351
4 352
4 365
4 410
4 460
4 470
4 476
4 479
4 489
4 496
4 531
4 565
4 658
4 692
4 699
4 731
4 757
4 823
4 827
4 830
4 832
4 868
4 932
4 979
4 980
5 7
5 12
5 14
5 15
5 18
5 25
5 27
5 32
5 34
5 50
5 67
5 88
5 102
5 158
5 186
5 209
5 216
5 246
5 272
5 296
5 387
5 440
5 442
5 597
5 658
5 662
5 702
5 733
5 793
5 866
5 876
5 962
5 976
6 8
6 9
6 11
6 13
6 16
6 17
6 22
6 24
6 27
6 29
6 34
6 42
6 49
6 50
6 57
6 60
6 67
6 79
6 84
6 93
6 94
6 102
6 122
6 147
6 149
6 167
6 168
6 170
6 184
6 185
6 211
6 214
6 223
6 242
6 296
6 310
6 355
6 365
6 383
6 389
6 440
6 445
6 456
6 483
6 524
6 536
6 578
6 597
6 598
6 612
6 644
6 669
6 683
6 750
6 762
6 767
6 798
6 828
6 839
6 893
6 956
6 973
6 994
7 11
7 18
7 19
7 31
7 53
7 55
7 59
7 65
7 84
7 105
7 148
7 153
7 171
7 172
7 251
7 255
7 291
7 320
7 321
7 330
7 359
7 422
7 451
7 532
7 546
7 554
7 591
7 637
7 645
7 677
7 728
7 746
7 769
7 772
7 884
7 962
7 971
7 993
8 9
8 10
8 14
8 38
8 40
8 42
8 63
8 64
8 68
8 77
8 79
8 91
8 111
8 135
8 150
8 162
8 167
8 169
8 229
8 235
8 241
8 329
8 411
8 426
8 453
8 503
8 508
8 604
8 607
8 608
8 688
8 703
8 709
8 729
8 733
8 754
8 785
8 831
8 851
8 922
8 974
9 10
9 13
9 16
9 21
9 54
9 61
9 86
9 92
9 128
9 129
9 157
9 163
9 172
9 180
9 209
9 253
9 271
9 303
9 340
9 369
9 379
9 428
9 429
9 438
9 457
9 553
9 557
9 581
9 615
9 632
9 641
9 682
9 705
9 761
9 818
9 833
9 861
9 928
9 952
9 968
10 11
10 12
10 13
10 19
10 28
10 30
10 33
10 41
10 47
10 49
10 53
10 56
10 76
10 90
10 104
10 118
10 129
10 184
10 203
10 214
10 247
10 278
10 288
10 295
10 306
10 362
10 385
10 410
10 417
10 453
10 471
10 475
10 500
10 512
10 513
10 561
10 564
10 582
10 591
10 689
10 704
10 732
10 824
10 917
10 977
10 990
10 998
11 16
11 20
11 30
11 36
11 42
11 74
11 85
11 86
11 90
11 92
11 98
11 99
11 111
11 112
11 127
11 160
11 161
11 164
11 171
11 189
11 198
11 204
11 218
11 224
11 225
11 233
11 234
11 245
11 251
11 327
11 342
11 348
11 350
11 398
11 416
11 421
11 429
11 430
11 454
11 474
11 499
11 507
11 509
11 519
11 555
11 588
11 620
11 623
11 682
11 713
11 736
11 803
11 875
11 886
11 901
11 933
11 940
11 948
11 955
11 988
12 58
12 73
12 112
12 113
12 130
12 140
12 212
12 293
12 513
12 853
12 972
13 20
13 52
13 66
13 71
13 74
13 91
13 104
13 117
13 133
13 151
13 166
13 206
13 262
13 275
13 310
13 321
13 366
13 445
13 462
13 506
13 510
13 539
13 629
13 653
13 811
13 830
13 849
13 871
13 979
14 17
14 21
14 22
14 33
14 118
14 126
14 151
14 180
14 262
14 298
14 405
14 412
14 461
14 491
14 533
14 571
14 684
14 716
14 883
14 930
15 18
15 31
15 133
15 137
15 141
15 160
15 190
15 217
15 483
15 549
15 660
15 681
15 723
15 947
16 20
16 24
16 29
16 39
16 40
16 41
16 43
16 46
16 61
16 80
16 83
16 106
16 123
16 131
16 141
16 169
16 200
16 208
16 239
16 243
16 274
16 285
16 347
16 349
16 414
16 468
16 550
16 606
16 608
16 609
16 671
16 693
16 734
16 761
16 766
16 774
16 787
16 941
16 945
16 984
17 23
17 89
17 93
17 114
17 116
17 129
17 152
17 199
17 234
17 271
17 284
17 387
17 419
17 421
17 565
17 631
17 633
17 664
17 693
17 721
17 748
17 749
17 770
17 811
18 47
18 57
18 63
18 87
18 109
18 110
18 169
18 188
18 195
18 205
18 222
18 249
18 264
18 379
18 434
18 458
18 528
18 570
18 749
18 798
18 995
19 26
19 32
19 50
19 51
19 107
19 115
19 252
19 431
19 448
19 480
19 613
20 21
20 29
20 35
20 36
20 37
20 81
20 156
20 182
20 199
20 257
20 357
20 391
20 797
20 842
20 862
20 863
21 26
21 30
21 40
21 83
21 94
21 103
21 110
21 112
21 119
21 170
21 175
21 178
21 212
21 263
21 292
21 320
21 326
21 343
21 409
21 484
21 504
21 514
21 553
21 575
21 584
21 598
21 616
21 640
21 650
21 665
21 678
21 818
21 988
22 33
22 80
22 97
22 243
22 706
23 138
23 240
23 557
24 48
24 68
24 78
24 97
24 117
24 136
24 243
24 244
24 256
24 301
24 326
24 329
24 344
24 370
24 395
24 449
24 477
24 505
24 866
25 28
25 32
25 34
25 37
25 54
25 127
25 133
25 139
25 250
25 253
25 436
25 516
25 544
25 695
25 758
25 823
25 827
25 876
25 985
25 991
26 46
26 89
26 109
26 113
26 161
26 263
26 270
26 336
26 374
26 398
26 457
26 806
27 36
27 45
27 139
27 175
27 205
27 392
28 31
28 56
28 80
28 107
28 235
28 240
28 254
28 356
28 359
28 486
28 527
28 601
28 614
28 677
28 740
28 743
29 60
29 119
29 124
29 130
29 158
29 234
29 280
29 285
29 301
29 315
29 429
29 523
29 629
29 846
29 991
30 52
30 340
30 403
30 806
30 850
31 100
31 111
31 185
31 660
31 825
31 923
31 952
31 996
32 44
32 70
32 119
32 819
32 900
33 54
33 166
33 168
33 223
33 251
33 257
33 305
33 338
33 351
33 529
33 600
33 661
33 728
33 766
33 872
33 887
33 892
33 909
34 465
34 757
35 37
35 51
35 65
35 78
35 97
35 122
35 124
35 139
35 227
35 258
35 287
35 322
35 400
35 562
35 631
35 727
35 747
35 817
35 872
36 39
36 85
36 164
36 200
36 213
36 548
36 575
36 829
36 931
36 945
37 277
37 517
37 519
37 669
37 786
37 850
37 942
37 998
38 96
38 142
38 370
38 397
38 413
38 758
38 882
39 44
39 106
39 125
39 181
39 210
39 261
39 521
39 705
39 920
40 89
40 287
40 289
40 349
40 372
40 380
40 401
40 463
40 548
40 556
40 687
40 762
40 860
40 914
40 938
40 983
41 76
41 88
41 90
41 136
41 222
41 281
41 289
41 308
41 398
41 443
41 467
41 523
41 534
41 699
41 785
41 891
42 43
42 108
42 128
42 162
42 305
42 330
42 341
42 445
42 447
42 469
42 856
42 947
43 45
43 49
43 138
43 140
43 267
43 537
43 701
43 721
43 775
43 815
43 901
44 53
44 82
44 107
44 174
44 187
44 224
44 259
44 311
44 349
44 434
44 486
44 532
44 575
44 620
44 670
44 755
44 815
44 854
44 903
44 943
44 993
45 62
45 115
45 132
45 134
45 145
45 162
45 182
45 201
45 203
45 221
45 244
45 297
45 299
45 307
45 343
45 382
45 385
45 481
45 511
45 541
45 718
45 834
45 977
46 47
46 99
46 134
46 170
46 191
46 235
46 303
46 527
46 577
46 635
46 821
46 822
47 52
47 67
47 420
47 773
47 777
47 852
47 895
47 963
48 128
48 260
48 315
48 498
48 791
48 961
49 110
49 319
49 388
49 456
50 73
50 148
50 242
50 377
50 397
50 521
50 651
50 768
51 56
51 130
51 185
51 283
51 312
51 371
51 373
51 384
51 385
51 415
51 431
51 463
51 479
51 549
51 911
51 976
52 69
52 72
52 96
52 647
53 62
53 143
53 174
53 230
53 275
53 291
53 294
53 328
53 361
53 499
53 508
53 628
53 647
53 784
53 861
54 75
54 121
54 143
54 179
54 224
54 242
54 272
54 277
54 360
54 394
54 402
54 578
54 612
54 621
54 640
54 673
54 680
54 688
54 739
54 741
54 764
55 59
55 68
55 468
55 514
55 595
55 597
55 660
55 734
55 764
56 71
56 78
56 98
56 178
56 182
56 215
56 217
56 279
56 304
56 395
56 413
56 415
56 469
56 638
56 774
56 849
56 969
57 63
57 73
57 94
57 108
57 117
57 118
57 120
57 127
57 160
57 189
57 193
57 343
57 407
57 419
57 482
57 573
57 655
57 690
57 749
57 973
58 70
58 106
58 221
58 248
58 262
58 316
58 334
58 374
58 447
58 489
58 571
58 616
58 844
58 903
59 66
59 132
59 172
59 207
59 220
59 258
59 272
59 358
59 367
59 572
59 754
59 835
59 902
60 76
60 143
60 195
60 469
60 707
61 69
61 84
61 116
61 120
61 177
61 194
61 218
61 225
61 232
61 260
61 268
61 317
61 329
61 425
61 470
61 519
61 563
61 632
61 652
61 679
61 704
61 744
61 752
61 796
61 807
61 841
61 871
61 910
61 942
61 950
62 79
62 92
62 132
62 154
62 207
62 209
62 217
62 227
62 233
62 282
62 332
62 422
62 569
62 601
62 617
62 738
62 780
62 788
62 817
62 832
62 837
63 69
63 70
63 77
63 93
63 113
63 166
63 181
63 238
63 266
63 279
63 290
63 351
63 992
64 122
64 195
64 356
64 375
64 444
64 464
64 535
64 726
65 66
65 177
65 253
65 488
65 663
65 757
65 899
66 121
66 138
66 145
66 165
66 225
66 236
66 380
66 702
66 953
67 180
67 261
67 316
67 327
67 360
67 403
67 439
67 493
67 503
67 525
67 552
67 556
67 839
67 869
67 930
68 146
68 260
68 326
68 594
69 109
69 441
69 460
69 619
69 626
69 793
69 874
70 105
70 135
70 161
70 179
70 230
70 295
70 386
70 463
70 497
70 626
70 654
70 783
70 995
71 72
71 77
71 123
71 131
71 141
71 146
71 153
71 188
71 204
71 216
71 231
71 236
71 304
71 309
71 311
71 323
71 352
71 354
71 378
71 408
71 422
71 427
71 437
71 500
71 567
71 568
71 609
71 629
71 648
71 672
71 676
71 690
71 703
71 734
71 738
71 786
71 838
71 911
71 934
72 135
72 229
72 440
72 462
72 779
72 856
73 83
73 87
73 114
73 126
73 145
73 183
73 248
73 273
73 334
73 430
73 528
73 539
73 579
73 782
73 890
73 935
73 964
74 155
74 156
74 332
74 387
74 684
74 753
74 802
75 96
75 98
75 155
75 282
75 318
75 319
75 401
75 414
75 551
75 576
75 728
75 848
75 869
75 871
75 973
76 671
77 85
77 101
77 137
77 171
77 278
77 368
77 473
77 583
77 598
77 620
77 636
77 645
77 654
77 760
77 836
77 932
78 91
78 105
78 246
78 286
78 353
78 664
78 864
79 208
79 435
79 962
80 763
80 875
81 264
81 537
81 751
81 789
81 845
81 964
82 144
82 168
82 211
82 303
82 323
82 336
82 357
82 361
82 683
82 738
83 487
84 165
84 223
84 283
84 284
84 313
84 470
84 473
84 688
84 979
85 193
85 610
86 449
86 581
86 810
87 176
87 492
88 125
88 264
88 265
88 328
88 656
88 689
88 759
88 888
89 317
89 392
89 441
89 452
89 460
89 560
89 602
89 606
89 710
89 939
89 951
89 960
89 985
90 642
90 727
90 816
90 854
91 95
91 459
91 471
91 567
91 996
92 99
92 300
92 433
92 739
92 924
93 157
93 285
93 369
93 498
93 566
93 592
93 659
93 817
93 858
93 909
93 948
93 985
94 190
94 201
94 367
94 428
94 467
94 559
94 580
94 665
94 741
94 781
95 125
95 147
95 153
95 176
95 187
95 190
95 215
95 308
95 314
95 373
95 426
95 637
95 696
95 742
95 840
95 880
96 210
96 353
96 540
96 779
97 174
97 298
97 325
97 896
98 256
99 269
99 283
99 292
99 384
99 432
99 506
99 742
99 873
100 121
100 123
100 142
100 199
100 276
100 352
100 450
100 472
100 515
100 568
100 656
101 150
101 157
101 423
101 559
101 615
101 708
101 712
101 731
101 877
101 905
101 931
102 114
102 142
102 158
102 229
102 252
102 284
102 288
102 335
102 363
102 494
102 535
102 540
102 596
102 601
102 603
102 628
102 681
102 725
102 842
103 159
103 276
103 304
103 316
103 324
103 339
103 364
103 396
103 400
103 415
103 476
104 191
104 258
104 333
104 584
105 328
105 531
105 724
106 192
106 219
106 239
106 269
106 454
106 573
106 778
106 794
107 108
107 152
107 325
107 339
107 639
107 826
107 946
108 510
108 668
108 722
108 763
108 844
108 891
108 926
109 233
109 700
109 706
109 900
110 228
110 345
110 657
110 815
111 706
112 137
112 189
112 196
112 202
112 212
112 417
112 545
112 566
112 730
112 767
112 777
112 794
112 922
113 404
113 736
113 961
114 198
114 226
114 333
114 363
114 785
114 878
114 984
115 183
116 151
116 159
116 165
116 281
116 290
116 853
117 366
117 808
117 984
118 124
118 245
118 373
118 492
118 712
119 220
119 274
119 730
119 858
120 471
120 480
120 605
120 687
120 698
121 268
121 273
121 318
121 344
121 452
121 523
121 665
121 709
121 927
122 173
122 248
122 353
122 466
122 746
122 790
122 897
122 944
123 176
123 213
123 368
123 624
123 737
123 879
124 204
124 300
124 593
125 377
126 173
127 186
127 232
127 444
127 465
127 507
127 543
127 647
127 908
128 286
128 358
128 678
128 812
128 940
129 555
129 883
130 179
130 216
130 232
130 322
130 369
130 388
130 595
130 855
130 904
131 136
131 140
131 156
131 187
131 201
131 905
132 183
132 186
132 670
133 134
133 188
133 202
133 241
133 412
133 459
133 638
133 652
133 978
134 401
136 230
136 686
136 769
136 910
136 943
137 144
137 249
137 364
137 549
137 819
137 847
138 247
138 254
138 281
138 287
138 332
138 375
138 428
138 442
138 446
138 530
138 569
138 590
138 725
138 748
138 759
138 787
139 206
139 219
139 416
140 462
141 149
141 197
141 298
141 627
141 747
143 146
143 154
143 227
143 515
145 582
146 198
146 207
146 259
146 436
146 495
146 571
146 651
146 743
147 178
147 409
147 455
147 556
148 279
148 309
148 425
149 164
149 215
149 497
149 558
149 600
149 655
149 814
149 895
149 982
150 177
150 196
150 273
150 432
151 163
151 211
151 323
151 399
151 494
151 525
151 586
151 990
152 340
152 347
152 400
152 744
153 221
153 270
153 366
153 533
153 780
154 331
154 522
154 936
154 946
155 612
155 898
155 916
155 958
156 278
156 370
156 394
156 424
156 547
156 887
159 240
159 394
159 605
159 849
160 196
160 341
160 391
160 599
160 685
160 717
160 753
160 809
160 867
161 439
161 513
161 572
161 595
161 646
161 662
162 282
162 365
162 411
162 466
162 521
162 613
162 621
162 668
162 701
162 865
162 900
163 205
163 226
163 855
163 957
164 255
164 416
165 173
165 302
165 478
165 580
165 709
165 724
166 167
166 228
166 275
166 311
166 517
166 592
166 859
167 191
167 193
167 236
167 266
167 334
167 494
167 550
167 670
167 786
167 916
167 935
168 313
169 254
169 341
169 350
169 361
169 674
170 310
170 737
171 238
171 406
171 569
171 908
171 967
172 402
172 478
172 500
172 790
172 800
172 867
173 226
173 252
173 306
173 489
173 490
173 517
173 765
173 770
173 884
173 917
173 937
173 994
174 266
174 451
174 482
174 495
174 596
174 697
174 769
175 481
176 239
176 721
176 818
176 907
177 378
177 427
177 766
177 846
178 245
178 294
178 448
178 535
178 618
179 393
179 530
179 663
179 848
180 203
180 859
181 404
181 434
181 511
181 582
181 583
181 714
181 798
182 724
183 335
183 502
183 860
184 271
184 355
184 447
184 593
184 737
185 197
185 206
185 347
185 381
185 383
185 539
185 855
186 280
186 746
186 846
187 378
187 384
187 438
188 435
189 993
190 192
190 276
190 297
190 371
190 418
190 600
190 788
190 898
190 958
191 801
192 314
192 354
192 727
192 768
192 787
192 933
193 312
193 588
194 200
194 241
194 270
194 302
194 496
194 508
194 529
194 603
194 619
195 533
195 611
195 933
196 247
196 348
196 354
196 367
196 485
196 799
197 338
197 397
197 402
197 414
197 584
197 852
197 963
198 218
198 256
198 307
198 921
198 930
199 288
199 399
199 585
200 363
200 472
200 541
200 858
200 882
202 626
202 638
202 725
202 736
203 502
204 381
204 879
204 884
205 377
205 693
206 210
206 293
206 322
206 684
206 698
206 778
206 809
207 735
208 335
208 485
208 491
208 587
208 771
209 261
209 289
209 644
209 824
209 970
210 265
210 290
210 324
210 331
210 337
210 374
210 686
210 713
210 954
211 259
211 317
212 231
212 237
212 265
212 405
212 756
213 813
213 897
214 477
215 249
215 263
215 274
215 280
215 292
215 321
215 364
215 368
215 412
215 420
215 501
215 593
215 711
215 726
215 804
215 914
216 305
216 443
216 607
216 722
216 832
216 850
218 220
218 794
218 799
220 439
220 574
220 910
221 970
222 590
222 906
223 464
223 939
223 987
224 576
225 857
226 246
226 313
226 511
226 708
226 881
227 346
227 403
227 431
227 492
228 506
229 297
229 356
229 358
229 833
231 675
231 988
232 767
232 778
232 795
232 918
233 268
233 299
233 300
233 320
233 389
233 391
233 433
233 524
233 888
233 928
234 267
234 444
234 475
236 509
236 761
237 491
237 566
237 568
237 694
237 816
238 719
238 808
239 418
239 507
239 574
239 645
240 308
240 437
240 450
240 457
240 692
240 862
241 379
241 633
241 801
242 655
242 917
243 659
246 250
246 362
246 518
246 732
246 915
247 821
247 845
247 925
248 269
248 417
248 509
249 250
249 306
249 499
249 642
250 330
250 396
250 435
250 555
250 649
250 752
251 314
251 532
251 691
252 346
252 455
252 485
252 554
252 589
252 820
252 982
253 312
253 579
253 696
253 809
254 413
254 453
254 526
254 538
254 648
254 895
254 950
255 437
255 502
255 504
255 530
255 604
255 971
256 919
257 344
257 475
257 729
257 739
257 765
258 661
260 667
260 705
261 390
261 392
261 505
261 776
261 824
262 834
263 319
263 675
263 717
263 804
265 386
265 406
265 907
266 872
266 983
267 277
267 640
268 293
268 324
268 336
268 504
268 536
268 594
269 520
269 613
270 695
270 839
270 857
271 448
271 605
272 903
274 544
275 522
276 474
277 710
278 346
278 592
278 680
278 726
279 307
279 309
279 425
279 451
279 666
280 484
280 649
280 656
280 915
281 382
283 776
284 339
284 395
284 516
284 658
284 719
284 730
286 372
286 679
289 295
289 325
289 795
289 953
290 345
290 560
291 583
291 876
292 591
292 924
293 421
293 822
294 456
294 542
294 974
295 342
295 527
295 636
295 664
295 750
295 830
297 487
297 696
298 944
299 327
299 529
299 644
299 773
299 812
301 337
301 622
301 624
301 745
301 851
303 331
303 409
303 496
303 586
303 708
303 732
303 925
304 649
305 383
305 466
305 531
305 966
305 968
306 483
307 682
308 949
308 991
309 418
309 646
309 770
310 432
310 710
311 615
312 318
312 452
312 505
314 932
315 488
315 590
318 986
319 419
319 643
319 704
319 751
320 393
323 420
323 455
323 546
323 561
323 589
324 371
324 877
325 497
325 543
325 663
325 812
326 459
326 772
327 627
327 750
328 450
328 723
328 951
329 578
330 345
330 380
333 375
334 342
334 410
334 602
334 603
334 694
334 893
335 516
335 841
336 408
336 493
336 540
336 808
336 923
337 436
337 641
338 512
339 691
340 836
341 442
342 362
342 870
342 949
343 788
343 992
345 958
346 357
346 587
346 599
346 634
346 784
346 891
346 981
347 585
347 697
349 407
349 461
349 843
350 446
350 480
350 558
350 686
350 773
350 843
350 889
350 911
350 919
350 931
351 411
351 756
351 845
352 359
352 691
352 802
353 427
353 433
353 608
354 551
354 944
355 957
356 461
356 493
356 525
357 673
357 814
359 396
359 548
359 771
360 393
360 744
360 999
361 870
363 623
363 701
363 720
365 376
365 490
365 503
367 481
367 625
367 707
367 902
368 372
368 479
368 587
368 959
369 880
370 971
371 865
373 386
373 538
375 553
376 472
376 614
376 661
376 851
378 474
378 614
379 404
379 408
379 577
379 909
380 423
380 689
382 407
382 467
383 800
383 829
383 967
384 687
385 650
385 841
386 547
387 441
388 565
389 486
390 399
390 617
390 652
391 542
393 563
395 424
395 458
395 482
395 604
395 646
395 699
395 836
396 520
399 426
399 538
399 543
400 781
402 443
403 731
403 759
404 797
405 674
405 755
405 847
405 906
406 715
406 919
407 937
408 747
409 476
409 501
409 552
410 545
410 735
410 792
410 864
410 959
411 776
413 966
414 464
415 449
415 484
415 837
416 520
418 562
418 840
419 585
419 610
421 515
421 607
421 899
421 940
422 423
423 707
423 913
424 524
424 717
425 572
425 624
425 989
426 627
427 642
427 885
428 751
429 792
429 897
430 554
430 570
430 632
430 741
431 534
431 639
432 729
434 446
434 468
437 518
437 551
437 810
438 754
439 945
440 924
440 975
441 927
443 574
443 907
444 762
445 544
445 954
446 703
446 854
446 965
447 477
447 490
447 567
447 863
447 870
447 896
447 929
447 983
450 454
450 541
450 695
450 719
450 869
450 970
451 619
452 673
453 577
454 805
455 956
456 890
457 669
457 842
458 672
458 822
459 586
459 625
459 700
460 639
461 498
462 814
462 898
462 986
463 668
463 685
464 473
464 545
464 740
464 825
464 873
464 968
466 791
466 811
468 960
469 546
469 580
469 609
470 495
470 618
470 733
472 889
473 936
474 740
474 965
475 641
478 518
478 929
479 825
480 559
480 634
480 947
482 859
489 942
490 560
492 501
492 599
492 630
492 821
493 542
493 711
493 797
493 881
494 978
495 522
495 635
495 893
496 573
496 920
497 905
497 927
498 616
498 617
498 803
498 813
498 908
500 716
500 955
503 651
503 782
504 562
504 965
505 702
505 868
505 875
507 510
507 514
507 662
507 666
507 764
507 810
507 860
507 877
509 697
510 901
512 618
513 631
513 980
518 679
519 990
520 775
523 625
524 807
525 771
526 671
526 796
528 563
528 685
528 938
531 886
532 534
532 610
535 803
536 576
536 793
536 802
538 654
538 827
539 723
539 874
539 915
540 557
540 635
543 966
544 950
545 837
549 621
549 763
552 742
553 611
553 653
553 711
553 874
554 589
555 715
555 806
556 777
558 852
560 633
560 760
561 564
561 828
564 672
564 844
564 881
564 975
565 602
565 643
567 683
568 570
568 588
568 838
568 904
569 623
569 752
569 925
570 690
570 800
571 628
572 637
573 713
573 880
573 885
575 801
577 863
582 833
586 775
586 957
593 913
595 784
597 634
597 720
598 667
598 678
602 807
603 630
603 648
603 714
603 799
603 820
603 887
605 789
605 819
608 611
610 888
611 720
611 826
616 935
617 657
617 831
617 980
618 659
618 972
619 630
621 745
621 999
624 676
624 886
625 681
626 986
629 883
631 718
631 753
631 964
632 667
635 653
635 823
639 835
641 834
642 792
643 878
643 961
645 748
646 783
647 889
647 896
648 805
649 828
649 894
651 848
652 677
652 782
654 997
660 894
662 674
665 989
671 698
671 831
671 879
671 912
673 873
674 928
677 960
678 774
681 716
681 756
681 902
686 765
686 867
688 760
691 712
693 929
694 829
695 813
701 866
704 963
705 948
706 789
708 768
709 890
712 853
713 715
716 745
716 820
716 987
718 743
721 981
726 843
736 955
738 892
739 878
739 912
740 906
741 826
741 952
742 885
742 969
743 816
747 934
748 781
749 790
749 795
749 976
750 953
750 954
752 772
754 892
759 780
761 865
765 937
767 943
770 804
771 918
772 791
773 783
773 856
775 923
776 972
784 922
787 996
788 969
790 840
790 882
793 847
793 857
793 913
803 912
810 987
821 861
823 920
833 946
834 835
836 904
836 926
837 936
837 956
837 978
837 997
840 934
841 864
842 868
842 995
848 921
858 899
865 949
867 999
876 918
876 967
877 981
884 921
887 941
887 998
894 939
900 941
926 994
944 959
978 982
991 992
