0 1
0 2
0 3
0 4
0 5
0 8
0 10
0 23
0 27
0 33
0 35
0 37
0 48
0 82
0 95
1 4
1 5
1 11
1 13
1 21
1 22
1 26
1 31
1 32
1 37
1 47
1 48
1 55
1 56
1 93
1 96
1 97
1 98
1 99
2 6
2 8
2 14
2 15
2 36
2 66
2 96
3 4
3 7
3 10
3 12
3 17
3 20
3 24
3 32
3 35
3 43
3 50
3 69
3 82
3 84
4 5
4 6
4 7
4 9
4 20
4 24
4 28
4 29
4 32
4 37
4 38
4 42
4 58
4 61
4 67
4 76
4 81
4 84
4 94
5 6
5 7
5 9
5 10
5 11
5 16
5 17
5 18
5 20
5 21
5 22
5 25
5 26
5 28
5 29
5 33
5 38
5 39
5 42
5 43
5 44
5 51
5 52
5 58
5 60
5 63
5 73
5 78
5 81
5 90
6 8
6 9
6 11
6 12
6 13
6 15
6 18
6 19
6 25
6 31
6 51
6 80
7 69
7 95
8 17
9 13
9 15
9 16
9 24
9 36
9 38
9 40
9 44
9 48
9 50
9 51
9 59
9 68
9 72
9 76
9 78
9 89
10 18
10 22
10 23
10 30
10 39
10 57
10 58
10 64
10 72
10 73
10 77
10 79
10 99
11 12
11 14
11 21
11 64
11 75
11 87
12 28
12 33
12 67
12 85
13 14
13 19
13 31
13 36
13 98
14 16
14 35
14 55
15 62
15 65
15 88
15 89
15 92
17 19
17 40
17 46
17 68
17 87
18 27
18 56
18 62
18 92
19 27
19 29
19 46
19 77
19 86
19 93
19 95
20 59
21 23
21 60
21 70
22 25
22 26
22 41
22 61
23 34
24 34
24 41
24 57
24 75
24 96
25 30
25 49
25 50
25 55
26 30
26 40
26 73
26 80
26 83
26 91
27 39
27 63
27 66
27 91
28 44
28 64
29 54
29 59
29 61
29 74
30 75
31 34
31 42
31 47
31 57
31 85
32 45
32 47
32 49
32 54
32 74
32 81
33 45
33 46
33 84
33 88
35 68
35 69
35 83
35 85
36 70
36 71
36 72
36 97
38 53
38 65
39 41
39 45
39 49
39 52
39 56
40 43
40 79
42 52
43 71
43 83
46 53
46 66
47 88
47 94
48 77
49 54
49 86
49 93
50 53
50 60
50 67
51 70
51 86
51 89
52 62
55 63
55 74
56 71
56 78
58 76
59 79
61 80
62 91
63 65
63 82
72 98
73 90
76 94
79 90
79 97
82 99
83 87
83 92
