0 1
0 2
0 3
0 4
0 5
0 9
0 12
0 13
0 17
0 19
0 20
0 23
0 24
0 27
0 36
0 38
0 39
0 43
0 45
0 46
0 48
0 52
0 53
0 54
0 56
0 57
0 61
0 68
0 69
0 71
0 87
0 97
1 5
1 6
1 7
1 8
1 9
1 10
1 17
1 21
1 22
1 25
1 31
1 35
1 39
1 40
1 41
1 49
1 56
1 60
1 61
1 65
1 68
1 69
1 74
1 75
1 80
2 5
2 16
2 18
2 30
2 36
2 72
2 83
2 84
3 6
3 7
3 12
3 21
3 37
3 64
3 65
4 5
4 6
4 8
4 9
4 10
4 11
4 13
4 14
4 15
4 28
4 31
4 37
4 50
4 69
4 70
4 88
4 92
5 6
5 7
5 8
5 9
5 10
5 15
5 19
5 21
5 23
5 26
5 27
5 31
5 34
5 40
5 47
5 52
5 64
5 65
5 67
5 72
5 73
5 78
5 87
5 91
5 97
6 7
6 8
6 10
6 11
6 12
6 15
6 16
6 18
6 19
6 20
6 22
6 23
6 26
6 30
6 36
6 44
6 45
6 47
6 49
6 58
6 60
6 71
6 79
6 88
6 98
7 11
7 14
7 20
7 24
7 25
7 27
7 29
7 30
7 34
7 38
7 42
7 51
7 53
7 55
7 71
7 77
7 89
7 90
7 92
7 98
8 11
8 14
8 16
8 33
8 45
8 50
8 55
8 76
9 13
9 16
9 42
9 48
9 53
9 72
9 74
9 83
10 17
10 18
11 12
11 18
11 20
11 21
11 22
11 33
11 34
11 35
11 50
11 56
11 58
11 59
11 69
11 77
11 78
11 81
11 85
11 86
12 13
12 14
12 28
12 31
12 33
12 38
12 67
12 71
12 75
12 82
12 90
13 15
13 17
13 26
13 28
13 29
13 36
13 41
13 66
13 98
14 29
14 30
14 35
14 52
14 60
14 63
15 19
15 25
15 32
15 33
15 38
15 49
15 51
15 62
15 90
16 24
16 27
16 32
16 63
16 67
16 79
17 23
17 25
17 37
17 43
17 44
17 54
17 58
18 47
18 55
18 65
18 70
18 73
18 75
18 84
18 95
19 24
19 32
19 42
19 44
19 46
19 51
20 22
20 42
20 62
20 73
21 29
21 43
21 47
21 52
21 64
21 73
21 98
22 53
22 59
22 77
22 93
23 26
23 28
23 41
23 66
24 37
24 39
24 59
24 68
24 87
24 89
25 61
25 81
25 91
26 45
26 76
27 46
27 79
28 32
28 43
28 82
29 35
29 48
30 97
31 34
31 40
31 60
31 61
31 63
31 64
31 67
31 99
32 57
33 39
33 50
33 59
33 70
33 82
33 89
34 41
34 62
34 83
35 49
36 66
36 93
37 80
38 40
38 94
39 54
40 51
40 62
41 46
41 82
42 44
42 57
43 54
43 81
45 48
45 57
45 76
47 55
47 88
49 56
49 75
49 87
50 68
50 80
50 85
51 63
52 72
52 95
53 66
53 96
53 99
54 83
57 58
57 74
57 86
57 96
58 78
58 86
59 80
59 94
60 70
61 88
61 96
62 91
63 84
63 85
63 93
64 74
64 99
65 92
67 79
68 76
68 99
69 77
69 86
69 89
71 97
74 78
74 91
74 92
77 95
79 85
80 81
80 94
81 90
82 94
83 84
84 96
89 93
92 95
