0 1
0 2
0 3
0 4
0 5
0 8
0 10
0 19
0 26
0 28
0 30
0 32
0 33
0 39
0 86
1 5
1 7
1 17
1 19
1 22
1 23
1 27
1 40
2 6
2 8
2 9
2 11
2 14
2 15
2 43
2 68
2 81
2 96
3 5
3 6
3 10
3 48
3 52
3 67
4 5
4 6
4 7
4 11
4 27
4 40
4 47
4 73
5 6
5 7
5 8
5 9
5 11
5 12
5 13
5 14
5 15
5 18
5 21
5 24
5 28
5 31
5 33
5 40
5 42
5 46
5 49
5 50
5 57
5 62
5 65
5 71
5 74
5 79
5 84
5 85
5 90
5 94
5 97
5 99
6 7
6 8
6 9
6 10
6 11
6 12
6 13
6 14
6 15
6 16
6 17
6 20
6 26
6 34
6 35
6 47
6 50
6 52
6 53
6 55
6 56
6 57
6 64
6 72
6 76
6 78
6 81
6 88
6 93
7 9
7 10
7 13
7 18
7 22
7 25
7 26
7 28
7 29
7 33
7 37
7 38
7 41
7 43
7 44
7 45
7 50
7 51
7 53
7 56
7 58
7 60
7 68
7 86
8 16
8 23
8 27
8 34
8 56
8 75
8 79
8 98
9 14
9 20
9 21
9 32
9 38
9 80
9 85
9 91
9 99
10 12
10 13
10 16
10 18
10 20
10 22
10 28
10 30
10 32
10 36
10 39
10 42
10 61
10 68
10 82
10 89
10 92
10 96
11 12
11 20
11 21
11 43
11 61
11 68
11 89
12 15
12 16
12 19
12 26
12 38
12 52
12 53
12 63
12 65
12 73
12 83
12 93
13 19
13 23
13 24
13 25
13 29
13 44
13 48
13 49
13 70
14 17
14 69
14 72
14 73
14 75
14 99
15 17
15 18
15 22
15 35
15 37
15 43
15 54
15 57
15 59
15 67
15 87
15 97
16 41
16 59
17 21
17 24
17 27
17 29
17 30
17 31
17 36
17 44
17 45
17 49
17 60
17 66
17 75
17 87
17 88
18 25
18 30
18 63
18 78
18 94
19 24
19 33
19 45
20 23
20 25
20 32
20 35
20 76
20 77
21 42
21 60
22 38
22 52
22 54
22 59
22 62
22 64
22 88
23 46
23 90
24 29
24 35
24 87
25 31
25 36
25 56
25 57
25 64
25 69
25 76
25 88
25 94
26 36
26 41
26 49
26 58
26 66
26 67
26 80
26 81
26 89
27 46
27 70
27 74
28 42
28 92
28 94
29 31
29 37
29 48
29 51
29 55
29 60
29 62
29 64
29 84
29 89
30 34
31 37
31 40
31 41
31 51
31 62
31 69
31 74
31 84
31 86
32 34
32 44
32 47
32 91
33 46
33 63
34 39
34 48
35 45
35 72
35 83
36 65
36 66
37 47
37 58
37 95
38 39
38 51
38 61
38 66
38 77
38 81
38 82
39 67
39 73
40 53
40 78
41 70
41 77
42 55
42 85
43 70
45 50
45 54
45 65
45 78
45 85
45 93
46 54
47 61
47 71
47 72
47 76
47 83
47 84
48 95
48 98
49 71
49 97
50 55
50 58
51 59
51 71
52 87
53 86
53 95
55 80
55 98
58 79
58 92
59 74
59 75
59 82
60 63
60 91
60 93
61 79
63 98
64 69
71 80
72 82
72 97
73 95
75 77
75 96
77 92
79 90
80 96
82 83
82 90
85 99
90 91
