0 1
0 2
0 3
0 4
0 5
0 6
0 7
0 8
0 10
0 12
0 13
0 24
0 34
0 41
0 44
0 49
0 68
0 71
0 86
0 88
0 95
0 98
0 105
0 121
0 135
0 142
0 148
0 152
0 153
0 154
0 161
0 188
0 190
0 200
0 203
0 219
0 228
0 241
0 242
0 254
0 269
0 277
0 287
0 291
0 293
0 313
0 319
0 341
0 356
0 362
0 372
0 437
0 444
0 445
0 493
0 506
0 517
0 520
0 529
0 532
0 550
0 564
0 573
0 575
0 600
0 612
0 643
0 653
0 722
0 728
0 732
0 771
0 793
0 832
0 847
0 915
0 955
0 987
1 3
1 4
1 6
1 12
1 13
1 15
1 18
1 19
1 20
1 22
1 23
1 25
1 26
1 29
1 33
1 39
1 42
1 50
1 56
1 57
1 61
1 62
1 63
1 64
1 67
1 87
1 92
1 99
1 124
1 131
1 133
1 152
1 163
1 169
1 177
1 182
1 191
1 227
1 232
1 243
1 255
1 260
1 286
1 290
1 291
1 294
1 302
1 311
1 316
1 346
1 354
1 358
1 365
1 382
1 396
1 426
1 433
1 442
1 449
1 457
1 463
1 471
1 501
1 514
1 522
1 525
1 526
1 546
1 552
1 597
1 612
1 617
1 670
1 673
1 681
1 688
1 696
1 710
1 737
1 745
1 768
1 795
1 809
1 823
1 831
1 833
1 873
1 885
1 936
1 950
1 978
1 979
1 998
2 5
2 14
2 16
2 38
2 84
2 101
2 106
2 137
2 278
2 438
2 455
2 529
2 611
2 706
2 838
2 851
3 8
3 22
3 27
3 43
3 187
3 197
3 200
3 221
3 239
3 245
3 263
3 298
3 315
3 366
3 436
3 472
3 505
3 508
3 543
3 572
3 599
3 816
3 907
3 925
3 998
4 7
4 9
4 11
4 17
4 19
4 31
4 32
4 35
4 54
4 74
4 98
4 109
4 115
4 135
4 140
4 147
4 166
4 176
4 181
4 206
4 215
4 324
4 360
4 453
4 522
4 525
4 604
4 614
4 629
4 630
4 690
4 714
4 758
4 767
4 785
4 860
4 971
4 976
5 32
5 34
5 77
5 78
5 97
5 143
5 238
5 252
5 284
5 407
5 433
5 449
5 509
5 667
5 859
5 903
5 943
6 110
6 330
6 364
7 9
7 14
7 36
7 40
7 68
7 72
7 75
7 86
7 90
7 120
7 225
7 361
7 376
7 606
7 700
7 750
7 820
7 826
7 860
7 927
8 11
8 40
8 128
8 158
8 212
8 374
8 887
9 10
9 15
9 28
9 78
9 89
9 103
9 108
9 117
9 122
9 125
9 168
9 176
9 248
9 288
9 355
9 469
9 505
9 677
9 690
9 752
9 901
9 904
9 907
9 938
9 956
10 17
10 21
10 29
10 41
10 44
10 47
10 53
10 59
10 69
10 74
10 76
10 94
10 96
10 102
10 120
10 153
10 180
10 188
10 199
10 219
10 244
10 347
10 383
10 460
10 474
10 520
10 544
10 579
10 600
10 608
10 652
10 706
10 738
10 753
10 811
10 828
10 835
10 836
10 925
10 982
11 18
11 36
11 51
11 75
11 100
11 112
11 132
11 133
11 138
11 141
11 173
11 206
11 235
11 261
11 301
11 320
11 322
11 380
11 412
11 442
11 451
11 465
11 636
11 806
11 825
12 53
12 73
12 107
12 171
12 244
12 262
12 545
12 568
12 633
12 662
12 984
13 21
13 23
13 60
13 105
13 136
13 158
13 161
13 191
13 246
13 329
13 338
13 370
13 422
13 448
13 524
13 587
13 654
13 656
13 657
13 710
13 921
14 25
14 28
14 300
14 327
14 335
14 389
14 435
14 456
14 464
14 740
14 855
14 857
14 988
15 16
15 35
15 38
15 52
15 54
15 76
15 77
15 79
15 80
15 83
15 91
15 102
15 125
15 129
15 139
15 144
15 179
15 183
15 189
15 213
15 226
15 298
15 308
15 314
15 330
15 334
15 392
15 439
15 481
15 489
15 502
15 512
15 531
15 592
15 601
15 640
15 694
15 716
15 725
15 765
15 883
15 913
15 937
16 30
16 39
16 64
16 107
16 178
16 205
16 231
16 326
16 390
16 450
16 495
17 20
17 55
18 70
18 81
18 84
18 93
18 124
18 213
18 312
18 418
18 486
18 892
19 45
19 46
19 231
19 377
19 915
20 52
20 106
20 696
20 766
20 986
21 30
21 99
21 193
21 214
21 229
21 308
21 974
22 24
22 27
22 33
22 50
22 66
22 69
22 82
22 90
22 122
22 156
22 170
22 210
22 222
22 296
22 313
22 322
22 332
22 557
22 618
22 619
22 623
22 632
22 671
22 879
22 893
23 26
23 31
23 46
23 47
23 100
23 111
23 162
23 166
23 173
23 201
23 236
23 245
23 283
23 306
23 366
23 374
23 402
23 447
23 482
23 483
23 536
23 549
23 577
23 662
23 728
23 748
23 776
23 795
23 895
23 931
23 935
24 42
24 127
24 271
24 302
24 377
24 420
24 432
24 467
24 565
24 628
25 45
25 91
25 556
27 292
27 316
27 352
27 406
28 37
28 59
28 63
28 89
28 175
28 205
28 221
28 240
28 270
28 273
28 280
28 284
28 382
28 481
28 511
28 558
28 577
28 595
28 605
28 669
28 680
28 883
29 43
29 65
29 304
29 523
29 817
30 51
30 251
30 340
30 470
30 574
30 711
30 760
30 905
31 37
31 71
31 72
31 97
31 149
31 156
31 186
31 215
31 220
31 348
31 421
31 424
31 456
31 473
31 645
31 814
32 142
32 174
32 409
32 928
33 209
33 371
33 399
33 537
33 541
33 649
33 660
33 664
33 751
33 854
33 974
34 83
34 104
34 307
34 360
34 618
34 661
34 707
34 838
34 857
35 131
35 138
35 157
35 172
35 184
35 211
35 318
35 461
35 569
35 712
35 713
35 775
35 821
35 849
35 896
35 993
36 187
36 254
36 317
37 114
37 126
38 487
38 639
38 832
40 65
40 119
40 196
40 201
40 268
40 325
40 657
40 760
40 877
41 140
41 228
41 243
41 581
41 765
42 94
42 112
42 123
42 212
42 265
42 266
42 343
42 685
42 802
42 946
42 948
43 218
43 317
44 48
44 49
44 81
44 118
44 297
44 598
44 686
44 836
45 48
45 175
45 211
45 259
45 402
45 423
45 453
45 485
45 498
45 504
45 702
45 789
45 820
46 145
46 223
46 276
46 318
46 334
46 350
46 390
46 452
46 457
46 620
46 638
47 62
47 80
47 167
47 314
47 349
47 591
47 676
47 778
48 56
48 57
48 130
48 249
48 370
48 412
48 581
48 694
48 745
48 750
48 942
49 148
49 435
49 556
49 570
49 719
50 66
50 151
50 163
50 258
50 619
50 698
51 583
51 856
51 975
52 55
52 58
52 60
52 67
52 185
52 202
52 280
52 321
52 353
52 541
52 596
52 616
52 655
52 771
53 58
53 61
53 79
53 95
53 899
54 137
54 257
55 85
55 165
55 258
55 279
55 319
55 371
55 471
55 501
55 679
55 876
55 990
56 82
56 96
56 216
56 226
56 241
56 285
56 323
56 416
56 436
56 451
56 503
56 527
56 722
56 744
56 995
57 73
57 170
57 458
57 621
58 92
58 462
58 945
59 93
59 345
59 430
59 644
59 837
59 848
60 113
60 116
60 232
60 341
60 563
60 791
61 70
61 117
61 127
61 149
61 296
61 351
61 372
61 475
61 477
61 483
61 513
61 650
61 667
61 699
61 864
61 931
61 953
61 962
61 982
62 118
62 271
62 307
63 180
63 190
63 198
63 204
63 239
63 290
63 639
63 675
63 770
63 801
63 985
64 496
65 116
65 132
65 378
65 496
65 613
65 623
65 725
65 888
65 999
66 458
66 611
66 673
66 978
67 715
68 144
68 159
68 160
68 538
68 562
68 603
68 678
68 941
68 955
69 540
69 680
70 981
71 186
71 874
72 108
72 128
72 145
72 154
72 185
72 224
72 242
72 256
72 338
72 373
72 386
72 472
72 488
72 695
72 720
72 912
73 234
73 329
73 369
74 126
74 954
75 233
75 431
75 691
75 783
75 787
75 919
76 207
76 379
77 87
77 147
77 293
77 651
77 908
77 936
78 146
78 198
78 259
78 961
79 103
79 114
79 155
79 192
79 559
79 602
79 754
79 873
79 906
79 938
80 88
80 599
81 109
81 113
81 192
81 196
81 233
81 357
81 431
81 625
81 839
81 867
81 878
82 85
83 123
83 283
83 305
83 337
83 786
83 865
84 134
84 248
84 739
85 168
85 197
85 220
85 288
85 440
85 575
85 749
85 778
85 824
85 923
86 129
86 552
86 592
86 646
87 297
87 539
87 735
89 315
89 428
89 515
89 719
89 815
90 276
90 333
90 359
90 480
90 502
90 569
90 804
90 842
90 942
90 968
91 101
91 159
91 222
91 300
91 819
92 146
92 155
92 665
92 702
92 739
92 753
92 892
93 134
93 157
93 214
93 234
93 309
93 345
93 464
93 468
93 584
93 624
93 865
94 278
94 328
94 654
94 896
95 229
95 419
95 763
96 104
96 321
96 726
96 746
97 920
97 967
98 119
98 310
98 406
98 424
98 474
98 484
98 516
98 991
99 183
99 249
99 285
99 530
99 607
100 130
100 136
100 172
100 256
100 263
100 380
100 389
100 530
100 555
100 717
100 755
100 757
100 877
100 886
101 401
101 810
102 167
102 359
102 417
102 428
102 476
102 508
102 547
102 635
102 658
102 661
102 683
102 898
103 110
103 171
103 403
103 518
103 720
104 162
104 181
104 208
104 445
104 454
104 500
104 553
104 668
104 823
104 984
105 898
106 121
106 143
106 208
106 349
106 385
106 542
106 783
106 834
107 150
107 714
107 845
107 868
109 111
109 594
110 115
110 262
110 495
111 250
111 363
111 561
111 631
112 207
112 404
112 648
112 963
114 230
115 437
115 510
115 825
117 344
117 415
118 460
119 210
119 443
119 604
119 963
120 535
120 672
121 251
121 282
122 160
122 164
122 195
122 507
122 590
122 598
122 875
123 373
123 416
124 151
124 303
124 346
124 400
124 478
124 801
125 237
127 178
127 227
128 343
128 828
130 992
131 164
131 286
131 391
131 812
131 847
132 141
132 531
134 235
134 279
134 305
134 740
134 742
135 355
135 635
135 774
135 780
136 139
136 169
136 177
136 194
136 274
136 407
136 459
136 578
138 773
139 165
139 216
139 265
139 441
139 582
139 689
139 701
139 841
140 872
141 194
141 240
141 342
141 584
141 656
141 919
141 937
143 189
143 327
144 641
145 470
146 537
146 779
147 150
147 255
147 292
147 336
147 392
147 543
147 580
147 700
147 777
147 933
148 707
149 415
149 554
149 681
150 655
151 261
151 398
151 410
151 799
152 182
152 881
153 890
154 217
154 332
155 266
155 490
155 644
155 692
155 794
155 850
158 792
158 983
160 257
160 268
160 304
160 499
160 582
160 813
160 853
160 916
162 645
162 977
164 528
164 548
164 670
164 818
164 970
165 498
165 636
165 642
165 792
165 906
166 395
166 497
166 503
166 634
166 715
166 894
166 916
167 223
167 275
168 246
168 354
168 414
168 789
170 264
170 393
170 491
170 744
170 806
171 450
171 841
172 224
172 339
172 408
172 701
172 846
172 900
173 174
173 199
173 408
173 712
173 851
174 429
175 179
175 202
175 312
175 429
175 438
175 466
175 675
175 754
175 867
175 945
176 236
176 289
176 369
176 871
176 983
177 724
177 775
177 818
178 534
178 830
179 209
180 218
180 351
180 367
180 723
181 184
181 381
182 230
182 398
183 799
183 822
184 608
184 628
184 730
185 432
185 854
185 866
186 195
186 238
186 560
187 844
188 204
188 386
188 735
189 193
189 203
189 507
189 640
189 834
189 914
189 960
190 333
190 340
190 352
190 405
190 425
190 773
190 871
190 975
191 237
191 269
191 455
191 588
191 843
193 267
193 277
193 287
193 323
193 632
193 684
193 967
194 364
194 413
196 709
197 272
197 475
197 615
198 303
199 281
199 339
199 764
199 863
199 903
199 935
201 353
201 897
202 336
202 411
202 752
202 882
203 994
204 335
204 723
204 840
206 326
207 274
207 641
208 663
208 827
211 225
212 864
212 988
213 250
213 659
213 844
213 924
213 939
214 848
214 913
215 301
215 638
216 217
216 378
216 790
218 394
218 420
218 574
218 695
220 337
220 375
220 858
221 559
221 776
222 260
222 441
224 976
225 350
225 480
225 682
225 718
226 253
226 368
226 443
226 800
227 310
228 874
228 895
229 306
229 419
229 718
231 247
231 363
231 367
231 869
232 674
232 835
233 607
234 252
234 253
234 270
234 282
234 506
234 856
234 930
235 732
237 411
237 497
237 809
237 869
238 492
238 772
238 905
239 289
239 299
239 358
239 394
239 517
239 620
240 272
240 385
240 665
240 781
240 870
240 986
240 990
242 504
243 465
244 514
244 555
244 610
244 788
245 247
247 365
248 384
248 647
248 652
249 264
251 331
251 747
252 553
253 573
253 585
253 800
253 953
254 400
255 549
256 275
258 281
258 434
259 295
259 668
260 518
260 545
260 547
260 693
261 478
261 679
262 267
262 347
262 731
262 784
263 427
264 325
264 414
264 568
264 949
265 996
266 759
267 757
268 473
268 626
269 309
270 324
270 397
270 824
271 273
272 444
273 884
274 523
274 539
274 717
274 917
276 393
276 687
277 759
278 748
279 388
279 689
279 840
280 384
280 509
280 609
280 664
280 794
281 311
282 697
282 699
282 973
284 320
284 357
284 426
284 469
284 511
287 294
287 344
287 482
287 897
288 295
288 594
288 698
289 401
290 558
291 616
291 704
292 356
292 551
292 562
293 452
293 685
293 788
293 966
294 519
294 659
294 886
295 671
296 299
297 388
297 479
297 980
298 774
299 387
299 417
299 805
299 957
301 492
304 550
305 362
305 430
306 484
306 693
306 855
306 946
307 565
307 588
308 447
308 597
308 734
309 922
311 567
313 381
313 586
313 614
313 940
314 348
314 379
314 383
314 434
314 643
314 814
317 878
318 342
319 331
321 387
321 403
321 410
321 610
321 914
321 952
322 328
322 375
322 413
322 533
322 591
323 361
323 491
323 902
325 589
326 521
326 561
327 418
327 488
327 532
327 546
327 554
327 790
327 862
328 395
328 536
328 785
328 811
328 852
328 918
329 596
331 404
331 609
331 708
333 399
333 463
333 786
333 791
334 477
334 880
335 615
336 692
337 535
338 521
339 425
339 810
340 563
341 709
341 727
342 964
343 421
343 462
343 557
343 687
345 405
347 368
348 446
350 485
352 515
352 585
352 704
352 827
354 733
354 954
356 551
361 461
362 676
363 391
364 440
364 658
366 708
366 807
368 396
368 494
368 534
368 572
369 964
370 973
371 376
371 500
371 993
376 583
377 736
378 397
379 446
382 852
383 566
384 593
385 409
387 730
388 476
388 650
388 837
388 912
390 570
392 448
392 533
392 711
394 633
397 490
397 571
397 601
397 631
398 911
399 781
399 808
403 423
403 527
403 613
405 454
405 459
405 510
405 763
409 526
409 630
410 427
410 579
411 422
411 743
411 909
412 540
412 899
412 917
414 544
414 787
415 595
416 742
417 768
418 666
419 981
421 538
422 486
423 466
423 627
425 439
425 751
427 513
429 972
430 951
431 721
431 881
431 918
432 952
432 999
433 564
433 727
433 797
434 842
434 908
434 910
434 944
438 493
438 749
438 928
439 733
439 761
440 489
440 587
441 593
442 962
444 627
445 499
445 642
447 866
448 674
448 729
449 944
451 885
452 468
452 782
453 746
454 796
454 947
455 830
455 882
455 926
456 571
456 625
456 766
456 798
457 769
460 467
460 516
460 705
460 829
462 567
465 519
466 683
467 726
468 487
468 669
470 839
470 887
470 997
474 479
474 624
474 734
475 980
479 494
479 646
479 797
480 647
486 686
486 803
487 589
488 524
490 602
490 724
490 901
495 922
496 622
498 872
498 958
502 943
504 578
505 542
506 512
507 870
508 741
508 960
510 528
510 649
513 767
514 805
516 586
516 663
516 713
516 816
516 958
517 548
517 793
517 821
518 807
519 859
522 705
522 822
526 911
533 617
537 666
537 910
540 762
543 566
543 891
545 737
546 560
546 629
547 949
549 682
549 904
552 977
553 812
553 891
554 580
554 606
554 634
555 637
556 796
556 979
560 957
563 576
563 731
564 622
567 965
570 576
571 920
577 846
581 779
583 590
586 933
587 605
587 660
588 736
589 697
589 991
592 808
595 603
595 762
597 626
597 653
597 889
602 909
603 831
604 798
605 637
606 819
607 651
607 951
609 684
609 879
610 691
610 777
610 893
613 621
613 902
620 833
622 716
622 927
624 677
624 688
626 648
628 934
629 747
630 853
631 703
631 884
632 758
635 940
636 849
639 987
639 994
640 743
640 970
648 721
648 923
648 948
650 782
656 678
659 741
660 932
664 756
667 672
668 755
668 772
668 784
668 890
668 939
669 780
672 929
678 764
678 803
681 703
681 966
682 817
683 802
684 969
685 972
693 815
698 989
699 876
699 932
700 756
704 968
708 769
711 770
713 921
713 992
718 729
718 989
719 959
720 738
720 845
721 804
727 761
727 924
731 862
740 843
740 969
749 880
752 868
753 861
754 829
756 858
796 956
798 950
810 826
812 813
816 959
822 996
824 894
827 997
837 861
838 850
838 889
839 900
843 888
848 863
849 875
857 947
889 995
890 934
904 926
910 930
916 965
919 929
919 941
932 961
935 971
939 985
