0 1
1 2
1 3
1 4
1 6
1 11
1 12
1 15
1 16
1 19
1 21
1 25
1 26
1 29
1 30
1 33
1 34
1 35
1 37
1 53
1 87
1 92
2 13
2 17
2 20
2 23
2 36
2 40
2 50
2 66
2 84
2 98
3 5
3 7
3 8
3 9
3 18
3 27
3 51
3 54
3 58
3 60
3 63
3 82
3 93
4 14
4 22
4 56
4 91
5 90
6 68
7 10
10 32
12 69
13 78
15 76
16 43
17 47
17 64
17 75
18 96
20 28
20 31
20 38
20 41
20 46
20 79
21 24
22 45
23 49
23 70
26 94
27 39
28 62
28 72
29 44
29 57
29 59
29 88
30 73
33 42
33 65
33 83
33 85
33 86
34 52
42 71
46 48
46 67
47 55
51 81
54 61
54 77
69 74
75 80
80 95
81 89
81 97
84 99
