0 1
0 2
0 3
0 4
0 5
0 6
0 7
0 8
0 9
0 10
0 12
0 14
0 15
0 18
0 22
0 31
0 34
0 37
0 39
0 43
0 45
0 52
0 57
0 64
0 87
0 106
0 110
0 119
0 122
0 140
0 151
0 159
0 165
0 176
0 181
0 184
0 193
0 196
0 203
0 211
0 221
0 235
0 241
0 242
0 246
0 271
0 286
0 335
0 374
0 376
0 392
0 438
0 446
0 467
1 20
1 44
1 49
1 83
1 105
1 156
1 169
1 247
1 266
1 303
1 326
1 412
1 489
2 3
2 6
2 7
2 25
2 26
2 49
2 58
2 61
2 74
2 90
2 92
2 108
2 130
2 175
2 198
2 230
2 255
2 274
2 375
2 421
3 4
3 36
3 41
3 42
3 73
3 77
3 79
3 100
3 114
3 120
3 179
3 185
3 200
3 209
3 233
3 266
3 272
3 317
3 351
3 388
3 397
3 429
3 435
3 468
3 481
3 495
4 5
4 16
4 17
4 22
4 27
4 33
4 35
4 51
4 54
4 87
4 100
4 113
4 124
4 137
4 144
4 232
4 282
4 308
4 312
4 320
4 323
4 385
4 434
4 442
5 11
5 15
5 17
5 21
5 26
5 43
5 67
5 80
5 86
5 112
5 122
5 138
5 157
5 201
5 208
5 241
5 290
5 304
5 341
5 347
5 451
5 454
6 13
6 37
6 44
6 52
6 134
6 153
6 160
6 164
6 244
6 259
6 346
6 350
6 381
6 403
6 476
6 483
7 8
7 9
7 10
7 13
7 14
7 18
7 20
7 21
7 23
7 30
7 33
7 34
7 35
7 46
7 47
7 65
7 67
7 72
7 82
7 102
7 109
7 110
7 113
7 126
7 162
7 168
7 208
7 220
7 221
7 222
7 223
7 275
7 292
7 304
7 305
7 313
7 324
7 336
7 343
7 346
7 353
7 369
7 387
7 436
7 485
7 486
7 493
7 494
9 36
9 56
9 63
9 78
9 95
9 98
9 136
9 152
9 174
9 214
9 217
9 227
9 313
9 320
9 359
9 464
9 478
10 11
10 24
10 28
10 57
10 72
10 125
10 166
10 280
10 374
10 453
10 475
10 489
10 497
11 12
12 16
12 19
12 29
12 48
12 56
12 76
12 101
12 128
12 131
12 330
12 360
12 373
12 422
12 457
12 476
13 68
13 82
13 163
13 227
13 276
13 493
14 19
14 46
14 69
14 85
14 147
14 163
14 191
14 215
14 226
14 240
14 272
14 309
14 332
14 341
14 382
14 386
14 427
14 472
14 484
15 32
15 164
15 212
15 401
15 452
16 157
16 187
16 465
17 27
17 73
17 84
17 103
17 170
17 235
17 363
17 411
17 428
17 460
18 25
18 85
18 88
18 199
18 262
18 349
18 391
18 413
19 38
19 68
19 71
19 106
19 294
19 310
19 409
19 415
19 463
20 40
20 108
21 51
21 484
22 23
22 24
22 30
22 45
22 48
22 53
22 59
22 61
22 89
22 104
22 111
22 121
22 123
22 125
22 137
22 142
22 186
22 196
22 202
22 234
22 243
22 378
22 417
22 435
23 41
23 154
23 188
23 195
23 202
23 236
23 305
23 325
23 392
23 401
24 29
24 117
24 394
25 28
25 172
25 194
25 254
25 258
26 54
27 50
27 190
27 204
27 495
28 32
28 78
28 89
28 94
28 107
28 136
28 138
28 141
28 143
28 155
28 231
28 255
28 280
28 287
28 321
29 42
29 70
29 252
30 31
30 38
30 62
30 65
30 76
30 109
30 140
30 147
30 148
30 178
30 187
30 287
30 331
30 393
30 443
30 447
30 462
31 40
31 66
31 75
31 114
31 127
31 205
31 264
31 373
31 407
32 93
32 217
32 256
32 288
32 307
32 327
32 390
32 402
33 190
34 60
34 86
34 142
34 167
34 318
34 439
35 91
35 207
35 420
36 59
36 482
37 39
37 50
37 94
37 118
37 222
37 253
37 475
38 283
38 293
38 339
39 60
39 62
39 64
39 70
39 183
39 388
39 399
39 415
39 430
40 53
40 88
40 146
40 151
40 384
40 399
40 405
40 477
41 197
41 329
41 377
42 47
42 104
42 131
42 169
42 178
42 183
42 238
42 312
42 335
42 344
42 418
42 456
42 471
43 129
44 337
44 356
45 74
45 91
45 96
45 129
45 297
46 257
46 289
46 366
46 411
47 69
47 90
47 316
47 331
47 377
47 453
48 179
49 83
49 404
50 55
50 274
50 363
51 55
51 105
51 115
51 133
51 135
51 167
51 177
51 214
51 250
51 470
52 395
52 431
54 246
54 372
54 437
55 79
55 360
56 58
56 132
56 173
56 189
56 239
56 418
57 286
58 63
58 96
58 421
58 492
59 135
59 375
60 126
60 139
60 218
60 446
63 66
63 93
64 71
64 84
64 99
64 278
65 75
65 103
65 389
65 393
65 428
66 80
66 81
66 92
66 101
66 115
66 184
66 215
66 256
66 291
66 298
66 395
66 403
67 342
67 351
67 461
67 491
67 498
69 365
70 116
71 77
71 188
71 230
71 237
71 451
73 263
74 145
74 176
74 416
75 107
75 121
75 148
75 154
75 155
75 162
75 177
75 181
75 271
75 293
75 337
75 497
76 81
76 130
76 153
76 158
76 219
76 245
76 328
77 150
77 356
77 440
78 165
79 98
80 116
80 120
80 182
80 195
80 268
81 212
81 260
81 261
81 301
81 306
81 342
82 97
82 250
82 302
84 159
84 216
84 223
84 309
84 311
84 381
84 409
85 95
85 99
85 119
85 149
85 191
85 210
85 225
85 243
85 251
85 292
85 295
85 384
85 483
86 455
87 391
89 97
89 128
89 133
89 139
89 149
89 328
91 277
91 284
91 394
92 275
92 334
92 349
93 112
93 262
93 300
93 389
94 247
94 300
95 496
96 226
96 228
96 315
96 424
97 160
98 111
98 117
98 269
98 480
99 102
99 279
99 364
100 371
101 365
102 143
103 124
103 186
103 412
104 189
104 203
104 267
104 302
104 344
105 161
105 390
108 141
108 259
108 311
108 379
109 127
109 298
110 132
110 150
110 322
111 265
111 367
111 372
111 396
113 224
113 251
113 264
113 281
113 333
113 499
114 118
114 322
114 419
116 325
116 413
117 123
117 182
117 201
117 213
117 285
117 294
117 353
117 368
117 422
117 439
118 301
119 234
120 249
120 358
120 445
121 180
121 265
122 173
122 261
122 273
122 307
123 345
123 357
123 407
124 474
124 498
125 206
125 207
125 385
125 414
126 229
126 238
126 345
126 380
126 402
126 456
126 462
127 134
128 146
128 296
131 158
132 144
134 145
134 338
134 386
134 426
136 156
136 166
137 419
137 481
138 431
139 161
139 270
139 490
140 171
140 210
140 368
141 168
141 432
142 204
143 152
147 258
147 260
148 171
148 236
148 290
149 172
149 192
149 231
149 252
149 426
150 289
150 354
150 400
151 170
152 220
153 206
153 323
155 197
155 198
155 488
157 321
157 486
158 211
158 273
158 478
159 180
159 370
159 408
160 310
160 465
161 193
161 276
161 387
161 434
162 268
163 175
163 257
163 333
163 361
163 430
163 454
163 474
164 174
164 205
164 442
165 209
165 242
165 350
165 449
166 319
166 336
169 406
169 499
170 355
170 441
171 185
171 229
171 253
171 270
171 487
172 194
172 225
172 417
174 248
176 218
176 219
176 240
176 269
176 362
177 464
178 192
178 480
180 283
180 327
181 404
182 232
182 338
183 296
183 318
183 355
183 396
185 213
185 233
185 410
186 200
186 477
188 239
189 496
190 199
190 249
190 450
193 423
195 299
195 371
195 470
195 479
198 228
202 216
202 248
202 278
203 224
203 237
203 277
204 282
204 370
207 263
210 254
210 361
210 457
211 244
211 281
211 379
211 406
214 340
215 316
215 443
215 450
218 245
219 405
220 284
220 414
220 424
224 315
224 425
226 429
230 291
231 441
232 330
232 332
232 445
233 463
233 482
234 367
234 423
234 466
240 420
240 479
241 433
241 485
242 339
244 288
249 267
249 279
249 427
251 488
253 492
255 329
255 369
255 449
256 397
257 285
257 458
260 297
260 334
260 358
263 348
265 461
266 343
274 299
274 398
275 432
276 448
277 425
278 295
278 314
278 382
280 317
283 383
286 326
288 376
288 455
288 491
291 490
293 306
293 357
293 437
296 303
298 314
299 452
305 308
308 319
309 471
313 383
314 380
316 408
318 438
320 324
320 459
321 347
322 366
324 473
325 340
331 400
332 362
332 398
334 352
339 348
340 364
342 359
347 458
349 352
349 354
353 378
366 440
367 460
370 459
372 473
375 448
375 467
379 436
380 416
385 468
387 444
388 487
399 469
400 410
400 447
400 472
404 433
408 444
410 466
429 469
442 494
