0 1
0 2
0 3
0 4
0 5
0 6
0 7
0 8
0 11
0 12
0 14
0 16
0 17
0 20
0 23
0 24
0 30
0 32
0 37
0 38
0 42
0 63
0 73
0 82
0 86
0 87
0 93
1 3
1 4
1 6
1 8
1 18
1 29
1 33
1 36
1 46
1 50
1 51
1 58
1 64
1 80
1 96
1 99
3 25
3 45
3 67
4 5
4 7
4 9
4 10
4 12
4 15
4 17
4 18
4 19
4 25
4 32
4 39
4 47
4 59
4 70
4 74
4 80
4 83
4 85
5 13
5 14
5 22
5 33
5 87
5 89
6 9
6 19
6 44
6 46
6 76
6 77
6 81
7 10
7 11
7 13
7 50
7 78
7 98
8 16
9 60
9 75
10 20
10 22
10 55
10 70
10 96
11 15
11 27
11 34
11 48
11 54
11 63
12 21
12 24
12 41
12 51
12 55
12 62
12 99
13 26
13 27
13 43
13 49
13 52
13 84
14 37
14 39
14 45
14 53
14 93
15 35
16 21
16 30
16 97
17 28
17 31
18 29
18 54
18 72
18 74
18 86
19 57
19 76
20 23
20 65
20 68
21 60
23 40
25 26
25 28
25 31
25 34
25 64
26 48
26 61
27 83
28 44
28 57
28 92
30 38
31 56
31 73
31 79
31 95
32 36
34 35
34 52
34 69
34 75
35 47
36 61
36 66
36 77
37 41
39 40
39 42
39 43
39 49
39 53
39 56
40 59
40 81
40 97
41 71
42 58
42 95
44 91
46 72
46 79
47 66
49 68
49 88
50 92
52 65
53 67
53 69
56 91
57 82
61 62
61 71
62 90
68 94
72 78
72 90
73 84
76 85
76 88
76 94
78 89
92 98
