0 93
0 175
1 29
1 200
1 379
1 461
1 468
2 49
2 89
2 145
2 214
2 302
2 394
2 406
2 415
2 438
2 444
3 19
3 133
3 223
3 272
3 337
4 26
4 46
4 224
4 384
4 407
4 408
4 447
5 77
5 196
5 201
5 220
5 222
5 341
6 101
6 176
6 320
6 376
6 477
6 498
7 41
7 66
7 108
7 217
7 379
7 473
8 17
8 416
8 467
9 94
9 135
9 153
9 243
9 271
9 276
9 330
10 78
10 277
10 297
10 351
10 401
10 404
10 420
11 35
11 39
11 75
11 184
11 276
11 315
12 69
12 251
12 488
12 491
13 196
13 246
13 257
13 283
13 380
13 434
13 491
14 105
14 195
14 203
14 304
14 373
14 429
15 73
15 162
15 320
15 367
15 419
15 479
16 52
16 80
16 180
16 215
16 239
16 247
16 254
16 306
16 322
17 168
17 197
17 244
17 337
17 384
17 445
17 473
18 120
18 123
18 125
18 128
18 207
18 301
18 324
18 332
18 376
19 166
19 179
19 344
19 418
20 63
20 95
20 356
20 423
20 466
21 57
21 335
22 301
22 371
22 473
23 120
23 219
23 259
23 341
23 459
23 492
24 106
24 179
24 359
24 438
25 79
25 248
25 425
25 434
25 467
26 66
26 146
26 276
26 306
26 331
26 352
26 362
27 32
27 52
27 160
27 270
27 430
27 479
28 162
28 248
28 461
30 87
30 99
30 236
30 317
30 412
30 454
31 173
31 204
31 230
31 339
31 363
31 366
31 483
32 182
33 69
33 303
33 336
33 432
33 434
33 477
34 50
34 63
34 77
34 104
34 107
34 211
34 235
34 448
35 37
35 130
35 195
35 313
35 389
36 209
36 222
36 285
36 321
36 351
36 378
36 460
36 475
37 238
37 364
38 145
38 203
38 375
38 403
38 427
38 441
38 442
39 40
39 67
39 72
39 112
39 125
39 176
39 335
39 354
39 386
40 86
40 188
40 407
40 475
41 44
41 177
41 259
42 91
42 224
42 275
42 328
42 369
42 381
42 455
42 482
43 54
43 164
43 190
43 205
43 302
43 303
43 334
43 345
43 435
43 449
44 64
44 266
44 280
44 293
44 402
44 485
45 147
45 182
45 381
45 408
45 476
46 93
46 256
46 300
46 486
47 52
47 150
47 241
47 307
47 348
47 362
47 412
48 109
48 198
48 298
49 331
50 151
50 267
50 459
51 131
51 195
51 222
51 328
51 442
52 159
52 181
52 236
52 247
52 262
52 264
52 283
53 82
53 215
53 216
53 284
53 339
53 390
53 429
53 443
54 113
54 168
54 271
54 290
54 309
54 360
54 447
55 85
55 127
55 219
55 236
55 237
55 244
55 374
55 403
55 413
55 426
55 456
56 246
56 258
56 280
56 288
56 324
56 386
57 85
57 97
57 99
57 147
57 178
57 292
57 385
57 403
57 488
59 146
59 148
59 169
59 208
59 268
59 304
59 488
60 89
60 159
60 204
60 293
61 69
61 81
61 227
62 139
62 166
62 224
62 278
62 383
63 172
63 211
63 255
63 426
63 478
64 162
64 230
64 232
64 254
65 145
65 321
66 110
66 143
66 229
66 317
67 331
67 339
67 359
67 376
67 407
67 474
68 107
68 113
68 357
68 464
69 231
69 248
69 472
69 484
70 281
70 410
71 120
71 184
71 342
71 353
71 379
71 390
72 84
72 100
72 118
72 210
72 307
72 336
73 314
73 327
73 342
73 382
73 412
73 425
73 445
74 112
74 135
74 231
74 274
75 178
75 249
75 254
75 269
75 428
75 431
75 452
75 455
76 186
76 456
77 139
77 305
77 336
77 350
77 358
77 373
78 201
78 272
78 360
78 375
78 414
78 418
78 470
79 110
79 204
79 221
79 243
79 324
79 406
80 108
80 126
80 185
80 200
80 384
81 252
81 345
82 240
82 252
82 357
82 394
82 461
83 90
83 195
83 262
83 300
83 427
84 252
84 254
84 301
84 498
85 155
85 422
85 430
85 436
86 93
86 229
86 316
86 388
86 422
86 427
87 195
87 334
87 343
87 384
87 428
88 323
88 328
88 412
88 494
89 145
89 248
89 250
89 282
89 484
90 139
90 188
90 284
90 352
90 457
90 475
91 281
91 332
91 461
92 203
92 253
92 273
92 379
92 402
92 452
93 155
93 224
93 481
94 107
94 162
94 207
94 350
95 113
95 120
95 317
95 455
95 487
97 188
97 199
97 410
97 424
98 111
98 307
99 207
99 382
100 429
100 453
100 490
101 125
101 233
101 302
102 240
102 259
102 341
102 459
103 184
103 188
103 375
104 199
104 328
104 449
104 486
105 192
105 369
105 379
106 122
106 133
106 303
106 341
106 489
107 349
107 406
108 128
109 169
109 175
109 194
109 216
109 386
109 469
109 470
110 335
110 426
110 452
110 496
111 179
111 189
111 225
111 241
111 256
111 308
111 490
112 146
112 327
112 351
113 127
113 250
113 294
113 381
113 436
114 153
114 230
114 247
114 265
114 297
114 335
115 201
115 340
115 392
116 158
116 322
116 472
117 154
117 245
117 295
117 302
117 404
117 432
118 120
118 128
118 150
118 178
118 419
119 162
120 157
120 273
120 422
121 195
121 252
121 315
121 469
121 477
121 492
122 451
123 299
123 357
124 257
124 316
124 329
124 371
125 395
125 420
125 480
126 285
126 348
126 408
126 441
126 497
127 246
127 325
127 493
128 149
128 354
128 381
128 458
129 134
130 235
130 361
131 163
131 181
131 214
131 438
132 150
132 261
132 299
132 323
132 432
132 449
133 373
133 378
134 439
134 461
135 196
135 197
136 237
136 316
136 399
136 408
137 350
137 448
138 158
138 205
138 277
138 314
138 405
139 170
139 184
139 442
139 490
140 221
140 366
141 231
141 255
142 228
142 371
143 332
144 178
144 194
144 395
145 169
145 275
145 319
146 154
146 159
146 164
146 247
146 427
147 216
147 253
148 169
148 349
148 432
148 445
148 481
149 243
149 283
149 435
149 439
150 290
150 405
150 473
150 480
151 169
151 447
151 462
152 214
152 310
152 359
152 438
153 301
153 354
153 478
154 295
154 299
154 342
154 418
154 441
154 478
154 480
155 176
155 354
155 380
155 427
156 316
156 377
157 166
157 172
157 259
157 444
158 168
158 278
158 321
158 460
158 463
160 232
160 350
160 408
160 484
161 191
161 418
161 477
162 205
162 219
162 297
162 427
163 323
163 435
163 486
164 203
164 214
164 408
165 186
165 428
166 232
166 318
166 352
166 456
167 279
167 380
167 396
167 437
167 463
168 171
168 242
168 257
168 299
168 351
168 404
168 430
169 261
170 438
170 439
170 447
171 225
171 245
171 378
171 383
171 406
171 433
171 447
171 456
171 495
172 263
173 360
174 229
174 270
174 281
174 335
174 491
175 200
175 219
175 220
175 264
175 396
176 357
176 434
176 483
176 490
177 190
177 297
177 369
178 218
178 329
178 454
179 432
180 277
180 352
180 379
180 414
180 418
181 272
181 281
181 348
181 354
181 397
181 433
182 216
182 464
183 234
183 267
183 320
183 362
183 486
183 492
184 296
184 418
184 465
184 487
185 452
185 496
186 304
186 320
186 328
186 402
187 202
187 314
187 389
187 411
187 482
188 219
188 269
188 483
189 358
189 360
189 381
189 413
189 495
190 417
190 460
190 478
191 491
192 219
192 311
192 377
192 386
192 408
192 410
192 416
192 435
193 216
193 345
193 401
193 409
193 479
193 491
194 226
194 230
194 244
194 294
195 226
195 275
195 297
195 475
196 436
197 238
197 279
197 332
197 350
197 480
197 484
197 493
198 265
198 273
198 321
198 344
198 383
198 465
198 474
199 205
199 327
199 417
200 423
201 222
201 225
201 373
201 408
201 484
202 243
202 288
202 351
202 458
203 207
203 259
203 455
203 475
204 232
204 239
204 458
204 473
205 315
205 342
205 414
206 250
206 339
206 418
206 464
206 498
207 256
207 344
207 455
208 246
208 247
208 267
208 270
208 367
208 445
209 290
210 261
210 491
211 242
211 266
211 298
212 435
213 214
214 239
214 397
214 405
215 232
215 309
215 391
216 382
216 398
217 241
217 322
218 363
218 375
218 471
219 246
219 415
219 481
220 305
220 307
221 247
222 284
222 352
222 380
222 483
223 280
223 382
226 272
226 338
226 343
226 420
226 456
227 333
228 234
228 310
228 385
229 236
229 306
229 342
229 405
230 335
230 361
230 403
230 430
231 355
231 380
231 466
231 489
232 361
235 290
235 312
235 361
236 296
236 415
236 469
237 245
237 387
237 434
238 315
238 388
238 430
239 425
239 480
240 261
240 372
243 280
243 380
243 385
243 412
244 306
244 374
244 499
245 280
245 287
245 433
245 471
246 249
246 294
246 304
246 310
246 496
247 344
247 406
247 437
248 359
248 366
249 491
251 485
251 497
252 272
252 292
253 268
253 344
253 387
253 427
254 272
254 390
254 429
254 468
254 489
255 376
255 418
255 420
256 273
256 318
256 341
256 344
256 400
256 485
257 258
257 273
258 332
258 372
259 285
259 315
259 329
259 351
259 456
259 493
260 324
261 495
262 286
263 332
263 407
263 477
264 390
264 441
264 460
265 287
265 321
265 324
265 444
266 294
266 411
266 420
266 448
267 288
267 298
268 473
269 334
270 411
270 444
271 288
271 304
271 488
272 290
275 306
275 460
275 469
275 482
276 294
276 316
276 359
276 412
276 478
277 445
277 466
278 360
279 321
279 389
279 413
279 432
280 453
281 406
281 456
281 469
282 296
284 310
284 341
284 454
285 413
285 439
285 446
286 328
286 403
288 330
289 373
289 438
289 489
290 370
290 400
290 436
291 344
291 381
291 393
291 448
292 296
292 309
292 352
292 427
293 309
294 387
294 494
295 297
295 344
295 375
295 408
295 461
296 371
296 397
296 421
297 314
297 408
298 434
298 491
299 362
299 373
299 392
299 407
299 410
299 423
299 462
299 494
300 301
300 336
300 489
301 317
301 328
301 344
301 462
301 487
302 359
303 353
304 326
304 372
304 379
304 414
304 437
305 470
306 321
306 333
307 472
307 477
308 383
308 479
309 338
310 472
311 391
313 333
314 324
314 343
314 441
314 466
316 347
316 425
316 450
317 364
317 499
318 359
318 398
318 460
318 468
318 487
319 322
319 400
319 448
319 479
320 430
322 493
322 495
323 350
324 492
326 348
326 372
326 402
326 477
326 494
327 405
328 358
328 486
329 409
329 413
331 343
331 378
333 362
335 339
335 425
335 473
336 430
337 400
339 341
340 383
340 439
341 397
341 453
341 495
342 396
344 466
345 367
345 428
346 374
347 364
349 377
349 387
350 470
352 375
352 381
353 454
353 459
354 473
355 446
357 365
357 455
357 472
358 363
360 489
361 404
361 426
361 490
362 469
363 407
363 463
364 365
365 385
365 430
365 466
366 402
366 476
367 368
369 473
369 478
370 456
371 447
372 481
374 401
374 404
374 492
377 427
377 459
377 463
378 428
379 403
379 415
379 465
380 402
381 423
381 425
381 492
383 452
383 483
384 406
384 476
385 391
385 396
385 492
386 471
388 445
388 447
389 393
389 457
390 422
392 393
392 488
393 499
394 426
394 427
397 488
399 405
399 423
399 435
401 447
402 407
403 419
403 447
404 420
404 425
404 439
404 451
405 458
405 461
406 407
407 430
407 460
408 463
408 486
410 439
411 435
411 438
411 495
412 465
412 497
413 430
413 458
414 472
414 487
415 423
415 463
416 429
416 481
417 438
418 475
423 481
425 484
429 472
430 438
435 472
436 495
437 478
439 491
440 445
442 463
444 475
444 478
446 447
446 451
448 493
448 495
456 459
456 471
460 486
466 491
480 490
