0 4
0 7
0 8
0 15
0 17
0 18
0 24
0 33
0 40
0 45
0 47
0 57
0 58
0 60
0 61
0 62
0 63
0 66
0 72
0 73
0 79
0 81
0 83
0 85
0 88
0 89
0 94
0 96
0 98
1 5
1 12
1 15
1 22
1 28
1 31
1 32
1 36
1 38
1 53
1 54
1 55
1 63
1 65
1 68
1 70
1 71
1 76
1 78
1 80
1 89
1 92
1 93
1 94
1 95
1 98
2 5
2 6
2 8
2 19
2 24
2 29
2 30
2 31
2 35
2 37
2 38
2 42
2 46
2 48
2 51
2 64
2 70
2 72
2 77
2 91
2 94
2 99
3 7
3 12
3 13
3 16
3 18
3 19
3 25
3 30
3 32
3 43
3 44
3 47
3 49
3 62
3 63
3 72
3 73
3 74
3 77
3 78
3 80
3 81
3 85
3 87
3 91
3 92
3 95
3 98
4 5
4 7
4 11
4 12
4 15
4 16
4 18
4 19
4 21
4 22
4 23
4 25
4 26
4 31
4 33
4 36
4 38
4 39
4 40
4 53
4 55
4 64
4 67
4 75
4 76
4 77
4 78
4 84
4 85
4 86
4 88
4 94
5 9
5 15
5 18
5 22
5 27
5 31
5 32
5 33
5 34
5 44
5 49
5 55
5 58
5 70
5 73
5 74
5 76
5 77
5 78
5 82
5 84
5 87
5 88
5 89
5 97
5 98
6 7
6 8
6 10
6 14
6 17
6 19
6 22
6 23
6 25
6 29
6 38
6 42
6 44
6 45
6 54
6 57
6 69
6 73
6 75
6 81
6 82
6 89
6 91
7 8
7 9
7 10
7 14
7 15
7 17
7 20
7 25
7 30
7 34
7 36
7 37
7 38
7 39
7 47
7 52
7 53
7 57
7 59
7 63
7 64
7 65
7 70
7 71
7 76
7 77
7 79
7 82
7 85
7 86
7 93
7 94
8 14
8 17
8 18
8 21
8 23
8 26
8 27
8 32
8 36
8 37
8 39
8 41
8 42
8 43
8 45
8 53
8 54
8 57
8 60
8 61
8 63
8 71
8 72
8 74
8 77
8 79
8 80
8 81
8 82
8 88
8 91
8 93
8 95
9 12
9 18
9 19
9 22
9 25
9 28
9 30
9 31
9 33
9 34
9 35
9 40
9 41
9 45
9 53
9 57
9 61
9 65
9 68
9 69
9 72
9 78
9 89
9 92
9 94
9 97
9 98
10 14
10 19
10 29
10 33
10 36
10 38
10 41
10 44
10 45
10 48
10 49
10 52
10 56
10 60
10 61
10 63
10 81
10 89
10 90
10 97
11 15
11 21
11 23
11 26
11 30
11 35
11 36
11 37
11 48
11 52
11 54
11 55
11 56
11 60
11 62
11 63
11 66
11 71
11 74
11 80
11 83
11 86
11 89
11 90
11 92
11 93
11 97
11 98
12 16
12 17
12 21
12 23
12 26
12 28
12 29
12 43
12 44
12 45
12 48
12 50
12 55
12 56
12 59
12 61
12 62
12 63
12 65
12 68
12 83
12 85
12 86
12 87
12 88
12 92
12 94
12 97
13 15
13 17
13 25
13 26
13 28
13 30
13 36
13 45
13 57
13 61
13 62
13 64
13 68
13 70
13 76
13 80
13 82
13 83
13 84
13 87
13 89
13 91
13 93
13 94
13 96
14 15
14 17
14 19
14 29
14 33
14 35
14 40
14 56
14 59
14 61
14 62
14 64
14 66
14 68
14 70
14 72
14 76
14 78
14 82
14 84
14 87
14 89
14 91
14 92
14 93
14 95
15 16
15 18
15 22
15 23
15 26
15 28
15 35
15 37
15 40
15 42
15 43
15 44
15 49
15 50
15 52
15 54
15 59
15 65
15 77
15 80
15 82
15 85
15 91
15 92
15 94
16 17
16 23
16 24
16 26
16 27
16 28
16 29
16 35
16 39
16 41
16 44
16 47
16 48
16 49
16 56
16 58
16 70
16 73
16 74
16 77
16 78
16 80
16 87
16 90
16 91
16 93
17 18
17 19
17 25
17 30
17 34
17 37
17 41
17 42
17 43
17 44
17 46
17 51
17 54
17 58
17 64
17 67
17 68
17 80
17 82
17 83
17 85
17 87
17 88
17 92
17 96
18 21
18 22
18 23
18 25
18 37
18 39
18 42
18 44
18 52
18 53
18 56
18 59
18 61
18 70
18 79
18 87
19 21
19 23
19 26
19 28
19 29
19 31
19 33
19 39
19 41
19 45
19 48
19 55
19 60
19 63
19 67
19 69
19 70
19 72
19 73
19 77
19 86
19 89
19 90
19 93
20 21
20 23
20 24
20 27
20 37
20 38
20 50
20 51
20 56
20 57
20 62
20 64
20 65
20 66
20 67
20 69
20 70
20 72
20 86
20 89
20 91
21 22
21 28
21 30
21 36
21 38
21 41
21 42
21 44
21 47
21 52
21 57
21 58
21 60
21 62
21 63
21 66
21 67
21 69
21 72
21 74
21 78
21 87
21 90
21 95
21 98
21 99
22 23
22 24
22 26
22 27
22 28
22 29
22 30
22 31
22 32
22 37
22 38
22 39
22 47
22 48
22 50
22 57
22 59
22 63
22 84
22 85
22 91
22 92
23 24
23 25
23 27
23 29
23 30
23 34
23 35
23 37
23 38
23 40
23 41
23 42
23 43
23 44
23 46
23 48
23 51
23 56
23 57
23 59
23 60
23 61
23 62
23 66
23 68
23 74
23 76
23 85
23 86
23 88
23 90
23 93
24 29
24 36
24 43
24 47
24 49
24 51
24 60
24 62
24 63
24 64
24 65
24 70
24 71
24 72
24 73
24 75
24 77
24 78
24 81
24 83
24 86
25 26
25 28
25 30
25 31
25 37
25 40
25 44
25 47
25 49
25 51
25 52
25 55
25 58
25 62
25 66
25 72
25 78
25 83
25 91
25 98
26 30
26 31
26 32
26 39
26 44
26 45
26 46
26 48
26 50
26 51
26 54
26 60
26 61
26 65
26 67
26 68
26 70
26 73
26 74
26 77
26 83
26 87
26 96
26 97
26 98
26 99
27 28
27 30
27 36
27 38
27 42
27 43
27 47
27 54
27 55
27 56
27 59
27 63
27 67
27 69
27 70
27 74
27 76
27 83
27 84
27 85
27 89
27 90
27 92
27 94
27 96
28 31
28 39
28 42
28 45
28 46
28 48
28 51
28 55
28 58
28 63
28 64
28 70
28 75
28 79
28 81
28 82
28 85
28 87
28 96
28 98
29 31
29 32
29 33
29 37
29 38
29 47
29 50
29 59
29 62
29 66
29 67
29 70
29 78
29 83
29 85
30 31
30 33
30 36
30 44
30 55
30 56
30 59
30 65
30 69
30 71
30 76
30 83
30 86
30 87
30 92
30 99
31 32
31 42
31 47
31 50
31 51
31 54
31 56
31 58
31 60
31 62
31 64
31 66
31 68
31 69
31 72
31 77
31 80
31 82
31 84
31 85
31 86
31 92
31 94
31 96
32 34
32 35
32 39
32 41
32 45
32 50
32 51
32 62
32 63
32 64
32 65
32 77
32 84
32 85
32 90
33 35
33 38
33 41
33 47
33 48
33 49
33 53
33 57
33 60
33 65
33 68
33 70
33 73
33 76
33 77
33 80
33 82
33 87
33 98
34 35
34 36
34 37
34 42
34 45
34 48
34 49
34 53
34 57
34 58
34 61
34 67
34 69
34 71
34 76
34 89
34 97
35 38
35 39
35 42
35 44
35 46
35 48
35 50
35 52
35 53
35 56
35 57
35 62
35 64
35 65
35 66
35 67
35 71
35 75
35 77
35 80
35 87
35 89
35 91
35 92
35 94
36 37
36 39
36 42
36 54
36 60
36 61
36 62
36 63
36 66
36 67
36 68
36 69
36 71
36 72
36 73
36 74
36 75
36 85
36 93
36 94
36 95
36 96
36 99
37 39
37 40
37 42
37 43
37 44
37 49
37 51
37 52
37 54
37 56
37 62
37 70
37 71
37 74
37 78
37 79
37 83
37 85
37 86
37 87
37 89
37 97
38 39
38 42
38 44
38 62
38 63
38 64
38 68
38 75
38 76
38 79
38 94
38 96
38 98
39 45
39 48
39 54
39 61
39 62
39 63
39 67
39 68
39 69
39 72
39 81
39 82
39 86
39 87
39 88
39 89
39 96
39 99
40 44
40 45
40 48
40 51
40 52
40 55
40 59
40 64
40 73
40 75
40 76
40 77
40 78
40 79
40 80
40 89
40 96
40 99
41 43
41 47
41 52
41 53
41 66
41 70
41 77
41 79
41 81
41 82
41 83
41 85
41 90
41 94
41 95
41 96
41 99
42 48
42 50
42 53
42 54
42 55
42 57
42 59
42 64
42 66
42 67
42 70
42 71
42 72
42 75
42 78
42 79
42 81
42 82
42 85
42 90
42 92
42 98
43 45
43 46
43 56
43 59
43 60
43 69
43 71
43 73
43 74
43 77
43 81
43 84
43 85
43 95
43 98
44 46
44 54
44 57
44 61
44 63
44 64
44 67
44 72
44 74
44 76
44 78
44 81
44 93
45 52
45 53
45 55
45 57
45 62
45 65
45 70
45 73
45 74
45 75
45 78
45 83
45 87
45 90
45 93
45 95
45 96
46 47
46 48
46 49
46 51
46 53
46 59
46 62
46 63
46 64
46 67
46 70
46 71
46 74
46 75
46 76
46 78
46 80
46 81
46 84
46 86
46 87
46 89
46 91
46 92
46 95
46 97
47 48
47 50
47 51
47 52
47 53
47 54
47 69
47 70
47 71
47 73
47 75
47 90
47 95
47 96
47 97
48 49
48 52
48 53
48 59
48 62
48 65
48 66
48 67
48 76
48 81
48 83
48 86
48 90
48 92
48 94
49 51
49 53
49 55
49 56
49 57
49 59
49 60
49 67
49 76
49 77
49 79
49 86
49 87
49 89
49 91
49 97
50 53
50 57
50 60
50 63
50 65
50 67
50 70
50 72
50 73
50 74
50 78
50 79
50 82
50 83
50 84
50 85
50 86
50 92
50 94
50 96
50 99
51 57
51 58
51 61
51 63
51 71
51 72
51 76
51 79
51 82
51 89
51 92
51 93
51 95
51 96
51 97
52 55
52 62
52 68
52 70
52 71
52 73
52 87
52 92
52 94
52 95
52 96
53 55
53 56
53 57
53 58
53 60
53 63
53 64
53 66
53 67
53 69
53 72
53 76
53 77
53 80
53 83
53 85
53 87
53 88
53 94
53 96
53 97
53 98
53 99
54 57
54 59
54 64
54 66
54 67
54 68
54 70
54 72
54 74
54 75
54 76
54 77
54 81
54 83
54 85
54 88
54 92
54 97
54 98
54 99
55 57
55 60
55 62
55 63
55 64
55 66
55 67
55 71
55 72
55 73
55 86
55 87
55 89
55 90
55 93
55 94
55 97
55 98
56 78
56 80
56 81
56 89
56 91
56 92
56 93
56 94
56 95
56 98
57 58
57 62
57 65
57 66
57 70
57 71
57 72
57 73
57 75
57 77
57 79
57 81
57 86
57 88
57 94
58 62
58 64
58 75
58 76
58 80
58 82
58 83
58 84
58 86
58 92
58 96
58 97
59 63
59 64
59 68
59 77
59 78
59 79
59 82
59 83
59 84
59 87
59 93
59 96
59 98
60 64
60 68
60 70
60 73
60 74
60 77
60 87
60 89
60 90
60 91
60 93
60 97
60 98
61 64
61 69
61 77
61 81
61 82
61 85
61 86
61 90
62 69
62 70
62 71
62 73
62 74
62 80
62 83
62 84
62 87
62 88
62 97
62 98
62 99
63 65
63 78
63 81
63 82
63 85
63 89
63 92
63 93
63 95
64 65
64 66
64 72
64 74
64 75
64 76
64 77
64 80
64 84
64 87
64 88
64 93
64 94
64 95
64 99
65 69
65 73
65 77
65 79
65 81
65 82
65 89
65 90
65 93
65 98
66 67
66 69
66 73
66 75
66 80
66 83
66 84
66 89
66 94
67 73
67 74
67 77
67 79
67 80
67 82
67 86
67 90
67 92
67 93
67 97
68 71
68 74
68 75
68 82
68 86
68 87
68 88
68 98
69 70
69 80
69 86
69 89
69 92
69 93
69 94
70 73
70 82
70 85
70 88
70 91
70 92
70 95
71 72
71 78
71 80
71 85
71 87
71 93
71 94
71 96
71 97
72 74
72 82
72 83
72 84
72 88
72 89
72 95
72 98
72 99
73 77
73 78
73 82
73 83
73 88
73 89
73 99
74 75
74 77
74 85
74 92
74 95
74 97
75 80
75 81
75 87
75 89
75 90
75 91
75 93
75 95
75 97
75 98
76 78
76 80
76 89
76 90
76 94
76 96
77 83
77 84
77 89
77 90
77 92
77 96
78 79
78 80
78 81
78 82
78 83
78 84
78 85
78 88
78 89
79 82
79 83
79 89
79 90
79 93
80 81
80 82
80 84
80 88
80 89
80 91
80 95
81 82
81 84
81 85
81 89
81 90
81 97
81 99
82 83
82 84
82 88
82 91
82 98
82 99
83 84
83 85
83 86
83 87
83 92
83 96
83 97
83 98
83 99
84 87
84 88
84 91
84 93
84 95
85 86
85 88
85 89
85 97
85 99
86 87
86 88
86 89
86 90
86 92
86 93
86 94
86 96
87 92
87 97
87 99
88 89
88 90
88 93
88 96
88 97
88 99
89 90
89 96
89 97
90 93
90 98
91 96
91 98
92 96
92 97
93 94
93 97
94 95
94 98
94 99
97 98
