0 2
0 26
0 103
0 147
0 165
0 189
0 287
0 435
0 526
0 546
0 619
0 957
0 958
1 10
1 361
1 643
1 675
1 719
1 785
2 200
2 334
2 502
2 943
2 949
2 961
3 25
3 106
3 109
3 201
3 265
3 275
3 565
3 591
3 617
3 823
3 894
3 906
3 911
3 916
4 223
4 619
4 655
4 972
5 36
5 90
5 732
5 794
5 877
5 892
5 936
5 981
6 86
6 130
6 136
6 172
6 182
6 204
6 231
6 502
6 574
6 649
6 696
6 747
6 946
7 83
7 94
7 117
7 205
7 241
7 420
7 540
7 589
7 900
8 28
8 162
8 384
8 450
8 538
8 549
8 562
8 597
8 617
8 664
8 739
8 789
8 828
8 829
8 901
9 84
9 180
9 470
9 653
9 657
9 906
9 919
9 962
10 40
10 78
10 194
10 305
10 335
10 557
10 612
10 849
10 985
11 16
11 221
11 230
11 249
11 278
11 385
11 696
11 763
11 771
11 805
11 855
11 867
12 231
12 299
12 308
12 348
12 426
12 471
12 484
12 582
12 627
12 681
13 31
13 446
13 509
13 670
13 916
13 942
13 968
13 994
14 198
14 514
14 541
14 556
14 581
14 595
14 632
15 135
15 284
15 467
15 480
15 593
15 725
15 803
15 816
15 914
15 971
16 41
16 230
16 494
16 610
17 234
17 278
17 281
17 331
17 425
18 31
18 114
18 356
18 381
18 633
18 780
18 891
18 951
18 962
19 307
19 308
19 385
19 489
19 525
19 593
19 624
19 670
19 781
19 805
20 64
20 126
20 147
20 340
20 360
20 371
20 603
20 649
20 714
20 854
20 944
20 964
20 980
20 982
21 36
21 77
21 138
21 182
21 233
21 264
21 327
21 601
21 744
21 812
21 843
22 172
22 224
22 290
22 338
22 496
22 600
22 664
22 836
23 128
23 384
23 403
23 472
23 518
23 582
23 598
23 688
23 735
23 744
24 38
24 106
24 115
24 242
24 252
24 276
24 549
24 954
24 983
25 138
25 158
25 221
25 388
25 431
25 508
25 530
25 577
25 800
25 933
25 965
26 61
26 116
26 196
26 209
26 217
26 276
26 300
26 319
26 329
26 417
26 471
26 543
26 731
26 894
27 217
27 436
27 959
27 968
28 82
28 142
28 995
29 140
29 161
29 402
29 605
29 726
29 850
30 186
30 265
30 295
30 309
30 550
30 558
30 559
30 657
30 738
30 876
30 887
30 989
31 201
31 271
31 371
31 485
31 527
31 601
31 635
31 766
31 770
31 988
31 990
32 537
32 553
32 560
32 572
32 583
32 605
32 789
32 847
32 971
33 143
33 201
33 258
33 343
33 346
33 445
33 767
34 56
34 359
34 373
34 395
34 417
34 435
34 597
34 623
34 628
34 723
34 732
34 740
34 761
35 210
35 228
35 408
35 413
35 460
35 600
35 659
35 690
35 770
35 794
35 895
35 999
36 50
36 215
36 229
36 368
36 423
36 447
36 475
36 624
36 794
36 833
36 981
37 149
37 187
37 292
37 570
37 583
37 631
37 703
37 736
37 813
37 820
37 858
37 930
38 199
38 266
38 280
38 420
38 477
38 655
38 759
38 982
39 64
39 87
39 89
39 107
39 152
39 154
39 330
39 741
39 877
39 926
40 347
40 521
40 567
40 713
40 735
40 742
40 859
40 876
41 213
41 232
41 332
41 537
41 605
41 619
41 675
41 690
41 795
41 918
41 952
41 962
41 974
42 123
42 142
42 276
42 342
42 467
42 795
42 901
42 961
43 392
43 450
43 479
43 550
43 579
43 609
43 846
43 860
43 966
43 979
43 984
44 167
44 213
44 345
44 365
44 654
44 723
44 835
44 855
44 895
44 900
44 933
45 266
45 469
45 488
45 596
45 605
45 790
45 829
46 47
46 145
46 432
46 449
46 581
46 767
47 77
47 104
47 112
47 133
47 232
47 377
47 419
47 684
47 694
47 784
47 869
47 956
48 282
48 367
48 428
48 564
48 786
48 788
48 816
48 931
49 209
49 320
49 328
49 367
49 633
49 730
49 804
50 82
50 123
50 252
50 540
50 566
50 597
50 667
50 924
51 182
51 469
51 628
51 630
51 737
51 842
51 876
51 892
51 951
52 228
52 261
52 363
52 458
52 482
52 504
52 638
52 681
52 731
52 732
52 879
52 895
52 919
52 951
53 209
53 241
53 632
53 679
53 723
54 117
54 156
54 272
54 342
54 431
54 477
54 615
54 796
54 964
55 110
55 484
55 517
55 613
55 768
55 782
55 852
55 985
56 127
56 210
56 625
56 626
56 725
56 906
57 64
57 108
57 145
57 170
57 180
57 240
57 247
57 303
57 549
57 666
57 679
57 824
57 856
57 881
57 984
58 277
58 331
58 378
58 404
58 705
58 783
58 864
58 888
58 919
59 90
59 123
59 129
59 133
59 214
59 280
59 320
59 346
59 533
59 540
59 814
60 120
60 407
60 454
60 571
60 573
60 760
60 899
61 232
61 341
61 422
61 440
61 464
61 487
61 524
61 573
61 771
61 871
61 943
61 945
61 963
61 972
61 974
62 372
62 460
62 650
62 664
62 671
62 710
62 719
63 96
63 224
63 290
63 416
63 499
63 564
63 706
63 715
63 950
63 959
63 985
63 987
64 160
64 238
64 312
64 385
64 413
64 426
64 598
64 726
64 729
64 775
64 777
65 314
65 315
65 357
65 437
65 600
65 750
65 843
65 870
65 990
66 257
66 292
66 338
66 421
66 939
66 993
67 91
67 296
67 394
67 471
67 591
67 807
67 808
67 886
67 920
67 958
67 990
68 155
68 250
68 302
68 458
68 540
68 685
68 791
68 807
68 972
69 114
69 265
69 278
69 324
69 395
69 396
69 473
69 546
69 605
69 644
69 669
69 763
69 768
69 789
69 862
69 879
69 890
69 930
70 139
70 163
70 301
70 339
70 374
70 518
70 916
71 120
71 225
71 284
71 405
71 436
71 472
71 570
71 760
71 766
71 776
71 809
71 862
72 119
72 244
72 255
72 363
72 508
72 590
72 648
72 669
72 671
72 689
72 772
72 872
72 997
73 105
73 233
73 253
73 374
73 636
73 726
73 747
73 753
73 836
73 909
74 251
74 304
74 314
74 329
74 426
74 667
74 831
74 939
74 976
75 162
75 252
75 580
75 688
75 772
75 825
76 182
76 244
76 335
76 381
76 442
76 463
76 587
76 602
76 676
77 181
77 359
77 369
77 402
77 453
77 457
77 459
77 502
77 556
77 612
77 787
77 807
77 816
77 957
77 990
78 224
78 268
78 363
78 863
78 908
79 344
79 388
79 398
79 419
79 427
79 433
79 501
79 558
79 665
79 701
79 788
79 872
80 132
80 300
80 333
80 353
80 383
80 388
80 822
81 163
81 227
81 280
81 537
81 560
81 765
81 796
81 842
82 188
82 332
82 407
82 489
82 596
82 667
82 972
83 120
83 132
83 196
83 216
83 531
83 613
83 663
83 677
83 828
83 861
84 177
84 200
84 202
84 231
84 261
84 442
84 508
84 669
84 700
84 765
84 894
85 88
85 120
85 144
85 211
85 242
85 250
85 483
85 511
85 558
85 832
85 842
86 89
86 275
86 379
86 592
86 978
87 312
87 379
87 743
87 839
87 949
87 962
88 166
88 237
88 425
88 468
88 476
88 760
88 824
88 853
88 863
88 954
89 132
89 200
89 235
89 345
89 403
89 577
89 677
89 811
89 840
89 935
89 980
89 989
90 270
90 291
90 326
90 630
90 714
90 740
90 770
90 797
90 799
90 858
90 939
91 185
91 209
91 218
91 236
91 252
91 265
91 302
91 438
91 494
91 531
91 850
91 867
91 892
91 968
92 216
92 264
92 517
92 668
92 706
92 799
92 854
92 858
93 142
93 205
93 229
93 292
93 753
93 929
93 971
94 173
94 205
94 567
94 842
95 205
95 345
95 423
95 452
95 588
95 624
95 646
95 648
95 834
95 858
96 170
96 227
96 235
96 327
96 704
96 737
96 833
97 230
97 322
97 398
97 419
97 427
97 433
97 497
97 674
97 718
97 854
97 879
97 909
97 965
98 421
98 475
98 619
98 662
98 764
98 806
98 815
98 989
99 281
99 329
99 341
99 571
99 768
99 797
99 843
99 877
99 959
99 994
100 103
100 119
100 264
100 357
100 392
100 481
100 518
100 597
100 845
100 907
101 121
101 152
101 231
101 311
101 376
101 522
101 539
101 584
101 618
101 702
101 768
101 816
101 968
102 116
102 605
102 626
102 719
102 778
102 911
103 201
103 220
103 229
103 259
103 315
103 345
103 361
103 426
103 518
103 548
103 567
103 638
103 834
103 891
104 236
104 408
104 672
104 813
104 914
104 994
105 128
105 242
105 561
105 585
105 760
105 918
105 941
106 154
106 199
106 373
106 656
106 676
106 687
106 721
106 882
106 934
107 405
107 478
107 479
107 522
107 832
108 126
108 209
108 266
108 302
108 431
108 447
108 511
108 718
108 808
108 833
108 906
109 113
109 157
109 216
109 272
109 427
109 673
109 827
109 900
109 995
110 132
110 250
110 265
110 336
110 368
110 397
110 512
110 532
110 682
111 190
111 343
111 403
111 484
111 511
111 556
111 616
111 633
111 645
111 707
111 739
111 744
111 793
111 794
111 858
111 880
112 135
112 464
112 710
112 746
112 931
112 996
113 188
113 288
113 305
113 378
113 415
114 170
114 279
114 340
114 387
114 447
114 500
114 599
114 611
114 666
114 994
115 128
115 725
115 776
115 836
115 863
115 933
116 282
116 458
116 479
116 490
116 545
116 574
116 579
116 620
116 895
117 192
117 222
117 229
117 374
117 395
117 466
117 548
117 569
117 741
117 765
117 925
118 213
118 244
118 439
118 491
118 553
118 692
118 742
118 798
118 904
119 375
119 384
119 520
119 635
119 758
119 789
119 854
120 185
120 209
120 289
120 294
120 304
120 431
120 482
120 502
120 575
120 956
121 299
121 484
121 610
121 657
121 659
121 726
121 734
121 853
121 952
122 233
122 279
122 340
122 428
122 436
122 519
122 837
122 994
123 168
123 303
123 343
123 569
123 679
123 716
124 235
124 293
124 596
124 641
124 692
124 737
124 826
124 855
124 971
125 246
125 302
125 366
125 368
125 811
125 823
125 966
125 971
125 995
125 996
126 184
126 227
126 843
126 878
126 887
126 989
127 185
127 472
127 487
127 551
127 910
127 953
128 159
128 356
128 398
128 545
128 866
128 965
128 985
129 326
129 401
129 504
129 508
129 607
129 654
129 662
129 688
129 811
129 965
129 982
130 501
130 556
130 659
130 678
130 693
130 795
131 139
131 163
131 229
131 249
131 391
131 813
131 878
131 941
131 975
132 157
132 340
132 739
132 771
132 825
133 149
133 188
133 214
133 288
133 314
133 391
133 459
133 474
133 640
133 751
133 853
133 898
134 250
134 293
134 406
134 512
134 550
134 738
134 879
134 942
134 975
135 156
135 299
135 497
135 560
135 733
135 805
135 812
136 470
136 551
136 566
136 835
136 848
136 903
136 968
137 266
137 381
137 413
137 427
137 446
137 553
137 715
137 940
138 179
138 300
138 427
138 519
138 671
138 673
138 875
138 916
139 218
139 484
139 548
139 662
139 961
140 304
140 343
140 357
140 454
140 458
140 496
140 498
140 506
140 848
141 232
141 292
141 426
141 510
141 619
141 782
141 839
141 897
142 216
142 296
142 338
142 406
142 522
142 597
142 953
143 293
143 307
143 387
143 390
143 525
143 647
143 820
144 237
144 306
144 442
145 373
145 401
145 559
145 577
145 585
145 677
145 732
145 775
145 866
145 961
145 965
146 152
146 219
146 258
146 271
146 301
146 327
146 407
146 466
146 540
146 615
146 688
146 832
146 938
146 969
147 163
147 228
147 315
147 360
147 391
147 423
147 831
147 883
147 941
147 967
147 974
148 191
148 234
148 264
148 694
148 736
148 748
148 774
148 889
149 163
149 211
149 247
149 254
149 322
149 412
149 437
149 565
149 583
149 586
149 606
149 704
149 776
149 913
149 944
150 179
150 330
150 333
150 360
150 497
150 515
150 607
150 736
150 925
150 968
150 982
151 286
151 296
151 354
151 382
151 450
151 529
151 565
151 597
151 614
151 709
151 723
151 762
151 820
151 837
151 856
151 994
152 196
152 565
152 749
152 964
152 987
153 375
153 451
153 552
153 983
153 990
154 514
154 547
154 884
154 960
155 416
155 503
155 546
155 635
155 762
155 783
155 786
155 892
155 896
156 176
156 344
156 502
156 638
157 369
157 538
157 625
157 807
157 855
157 856
157 871
158 418
158 491
158 526
158 569
158 802
158 811
158 981
159 188
159 210
159 450
159 686
160 166
160 169
160 907
161 388
161 410
161 502
161 535
161 585
161 602
161 677
161 710
161 719
161 772
161 784
161 972
162 247
162 356
162 428
162 490
162 533
162 607
162 661
162 711
162 839
163 280
163 376
163 468
163 508
163 540
163 564
163 788
163 813
163 834
163 872
163 885
164 271
164 374
164 496
164 830
164 904
165 190
165 311
165 345
165 619
165 632
165 679
165 778
165 905
165 976
166 174
166 225
166 291
166 329
166 470
166 478
166 672
166 744
166 860
167 333
167 439
167 446
167 470
167 596
167 606
167 684
167 841
167 899
168 195
168 377
168 574
168 728
168 807
168 838
168 847
168 886
168 920
168 958
169 208
169 228
169 238
169 245
169 568
169 584
169 631
169 770
169 844
170 172
170 327
170 345
170 366
170 436
170 529
170 572
170 595
170 606
170 781
170 840
170 884
170 894
170 902
171 237
171 443
171 635
171 668
171 771
171 869
171 910
171 992
172 280
172 373
172 448
172 698
172 799
173 195
173 209
173 294
173 597
173 613
173 643
173 688
173 745
173 843
173 969
174 457
174 594
174 642
174 672
174 784
174 810
174 853
174 866
174 899
175 193
175 472
175 601
175 621
175 813
175 841
175 894
176 289
176 579
176 948
177 536
177 610
177 714
177 788
177 805
178 279
178 302
178 312
178 366
178 421
178 675
178 830
178 852
178 913
178 964
179 194
179 267
179 441
179 522
179 784
179 820
179 914
180 191
180 449
180 567
180 642
180 982
181 258
181 261
181 402
181 421
181 655
181 705
182 384
182 709
182 813
182 843
182 859
182 860
182 870
182 876
183 193
183 258
183 313
183 365
183 376
183 565
183 581
183 644
183 943
183 972
184 194
184 204
184 369
184 478
184 651
184 801
184 921
185 437
185 589
185 641
185 908
185 916
185 932
185 952
186 202
186 221
186 234
186 256
186 368
186 416
186 430
186 449
186 844
186 967
186 977
187 230
187 245
187 248
187 386
187 477
187 710
187 890
187 999
188 245
188 427
188 591
188 894
188 982
188 986
189 192
189 308
189 313
189 379
189 433
189 477
189 487
189 587
189 590
189 778
189 924
189 926
189 966
190 202
190 222
190 224
190 285
190 547
190 588
190 634
190 896
190 962
191 310
191 329
191 435
191 685
191 693
191 718
191 764
191 768
191 774
191 805
191 910
191 915
191 934
191 956
191 981
191 997
192 332
192 436
192 489
192 543
192 560
192 571
192 584
192 934
192 958
193 215
193 262
193 444
193 449
193 815
194 217
194 349
194 380
194 704
195 197
195 198
195 242
195 243
195 323
195 466
195 517
195 564
195 586
195 632
195 758
195 983
196 252
196 258
196 292
196 329
196 402
196 641
196 689
196 969
197 295
197 738
198 263
198 381
198 437
198 442
198 480
198 547
198 606
198 686
198 801
198 843
198 962
198 987
199 286
199 418
199 644
199 692
199 832
199 933
199 938
200 313
200 410
200 623
200 627
200 689
200 804
201 439
201 522
201 566
201 760
201 776
201 833
201 942
202 317
202 413
202 532
202 592
202 600
202 601
202 980
202 993
203 328
203 428
203 462
203 613
203 668
203 724
203 829
203 918
203 937
204 328
204 467
204 547
204 568
204 589
204 785
204 794
205 302
205 303
205 311
205 540
205 620
205 642
205 659
205 667
205 764
205 786
205 793
205 815
205 845
206 338
206 348
206 366
206 577
206 676
206 714
206 720
206 739
206 817
206 872
206 899
206 952
206 986
207 215
207 326
207 346
207 498
207 545
207 665
207 709
207 726
207 886
208 214
208 319
208 651
208 712
208 837
208 945
209 297
209 334
209 395
209 417
209 441
209 521
209 885
210 216
210 280
210 326
210 475
210 501
210 513
210 578
210 719
210 756
210 807
210 810
210 827
210 894
211 213
211 217
211 225
211 470
211 517
211 541
211 615
211 651
211 745
211 915
212 325
212 399
212 437
212 463
212 475
212 598
212 728
212 749
213 259
213 322
213 426
213 494
213 850
214 218
214 287
214 345
214 555
214 631
214 767
215 259
215 274
215 311
215 334
215 371
215 514
215 661
215 765
215 893
215 974
216 224
216 302
216 428
216 435
216 465
216 656
216 696
217 233
217 248
217 360
217 524
217 577
217 653
217 808
217 902
217 931
218 259
218 287
218 467
218 592
218 768
218 819
218 897
218 917
219 313
219 329
219 432
219 653
219 664
219 689
219 791
219 892
219 894
219 895
219 934
220 455
220 550
220 591
220 625
220 652
220 669
220 689
221 269
221 508
221 697
221 776
221 842
221 883
222 372
222 435
222 572
222 597
222 720
222 755
222 824
222 837
222 964
222 968
222 975
223 248
223 272
223 347
223 351
223 384
223 466
223 684
223 700
223 792
223 865
223 883
224 267
224 345
224 439
224 442
224 449
224 545
224 620
224 642
224 695
225 249
225 272
225 480
225 635
225 783
225 795
225 820
226 274
226 402
226 426
226 427
226 737
226 803
227 323
227 373
227 871
227 957
228 238
228 597
228 718
228 747
228 819
228 936
228 965
228 982
229 338
229 410
229 450
229 715
229 723
229 725
229 818
229 872
229 888
229 895
230 370
230 405
230 496
230 657
230 731
230 732
230 898
230 899
230 971
231 500
231 732
231 835
231 884
232 233
232 289
232 290
232 316
232 565
232 581
232 626
232 732
232 737
232 772
233 258
233 357
233 390
233 558
233 889
234 250
234 277
234 362
234 395
234 555
234 748
234 800
234 899
235 246
235 344
235 423
235 530
235 643
235 701
235 778
235 799
235 872
236 457
236 597
236 616
236 736
237 320
237 589
237 618
237 644
237 751
237 851
237 883
237 971
238 259
238 297
238 344
238 397
238 530
238 824
238 976
239 403
239 434
239 444
239 644
239 738
239 831
239 974
239 993
240 252
240 285
240 562
240 602
240 674
240 695
240 830
240 850
240 960
240 982
240 990
241 294
241 881
241 887
241 920
242 252
242 347
242 480
242 498
242 575
242 596
242 873
243 345
243 366
243 431
243 471
243 497
243 510
243 626
243 630
243 691
243 874
243 968
244 277
244 490
244 727
244 966
245 256
245 410
245 455
245 459
245 552
245 697
245 720
245 814
245 940
246 318
246 354
246 502
246 605
246 632
246 687
246 936
246 937
246 953
246 996
247 252
247 254
247 283
247 360
247 565
247 660
247 880
247 922
247 956
248 316
248 424
248 435
248 799
248 800
248 859
248 997
249 288
249 377
249 456
249 596
249 620
249 674
249 729
249 732
249 736
249 811
249 898
249 951
250 485
250 515
250 859
250 886
250 911
250 956
251 393
251 415
251 424
251 546
251 777
251 891
252 262
252 272
252 295
252 434
252 517
252 518
252 527
252 540
252 838
252 846
252 886
253 267
253 272
253 422
253 470
253 556
253 593
253 618
253 752
253 762
253 843
253 927
253 949
254 358
254 500
254 636
254 748
254 987
255 257
255 300
255 431
255 532
255 543
255 658
255 667
255 675
256 299
256 719
256 769
256 921
257 542
257 547
257 598
257 703
257 988
258 262
258 414
258 440
258 555
258 642
258 810
258 922
258 965
258 992
259 288
259 475
259 478
259 502
259 612
259 765
259 809
259 925
260 442
260 475
260 498
260 576
260 665
260 805
260 835
261 535
261 562
261 577
261 642
261 660
261 680
261 708
261 980
262 320
262 334
262 341
262 388
262 496
262 775
262 783
262 866
263 264
263 326
263 456
263 473
263 895
263 977
264 557
264 660
264 783
264 877
265 601
265 667
265 709
265 998
266 312
266 320
266 423
266 503
266 809
266 932
266 986
267 325
267 335
267 456
267 473
267 509
267 591
267 598
267 637
267 674
267 681
267 685
267 719
267 889
267 899
267 957
267 989
268 345
268 424
268 432
268 482
268 567
268 754
268 812
268 853
268 907
269 553
269 651
270 427
270 615
270 666
270 768
271 281
271 312
271 461
271 580
271 908
271 965
272 341
272 369
272 414
272 758
272 843
272 880
273 313
273 314
273 366
273 417
273 432
273 533
273 568
273 827
274 507
274 655
274 660
274 692
274 766
274 822
274 845
274 999
275 323
275 450
275 585
275 650
275 674
275 681
276 300
276 322
276 420
276 427
276 653
276 974
277 420
277 441
277 479
277 551
277 592
277 622
277 640
277 705
277 710
277 780
277 889
277 912
278 347
278 378
278 445
278 446
278 493
278 570
278 628
278 629
278 728
278 889
279 440
279 509
279 750
279 760
280 367
280 386
280 472
280 554
281 333
281 410
281 634
281 873
281 903
281 945
282 373
282 382
282 390
282 554
282 646
282 647
282 735
282 950
283 502
283 512
283 536
283 538
283 572
283 927
283 933
283 944
283 955
284 553
284 659
285 526
285 810
285 834
286 649
286 719
286 760
286 796
286 802
286 814
287 302
287 494
287 692
287 771
287 805
287 968
288 292
288 348
288 431
288 469
288 488
288 496
288 579
288 644
288 687
288 724
288 967
288 989
289 310
289 361
289 373
289 400
289 488
289 497
289 550
289 605
289 938
289 943
290 293
290 318
290 479
290 649
290 821
290 972
291 338
291 344
291 366
291 446
291 473
291 478
291 500
291 632
291 639
291 797
291 912
292 599
292 654
292 706
292 803
292 895
292 965
293 427
293 445
293 647
293 736
293 793
294 316
294 351
294 384
294 487
294 649
294 903
295 304
295 486
295 866
295 967
295 978
296 371
296 403
296 444
296 570
296 572
296 626
296 996
297 341
297 441
297 564
297 606
297 610
297 784
297 984
298 325
298 452
298 602
298 615
298 855
298 961
298 983
298 984
299 620
299 656
299 716
299 990
300 513
300 538
300 594
300 608
300 786
300 788
300 814
300 836
300 874
300 967
301 336
301 412
301 435
301 454
301 455
301 457
301 460
301 566
301 602
301 659
302 328
302 347
302 355
302 398
302 598
302 625
302 694
302 727
302 765
302 834
302 867
302 926
303 314
303 560
303 643
303 664
303 789
304 478
304 622
304 653
304 706
304 714
304 800
304 840
304 909
305 351
305 477
305 494
305 713
305 739
305 818
305 823
306 352
306 404
306 472
306 563
306 630
306 686
306 831
306 849
306 860
306 966
307 361
307 435
307 437
307 532
307 672
307 751
307 789
307 990
308 560
308 619
308 662
308 692
308 827
308 888
309 453
309 495
309 557
309 626
309 640
309 719
309 721
309 963
310 388
310 424
310 473
310 519
310 583
310 630
310 683
310 725
310 876
311 314
311 519
311 596
311 634
311 916
312 381
312 504
312 586
312 838
313 485
313 508
313 573
313 602
313 666
313 686
313 793
313 827
314 350
314 364
314 385
314 388
314 467
314 774
314 979
315 460
315 541
315 548
315 566
315 633
315 652
315 833
315 883
316 614
316 622
317 406
317 557
317 727
317 737
318 358
318 361
318 380
318 394
318 555
318 604
318 656
318 921
319 578
319 656
319 674
319 704
319 832
319 892
319 936
319 955
319 961
320 639
320 740
320 759
320 829
320 901
320 973
321 357
321 656
321 710
321 926
322 333
322 401
322 444
322 479
322 492
322 519
322 641
322 713
322 824
322 846
322 905
322 935
323 526
323 535
323 546
323 581
323 601
323 684
323 740
323 792
323 903
324 325
324 432
324 457
324 971
325 363
325 382
325 389
325 449
325 466
325 559
325 580
325 584
325 810
325 930
326 543
326 564
326 728
326 799
326 887
326 912
326 943
327 520
327 868
327 900
327 953
328 399
328 447
328 573
328 624
328 694
328 786
328 817
328 902
328 996
329 399
329 544
329 717
329 777
329 979
330 567
330 590
330 686
330 697
330 910
331 436
331 549
331 582
331 604
331 619
331 857
331 858
331 874
331 875
331 918
331 948
332 447
332 528
332 562
332 646
332 734
332 775
332 795
332 846
332 864
332 973
334 361
334 417
334 474
334 487
334 529
334 533
334 606
334 656
334 921
335 443
335 586
335 700
336 508
336 519
336 620
336 652
336 680
336 835
336 849
336 981
337 381
337 382
337 414
337 503
337 592
337 753
337 754
337 965
338 458
338 537
338 540
338 641
338 766
338 781
338 808
339 354
339 382
339 619
339 635
339 644
339 697
340 371
340 419
340 535
340 570
340 581
341 510
341 682
341 858
342 502
342 504
342 649
342 664
342 877
342 914
342 955
343 366
343 427
343 560
343 573
343 638
343 821
343 990
344 915
344 931
345 604
345 739
345 778
345 779
346 466
346 543
346 641
346 709
346 743
346 859
346 870
346 980
346 981
347 430
347 459
347 510
347 778
347 818
347 852
347 859
347 898
348 368
348 401
348 704
348 911
348 985
349 380
349 478
349 561
349 611
349 619
349 687
349 688
349 876
350 405
350 650
350 745
350 778
350 881
350 938
350 953
351 503
351 742
351 785
351 837
352 550
352 642
352 980
353 390
353 543
353 693
353 699
353 826
353 864
354 453
354 524
354 578
354 858
354 882
354 896
355 446
355 551
355 675
355 881
355 962
356 388
356 394
356 604
356 770
356 865
357 406
357 429
357 615
357 795
358 403
358 555
358 614
358 659
358 794
359 423
359 425
359 589
359 621
359 635
359 733
360 391
360 397
360 418
360 468
360 586
360 644
360 696
360 941
361 487
361 756
361 895
361 903
361 955
361 997
362 366
362 371
362 412
362 496
362 827
362 890
363 451
363 559
363 564
363 695
363 907
363 941
364 383
364 444
364 521
364 534
364 685
364 785
364 946
365 565
365 580
365 590
365 621
365 686
365 800
365 822
365 866
365 877
365 893
365 913
366 415
366 470
366 653
367 414
367 442
367 887
368 567
368 570
368 596
368 604
368 679
368 681
368 707
368 710
369 382
369 526
369 564
369 639
369 690
369 841
369 928
370 775
370 776
370 812
370 820
370 857
371 488
371 550
371 557
371 589
371 681
371 707
371 790
371 941
371 945
372 442
372 454
372 538
372 756
373 382
373 392
373 440
373 631
373 645
373 929
373 944
373 991
374 435
374 509
374 536
374 574
374 583
374 635
374 916
375 429
375 431
375 477
375 522
375 542
375 634
375 738
375 789
376 427
376 460
376 503
376 851
376 944
376 988
377 413
377 429
377 517
377 812
377 839
377 865
378 490
378 514
378 533
378 653
378 723
378 836
378 844
378 874
378 895
378 905
378 906
378 949
378 993
379 406
379 407
379 515
379 577
379 702
379 862
379 903
380 407
380 553
380 772
380 823
380 972
381 456
381 490
381 800
381 985
381 987
382 407
382 651
382 702
382 807
382 906
382 938
382 940
383 540
383 587
383 605
383 711
383 714
383 783
383 927
383 980
383 982
384 391
384 399
384 449
384 499
384 776
384 883
384 964
385 429
385 445
385 490
385 499
385 646
385 678
385 686
385 839
385 974
386 419
386 518
386 573
386 644
386 652
386 671
386 888
386 945
386 947
387 413
387 592
387 633
387 647
387 694
387 727
387 738
387 743
387 879
387 948
387 977
387 980
388 390
388 465
388 691
388 746
388 787
389 523
389 547
389 555
389 617
389 618
389 682
390 405
390 548
390 742
390 826
391 568
391 819
392 503
392 629
392 674
392 764
392 773
392 830
392 907
392 959
393 418
393 696
393 907
394 395
394 419
394 431
394 500
394 688
394 846
394 866
394 928
395 579
395 708
395 857
395 981
395 984
395 989
396 397
396 613
396 795
396 989
397 777
397 945
398 402
398 472
398 638
398 800
398 969
399 569
399 632
399 730
399 752
399 824
399 842
399 859
400 440
400 703
400 718
400 936
401 473
401 499
401 535
401 941
403 436
403 487
403 512
403 682
403 702
403 783
403 796
403 824
403 876
403 963
404 448
404 600
404 781
404 799
404 894
404 971
405 505
405 695
405 718
405 780
405 828
405 833
405 872
405 995
406 432
406 764
406 780
406 783
406 926
406 988
407 416
407 424
407 431
407 636
407 730
407 871
407 917
408 640
408 680
408 713
409 461
409 483
409 530
409 543
409 580
409 647
409 660
409 843
409 860
410 414
410 479
410 547
410 747
410 835
410 842
410 868
410 884
411 432
411 676
411 721
411 752
411 796
411 984
412 469
412 585
412 602
412 630
412 631
412 947
412 988
413 612
413 729
413 828
413 855
413 963
413 974
414 471
414 543
414 614
414 676
414 744
414 780
414 917
415 416
415 512
415 627
415 638
415 687
415 688
415 834
415 851
416 642
416 659
416 683
416 765
416 914
416 963
417 530
417 584
417 585
417 615
417 909
418 432
418 458
418 559
418 743
418 825
418 971
419 497
419 886
420 424
420 534
420 542
420 590
420 793
420 943
420 950
421 463
421 590
421 671
421 723
421 734
421 887
422 827
422 850
422 878
422 984
423 493
423 543
423 568
423 589
423 718
423 781
423 785
423 796
423 862
423 956
424 477
424 483
424 526
424 669
424 706
424 713
424 765
424 805
424 840
424 849
424 975
425 444
425 459
425 470
425 587
425 657
425 725
425 770
425 887
425 944
426 443
426 504
427 528
427 621
427 797
427 931
428 570
428 580
428 631
428 814
428 866
428 957
429 567
429 649
429 689
429 749
429 882
429 893
429 907
430 459
430 517
430 590
430 616
430 695
430 884
430 923
431 449
431 498
431 507
431 624
431 731
432 438
432 586
432 835
432 914
433 466
433 500
433 732
433 822
433 921
434 517
434 597
434 696
434 701
435 461
435 666
435 682
436 603
436 712
436 725
436 739
436 756
436 852
436 884
436 898
436 951
436 988
437 570
437 609
437 832
437 885
438 489
438 558
438 690
438 720
438 871
439 486
439 509
439 565
439 694
439 725
439 751
439 785
440 514
440 579
440 605
440 715
440 775
440 822
441 527
441 674
441 682
441 915
441 986
442 796
442 971
442 993
443 449
443 500
443 618
443 648
443 675
443 678
443 750
443 789
443 818
443 857
443 962
444 448
444 490
444 702
444 787
444 796
444 856
444 904
445 520
445 531
445 760
445 802
445 863
445 968
445 983
446 448
446 517
446 620
446 630
446 633
446 714
446 876
447 550
447 577
447 667
447 731
447 802
447 897
447 967
448 520
448 586
448 844
448 929
448 934
449 598
449 778
449 879
449 880
449 905
450 581
450 649
450 654
450 902
450 911
451 469
451 472
451 501
451 589
451 605
451 712
451 775
451 800
451 935
451 971
452 459
452 610
452 664
452 721
452 772
452 949
453 465
453 611
453 824
453 840
453 858
453 907
454 497
454 549
454 764
454 896
455 617
455 755
455 790
455 885
455 898
456 657
456 671
456 707
456 800
456 966
457 618
457 687
457 693
457 697
457 731
457 989
458 552
458 626
458 639
458 676
458 767
458 980
459 603
459 659
459 711
459 768
460 633
460 646
460 690
460 718
460 917
460 950
460 964
461 700
461 789
461 799
461 842
461 852
461 910
461 974
462 486
462 779
463 537
463 593
463 649
463 726
463 786
463 803
463 844
463 861
464 601
464 650
464 994
465 614
465 621
465 695
465 937
466 584
466 607
466 635
466 844
466 977
467 635
467 647
467 699
467 825
467 859
467 945
467 954
468 481
468 957
468 986
469 471
469 621
469 779
469 784
469 858
469 894
469 905
470 532
470 549
470 583
470 628
470 824
470 907
470 947
470 948
470 977
470 986
471 482
471 568
471 584
471 619
471 649
471 655
471 670
471 805
471 839
471 844
471 846
471 873
471 895
472 519
472 764
472 804
472 925
472 928
473 520
473 636
473 646
473 759
473 924
474 489
474 519
474 553
474 586
474 624
474 861
474 882
475 597
475 659
475 850
475 993
476 516
476 756
477 497
477 501
477 634
477 643
477 779
477 873
477 897
478 581
478 612
478 652
478 743
478 797
478 847
478 849
478 941
479 496
479 501
479 554
479 663
479 684
479 695
479 860
480 564
480 625
480 698
481 548
481 609
481 632
481 709
481 753
481 813
482 576
482 615
482 705
482 708
482 734
482 763
482 780
482 913
482 919
482 994
483 517
483 531
483 569
483 635
483 812
483 851
483 891
483 988
484 553
484 620
484 641
484 893
484 988
484 991
485 692
485 850
486 584
486 633
486 680
486 744
486 756
486 918
487 593
487 678
487 680
487 939
488 525
488 731
488 810
488 883
488 904
488 930
488 941
489 623
489 724
489 872
489 904
489 929
489 945
490 622
490 872
490 912
491 773
491 801
491 963
492 522
493 628
493 683
493 684
493 729
493 923
494 538
494 577
494 637
494 740
494 871
495 500
495 571
495 590
495 683
495 726
495 754
495 811
496 575
496 585
496 726
496 888
496 904
497 557
497 837
497 872
497 983
498 573
498 658
498 946
499 681
499 790
499 900
500 594
500 666
500 722
500 772
500 875
500 877
500 888
500 941
501 831
501 886
502 556
502 571
502 713
502 782
502 862
503 692
503 734
503 866
503 934
503 969
504 514
504 524
504 782
504 837
504 866
504 867
504 976
505 619
505 633
505 636
505 710
505 746
505 806
505 837
505 870
505 877
505 878
506 823
506 883
506 884
507 602
507 620
507 631
507 678
507 840
508 545
508 878
508 981
509 538
509 655
509 676
509 725
509 822
510 559
510 583
510 623
510 651
510 694
510 702
510 802
510 905
511 644
511 668
511 811
511 928
512 588
512 630
512 730
512 749
512 787
512 873
513 576
513 590
513 652
513 744
513 798
513 801
513 930
513 959
513 997
514 516
514 612
514 663
514 718
514 730
514 779
514 888
514 914
515 638
515 640
515 808
515 944
516 724
516 835
516 849
516 972
517 563
517 569
517 695
517 720
517 815
517 919
518 661
518 843
518 873
518 899
518 900
519 571
519 723
519 809
520 543
520 658
520 671
520 815
521 571
521 601
521 732
521 824
521 839
521 875
521 951
522 579
522 599
522 782
522 877
522 983
523 662
523 830
524 566
524 691
524 737
524 933
524 950
524 968
524 970
525 785
525 953
526 527
526 749
526 765
526 810
526 835
526 848
526 849
526 876
526 915
526 942
526 976
527 615
527 828
527 972
528 530
528 582
528 720
528 789
528 820
528 856
528 912
528 957
529 628
529 864
529 908
530 683
530 786
530 818
530 853
530 895
530 912
531 547
531 569
531 606
531 633
531 719
531 734
531 789
531 872
531 879
531 919
531 937
532 730
532 735
532 953
532 961
533 652
533 832
533 842
533 910
534 537
534 580
534 605
534 666
534 764
534 782
534 910
534 947
535 572
536 710
536 813
536 888
536 990
537 682
537 758
537 986
537 993
538 694
538 704
538 718
538 729
538 783
538 856
538 959
538 981
539 648
539 713
539 751
539 816
539 950
539 995
540 603
540 638
540 746
540 751
540 828
540 861
541 586
541 859
542 660
542 748
542 787
542 859
542 918
542 962
542 996
543 570
543 699
543 849
543 946
544 852
545 548
545 597
545 814
545 966
546 689
546 757
546 847
547 555
547 640
547 644
547 683
547 713
547 737
547 879
547 893
547 920
548 564
548 581
548 849
548 890
548 925
548 939
548 940
548 942
549 563
549 703
549 845
549 896
549 931
550 607
550 720
550 744
550 750
550 852
550 988
551 597
551 790
551 801
552 807
552 957
552 986
553 926
553 927
553 932
553 981
554 660
554 667
554 707
554 926
554 936
554 983
555 715
555 726
555 761
555 805
555 961
556 574
556 699
556 748
557 962
558 777
558 785
558 845
558 985
559 563
559 594
559 814
559 947
560 613
560 838
560 917
561 563
561 725
561 761
561 897
561 914
562 694
562 720
562 766
562 981
562 985
562 987
563 585
563 592
563 674
563 681
563 743
563 888
563 894
563 903
564 661
564 662
564 786
564 859
564 910
564 948
564 994
565 639
565 803
565 920
565 971
565 979
566 625
566 762
566 788
566 845
566 926
567 576
567 659
568 653
568 690
568 700
568 704
568 725
568 867
569 658
569 722
569 743
569 787
569 890
569 974
570 586
571 574
571 623
571 629
571 659
571 784
571 809
571 837
571 910
571 927
572 766
572 783
572 804
572 819
572 913
573 879
573 947
574 656
574 755
574 979
575 642
575 693
575 860
575 918
576 780
576 857
576 923
576 946
577 667
577 716
577 750
577 816
577 856
577 922
578 868
578 945
578 947
578 984
579 653
579 704
579 716
579 800
580 607
581 677
581 780
581 847
582 684
582 722
582 829
583 832
584 828
584 938
585 605
585 656
585 806
585 903
585 958
586 779
586 920
586 926
587 757
587 927
588 775
588 838
588 910
589 591
589 611
589 660
589 736
589 759
589 966
590 650
590 658
590 660
590 810
590 905
591 755
591 773
591 789
592 875
592 901
593 677
593 749
593 753
593 787
593 860
593 923
593 935
594 601
594 612
594 797
594 819
594 892
594 904
594 996
595 643
595 655
595 675
595 722
595 732
595 779
595 915
595 949
595 951
596 774
596 826
596 897
596 997
597 651
597 718
597 746
597 811
597 845
597 935
597 939
597 958
598 764
598 858
598 956
598 990
599 918
600 727
600 816
600 900
601 619
601 643
601 686
601 711
601 771
601 838
602 736
602 797
602 836
602 994
603 634
603 728
603 733
603 914
604 610
604 815
604 866
604 945
605 740
605 747
605 748
605 867
605 885
605 968
606 712
606 732
606 779
606 855
607 698
607 859
607 943
608 650
608 732
608 747
608 779
608 835
608 895
608 924
608 951
608 955
609 624
609 637
609 662
609 684
609 755
609 861
610 932
611 666
611 889
611 973
612 713
612 745
612 885
613 629
613 666
614 615
614 626
614 760
614 896
615 650
615 661
615 767
615 784
615 810
615 862
616 660
616 981
617 913
618 645
618 717
618 791
618 826
618 893
618 917
618 985
619 721
619 818
619 943
619 954
620 701
620 732
620 808
620 821
620 846
621 704
621 745
621 752
621 755
621 940
622 654
622 902
622 961
623 772
623 821
623 989
624 705
624 813
624 921
624 990
624 997
625 639
625 646
625 727
625 749
625 947
625 994
625 996
626 646
626 693
626 749
626 776
626 837
626 854
626 857
626 928
627 931
628 692
628 700
628 703
628 779
629 749
629 770
629 839
629 974
630 643
630 690
630 751
630 838
630 917
630 990
631 782
631 791
631 849
631 888
631 964
632 674
632 888
632 976
633 725
633 863
633 940
633 959
634 654
634 683
635 716
635 914
635 970
636 716
637 788
637 828
637 863
638 668
638 670
638 685
638 705
638 810
638 890
638 997
639 786
640 840
641 652
641 736
641 833
641 866
641 930
642 770
642 775
642 859
642 925
643 673
643 863
644 724
644 888
644 922
645 716
645 783
645 945
645 955
645 993
646 656
646 694
646 761
646 875
646 937
647 735
647 749
647 829
647 887
647 920
647 971
648 952
648 971
648 996
649 878
649 929
649 938
649 991
649 995
650 714
650 950
651 660
651 675
651 722
651 945
651 974
651 986
652 751
652 895
652 932
652 986
653 815
653 956
654 862
654 927
655 710
655 960
656 751
656 889
657 717
657 720
657 924
658 659
659 715
659 803
659 934
661 720
661 751
661 880
662 678
662 742
662 806
662 870
662 916
662 942
664 740
664 814
664 816
665 723
665 758
665 802
665 844
665 858
666 700
666 861
666 883
666 940
667 746
667 869
668 779
668 824
668 856
668 863
668 906
668 910
668 938
668 990
669 689
669 785
669 790
669 817
669 894
671 744
671 745
671 836
671 843
671 867
671 870
671 874
671 882
671 906
671 977
672 904
672 918
672 948
672 983
674 828
675 746
675 865
675 925
675 966
676 697
676 701
676 816
676 839
676 856
676 877
676 960
677 871
678 850
679 857
679 896
679 931
680 825
680 942
681 720
681 732
681 846
681 979
682 732
682 959
683 710
683 890
684 797
684 803
684 860
684 959
685 762
685 960
685 983
687 817
687 843
688 782
688 837
688 892
688 986
689 723
690 729
690 838
690 844
690 975
690 996
691 978
692 723
692 756
692 912
692 943
693 752
693 753
693 784
694 956
695 859
696 699
696 725
696 855
697 714
697 763
697 845
697 950
697 986
698 701
698 728
698 777
699 826
699 830
700 770
700 825
700 902
701 737
701 861
701 958
702 968
703 813
703 975
704 706
704 887
704 995
705 923
706 832
706 927
707 834
707 842
707 861
707 882
707 955
708 997
709 989
710 843
710 915
711 849
711 899
711 983
712 732
712 888
712 893
712 894
713 834
713 936
714 754
714 944
715 795
715 882
715 891
715 967
716 849
716 966
717 757
717 780
717 854
717 908
718 759
719 762
719 819
719 895
719 954
720 900
722 733
722 793
722 866
722 932
722 973
724 805
725 937
725 959
725 978
726 777
726 800
726 919
726 956
726 963
727 844
727 886
727 909
729 903
729 914
729 929
730 773
730 881
730 892
730 914
730 961
731 769
731 901
732 937
733 770
735 871
735 962
736 801
736 862
736 929
737 809
737 828
737 845
737 876
737 999
738 909
738 965
739 803
739 841
739 981
740 775
740 779
740 869
740 870
740 999
741 815
741 912
742 810
743 822
744 748
744 827
744 905
744 920
744 928
744 989
746 767
747 831
747 927
747 989
748 756
748 816
748 923
748 942
748 956
749 779
749 879
750 864
750 878
751 761
751 944
751 950
752 825
753 766
753 823
753 916
754 936
755 905
756 794
756 955
757 914
757 918
757 942
758 942
759 771
759 783
760 792
760 933
760 993
761 857
761 986
762 764
762 767
762 785
762 831
762 836
762 853
762 859
762 878
762 910
762 931
763 873
763 966
764 783
764 794
765 772
766 823
766 893
766 964
766 986
767 771
767 880
768 839
768 853
768 874
768 969
769 770
769 833
769 998
771 818
771 971
772 777
772 897
772 995
773 789
773 904
774 873
774 906
774 918
774 965
774 968
775 889
776 839
777 907
778 795
778 828
778 850
778 910
778 918
779 873
780 822
780 826
780 827
780 844
780 906
780 970
781 831
781 919
782 811
782 948
782 974
783 787
783 872
783 917
784 923
784 936
784 984
785 941
785 965
786 800
786 812
786 978
787 863
789 800
790 835
790 841
791 815
791 909
791 945
792 827
793 937
794 799
794 860
794 870
794 918
795 920
795 925
796 982
796 985
797 825
797 874
798 840
798 892
798 894
798 944
799 931
800 898
800 939
801 918
801 952
801 976
802 838
802 887
802 914
803 939
804 851
804 906
804 932
804 933
804 945
804 984
805 885
806 862
806 927
806 958
807 956
807 988
809 825
809 866
809 887
809 945
810 848
810 959
810 983
811 921
814 847
815 999
816 825
816 890
818 842
818 916
819 847
820 938
821 897
821 941
824 904
824 913
825 854
825 873
825 915
825 978
825 988
827 831
829 888
829 909
829 920
829 930
830 848
831 838
831 893
832 918
832 935
832 954
833 847
833 959
833 993
834 954
836 916
836 939
837 933
837 954
838 864
838 896
841 908
841 970
842 961
842 968
844 971
845 947
845 954
846 885
846 929
846 952
846 967
847 874
847 957
847 979
848 934
849 855
850 977
850 980
851 883
851 989
852 868
853 856
853 908
853 910
853 996
855 904
856 944
856 945
857 863
857 889
857 901
857 920
857 946
858 877
858 988
859 879
860 980
861 904
862 863
862 910
863 953
863 998
864 903
867 917
868 915
868 985
870 932
871 875
871 936
871 961
872 982
874 981
877 944
877 956
877 976
878 911
878 981
880 994
881 985
882 911
886 994
887 925
888 935
889 939
890 908
890 909
893 910
895 924
896 947
896 993
897 944
898 964
898 974
899 915
899 918
899 967
900 939
900 990
902 956
904 921
904 959
905 928
905 947
905 976
908 968
909 955
910 922
911 963
916 919
916 986
916 997
920 932
922 939
922 966
924 948
925 990
926 961
927 981
927 998
929 962
933 937
933 958
934 978
935 957
937 940
940 949
940 959
940 960
940 978
941 988
943 957
945 953
947 984
949 972
950 961
951 956
952 990
952 994
960 995
964 973
965 990
967 988
969 976
971 976
978 988
988 991
988 996
992 995
