0 4
0 19
0 29
0 38
0 57
0 59
0 61
0 92
0 93
0 94
0 97
0 100
0 104
0 111
0 113
0 115
0 134
0 153
0 154
0 157
0 159
0 162
0 169
0 171
0 173
0 179
0 207
0 215
0 229
0 237
0 243
0 250
0 266
0 291
0 292
0 323
0 330
0 366
0 368
0 377
0 384
0 386
0 393
0 406
0 407
0 410
0 415
0 419
0 431
0 434
0 437
0 446
0 455
0 457
0 494
1 3
1 4
1 7
1 28
1 42
1 44
1 47
1 54
1 61
1 70
1 74
1 95
1 97
1 99
1 111
1 112
1 115
1 123
1 130
1 133
1 139
1 142
1 143
1 144
1 145
1 156
1 165
1 166
1 174
1 183
1 207
1 208
1 215
1 222
1 224
1 229
1 231
1 235
1 246
1 252
1 265
1 288
1 292
1 296
1 304
1 306
1 318
1 330
1 337
1 339
1 350
1 354
1 357
1 359
1 360
1 373
1 374
1 378
1 386
1 393
1 410
1 414
1 431
1 437
1 450
1 455
1 462
1 466
1 487
1 494
1 497
2 9
2 16
2 27
2 55
2 60
2 67
2 69
2 70
2 100
2 116
2 117
2 134
2 156
2 165
2 174
2 193
2 195
2 205
2 206
2 218
2 222
2 250
2 253
2 265
2 270
2 281
2 284
2 290
2 302
2 314
2 332
2 342
2 381
2 389
2 392
2 412
2 419
2 432
2 443
2 457
2 467
2 489
3 39
3 40
3 41
3 49
3 55
3 62
3 81
3 94
3 102
3 108
3 109
3 112
3 120
3 125
3 145
3 150
3 173
3 176
3 189
3 196
3 200
3 201
3 220
3 233
3 253
3 254
3 257
3 272
3 273
3 279
3 285
3 293
3 306
3 332
3 337
3 341
3 344
3 358
3 361
3 362
3 370
3 374
3 381
3 390
3 395
3 406
3 420
3 422
3 424
3 457
3 459
3 495
4 7
4 11
4 19
4 20
4 63
4 70
4 72
4 82
4 96
4 98
4 102
4 107
4 119
4 142
4 152
4 172
4 181
4 187
4 196
4 229
4 234
4 257
4 260
4 275
4 289
4 290
4 300
4 309
4 316
4 331
4 347
4 354
4 361
4 364
4 372
4 386
4 390
4 391
4 394
4 396
4 404
4 418
4 497
5 9
5 11
5 18
5 25
5 32
5 41
5 43
5 56
5 69
5 72
5 77
5 97
5 99
5 116
5 124
5 133
5 138
5 173
5 231
5 251
5 260
5 269
5 274
5 291
5 294
5 325
5 326
5 328
5 330
5 339
5 341
5 414
5 416
5 425
5 427
5 440
5 448
5 453
5 460
5 465
5 469
5 472
5 487
5 491
5 494
6 31
6 44
6 56
6 59
6 92
6 95
6 106
6 128
6 135
6 144
6 147
6 156
6 158
6 173
6 182
6 196
6 198
6 199
6 228
6 240
6 242
6 246
6 255
6 272
6 278
6 284
6 289
6 290
6 292
6 309
6 330
6 347
6 353
6 357
6 361
6 366
6 376
6 382
6 397
6 405
6 412
6 426
6 431
6 438
6 452
6 456
6 479
6 486
6 498
7 15
7 24
7 34
7 51
7 62
7 70
7 83
7 94
7 97
7 98
7 126
7 137
7 171
7 174
7 175
7 185
7 217
7 235
7 253
7 256
7 259
7 262
7 277
7 293
7 297
7 322
7 323
7 341
7 353
7 378
7 382
7 385
7 410
7 412
7 440
7 442
7 451
7 457
7 485
7 489
7 499
8 15
8 23
8 34
8 44
8 48
8 55
8 60
8 65
8 88
8 96
8 102
8 108
8 161
8 165
8 193
8 196
8 207
8 209
8 233
8 234
8 258
8 261
8 267
8 276
8 287
8 292
8 296
8 299
8 302
8 304
8 308
8 310
8 326
8 339
8 340
8 343
8 344
8 347
8 381
8 382
8 386
8 399
8 402
8 413
8 419
8 433
8 435
8 439
8 445
8 446
8 463
8 481
8 482
8 485
8 493
9 27
9 38
9 50
9 54
9 58
9 63
9 73
9 81
9 87
9 88
9 104
9 107
9 118
9 137
9 143
9 148
9 166
9 173
9 176
9 184
9 188
9 236
9 243
9 247
9 251
9 256
9 273
9 285
9 298
9 335
9 340
9 359
9 361
9 366
9 379
9 391
9 398
9 404
9 413
9 432
9 447
9 448
9 460
9 470
9 485
9 491
9 495
10 12
10 16
10 24
10 46
10 67
10 68
10 77
10 82
10 105
10 107
10 108
10 118
10 126
10 134
10 145
10 157
10 163
10 167
10 169
10 170
10 175
10 192
10 199
10 229
10 231
10 251
10 258
10 261
10 269
10 285
10 288
10 294
10 303
10 306
10 313
10 323
10 325
10 327
10 342
10 346
10 349
10 356
10 366
10 382
10 383
10 387
10 408
10 413
10 435
10 452
10 457
10 468
10 479
10 484
10 488
11 25
11 27
11 32
11 37
11 52
11 65
11 87
11 101
11 103
11 108
11 121
11 140
11 144
11 153
11 176
11 182
11 221
11 235
11 241
11 253
11 262
11 266
11 278
11 290
11 291
11 299
11 300
11 315
11 328
11 333
11 350
11 369
11 391
11 395
11 396
11 421
11 426
11 427
11 429
11 437
11 438
11 456
11 463
11 494
12 32
12 40
12 64
12 72
12 86
12 96
12 103
12 109
12 148
12 150
12 164
12 173
12 174
12 177
12 190
12 192
12 197
12 198
12 200
12 202
12 226
12 229
12 258
12 263
12 295
12 296
12 299
12 322
12 323
12 330
12 346
12 349
12 369
12 374
12 375
12 387
12 388
12 398
12 400
12 419
12 427
12 436
12 439
12 455
12 479
12 490
12 491
12 492
13 14
13 36
13 39
13 45
13 46
13 47
13 57
13 59
13 61
13 63
13 72
13 77
13 87
13 97
13 106
13 116
13 140
13 152
13 162
13 189
13 192
13 194
13 198
13 201
13 213
13 226
13 231
13 238
13 252
13 258
13 261
13 266
13 274
13 292
13 295
13 296
13 352
13 363
13 373
13 382
13 388
13 400
13 410
13 418
13 421
13 427
13 428
13 437
13 448
13 455
13 475
13 476
13 477
13 485
13 494
13 499
14 20
14 21
14 24
14 25
14 31
14 32
14 33
14 44
14 47
14 54
14 68
14 71
14 105
14 108
14 120
14 123
14 137
14 144
14 146
14 147
14 158
14 160
14 183
14 191
14 201
14 213
14 231
14 255
14 257
14 260
14 264
14 268
14 286
14 290
14 297
14 307
14 313
14 323
14 327
14 333
14 337
14 338
14 343
14 349
14 354
14 356
14 364
14 388
14 413
14 417
14 433
14 450
14 456
14 459
14 474
14 477
14 478
14 483
14 492
15 21
15 23
15 24
15 35
15 36
15 38
15 42
15 63
15 82
15 96
15 97
15 98
15 108
15 121
15 123
15 131
15 166
15 167
15 174
15 193
15 211
15 214
15 231
15 234
15 236
15 243
15 248
15 255
15 270
15 288
15 305
15 318
15 333
15 338
15 347
15 349
15 359
15 360
15 367
15 386
15 387
15 396
15 402
15 408
15 418
15 422
15 436
15 437
15 442
15 448
15 463
15 471
15 477
15 480
16 30
16 31
16 45
16 47
16 48
16 52
16 74
16 88
16 103
16 105
16 107
16 123
16 126
16 131
16 133
16 140
16 146
16 170
16 177
16 181
16 185
16 187
16 204
16 224
16 225
16 227
16 233
16 235
16 243
16 264
16 271
16 272
16 273
16 278
16 290
16 313
16 323
16 324
16 337
16 341
16 345
16 352
16 368
16 373
16 374
16 379
16 390
16 391
16 393
16 422
16 423
16 427
16 474
16 487
16 496
17 18
17 24
17 65
17 92
17 97
17 99
17 121
17 124
17 131
17 162
17 169
17 175
17 185
17 205
17 211
17 221
17 222
17 228
17 240
17 244
17 249
17 280
17 286
17 298
17 308
17 311
17 316
17 318
17 346
17 370
17 372
17 380
17 395
17 404
17 408
17 409
17 413
17 415
17 419
17 429
17 433
17 462
17 475
17 486
17 497
18 24
18 29
18 32
18 33
18 41
18 44
18 50
18 57
18 83
18 85
18 94
18 95
18 101
18 107
18 114
18 127
18 131
18 133
18 141
18 162
18 164
18 181
18 184
18 187
18 215
18 228
18 230
18 244
18 245
18 258
18 260
18 263
18 276
18 290
18 306
18 310
18 313
18 316
18 322
18 376
18 377
18 381
18 383
18 404
18 411
18 415
18 424
18 425
18 454
18 458
18 475
18 487
18 492
18 495
19 29
19 54
19 67
19 69
19 80
19 82
19 94
19 98
19 102
19 104
19 110
19 120
19 122
19 136
19 138
19 147
19 151
19 156
19 161
19 166
19 168
19 170
19 178
19 184
19 228
19 254
19 255
19 260
19 266
19 274
19 279
19 281
19 283
19 290
19 327
19 331
19 338
19 343
19 364
19 374
19 379
19 388
19 390
19 391
19 393
19 410
19 417
19 420
19 442
19 464
19 466
19 467
19 486
19 488
20 21
20 22
20 26
20 28
20 38
20 47
20 66
20 75
20 82
20 92
20 95
20 113
20 115
20 123
20 135
20 138
20 141
20 143
20 150
20 159
20 174
20 180
20 186
20 189
20 197
20 204
20 207
20 212
20 216
20 217
20 225
20 234
20 274
20 279
20 284
20 294
20 303
20 307
20 312
20 325
20 347
20 350
20 364
20 366
20 372
20 375
20 377
20 383
20 384
20 417
20 422
20 423
20 447
20 457
20 462
20 464
20 466
20 468
21 24
21 36
21 41
21 64
21 83
21 123
21 133
21 134
21 136
21 138
21 188
21 201
21 213
21 219
21 226
21 228
21 232
21 236
21 253
21 275
21 286
21 289
21 306
21 310
21 319
21 324
21 326
21 327
21 332
21 334
21 337
21 343
21 345
21 375
21 385
21 400
21 422
21 426
21 430
21 438
21 444
21 446
21 463
21 468
21 485
21 487
21 494
22 61
22 64
22 69
22 71
22 79
22 85
22 106
22 108
22 129
22 142
22 152
22 179
22 198
22 201
22 203
22 210
22 211
22 215
22 218
22 226
22 247
22 256
22 263
22 280
22 285
22 290
22 307
22 311
22 319
22 321
22 323
22 363
22 377
22 389
22 393
22 399
22 402
22 403
22 437
22 447
22 451
22 452
22 454
22 459
22 460
22 462
22 484
22 495
23 24
23 68
23 78
23 86
23 88
23 89
23 109
23 114
23 134
23 135
23 143
23 151
23 152
23 155
23 161
23 163
23 181
23 198
23 212
23 229
23 254
23 279
23 292
23 294
23 335
23 340
23 345
23 349
23 353
23 357
23 376
23 382
23 441
23 498
23 499
24 34
24 38
24 64
24 72
24 84
24 86
24 95
24 96
24 100
24 125
24 137
24 141
24 144
24 148
24 150
24 164
24 216
24 246
24 253
24 260
24 273
24 294
24 335
24 336
24 354
24 355
24 364
24 377
24 409
24 415
24 418
24 421
24 433
24 435
24 449
24 459
24 481
25 29
25 42
25 43
25 48
25 56
25 60
25 72
25 77
25 94
25 97
25 107
25 115
25 116
25 118
25 121
25 126
25 131
25 147
25 150
25 168
25 169
25 191
25 203
25 224
25 227
25 237
25 238
25 241
25 262
25 265
25 267
25 272
25 278
25 292
25 295
25 305
25 310
25 333
25 341
25 342
25 346
25 367
25 370
25 372
25 373
25 379
25 381
25 392
25 401
25 420
25 423
25 444
25 454
25 455
25 472
25 475
25 480
25 483
25 485
25 486
25 496
26 27
26 40
26 43
26 48
26 81
26 91
26 119
26 125
26 137
26 161
26 173
26 174
26 176
26 184
26 188
26 192
26 195
26 197
26 200
26 206
26 211
26 221
26 224
26 236
26 257
26 286
26 306
26 318
26 319
26 325
26 334
26 336
26 353
26 354
26 374
26 376
26 384
26 403
26 427
26 428
26 446
26 457
26 467
26 471
27 38
27 48
27 66
27 70
27 91
27 99
27 107
27 141
27 160
27 180
27 198
27 211
27 251
27 254
27 307
27 308
27 332
27 333
27 339
27 351
27 354
27 356
27 358
27 362
27 368
27 391
27 394
27 399
27 408
27 413
27 418
27 424
27 430
27 434
27 442
27 472
27 476
27 478
28 36
28 41
28 42
28 79
28 82
28 129
28 131
28 142
28 161
28 175
28 187
28 192
28 197
28 216
28 224
28 225
28 232
28 233
28 241
28 260
28 264
28 271
28 278
28 280
28 313
28 327
28 328
28 334
28 342
28 359
28 362
28 375
28 397
28 403
28 404
28 405
28 406
28 424
28 440
28 457
28 462
28 463
28 473
28 491
29 32
29 68
29 72
29 75
29 82
29 84
29 85
29 105
29 108
29 121
29 124
29 148
29 174
29 178
29 196
29 200
29 202
29 217
29 221
29 226
29 268
29 272
29 276
29 279
29 296
29 306
29 313
29 324
29 343
29 353
29 381
29 399
29 405
29 415
29 421
29 439
29 442
29 449
29 453
29 459
29 462
29 470
29 472
29 473
29 476
29 493
29 499
30 36
30 37
30 41
30 61
30 70
30 82
30 86
30 97
30 101
30 118
30 125
30 127
30 129
30 131
30 141
30 149
30 160
30 162
30 167
30 172
30 173
30 181
30 184
30 197
30 199
30 245
30 256
30 257
30 261
30 265
30 271
30 294
30 296
30 297
30 298
30 300
30 302
30 307
30 320
30 324
30 332
30 336
30 407
30 421
30 422
30 423
30 434
30 443
30 464
30 477
30 491
31 50
31 53
31 64
31 77
31 78
31 85
31 86
31 104
31 108
31 139
31 147
31 150
31 159
31 163
31 167
31 251
31 261
31 269
31 278
31 287
31 289
31 291
31 293
31 316
31 321
31 324
31 356
31 389
31 391
31 395
31 399
31 411
31 448
31 454
31 470
31 473
31 478
31 480
31 491
32 34
32 39
32 52
32 53
32 75
32 77
32 110
32 113
32 116
32 128
32 159
32 204
32 248
32 262
32 280
32 284
32 292
32 301
32 305
32 354
32 367
32 386
32 409
32 436
32 440
32 446
32 452
32 455
33 56
33 75
33 90
33 100
33 101
33 102
33 112
33 118
33 123
33 142
33 155
33 156
33 158
33 161
33 169
33 172
33 174
33 185
33 187
33 194
33 196
33 204
33 205
33 213
33 214
33 236
33 237
33 247
33 256
33 260
33 272
33 275
33 278
33 281
33 285
33 290
33 295
33 307
33 314
33 326
33 352
33 353
33 355
33 368
33 383
33 385
33 398
33 410
33 426
33 437
33 488
34 35
34 40
34 50
34 60
34 67
34 70
34 76
34 79
34 85
34 103
34 112
34 116
34 137
34 140
34 142
34 146
34 150
34 162
34 166
34 174
34 179
34 191
34 194
34 197
34 201
34 204
34 208
34 218
34 221
34 230
34 252
34 262
34 267
34 269
34 306
34 316
34 321
34 330
34 334
34 338
34 348
34 361
34 372
34 383
34 397
34 411
34 431
34 455
34 457
34 482
34 486
35 36
35 39
35 44
35 61
35 88
35 103
35 107
35 108
35 131
35 133
35 154
35 159
35 167
35 169
35 170
35 189
35 197
35 212
35 250
35 256
35 260
35 265
35 280
35 308
35 332
35 333
35 334
35 342
35 343
35 349
35 357
35 362
35 367
35 372
35 386
35 392
35 403
35 408
35 411
35 428
35 440
35 441
35 455
35 458
35 470
35 471
35 475
35 490
36 47
36 50
36 60
36 74
36 76
36 82
36 94
36 112
36 115
36 120
36 134
36 140
36 144
36 149
36 150
36 153
36 175
36 188
36 195
36 205
36 209
36 213
36 217
36 223
36 252
36 261
36 263
36 267
36 330
36 342
36 356
36 357
36 377
36 380
36 382
36 384
36 396
36 410
36 412
36 421
36 433
36 434
36 440
36 473
36 483
37 38
37 39
37 43
37 44
37 50
37 59
37 64
37 68
37 76
37 82
37 84
37 93
37 96
37 97
37 103
37 111
37 133
37 145
37 157
37 162
37 184
37 186
37 193
37 201
37 206
37 241
37 244
37 259
37 260
37 279
37 283
37 284
37 286
37 287
37 309
37 311
37 315
37 321
37 326
37 335
37 347
37 350
37 357
37 366
37 373
37 401
37 417
37 420
37 421
37 422
37 436
37 446
37 456
37 462
37 469
37 477
37 489
37 495
37 497
38 44
38 48
38 63
38 64
38 68
38 73
38 74
38 80
38 82
38 96
38 106
38 108
38 120
38 130
38 158
38 163
38 176
38 178
38 189
38 194
38 212
38 216
38 219
38 245
38 251
38 260
38 269
38 275
38 276
38 280
38 283
38 284
38 286
38 297
38 305
38 306
38 322
38 339
38 349
38 368
38 379
38 384
38 387
38 393
38 394
38 398
38 401
38 419
38 435
38 445
38 453
38 466
38 477
38 497
38 499
39 47
39 48
39 59
39 63
39 74
39 76
39 83
39 87
39 100
39 103
39 107
39 113
39 148
39 169
39 185
39 189
39 190
39 197
39 202
39 207
39 215
39 216
39 219
39 229
39 240
39 257
39 258
39 260
39 262
39 268
39 275
39 296
39 310
39 311
39 321
39 352
39 376
39 382
39 383
39 394
39 396
39 418
39 421
39 423
39 429
39 451
39 468
39 498
40 42
40 49
40 75
40 99
40 101
40 103
40 124
40 144
40 153
40 165
40 177
40 182
40 227
40 239
40 240
40 252
40 259
40 263
40 265
40 292
40 340
40 344
40 348
40 352
40 359
40 361
40 366
40 374
40 379
40 384
40 389
40 395
40 403
40 417
40 426
40 446
40 448
40 453
40 459
40 470
40 484
40 493
41 55
41 59
41 74
41 86
41 93
41 94
41 99
41 101
41 110
41 123
41 145
41 149
41 161
41 165
41 170
41 172
41 173
41 179
41 183
41 187
41 202
41 203
41 204
41 210
41 221
41 227
41 230
41 232
41 233
41 245
41 252
41 254
41 256
41 272
41 275
41 278
41 284
41 291
41 313
41 327
41 337
41 342
41 345
41 349
41 357
41 372
41 382
41 411
41 418
41 419
41 422
41 427
41 443
41 464
41 470
41 473
41 474
41 487
41 496
42 43
42 44
42 71
42 76
42 78
42 88
42 91
42 131
42 137
42 139
42 155
42 159
42 166
42 178
42 188
42 192
42 194
42 206
42 212
42 237
42 243
42 252
42 254
42 260
42 278
42 280
42 282
42 290
42 292
42 305
42 309
42 322
42 344
42 346
42 372
42 388
42 396
42 406
42 410
42 421
42 433
42 436
42 467
42 474
42 484
43 45
43 65
43 77
43 80
43 83
43 90
43 134
43 140
43 154
43 160
43 179
43 180
43 183
43 195
43 197
43 206
43 209
43 223
43 227
43 246
43 253
43 261
43 276
43 296
43 298
43 329
43 357
43 358
43 382
43 385
43 392
43 398
43 401
43 405
43 413
43 429
43 454
43 480
43 482
43 486
44 45
44 55
44 67
44 73
44 82
44 89
44 100
44 114
44 121
44 123
44 136
44 144
44 162
44 167
44 169
44 199
44 213
44 243
44 248
44 252
44 261
44 281
44 282
44 294
44 304
44 315
44 322
44 329
44 357
44 361
44 366
44 372
44 378
44 394
44 397
44 398
44 399
44 407
44 417
44 419
44 422
44 423
44 426
44 430
44 446
44 453
44 472
44 483
44 485
44 487
44 489
44 497
45 56
45 58
45 62
45 65
45 74
45 88
45 89
45 97
45 117
45 118
45 119
45 132
45 145
45 147
45 148
45 170
45 178
45 182
45 212
45 214
45 219
45 245
45 257
45 262
45 291
45 310
45 322
45 329
45 345
45 366
45 372
45 385
45 386
45 390
45 393
45 400
45 410
45 413
45 424
45 428
45 434
45 442
45 465
45 467
45 468
45 471
45 489
45 496
46 56
46 57
46 60
46 61
46 65
46 69
46 71
46 74
46 78
46 79
46 81
46 82
46 85
46 90
46 94
46 96
46 99
46 104
46 113
46 118
46 127
46 150
46 154
46 156
46 159
46 165
46 170
46 172
46 176
46 192
46 207
46 220
46 224
46 225
46 226
46 229
46 237
46 243
46 245
46 259
46 273
46 280
46 290
46 306
46 307
46 312
46 317
46 319
46 337
46 345
46 361
46 362
46 385
46 402
46 405
46 411
46 420
46 435
46 449
46 459
46 462
46 465
46 468
46 481
46 482
46 484
46 485
46 489
46 492
46 494
46 495
47 60
47 69
47 94
47 97
47 103
47 121
47 161
47 164
47 168
47 184
47 193
47 206
47 207
47 210
47 213
47 224
47 232
47 297
47 302
47 303
47 311
47 316
47 332
47 338
47 345
47 350
47 378
47 392
47 400
47 426
47 437
47 448
47 451
47 452
47 453
47 465
48 59
48 63
48 69
48 72
48 86
48 88
48 91
48 102
48 105
48 123
48 143
48 148
48 150
48 156
48 157
48 167
48 181
48 194
48 200
48 207
48 210
48 216
48 233
48 236
48 242
48 244
48 256
48 259
48 266
48 270
48 273
48 274
48 275
48 278
48 282
48 289
48 291
48 329
48 331
48 336
48 348
48 374
48 383
48 386
48 401
48 411
48 432
48 438
48 442
48 448
48 453
48 455
48 468
48 481
48 484
48 485
49 55
49 58
49 59
49 63
49 72
49 75
49 76
49 81
49 88
49 90
49 93
49 98
49 100
49 109
49 111
49 131
49 139
49 150
49 156
49 168
49 169
49 186
49 188
49 195
49 198
49 207
49 211
49 223
49 236
49 251
49 254
49 269
49 271
49 273
49 281
49 283
49 286
49 291
49 293
49 300
49 301
49 335
49 348
49 352
49 377
49 386
49 403
49 408
49 428
49 441
49 460
49 466
49 474
49 479
49 480
49 487
50 57
50 58
50 61
50 82
50 88
50 89
50 96
50 121
50 142
50 154
50 170
50 188
50 198
50 200
50 213
50 225
50 235
50 236
50 260
50 275
50 280
50 284
50 292
50 295
50 298
50 300
50 310
50 314
50 327
50 329
50 336
50 338
50 339
50 346
50 364
50 368
50 383
50 385
50 390
50 396
50 399
50 408
50 413
50 428
50 429
50 436
50 443
50 449
50 451
50 460
50 477
50 484
51 60
51 67
51 68
51 73
51 87
51 124
51 126
51 127
51 136
51 138
51 158
51 165
51 173
51 178
51 180
51 181
51 206
51 212
51 214
51 217
51 243
51 257
51 262
51 272
51 282
51 284
51 285
51 290
51 292
51 322
51 326
51 339
51 345
51 366
51 375
51 378
51 385
51 395
51 399
51 402
51 415
51 420
51 427
51 432
51 433
51 434
51 440
51 446
51 461
51 472
51 487
52 53
52 71
52 79
52 123
52 131
52 142
52 145
52 147
52 158
52 177
52 207
52 209
52 227
52 235
52 237
52 254
52 266
52 299
52 305
52 307
52 311
52 322
52 328
52 330
52 334
52 339
52 366
52 383
52 398
52 413
52 418
52 424
52 446
52 461
52 479
52 482
52 486
52 492
52 497
52 498
53 56
53 60
53 62
53 75
53 96
53 99
53 101
53 108
53 116
53 126
53 129
53 147
53 149
53 159
53 162
53 166
53 168
53 173
53 189
53 191
53 203
53 206
53 218
53 220
53 249
53 250
53 281
53 284
53 286
53 321
53 338
53 341
53 344
53 354
53 355
53 373
53 404
53 411
53 425
53 426
53 445
53 452
53 455
53 460
53 462
53 468
53 492
54 58
54 75
54 90
54 95
54 100
54 107
54 120
54 146
54 163
54 168
54 169
54 178
54 179
54 189
54 190
54 191
54 195
54 202
54 207
54 229
54 237
54 242
54 249
54 259
54 264
54 272
54 298
54 317
54 338
54 352
54 354
54 366
54 388
54 410
54 443
54 445
54 479
54 480
54 481
54 495
54 497
55 66
55 67
55 73
55 77
55 80
55 89
55 90
55 94
55 120
55 131
55 165
55 169
55 179
55 185
55 211
55 216
55 259
55 269
55 284
55 288
55 299
55 304
55 307
55 327
55 336
55 349
55 360
55 361
55 367
55 373
55 374
55 382
55 393
55 396
55 397
55 402
55 412
55 414
55 416
55 431
55 437
55 443
55 450
55 454
55 461
55 489
56 58
56 61
56 63
56 67
56 68
56 87
56 95
56 101
56 112
56 119
56 120
56 140
56 143
56 149
56 166
56 171
56 187
56 198
56 199
56 205
56 256
56 264
56 294
56 297
56 308
56 309
56 356
56 357
56 367
56 381
56 384
56 393
56 401
56 404
56 410
56 412
56 429
56 433
56 437
56 451
56 460
56 463
56 467
56 468
56 477
56 483
56 487
57 58
57 65
57 69
57 79
57 86
57 88
57 94
57 98
57 100
57 101
57 107
57 114
57 157
57 159
57 161
57 165
57 178
57 180
57 235
57 248
57 250
57 259
57 269
57 276
57 277
57 278
57 292
57 304
57 305
57 340
57 351
57 372
57 373
57 383
57 401
57 415
57 420
57 448
57 457
57 465
57 468
57 473
57 485
58 65
58 76
58 94
58 96
58 120
58 126
58 180
58 181
58 184
58 195
58 198
58 203
58 210
58 224
58 226
58 236
58 246
58 249
58 252
58 254
58 259
58 264
58 269
58 271
58 286
58 299
58 303
58 317
58 323
58 325
58 328
58 342
58 345
58 384
58 415
58 426
58 430
58 432
58 456
58 463
58 469
58 485
58 488
58 498
59 62
59 68
59 75
59 98
59 99
59 104
59 132
59 135
59 140
59 163
59 164
59 186
59 189
59 193
59 217
59 221
59 227
59 236
59 241
59 249
59 250
59 258
59 260
59 268
59 283
59 284
59 308
59 328
59 335
59 338
59 345
59 366
59 372
59 379
59 389
59 427
59 434
59 440
59 463
59 486
59 488
59 495
60 62
60 66
60 71
60 80
60 91
60 96
60 97
60 104
60 111
60 151
60 159
60 167
60 180
60 186
60 200
60 213
60 218
60 219
60 222
60 223
60 235
60 242
60 245
60 248
60 265
60 269
60 271
60 272
60 276
60 289
60 294
60 302
60 303
60 310
60 314
60 325
60 326
60 333
60 369
60 373
60 380
60 412
60 433
60 440
60 444
60 468
60 477
60 480
60 490
61 63
61 64
61 69
61 74
61 80
61 83
61 89
61 114
61 115
61 142
61 143
61 147
61 154
61 169
61 178
61 188
61 189
61 192
61 205
61 209
61 225
61 239
61 248
61 251
61 255
61 263
61 265
61 269
61 305
61 314
61 318
61 324
61 326
61 348
61 362
61 364
61 379
61 387
61 397
61 405
61 409
61 432
61 445
61 457
61 462
61 486
61 493
61 498
62 63
62 67
62 68
62 86
62 93
62 111
62 133
62 139
62 162
62 177
62 210
62 212
62 213
62 219
62 253
62 265
62 279
62 287
62 288
62 289
62 298
62 313
62 324
62 337
62 339
62 341
62 342
62 357
62 361
62 365
62 387
62 393
62 396
62 408
62 425
62 431
62 456
62 468
62 482
62 491
63 79
63 86
63 95
63 105
63 106
63 112
63 129
63 133
63 135
63 146
63 162
63 164
63 168
63 169
63 175
63 184
63 195
63 198
63 212
63 218
63 239
63 242
63 263
63 271
63 276
63 289
63 295
63 302
63 327
63 331
63 342
63 346
63 347
63 348
63 352
63 370
63 375
63 376
63 383
63 385
63 394
63 401
63 404
63 407
63 409
63 410
63 428
63 431
63 461
63 462
63 471
63 496
64 78
64 104
64 116
64 122
64 138
64 139
64 140
64 141
64 177
64 207
64 208
64 215
64 253
64 258
64 271
64 277
64 284
64 285
64 326
64 329
64 330
64 335
64 338
64 347
64 348
64 367
64 377
64 398
64 404
64 417
64 420
64 426
64 430
64 434
64 461
64 466
64 470
64 473
64 475
64 477
64 492
64 499
65 92
65 100
65 104
65 105
65 111
65 154
65 162
65 164
65 170
65 172
65 174
65 183
65 195
65 196
65 202
65 209
65 222
65 232
65 245
65 258
65 263
65 278
65 285
65 288
65 289
65 294
65 298
65 300
65 311
65 317
65 321
65 329
65 340
65 359
65 371
65 377
65 419
65 426
65 432
65 470
66 99
66 108
66 114
66 126
66 133
66 141
66 142
66 153
66 170
66 185
66 187
66 189
66 203
66 216
66 223
66 224
66 236
66 244
66 250
66 257
66 269
66 289
66 303
66 311
66 326
66 331
66 346
66 347
66 356
66 367
66 383
66 388
66 403
66 407
66 415
66 416
66 429
66 431
66 439
66 451
67 97
67 98
67 102
67 103
67 142
67 155
67 163
67 168
67 208
67 220
67 234
67 241
67 248
67 286
67 297
67 343
67 357
67 386
67 391
67 393
67 417
67 431
67 440
67 441
67 451
67 461
67 464
67 487
67 496
67 497
68 74
68 76
68 88
68 101
68 115
68 117
68 129
68 130
68 132
68 134
68 162
68 176
68 184
68 198
68 206
68 214
68 278
68 286
68 290
68 310
68 314
68 322
68 323
68 325
68 326
68 327
68 333
68 348
68 354
68 356
68 360
68 367
68 372
68 375
68 379
68 393
68 397
68 403
68 418
68 422
68 425
68 441
68 456
68 469
68 472
68 475
68 480
68 483
68 491
69 81
69 95
69 123
69 128
69 139
69 147
69 151
69 152
69 164
69 191
69 198
69 201
69 213
69 233
69 237
69 238
69 239
69 241
69 245
69 246
69 251
69 264
69 289
69 308
69 322
69 328
69 347
69 349
69 358
69 370
69 374
69 388
69 391
69 394
69 400
69 401
69 408
69 413
69 417
69 418
69 423
69 425
69 435
69 440
69 441
69 443
69 449
69 452
69 470
69 471
69 473
69 486
69 488
69 495
69 498
70 110
70 122
70 127
70 128
70 131
70 134
70 149
70 161
70 162
70 175
70 177
70 179
70 192
70 197
70 216
70 218
70 223
70 225
70 245
70 256
70 266
70 273
70 298
70 304
70 307
70 323
70 341
70 354
70 365
70 397
70 408
70 423
70 435
70 449
70 453
70 460
70 484
70 493
71 80
71 84
71 115
71 122
71 128
71 132
71 140
71 149
71 169
71 173
71 178
71 184
71 197
71 210
71 211
71 217
71 219
71 230
71 237
71 246
71 250
71 263
71 284
71 295
71 301
71 323
71 337
71 344
71 361
71 370
71 376
71 403
71 409
71 422
71 438
71 468
71 474
71 486
71 488
71 492
72 84
72 97
72 104
72 117
72 120
72 121
72 129
72 131
72 132
72 138
72 197
72 202
72 233
72 243
72 251
72 257
72 260
72 278
72 281
72 287
72 301
72 319
72 387
72 392
72 408
72 410
72 414
72 429
72 438
72 445
72 463
72 478
72 497
73 77
73 92
73 106
73 116
73 125
73 131
73 139
73 161
73 162
73 173
73 174
73 176
73 180
73 183
73 195
73 199
73 212
73 227
73 234
73 238
73 255
73 256
73 266
73 287
73 326
73 329
73 344
73 357
73 362
73 370
73 381
73 382
73 389
73 399
73 401
73 414
73 446
73 451
73 452
73 462
73 482
73 486
73 489
74 80
74 89
74 98
74 110
74 111
74 121
74 122
74 127
74 144
74 175
74 188
74 209
74 244
74 253
74 255
74 276
74 278
74 320
74 321
74 340
74 357
74 359
74 389
74 422
74 441
74 461
74 462
74 464
74 473
74 490
74 497
75 76
75 86
75 105
75 140
75 149
75 172
75 177
75 181
75 199
75 223
75 226
75 228
75 233
75 238
75 247
75 259
75 264
75 296
75 311
75 317
75 323
75 332
75 333
75 360
75 378
75 379
75 381
75 388
75 399
75 402
75 411
75 419
75 437
75 439
75 448
75 455
75 456
75 458
75 464
75 467
75 491
76 96
76 109
76 115
76 124
76 129
76 145
76 148
76 159
76 165
76 179
76 180
76 185
76 197
76 203
76 213
76 232
76 234
76 242
76 246
76 248
76 257
76 262
76 264
76 266
76 279
76 286
76 288
76 302
76 303
76 307
76 333
76 348
76 357
76 369
76 389
76 392
76 395
76 400
76 401
76 405
76 412
76 417
76 419
76 439
76 444
76 458
76 461
76 466
76 482
77 78
77 84
77 109
77 132
77 140
77 193
77 208
77 226
77 231
77 242
77 260
77 266
77 272
77 273
77 283
77 298
77 308
77 322
77 330
77 333
77 373
77 389
77 391
77 412
77 417
77 429
77 450
77 485
77 491
78 85
78 101
78 102
78 107
78 108
78 112
78 126
78 133
78 136
78 137
78 156
78 166
78 169
78 181
78 185
78 196
78 221
78 230
78 236
78 255
78 279
78 282
78 284
78 286
78 287
78 288
78 289
78 294
78 299
78 329
78 330
78 333
78 336
78 343
78 344
78 363
78 374
78 378
78 381
78 403
78 406
78 413
78 421
78 461
78 470
78 472
78 475
78 489
78 492
79 121
79 126
79 131
79 133
79 167
79 169
79 176
79 182
79 194
79 197
79 201
79 210
79 218
79 221
79 240
79 250
79 253
79 257
79 263
79 276
79 280
79 286
79 294
79 297
79 300
79 308
79 324
79 326
79 327
79 349
79 366
79 374
79 376
79 377
79 390
79 395
79 397
79 410
79 416
79 420
79 449
79 465
79 468
79 472
79 482
79 489
79 498
80 92
80 112
80 125
80 140
80 146
80 156
80 164
80 168
80 169
80 176
80 204
80 213
80 215
80 216
80 223
80 242
80 251
80 259
80 261
80 267
80 275
80 290
80 291
80 293
80 298
80 300
80 332
80 344
80 363
80 400
80 407
80 444
80 450
80 454
80 458
80 474
80 487
80 491
80 498
81 85
81 99
81 145
81 146
81 147
81 154
81 161
81 162
81 177
81 180
81 197
81 206
81 207
81 209
81 213
81 222
81 224
81 231
81 233
81 237
81 251
81 269
81 280
81 303
81 305
81 306
81 321
81 326
81 354
81 359
81 387
81 399
81 404
81 421
81 427
81 432
81 437
81 443
81 463
81 467
81 469
81 474
81 479
81 495
82 90
82 100
82 146
82 148
82 149
82 161
82 197
82 199
82 200
82 207
82 227
82 233
82 252
82 255
82 263
82 271
82 272
82 274
82 282
82 284
82 291
82 293
82 298
82 307
82 313
82 319
82 323
82 324
82 331
82 349
82 357
82 359
82 367
82 378
82 402
82 404
82 410
82 424
82 425
82 439
82 444
82 445
82 449
82 457
82 461
82 462
82 465
82 475
83 98
83 106
83 113
83 137
83 147
83 159
83 165
83 174
83 176
83 187
83 190
83 192
83 205
83 209
83 210
83 222
83 234
83 270
83 278
83 300
83 313
83 315
83 320
83 337
83 339
83 347
83 351
83 355
83 360
83 378
83 382
83 394
83 405
83 422
83 438
83 442
83 455
83 458
83 468
83 488
84 93
84 95
84 98
84 99
84 101
84 103
84 122
84 125
84 140
84 141
84 152
84 166
84 179
84 191
84 216
84 229
84 249
84 255
84 261
84 274
84 288
84 297
84 298
84 299
84 310
84 318
84 319
84 336
84 349
84 353
84 358
84 364
84 366
84 369
84 371
84 398
84 399
84 403
84 408
84 421
84 432
84 439
84 448
84 472
84 480
84 495
85 86
85 95
85 96
85 97
85 106
85 112
85 116
85 131
85 135
85 155
85 167
85 169
85 173
85 191
85 197
85 199
85 204
85 206
85 230
85 244
85 249
85 259
85 275
85 276
85 279
85 289
85 292
85 312
85 321
85 323
85 326
85 335
85 342
85 347
85 353
85 361
85 363
85 376
85 378
85 379
85 390
85 396
85 400
85 406
85 432
85 434
85 447
85 453
85 462
85 465
85 479
85 482
85 494
86 89
86 98
86 117
86 121
86 124
86 129
86 137
86 150
86 160
86 168
86 179
86 188
86 195
86 200
86 201
86 206
86 214
86 241
86 243
86 247
86 252
86 265
86 277
86 285
86 308
86 310
86 332
86 341
86 348
86 370
86 385
86 387
86 389
86 400
86 405
86 407
86 424
86 430
86 444
86 451
86 457
86 476
86 499
87 91
87 98
87 114
87 133
87 147
87 154
87 185
87 188
87 189
87 192
87 193
87 208
87 211
87 234
87 242
87 249
87 260
87 290
87 301
87 312
87 327
87 359
87 362
87 370
87 372
87 393
87 397
87 409
87 435
87 444
87 451
87 484
87 491
87 493
87 496
87 499
88 99
88 104
88 105
88 132
88 134
88 142
88 154
88 174
88 178
88 189
88 213
88 230
88 232
88 237
88 243
88 247
88 248
88 251
88 256
88 260
88 271
88 276
88 298
88 309
88 317
88 328
88 343
88 345
88 352
88 362
88 363
88 369
88 392
88 394
88 397
88 402
88 417
88 421
88 424
88 442
88 443
88 469
88 477
88 478
88 488
88 493
89 100
89 125
89 143
89 145
89 146
89 147
89 162
89 172
89 184
89 192
89 196
89 201
89 207
89 210
89 217
89 223
89 228
89 234
89 237
89 255
89 281
89 317
89 323
89 332
89 333
89 337
89 369
89 372
89 387
89 392
89 410
89 425
89 442
89 448
89 457
89 462
89 466
90 96
90 98
90 100
90 102
90 120
90 121
90 124
90 136
90 138
90 139
90 151
90 167
90 171
90 176
90 187
90 220
90 232
90 250
90 268
90 272
90 274
90 277
90 284
90 285
90 288
90 312
90 314
90 317
90 360
90 368
90 378
90 386
90 388
90 400
90 415
90 433
90 437
90 441
90 443
90 452
90 453
90 456
90 469
90 476
90 477
90 486
90 491
91 106
91 125
91 136
91 145
91 147
91 154
91 169
91 173
91 182
91 191
91 198
91 213
91 220
91 225
91 239
91 260
91 280
91 282
91 291
91 308
91 310
91 349
91 369
91 376
91 389
91 395
91 414
91 422
91 432
91 448
91 457
91 458
91 463
91 471
91 476
91 483
91 488
91 491
92 100
92 102
92 128
92 129
92 143
92 147
92 157
92 159
92 171
92 189
92 192
92 226
92 244
92 270
92 271
92 275
92 282
92 288
92 305
92 312
92 317
92 327
92 340
92 342
92 360
92 373
92 390
92 414
92 421
92 423
92 434
92 437
92 440
92 446
92 447
92 448
92 454
92 457
92 469
92 484
92 486
92 492
93 101
93 125
93 174
93 180
93 187
93 206
93 220
93 227
93 233
93 244
93 250
93 260
93 272
93 273
93 279
93 284
93 288
93 289
93 299
93 307
93 324
93 357
93 374
93 429
93 430
93 457
93 465
93 472
93 493
93 495
93 496
94 97
94 119
94 126
94 131
94 137
94 144
94 157
94 163
94 205
94 206
94 215
94 240
94 245
94 255
94 263
94 270
94 282
94 287
94 296
94 301
94 309
94 319
94 331
94 347
94 354
94 360
94 381
94 396
94 400
94 416
94 424
94 431
94 435
94 446
94 451
94 473
94 494
95 118
95 129
95 145
95 176
95 189
95 194
95 197
95 215
95 218
95 220
95 244
95 247
95 258
95 260
95 265
95 268
95 278
95 286
95 319
95 322
95 332
95 337
95 342
95 346
95 348
95 349
95 353
95 354
95 359
95 360
95 362
95 372
95 393
95 399
95 403
95 404
95 414
95 421
95 432
95 435
95 438
95 449
95 471
95 472
95 476
95 481
96 100
96 107
96 118
96 133
96 136
96 142
96 154
96 158
96 162
96 167
96 173
96 188
96 200
96 202
96 213
96 218
96 225
96 227
96 233
96 246
96 269
96 282
96 286
96 295
96 307
96 310
96 317
96 319
96 321
96 328
96 342
96 367
96 369
96 371
96 373
96 376
96 385
96 409
96 416
96 421
96 440
96 445
96 465
96 482
96 487
97 114
97 116
97 125
97 139
97 141
97 142
97 151
97 167
97 177
97 179
97 181
97 182
97 277
97 283
97 290
97 295
97 298
97 305
97 311
97 313
97 321
97 336
97 358
97 376
97 389
97 399
97 409
97 416
97 443
97 449
97 465
97 467
97 479
97 483
98 126
98 141
98 163
98 166
98 168
98 171
98 172
98 175
98 179
98 182
98 184
98 190
98 192
98 199
98 202
98 207
98 231
98 235
98 256
98 277
98 281
98 286
98 287
98 288
98 295
98 298
98 314
98 346
98 355
98 396
98 425
98 427
98 431
98 438
98 442
98 457
98 459
98 470
98 471
98 473
98 474
99 112
99 136
99 139
99 169
99 187
99 194
99 204
99 225
99 231
99 249
99 262
99 263
99 280
99 285
99 312
99 313
99 333
99 348
99 358
99 364
99 371
99 376
99 378
99 384
99 391
99 409
99 412
99 417
99 420
99 459
99 461
99 478
99 479
99 480
99 493
100 125
100 142
100 145
100 177
100 204
100 212
100 221
100 226
100 233
100 253
100 271
100 279
100 300
100 306
100 308
100 336
100 338
100 339
100 344
100 345
100 353
100 354
100 360
100 365
100 366
100 373
100 383
100 393
100 403
100 406
100 425
100 432
100 433
100 443
100 453
100 459
100 460
100 461
100 478
100 498
101 112
101 120
101 136
101 159
101 166
101 185
101 187
101 192
101 208
101 223
101 242
101 264
101 268
101 276
101 281
101 284
101 302
101 311
101 315
101 319
101 354
101 363
101 366
101 388
101 395
101 406
101 424
101 446
101 457
101 471
101 483
101 497
102 125
102 130
102 138
102 142
102 157
102 173
102 174
102 206
102 216
102 219
102 244
102 248
102 262
102 280
102 288
102 310
102 324
102 342
102 348
102 351
102 363
102 372
102 384
102 385
102 408
102 409
102 418
102 426
102 436
102 446
102 451
102 453
102 454
102 478
102 487
102 489
102 493
103 107
103 129
103 142
103 146
103 147
103 188
103 230
103 253
103 259
103 268
103 274
103 281
103 297
103 299
103 308
103 312
103 337
103 341
103 363
103 376
103 394
103 400
103 421
103 435
103 441
103 442
103 448
103 456
103 470
103 478
103 488
103 496
103 497
104 115
104 130
104 145
104 158
104 159
104 163
104 166
104 176
104 180
104 182
104 186
104 191
104 193
104 197
104 198
104 199
104 202
104 208
104 220
104 228
104 236
104 250
104 261
104 267
104 277
104 287
104 320
104 324
104 329
104 330
104 343
104 345
104 350
104 363
104 365
104 368
104 392
104 395
104 400
104 404
104 408
104 440
104 441
104 449
104 450
104 470
104 471
104 497
105 108
105 109
105 113
105 114
105 127
105 130
105 131
105 135
105 137
105 140
105 157
105 161
105 166
105 169
105 182
105 186
105 192
105 199
105 229
105 253
105 257
105 262
105 281
105 284
105 301
105 306
105 323
105 334
105 340
105 344
105 348
105 355
105 363
105 378
105 383
105 412
105 419
105 420
105 463
105 468
105 471
105 475
105 492
106 109
106 130
106 143
106 149
106 155
106 158
106 176
106 181
106 185
106 212
106 223
106 232
106 235
106 239
106 258
106 276
106 278
106 282
106 291
106 326
106 338
106 355
106 367
106 375
106 380
106 414
106 419
106 433
106 442
106 449
106 453
106 469
106 479
106 494
107 115
107 122
107 130
107 143
107 178
107 203
107 206
107 215
107 218
107 234
107 252
107 263
107 264
107 279
107 297
107 298
107 312
107 330
107 342
107 354
107 358
107 362
107 364
107 370
107 375
107 377
107 380
107 382
107 384
107 385
107 390
107 392
107 398
107 399
107 404
107 414
107 418
107 421
107 426
107 429
107 436
107 463
107 481
108 139
108 144
108 163
108 168
108 181
108 202
108 226
108 244
108 250
108 260
108 264
108 266
108 293
108 299
108 301
108 307
108 309
108 336
108 351
108 352
108 355
108 359
108 372
108 373
108 376
108 378
108 381
108 400
108 406
108 407
108 410
108 415
108 417
108 436
108 443
108 446
108 461
108 463
108 481
108 493
108 496
109 124
109 127
109 135
109 138
109 158
109 166
109 174
109 183
109 198
109 201
109 209
109 218
109 220
109 232
109 244
109 260
109 285
109 293
109 318
109 336
109 361
109 382
109 389
109 404
109 409
109 412
109 432
109 434
109 438
109 462
109 464
109 465
109 469
109 470
109 471
109 482
110 126
110 137
110 138
110 154
110 169
110 178
110 188
110 192
110 197
110 204
110 215
110 219
110 221
110 229
110 241
110 250
110 251
110 258
110 281
110 305
110 326
110 327
110 331
110 333
110 338
110 347
110 369
110 374
110 394
110 405
110 415
110 427
110 439
110 445
110 456
110 461
110 484
110 488
110 489
111 139
111 174
111 226
111 227
111 229
111 230
111 232
111 236
111 237
111 241
111 248
111 250
111 269
111 271
111 277
111 300
111 321
111 330
111 332
111 338
111 341
111 346
111 377
111 390
111 399
111 408
111 411
111 433
111 454
111 455
111 458
111 472
111 498
112 119
112 120
112 125
112 161
112 172
112 197
112 201
112 207
112 217
112 221
112 254
112 255
112 274
112 277
112 298
112 299
112 312
112 317
112 324
112 334
112 340
112 355
112 377
112 379
112 392
112 393
112 404
112 405
112 419
112 434
112 447
112 457
112 463
112 477
112 490
112 495
112 496
112 497
113 115
113 125
113 137
113 139
113 142
113 150
113 158
113 160
113 165
113 168
113 170
113 171
113 172
113 173
113 178
113 181
113 187
113 197
113 215
113 218
113 232
113 250
113 296
113 304
113 313
113 319
113 336
113 353
113 363
113 364
113 378
113 383
113 384
113 390
113 401
113 407
113 419
113 426
113 427
113 439
113 443
113 474
113 479
114 124
114 148
114 153
114 156
114 197
114 219
114 220
114 224
114 242
114 244
114 252
114 259
114 260
114 264
114 272
114 281
114 285
114 290
114 319
114 321
114 325
114 338
114 340
114 366
114 369
114 413
114 439
114 462
114 473
114 489
115 125
115 158
115 162
115 164
115 185
115 186
115 191
115 199
115 203
115 212
115 214
115 239
115 242
115 245
115 257
115 265
115 301
115 309
115 321
115 328
115 343
115 362
115 369
115 391
115 407
115 423
115 438
115 445
115 453
115 458
115 468
115 478
115 496
116 120
116 134
116 149
116 194
116 208
116 211
116 216
116 217
116 221
116 237
116 248
116 249
116 268
116 314
116 324
116 333
116 350
116 353
116 360
116 364
116 369
116 371
116 384
116 385
116 386
116 388
116 394
116 415
116 429
116 446
116 450
116 477
116 478
116 484
117 118
117 127
117 148
117 154
117 170
117 177
117 180
117 198
117 208
117 217
117 227
117 237
117 241
117 245
117 246
117 257
117 264
117 271
117 281
117 322
117 326
117 345
117 355
117 361
117 382
117 388
117 402
117 413
117 424
117 430
117 436
117 438
117 455
117 468
117 486
117 489
117 491
118 146
118 159
118 178
118 185
118 187
118 188
118 197
118 221
118 227
118 283
118 291
118 292
118 293
118 306
118 311
118 321
118 348
118 358
118 383
118 400
118 410
118 411
118 412
118 451
118 453
118 460
118 463
118 466
118 468
118 472
118 490
118 496
119 123
119 126
119 131
119 133
119 135
119 139
119 154
119 159
119 169
119 183
119 190
119 194
119 211
119 222
119 229
119 249
119 255
119 256
119 263
119 268
119 276
119 292
119 314
119 339
119 344
119 352
119 370
119 377
119 392
119 394
119 403
119 440
119 445
119 449
119 474
119 493
120 124
120 129
120 135
120 140
120 149
120 181
120 187
120 190
120 195
120 199
120 203
120 216
120 242
120 250
120 257
120 258
120 269
120 273
120 287
120 298
120 301
120 306
120 311
120 324
120 327
120 397
120 400
120 418
120 432
120 452
120 496
121 126
121 129
121 132
121 136
121 142
121 151
121 157
121 193
121 196
121 198
121 215
121 218
121 220
121 226
121 242
121 258
121 278
121 296
121 306
121 316
121 338
121 353
121 375
121 385
121 392
121 402
121 412
121 413
121 437
121 439
121 458
121 478
121 484
121 493
121 497
122 131
122 141
122 149
122 164
122 165
122 181
122 228
122 240
122 241
122 246
122 272
122 279
122 311
122 317
122 332
122 342
122 369
122 390
122 399
122 401
122 410
122 411
122 441
122 467
122 479
122 489
122 495
123 125
123 133
123 134
123 203
123 235
123 236
123 258
123 267
123 269
123 270
123 279
123 293
123 300
123 303
123 304
123 308
123 332
123 333
123 348
123 365
123 382
123 386
123 390
123 411
123 417
123 435
123 436
123 437
123 438
123 446
123 447
123 458
123 459
123 480
123 488
123 489
123 496
124 130
124 131
124 132
124 137
124 152
124 153
124 157
124 190
124 196
124 215
124 220
124 224
124 230
124 233
124 236
124 241
124 249
124 251
124 252
124 273
124 275
124 322
124 336
124 352
124 362
124 365
124 402
124 418
124 423
124 430
124 440
124 442
124 445
124 463
124 484
124 490
124 495
125 127
125 163
125 202
125 206
125 211
125 226
125 235
125 249
125 284
125 287
125 289
125 298
125 304
125 308
125 314
125 320
125 324
125 326
125 331
125 333
125 344
125 358
125 365
125 379
125 380
125 398
125 433
125 445
125 448
125 459
125 462
125 470
125 474
125 486
126 137
126 142
126 156
126 157
126 168
126 172
126 183
126 185
126 210
126 221
126 227
126 234
126 244
126 245
126 256
126 259
126 263
126 273
126 283
126 286
126 288
126 298
126 300
126 317
126 334
126 345
126 350
126 355
126 382
126 383
126 390
126 392
126 404
126 410
126 411
126 413
126 418
126 420
126 428
126 446
126 463
126 494
126 496
127 129
127 132
127 152
127 159
127 174
127 194
127 195
127 236
127 237
127 238
127 239
127 240
127 246
127 249
127 253
127 275
127 278
127 282
127 314
127 332
127 342
127 354
127 367
127 376
127 386
127 388
127 392
127 403
127 410
127 418
127 419
127 420
127 426
127 435
127 446
127 457
127 461
127 470
127 481
127 485
127 490
127 494
128 133
128 147
128 150
128 162
128 169
128 178
128 182
128 200
128 204
128 209
128 257
128 264
128 280
128 288
128 314
128 316
128 326
128 354
128 357
128 370
128 406
128 410
128 411
128 421
128 426
128 432
128 433
128 435
128 445
128 448
128 462
128 465
128 468
128 482
129 157
129 162
129 177
129 194
129 199
129 208
129 240
129 242
129 245
129 247
129 265
129 268
129 277
129 279
129 284
129 328
129 348
129 352
129 371
129 376
129 380
129 398
129 402
129 404
129 412
129 415
129 416
129 426
129 483
129 487
129 490
129 494
130 156
130 162
130 176
130 179
130 187
130 198
130 201
130 213
130 214
130 246
130 248
130 253
130 261
130 273
130 276
130 286
130 293
130 297
130 320
130 326
130 335
130 346
130 350
130 357
130 367
130 393
130 397
130 403
130 411
130 416
130 423
130 427
130 431
130 433
130 444
130 448
130 457
130 472
130 482
130 485
130 489
131 147
131 155
131 160
131 166
131 174
131 190
131 198
131 208
131 215
131 225
131 229
131 234
131 241
131 242
131 252
131 254
131 259
131 308
131 329
131 341
131 349
131 401
131 405
131 414
131 415
131 428
131 429
131 430
131 437
131 446
131 456
131 464
131 492
132 136
132 143
132 148
132 149
132 174
132 176
132 184
132 191
132 204
132 212
132 239
132 254
132 267
132 276
132 302
132 309
132 334
132 340
132 344
132 347
132 357
132 387
132 389
132 391
132 406
132 430
132 449
132 451
132 455
132 457
132 460
132 490
133 134
133 141
133 147
133 151
133 156
133 172
133 194
133 207
133 228
133 234
133 238
133 250
133 253
133 275
133 288
133 292
133 295
133 298
133 305
133 318
133 321
133 331
133 339
133 345
133 348
133 352
133 355
133 384
133 387
133 390
133 392
133 409
133 417
133 418
133 428
133 429
133 436
133 450
133 454
133 470
133 492
133 498
134 138
134 143
134 172
134 173
134 174
134 187
134 249
134 252
134 255
134 269
134 276
134 281
134 293
134 297
134 321
134 337
134 341
134 355
134 357
134 362
134 367
134 370
134 376
134 385
134 416
134 443
134 460
134 471
134 474
134 475
134 477
134 493
135 137
135 148
135 154
135 157
135 164
135 166
135 170
135 180
135 182
135 183
135 197
135 199
135 202
135 219
135 231
135 232
135 254
135 287
135 291
135 310
135 336
135 343
135 356
135 358
135 365
135 371
135 379
135 393
135 402
135 408
135 413
135 423
135 426
135 442
135 443
135 444
135 455
135 473
135 475
135 476
135 481
135 486
136 138
136 155
136 163
136 204
136 206
136 208
136 209
136 226
136 242
136 250
136 262
136 289
136 296
136 300
136 302
136 308
136 316
136 317
136 335
136 341
136 343
136 350
136 353
136 354
136 356
136 359
136 362
136 398
136 399
136 400
136 406
136 408
136 416
136 422
136 425
136 433
136 457
136 458
136 461
136 480
136 481
136 482
136 498
137 139
137 145
137 158
137 174
137 176
137 177
137 183
137 189
137 197
137 199
137 204
137 209
137 215
137 226
137 230
137 254
137 255
137 295
137 313
137 321
137 335
137 343
137 354
137 365
137 410
137 411
137 415
137 422
137 431
137 433
137 443
137 449
137 457
137 462
137 463
137 488
137 489
137 496
137 497
138 149
138 193
138 197
138 209
138 216
138 220
138 236
138 240
138 258
138 260
138 261
138 267
138 274
138 277
138 279
138 310
138 313
138 317
138 320
138 346
138 349
138 358
138 366
138 387
138 393
138 397
138 403
138 431
138 457
138 458
138 477
138 482
138 486
138 495
139 177
139 190
139 191
139 216
139 220
139 244
139 259
139 264
139 280
139 300
139 308
139 310
139 332
139 343
139 351
139 353
139 359
139 364
139 367
139 378
139 381
139 403
139 410
139 412
139 416
139 422
139 437
139 441
139 447
139 468
139 470
139 480
139 485
140 147
140 155
140 158
140 168
140 192
140 193
140 195
140 198
140 208
140 225
140 226
140 245
140 246
140 248
140 252
140 264
140 266
140 281
140 322
140 347
140 351
140 360
140 366
140 371
140 374
140 380
140 383
140 413
140 414
140 415
140 424
140 428
140 443
140 450
140 451
140 455
141 158
141 162
141 167
141 173
141 175
141 194
141 205
141 209
141 222
141 224
141 225
141 239
141 255
141 263
141 275
141 281
141 286
141 289
141 296
141 305
141 312
141 315
141 327
141 328
141 338
141 344
141 353
141 369
141 379
141 386
141 390
141 398
141 405
141 413
141 416
141 419
141 445
141 457
141 458
141 466
141 473
141 497
142 144
142 159
142 161
142 200
142 202
142 209
142 211
142 241
142 255
142 265
142 272
142 314
142 315
142 320
142 328
142 339
142 341
142 352
142 356
142 376
142 395
142 411
142 433
142 437
142 445
142 457
142 458
142 474
142 489
142 491
143 152
143 154
143 161
143 170
143 172
143 179
143 240
143 265
143 268
143 277
143 282
143 297
143 330
143 336
143 340
143 341
143 343
143 358
143 389
143 400
143 436
143 438
143 439
143 448
143 485
143 490
143 495
143 498
144 151
144 156
144 161
144 163
144 175
144 208
144 214
144 219
144 224
144 245
144 251
144 258
144 282
144 287
144 290
144 300
144 302
144 305
144 327
144 336
144 338
144 341
144 365
144 370
144 383
144 390
144 391
144 403
144 423
144 431
144 446
144 450
144 458
144 467
144 491
144 498
145 159
145 166
145 181
145 196
145 239
145 269
145 286
145 289
145 306
145 314
145 324
145 327
145 329
145 332
145 338
145 345
145 349
145 356
145 367
145 371
145 390
145 401
145 408
145 410
145 424
145 427
145 442
145 444
145 445
145 464
145 465
145 467
145 474
145 482
145 484
145 494
146 154
146 164
146 165
146 166
146 185
146 193
146 208
146 209
146 215
146 234
146 244
146 256
146 269
146 271
146 276
146 285
146 296
146 303
146 306
146 317
146 328
146 333
146 344
146 346
146 356
146 363
146 368
146 371
146 381
146 382
146 397
146 400
146 406
146 422
146 443
146 464
146 468
146 474
146 479
146 481
146 488
147 152
147 153
147 154
147 163
147 167
147 174
147 182
147 192
147 203
147 210
147 211
147 216
147 231
147 232
147 240
147 251
147 260
147 277
147 295
147 299
147 302
147 303
147 306
147 314
147 318
147 321
147 346
147 348
147 378
147 384
147 405
147 444
147 453
147 460
147 475
147 486
148 154
148 168
148 180
148 197
148 201
148 207
148 219
148 233
148 242
148 246
148 254
148 255
148 266
148 282
148 288
148 298
148 312
148 322
148 332
148 337
148 351
148 364
148 367
148 375
148 383
148 393
148 398
148 408
148 411
148 419
148 439
148 461
148 462
148 467
148 475
148 482
148 489
148 493
148 495
149 182
149 206
149 231
149 237
149 241
149 246
149 250
149 267
149 274
149 285
149 292
149 304
149 309
149 314
149 322
149 335
149 348
149 354
149 381
149 394
149 395
149 406
149 412
149 415
149 423
149 444
149 452
149 471
149 473
149 481
149 495
150 154
150 166
150 175
150 180
150 192
150 217
150 232
150 271
150 273
150 276
150 298
150 300
150 328
150 351
150 354
150 358
150 366
150 377
150 380
150 386
150 420
150 422
150 423
150 428
150 430
150 432
150 434
150 471
150 472
150 477
150 499
151 188
151 193
151 199
151 201
151 203
151 212
151 220
151 225
151 226
151 231
151 257
151 259
151 300
151 310
151 315
151 321
151 337
151 353
151 359
151 370
151 373
151 375
151 400
151 413
151 414
151 423
151 429
151 442
151 444
151 450
151 453
151 455
151 480
151 488
151 489
152 154
152 169
152 203
152 218
152 225
152 228
152 238
152 239
152 243
152 244
152 247
152 252
152 254
152 255
152 316
152 328
152 336
152 384
152 411
152 419
152 423
152 435
152 438
152 445
152 446
152 459
152 463
152 469
152 480
152 485
153 155
153 160
153 170
153 176
153 194
153 195
153 212
153 218
153 221
153 225
153 231
153 240
153 272
153 280
153 282
153 292
153 299
153 301
153 306
153 319
153 320
153 322
153 326
153 327
153 338
153 341
153 357
153 377
153 389
153 394
153 397
153 398
153 404
153 407
153 430
153 440
153 442
153 443
153 444
153 445
153 457
153 458
153 467
153 473
153 476
153 479
153 482
153 485
153 496
154 166
154 168
154 189
154 191
154 197
154 214
154 238
154 240
154 260
154 261
154 266
154 283
154 289
154 290
154 313
154 315
154 316
154 321
154 322
154 328
154 330
154 343
154 346
154 347
154 349
154 385
154 386
154 400
154 403
154 404
154 419
154 420
154 438
154 441
154 466
154 468
154 473
154 491
154 499
155 161
155 174
155 175
155 189
155 210
155 236
155 243
155 244
155 246
155 251
155 284
155 294
155 300
155 307
155 317
155 319
155 320
155 329
155 330
155 335
155 343
155 347
155 357
155 409
155 410
155 458
155 476
155 483
156 158
156 182
156 193
156 198
156 204
156 214
156 221
156 228
156 229
156 272
156 282
156 283
156 285
156 290
156 293
156 303
156 311
156 313
156 318
156 321
156 324
156 356
156 374
156 398
156 405
156 411
156 419
156 424
156 428
156 435
156 454
156 455
156 463
156 464
156 469
156 482
156 485
157 171
157 204
157 209
157 213
157 218
157 219
157 235
157 243
157 245
157 247
157 251
157 252
157 264
157 267
157 279
157 284
157 292
157 304
157 313
157 320
157 337
157 340
157 349
157 351
157 367
157 374
157 375
157 376
157 391
157 397
157 399
157 406
157 408
157 415
157 416
157 421
157 431
157 442
157 450
157 460
157 465
157 490
157 491
157 495
158 161
158 180
158 203
158 212
158 224
158 233
158 240
158 241
158 250
158 260
158 273
158 321
158 326
158 327
158 330
158 333
158 339
158 370
158 379
158 388
158 390
158 416
158 420
158 421
158 458
158 466
158 469
158 470
158 474
158 488
159 164
159 176
159 181
159 188
159 189
159 211
159 214
159 220
159 223
159 237
159 264
159 274
159 276
159 287
159 293
159 306
159 307
159 321
159 326
159 345
159 362
159 371
159 390
159 403
159 409
159 435
159 437
159 444
159 453
159 458
159 467
160 183
160 192
160 194
160 201
160 213
160 214
160 216
160 221
160 224
160 254
160 273
160 287
160 288
160 294
160 308
160 327
160 333
160 344
160 348
160 358
160 365
160 371
160 382
160 396
160 404
160 417
160 434
160 451
160 458
160 459
160 476
160 482
160 484
161 162
161 174
161 182
161 190
161 211
161 228
161 231
161 232
161 245
161 250
161 268
161 286
161 297
161 312
161 323
161 341
161 350
161 354
161 365
161 371
161 373
161 380
161 411
161 425
161 436
161 447
161 468
161 481
161 492
162 204
162 205
162 208
162 225
162 240
162 243
162 245
162 256
162 258
162 259
162 304
162 305
162 308
162 316
162 344
162 345
162 351
162 371
162 376
162 378
162 391
162 400
162 413
162 419
162 427
162 429
162 441
162 446
162 457
162 482
162 491
162 498
163 179
163 192
163 194
163 208
163 222
163 271
163 274
163 284
163 291
163 300
163 306
163 314
163 318
163 319
163 322
163 335
163 339
163 365
163 371
163 378
163 400
163 440
163 453
163 465
163 478
163 479
163 484
163 493
164 177
164 178
164 202
164 206
164 208
164 210
164 224
164 226
164 241
164 247
164 251
164 266
164 270
164 273
164 288
164 296
164 307
164 310
164 311
164 336
164 338
164 342
164 347
164 349
164 352
164 355
164 361
164 364
164 406
164 414
164 428
164 431
164 435
164 456
164 457
164 459
164 471
164 477
164 482
164 489
165 175
165 179
165 182
165 185
165 186
165 197
165 208
165 220
165 221
165 225
165 242
165 243
165 253
165 254
165 272
165 278
165 281
165 288
165 294
165 309
165 320
165 323
165 334
165 356
165 396
165 411
165 430
165 432
165 448
165 455
165 457
165 461
165 465
165 472
165 479
165 499
166 179
166 209
166 228
166 265
166 269
166 270
166 277
166 282
166 287
166 309
166 314
166 319
166 343
166 351
166 353
166 364
166 371
166 377
166 394
166 397
166 405
166 409
166 411
166 421
166 427
166 432
166 438
166 441
166 443
166 448
166 453
166 454
166 473
166 476
166 490
166 497
167 171
167 225
167 226
167 239
167 252
167 262
167 263
167 265
167 267
167 298
167 300
167 332
167 359
167 365
167 371
167 388
167 408
167 432
167 438
167 442
167 446
167 458
167 468
167 472
167 474
167 475
167 479
167 496
168 169
168 173
168 179
168 180
168 202
168 209
168 217
168 234
168 236
168 241
168 252
168 263
168 281
168 286
168 299
168 311
168 340
168 341
168 346
168 356
168 361
168 371
168 378
168 379
168 395
168 400
168 410
168 415
168 418
168 461
168 465
168 466
168 468
168 475
168 484
168 486
168 491
168 493
168 496
168 497
168 498
169 184
169 187
169 191
169 196
169 200
169 204
169 208
169 209
169 210
169 222
169 251
169 264
169 273
169 280
169 283
169 288
169 292
169 312
169 337
169 344
169 349
169 356
169 365
169 371
169 375
169 389
169 419
169 435
169 437
169 440
169 449
169 451
169 472
170 176
170 179
170 182
170 183
170 209
170 215
170 217
170 219
170 224
170 232
170 251
170 253
170 266
170 269
170 277
170 286
170 289
170 295
170 299
170 306
170 321
170 337
170 342
170 343
170 353
170 354
170 357
170 371
170 393
170 420
170 425
170 442
170 448
170 449
170 461
170 464
170 467
170 492
170 497
171 172
171 201
171 202
171 228
171 231
171 245
171 276
171 287
171 296
171 309
171 331
171 334
171 335
171 336
171 340
171 345
171 353
171 359
171 363
171 384
171 388
171 389
171 404
171 407
171 416
171 426
171 497
172 173
172 183
172 195
172 199
172 206
172 246
172 251
172 252
172 271
172 283
172 294
172 301
172 305
172 317
172 321
172 324
172 327
172 339
172 359
172 363
172 368
172 378
172 384
172 398
172 404
172 415
172 421
172 436
172 448
172 456
172 459
172 464
172 468
172 482
172 499
173 177
173 190
173 198
173 216
173 231
173 233
173 250
173 255
173 296
173 299
173 312
173 314
173 320
173 339
173 343
173 385
173 412
173 415
173 424
173 426
173 430
173 431
173 445
173 470
173 474
173 483
173 497
174 185
174 195
174 199
174 205
174 231
174 241
174 249
174 281
174 282
174 286
174 301
174 325
174 339
174 361
174 385
174 401
174 405
174 411
174 422
174 428
174 430
174 477
174 482
174 498
175 182
175 186
175 196
175 200
175 215
175 217
175 228
175 260
175 282
175 317
175 327
175 329
175 332
175 333
175 342
175 348
175 386
175 395
175 402
175 403
175 420
175 428
175 429
175 446
175 453
175 454
175 460
175 461
175 464
175 466
175 498
176 180
176 191
176 192
176 227
176 229
176 232
176 236
176 302
176 307
176 322
176 329
176 369
176 371
176 381
176 390
176 391
176 427
176 435
176 439
176 447
176 449
176 458
176 459
176 461
176 476
176 484
176 492
177 178
177 188
177 192
177 214
177 216
177 220
177 222
177 229
177 238
177 250
177 256
177 261
177 262
177 288
177 289
177 292
177 298
177 320
177 333
177 334
177 338
177 351
177 357
177 362
177 366
177 378
177 391
177 393
177 398
177 409
177 422
177 425
177 439
177 450
177 456
177 468
177 472
177 490
177 498
178 185
178 186
178 188
178 190
178 196
178 222
178 226
178 231
178 237
178 240
178 245
178 252
178 254
178 269
178 270
178 283
178 285
178 297
178 300
178 308
178 316
178 332
178 342
178 350
178 361
178 363
178 371
178 375
178 376
178 402
178 407
178 409
178 410
178 412
178 425
178 429
178 446
178 447
178 458
178 484
178 485
178 493
179 180
179 189
179 208
179 218
179 225
179 232
179 234
179 239
179 246
179 251
179 256
179 261
179 263
179 265
179 287
179 296
179 328
179 333
179 337
179 338
179 351
179 352
179 363
179 370
179 372
179 374
179 390
179 396
179 403
179 422
179 437
179 441
179 447
179 470
179 484
179 485
179 486
179 496
180 182
180 205
180 214
180 219
180 223
180 232
180 247
180 309
180 314
180 316
180 345
180 371
180 386
180 391
180 401
180 408
180 423
180 424
180 435
180 437
180 453
180 455
180 464
180 466
180 472
181 192
181 211
181 216
181 220
181 231
181 256
181 260
181 276
181 291
181 295
181 297
181 300
181 309
181 320
181 321
181 330
181 344
181 346
181 348
181 354
181 357
181 379
181 397
181 400
181 404
181 428
181 451
181 455
181 472
181 481
181 495
182 188
182 199
182 212
182 222
182 225
182 234
182 243
182 248
182 250
182 253
182 265
182 273
182 288
182 290
182 294
182 296
182 303
182 306
182 320
182 347
182 358
182 369
182 372
182 382
182 387
182 399
182 410
182 426
182 428
182 430
182 435
182 455
182 460
182 471
182 476
183 195
183 208
183 209
183 227
183 248
183 280
183 293
183 340
183 368
183 378
183 385
183 399
183 401
183 410
183 452
183 455
183 476
183 497
184 185
184 203
184 208
184 223
184 226
184 236
184 270
184 274
184 276
184 293
184 318
184 349
184 359
184 371
184 376
184 382
184 388
184 392
184 411
184 435
184 445
184 452
184 467
184 479
184 496
185 192
185 196
185 198
185 200
185 240
185 242
185 247
185 250
185 258
185 270
185 286
185 297
185 323
185 337
185 362
185 364
185 365
185 391
185 400
185 411
185 420
185 430
185 435
185 443
185 446
185 461
185 469
185 471
185 480
185 482
185 485
186 190
186 202
186 221
186 233
186 246
186 249
186 260
186 262
186 270
186 272
186 273
186 276
186 279
186 280
186 283
186 284
186 294
186 296
186 337
186 338
186 347
186 349
186 404
186 409
186 413
186 416
186 423
186 429
186 439
186 445
186 446
186 475
186 478
186 489
186 499
187 189
187 190
187 195
187 197
187 201
187 202
187 212
187 221
187 235
187 243
187 250
187 253
187 258
187 270
187 289
187 292
187 318
187 320
187 360
187 365
187 379
187 396
187 399
187 409
187 411
187 425
187 429
187 446
187 458
187 463
187 468
187 487
187 489
187 495
188 196
188 208
188 209
188 217
188 243
188 245
188 247
188 250
188 265
188 275
188 276
188 279
188 286
188 302
188 314
188 318
188 337
188 356
188 357
188 364
188 375
188 382
188 386
188 391
188 405
188 406
188 416
188 419
188 425
188 434
188 466
188 468
188 487
188 489
189 211
189 221
189 244
189 252
189 253
189 255
189 284
189 285
189 288
189 289
189 298
189 301
189 308
189 315
189 320
189 330
189 348
189 353
189 354
189 359
189 362
189 380
189 384
189 388
189 390
189 415
189 417
189 419
189 423
189 424
189 434
189 452
189 454
189 456
189 461
189 464
189 497
190 205
190 208
190 212
190 219
190 228
190 235
190 250
190 252
190 254
190 263
190 288
190 290
190 296
190 327
190 338
190 342
190 349
190 360
190 369
190 372
190 381
190 382
190 396
190 430
190 450
190 454
190 481
190 484
191 200
191 210
191 217
191 218
191 225
191 230
191 231
191 236
191 240
191 249
191 254
191 279
191 291
191 344
191 349
191 371
191 375
191 378
191 382
191 388
191 397
191 412
191 424
191 428
191 429
191 433
191 460
191 463
191 468
191 469
191 472
191 484
191 499
192 223
192 230
192 263
192 267
192 277
192 284
192 313
192 319
192 356
192 364
192 387
192 388
192 394
192 403
192 426
192 442
192 448
192 451
192 455
192 459
192 461
192 464
192 470
192 499
193 196
193 210
193 211
193 224
193 262
193 271
193 289
193 308
193 313
193 331
193 336
193 342
193 382
193 385
193 404
193 413
193 438
193 440
193 449
193 454
193 462
194 209
194 211
194 233
194 237
194 242
194 244
194 249
194 254
194 259
194 266
194 269
194 279
194 285
194 296
194 306
194 312
194 324
194 330
194 332
194 338
194 344
194 347
194 350
194 351
194 384
194 387
194 390
194 395
194 398
194 399
194 404
194 420
194 443
194 444
194 458
194 463
194 476
195 213
195 239
195 246
195 249
195 259
195 274
195 278
195 285
195 299
195 303
195 307
195 316
195 344
195 361
195 364
195 369
195 395
195 422
195 424
195 432
195 435
195 440
195 453
195 456
195 472
196 204
196 218
196 222
196 239
196 244
196 247
196 249
196 252
196 284
196 288
196 297
196 301
196 304
196 314
196 320
196 332
196 334
196 339
196 341
196 344
196 347
196 352
196 356
196 369
196 385
196 393
196 399
196 405
196 439
196 449
196 451
196 454
196 460
196 476
196 479
196 488
197 200
197 212
197 241
197 253
197 269
197 282
197 310
197 329
197 333
197 336
197 343
197 346
197 369
197 371
197 389
197 393
197 413
197 418
197 419
197 442
197 444
197 463
197 468
197 475
197 481
197 486
197 487
198 214
198 221
198 228
198 231
198 235
198 239
198 241
198 244
198 245
198 255
198 270
198 307
198 309
198 314
198 317
198 324
198 331
198 338
198 359
198 360
198 364
198 366
198 398
198 414
198 424
198 431
198 432
198 444
198 446
198 455
198 463
198 474
198 483
198 490
198 493
199 210
199 221
199 231
199 240
199 242
199 245
199 248
199 264
199 275
199 317
199 325
199 338
199 345
199 357
199 361
199 370
199 387
199 390
199 399
199 403
199 430
199 431
199 441
199 448
199 459
199 482
199 492
200 206
200 218
200 232
200 251
200 262
200 267
200 274
200 303
200 316
200 320
200 330
200 332
200 337
200 349
200 373
200 403
200 423
200 428
200 432
200 439
200 442
200 445
200 483
201 212
201 225
201 234
201 238
201 253
201 267
201 282
201 287
201 294
201 297
201 306
201 309
201 312
201 321
201 326
201 329
201 330
201 372
201 376
201 384
201 385
201 407
201 411
201 413
201 420
201 426
201 443
201 472
201 475
201 481
201 487
201 489
201 495
201 499
202 236
202 245
202 251
202 254
202 263
202 283
202 285
202 290
202 301
202 310
202 324
202 331
202 337
202 363
202 365
202 387
202 402
202 424
202 433
202 442
202 447
202 456
202 462
202 481
202 493
202 497
202 499
203 204
203 221
203 235
203 237
203 242
203 243
203 257
203 261
203 274
203 315
203 344
203 351
203 365
203 375
203 378
203 384
203 386
203 415
203 435
203 463
203 475
203 480
203 490
204 209
204 230
204 237
204 245
204 249
204 256
204 259
204 277
204 281
204 282
204 291
204 302
204 306
204 332
204 338
204 345
204 358
204 370
204 376
204 387
204 403
204 424
204 433
204 450
204 494
204 495
205 210
205 217
205 219
205 220
205 231
205 234
205 253
205 254
205 255
205 259
205 266
205 282
205 283
205 287
205 293
205 294
205 302
205 304
205 305
205 306
205 322
205 324
205 339
205 366
205 369
205 381
205 383
205 387
205 391
205 414
205 415
205 422
205 445
205 454
205 462
205 492
205 498
205 499
206 243
206 252
206 265
206 266
206 270
206 272
206 282
206 287
206 301
206 306
206 310
206 315
206 316
206 321
206 328
206 335
206 342
206 349
206 353
206 354
206 358
206 361
206 390
206 397
206 421
206 431
206 443
206 451
206 457
206 472
206 473
206 475
206 485
206 489
206 499
207 215
207 221
207 234
207 240
207 272
207 278
207 286
207 291
207 300
207 309
207 330
207 333
207 352
207 360
207 361
207 362
207 367
207 368
207 377
207 402
207 408
207 413
207 423
207 429
207 438
207 451
207 452
207 464
207 496
208 230
208 231
208 239
208 242
208 248
208 266
208 269
208 276
208 279
208 283
208 285
208 289
208 294
208 296
208 325
208 345
208 352
208 365
208 369
208 380
208 391
208 397
208 406
208 424
208 435
208 443
208 460
208 463
208 485
208 491
208 493
209 232
209 234
209 251
209 254
209 265
209 276
209 282
209 284
209 290
209 300
209 311
209 315
209 323
209 340
209 343
209 344
209 358
209 369
209 375
209 391
209 411
209 419
209 420
209 435
209 451
209 457
209 462
209 467
209 476
209 478
209 482
210 214
210 234
210 235
210 263
210 287
210 291
210 307
210 310
210 314
210 318
210 324
210 327
210 328
210 330
210 334
210 357
210 364
210 366
210 372
210 379
210 381
210 402
210 406
210 411
210 422
210 435
210 453
210 459
210 481
210 494
211 222
211 230
211 239
211 249
211 251
211 256
211 265
211 273
211 283
211 289
211 292
211 297
211 298
211 301
211 306
211 322
211 328
211 335
211 336
211 342
211 348
211 355
211 365
211 368
211 371
211 381
211 386
211 403
211 407
211 429
211 430
211 436
211 439
211 451
211 454
211 459
211 469
211 472
211 475
211 480
211 481
211 489
212 214
212 227
212 235
212 256
212 266
212 285
212 288
212 319
212 336
212 372
212 376
212 381
212 396
212 397
212 410
212 415
212 419
212 430
212 432
212 436
212 454
212 471
212 480
212 486
213 215
213 219
213 223
213 226
213 257
213 266
213 277
213 286
213 293
213 294
213 303
213 312
213 322
213 348
213 353
213 354
213 359
213 365
213 374
213 392
213 415
213 440
213 441
213 445
213 449
213 460
213 462
213 464
213 465
213 467
213 473
213 486
213 498
214 222
214 227
214 244
214 248
214 263
214 268
214 271
214 278
214 301
214 303
214 307
214 314
214 331
214 332
214 335
214 363
214 393
214 400
214 403
214 413
214 415
214 446
214 447
214 451
214 453
215 219
215 226
215 228
215 232
215 244
215 257
215 258
215 301
215 302
215 307
215 336
215 347
215 352
215 364
215 368
215 401
215 402
215 411
215 413
215 434
215 439
215 443
215 450
215 451
215 453
215 458
215 468
215 475
215 479
215 485
216 224
216 230
216 247
216 252
216 258
216 264
216 274
216 277
216 281
216 283
216 288
216 290
216 291
216 293
216 294
216 295
216 307
216 322
216 325
216 339
216 342
216 344
216 368
216 370
216 381
216 392
216 402
216 408
216 411
216 416
216 454
216 458
216 467
216 479
216 480
216 483
216 486
216 489
216 498
217 239
217 246
217 250
217 266
217 267
217 281
217 295
217 297
217 304
217 311
217 336
217 340
217 355
217 366
217 375
217 387
217 392
217 397
217 408
217 411
217 416
217 485
218 220
218 221
218 254
218 260
218 267
218 269
218 277
218 283
218 285
218 286
218 313
218 315
218 322
218 338
218 382
218 384
218 392
218 396
218 419
218 428
218 435
218 438
218 443
218 459
218 473
218 480
218 494
218 499
219 221
219 228
219 237
219 251
219 255
219 257
219 269
219 287
219 295
219 307
219 310
219 311
219 326
219 337
219 350
219 355
219 361
219 363
219 364
219 365
219 376
219 381
219 387
219 390
219 394
219 403
219 421
219 423
219 436
219 459
219 461
219 466
219 468
219 483
219 484
220 239
220 240
220 243
220 246
220 248
220 262
220 263
220 267
220 272
220 274
220 282
220 287
220 288
220 295
220 307
220 320
220 322
220 331
220 338
220 344
220 358
220 365
220 367
220 380
220 393
220 402
220 406
220 407
220 446
220 453
220 458
220 461
220 466
220 493
221 238
221 253
221 255
221 273
221 292
221 293
221 303
221 305
221 313
221 344
221 347
221 353
221 362
221 368
221 376
221 385
221 407
221 416
221 432
221 433
221 440
221 446
221 474
221 475
221 485
221 499
222 258
222 261
222 262
222 293
222 296
222 302
222 328
222 346
222 350
222 363
222 369
222 373
222 378
222 413
222 414
222 422
222 425
222 435
222 460
222 466
222 467
222 470
222 471
222 474
222 489
222 491
222 495
223 226
223 244
223 251
223 257
223 261
223 274
223 282
223 292
223 294
223 295
223 302
223 316
223 318
223 321
223 343
223 367
223 385
223 406
223 408
223 421
223 437
223 438
223 440
223 449
223 457
223 467
223 469
223 498
224 225
224 228
224 234
224 246
224 260
224 264
224 266
224 281
224 284
224 286
224 324
224 342
224 345
224 377
224 381
224 390
224 399
224 409
224 416
224 417
224 420
224 430
224 465
224 472
224 483
224 488
224 492
225 227
225 237
225 242
225 249
225 260
225 262
225 292
225 302
225 306
225 344
225 353
225 364
225 367
225 383
225 401
225 405
225 406
225 428
225 433
225 445
225 454
225 461
225 464
225 477
225 481
225 485
225 499
226 247
226 250
226 263
226 266
226 273
226 277
226 279
226 293
226 298
226 319
226 330
226 340
226 352
226 356
226 359
226 367
226 369
226 371
226 405
226 409
226 427
226 430
226 438
226 439
226 445
226 452
226 463
226 471
226 496
227 235
227 245
227 252
227 253
227 272
227 275
227 280
227 291
227 299
227 310
227 366
227 376
227 382
227 388
227 400
227 402
227 411
227 417
227 429
227 445
227 447
227 460
227 464
227 472
227 480
227 484
227 487
227 492
228 230
228 232
228 234
228 239
228 241
228 255
228 269
228 311
228 322
228 333
228 335
228 352
228 357
228 360
228 365
228 367
228 381
228 385
228 391
228 393
228 401
228 433
228 434
228 443
228 452
228 456
228 466
228 467
228 473
228 494
229 242
229 246
229 252
229 261
229 262
229 264
229 265
229 298
229 299
229 318
229 323
229 336
229 337
229 358
229 360
229 387
229 404
229 415
229 435
229 444
229 460
229 461
229 475
229 480
229 482
229 484
229 486
229 487
229 494
230 234
230 237
230 247
230 268
230 270
230 274
230 279
230 308
230 310
230 313
230 330
230 345
230 349
230 351
230 352
230 362
230 364
230 379
230 390
230 391
230 411
230 428
230 436
230 437
230 439
230 441
230 445
230 457
230 476
231 234
231 253
231 274
231 295
231 297
231 311
231 312
231 317
231 325
231 330
231 334
231 346
231 348
231 349
231 352
231 369
231 370
231 405
231 412
231 414
231 417
231 418
231 424
231 428
231 440
231 444
231 451
231 453
231 476
231 478
231 482
231 483
231 497
232 234
232 242
232 244
232 250
232 251
232 274
232 281
232 288
232 338
232 342
232 350
232 352
232 353
232 361
232 366
232 367
232 374
232 379
232 394
232 400
232 408
232 441
232 453
232 456
232 458
232 476
233 240
233 242
233 257
233 275
233 283
233 289
233 298
233 326
233 343
233 345
233 353
233 361
233 363
233 364
233 372
233 375
233 386
233 400
233 412
233 418
233 419
233 423
233 427
233 430
233 431
233 437
233 442
233 465
233 470
233 473
233 476
233 497
234 258
234 260
234 265
234 278
234 290
234 309
234 314
234 328
234 332
234 338
234 339
234 340
234 354
234 357
234 363
234 376
234 378
234 381
234 392
234 398
234 411
234 419
234 437
234 445
234 479
234 482
234 488
235 243
235 261
235 271
235 272
235 299
235 316
235 318
235 349
235 357
235 362
235 375
235 391
235 394
235 417
235 419
235 431
235 444
235 454
235 469
235 482
235 483
235 487
235 492
235 496
236 244
236 245
236 252
236 264
236 265
236 270
236 273
236 279
236 293
236 306
236 321
236 334
236 340
236 405
236 414
236 419
236 426
236 439
236 454
236 456
236 463
236 468
236 475
236 478
236 491
236 497
237 239
237 242
237 249
237 264
237 266
237 269
237 288
237 290
237 292
237 295
237 298
237 304
237 318
237 323
237 326
237 338
237 340
237 364
237 379
237 385
237 401
237 426
237 428
237 436
237 442
237 443
237 450
237 481
237 485
237 493
237 494
238 246
238 269
238 272
238 281
238 284
238 307
238 314
238 315
238 328
238 341
238 342
238 359
238 362
238 365
238 366
238 385
238 396
238 423
238 432
238 435
239 273
239 287
239 298
239 306
239 315
239 337
239 350
239 351
239 358
239 364
239 390
239 399
239 402
239 404
239 416
239 427
239 453
239 469
239 471
239 472
239 479
239 486
239 499
240 244
240 258
240 267
240 274
240 275
240 284
240 291
240 296
240 304
240 327
240 337
240 338
240 339
240 350
240 357
240 358
240 360
240 371
240 377
240 383
240 385
240 391
240 428
240 432
240 434
240 453
240 454
240 464
240 466
240 478
240 484
240 490
241 248
241 255
241 256
241 262
241 269
241 280
241 310
241 318
241 325
241 340
241 353
241 365
241 366
241 368
241 384
241 386
241 387
241 388
241 395
241 407
241 421
241 427
241 443
241 444
241 471
241 477
241 479
241 493
241 499
242 243
242 249
242 267
242 273
242 275
242 286
242 295
242 299
242 309
242 315
242 316
242 320
242 322
242 345
242 349
242 355
242 363
242 366
242 367
242 394
242 399
242 427
242 431
242 432
242 433
242 439
242 441
242 448
242 449
242 459
242 489
242 497
243 251
243 255
243 260
243 262
243 269
243 273
243 294
243 299
243 311
243 316
243 326
243 339
243 349
243 361
243 365
243 366
243 381
243 406
243 410
243 415
243 417
243 421
243 424
243 426
243 430
243 431
243 432
243 443
243 448
243 457
243 462
243 465
243 466
243 467
243 478
243 499
244 254
244 255
244 294
244 348
244 354
244 355
244 360
244 369
244 374
244 380
244 382
244 385
244 395
244 398
244 407
244 408
244 413
244 415
244 467
244 473
244 475
244 489
244 491
245 262
245 268
245 272
245 290
245 305
245 319
245 332
245 337
245 368
245 370
245 371
245 379
245 393
245 398
245 414
245 436
245 437
245 448
245 451
245 452
245 467
245 493
246 251
246 253
246 262
246 268
246 270
246 285
246 293
246 298
246 314
246 329
246 343
246 346
246 348
246 356
246 371
246 381
246 412
246 420
246 424
246 425
246 432
246 438
246 444
246 452
246 482
246 486
246 496
246 497
247 250
247 251
247 257
247 274
247 280
247 307
247 309
247 320
247 347
247 373
247 378
247 384
247 390
247 406
247 424
247 429
247 433
247 470
247 497
248 259
248 287
248 289
248 290
248 298
248 304
248 314
248 315
248 320
248 333
248 341
248 359
248 362
248 383
248 395
248 398
248 419
248 440
248 445
248 452
248 454
248 455
248 462
248 465
248 493
248 498
249 262
249 266
249 276
249 288
249 291
249 292
249 295
249 297
249 305
249 307
249 308
249 316
249 317
249 321
249 328
249 336
249 337
249 339
249 345
249 350
249 356
249 359
249 385
249 387
249 389
249 397
249 398
249 399
249 429
249 440
249 444
249 446
249 447
249 451
249 456
249 485
249 499
250 271
250 275
250 276
250 278
250 281
250 318
250 324
250 351
250 355
250 365
250 367
250 368
250 369
250 376
250 380
250 382
250 392
250 394
250 402
250 421
250 429
250 439
250 440
250 451
250 461
250 466
250 468
250 470
251 269
251 287
251 293
251 301
251 310
251 313
251 317
251 318
251 334
251 342
251 351
251 365
251 385
251 395
251 405
251 417
251 423
251 443
251 444
251 446
252 268
252 279
252 298
252 311
252 312
252 318
252 325
252 327
252 336
252 352
252 356
252 359
252 364
252 388
252 396
252 402
252 404
252 405
252 432
252 438
252 439
252 444
252 451
252 453
252 457
252 458
252 459
252 465
252 466
252 468
252 478
252 479
252 497
253 266
253 272
253 273
253 280
253 290
253 291
253 292
253 300
253 305
253 316
253 320
253 337
253 370
253 383
253 414
253 415
253 419
253 440
253 456
253 458
253 465
253 473
253 484
253 492
254 262
254 270
254 281
254 287
254 306
254 308
254 313
254 329
254 337
254 347
254 349
254 360
254 361
254 371
254 394
254 408
254 413
254 414
254 416
254 417
254 422
254 428
254 430
254 456
254 468
254 477
254 479
254 481
254 485
254 493
254 499
255 262
255 263
255 264
255 270
255 278
255 284
255 297
255 333
255 340
255 341
255 359
255 367
255 378
255 383
255 387
255 400
255 406
255 422
255 433
255 435
255 442
255 452
255 454
255 463
255 467
255 479
255 489
256 262
256 286
256 298
256 310
256 345
256 349
256 376
256 378
256 388
256 393
256 402
256 407
256 408
256 415
256 423
256 425
256 434
256 440
256 443
256 452
256 455
256 470
256 478
256 495
257 265
257 270
257 272
257 280
257 286
257 289
257 291
257 298
257 305
257 311
257 321
257 324
257 326
257 341
257 342
257 346
257 347
257 362
257 366
257 392
257 413
257 417
257 420
257 421
257 422
257 429
257 443
257 445
257 454
257 472
257 482
257 490
258 266
258 317
258 323
258 326
258 356
258 391
258 393
258 441
258 445
258 450
258 459
258 466
258 470
258 473
258 479
258 482
258 484
258 492
258 495
258 498
259 261
259 278
259 297
259 307
259 322
259 347
259 352
259 358
259 365
259 375
259 377
259 381
259 387
259 416
259 419
259 421
259 428
259 436
259 460
259 465
259 492
259 495
260 261
260 264
260 272
260 277
260 282
260 289
260 311
260 312
260 316
260 322
260 328
260 343
260 344
260 345
260 361
260 366
260 376
260 377
260 391
260 397
260 401
260 402
260 420
260 434
260 467
260 479
260 486
260 491
260 497
261 271
261 282
261 289
261 299
261 303
261 306
261 312
261 315
261 324
261 326
261 351
261 352
261 353
261 362
261 370
261 415
261 430
261 460
261 465
261 476
261 479
261 480
261 484
261 486
261 497
262 268
262 271
262 275
262 283
262 284
262 296
262 300
262 319
262 322
262 329
262 339
262 347
262 350
262 358
262 361
262 378
262 385
262 390
262 398
262 404
262 416
262 417
262 421
262 439
262 443
262 453
262 463
262 467
262 485
262 487
262 492
262 494
263 273
263 277
263 278
263 283
263 332
263 335
263 341
263 355
263 383
263 394
263 424
263 437
263 439
263 444
263 452
263 455
263 456
263 466
263 473
263 475
263 483
264 284
264 285
264 288
264 294
264 305
264 315
264 334
264 339
264 341
264 345
264 351
264 354
264 358
264 364
264 372
264 426
264 432
264 474
264 488
264 492
264 493
264 498
265 272
265 287
265 302
265 305
265 306
265 336
265 351
265 359
265 419
265 427
265 431
265 435
265 456
265 463
265 472
265 477
266 270
266 276
266 283
266 290
266 295
266 302
266 304
266 316
266 349
266 354
266 358
266 361
266 362
266 367
266 375
266 395
266 397
266 410
266 411
266 446
266 449
266 450
266 466
266 490
266 498
267 282
267 290
267 297
267 302
267 314
267 316
267 331
267 334
267 337
267 339
267 351
267 363
267 388
267 402
267 433
267 434
267 451
268 275
268 294
268 303
268 310
268 311
268 341
268 342
268 360
268 363
268 383
268 397
268 398
268 412
268 418
268 423
268 431
268 436
268 440
268 455
268 464
268 467
268 472
268 479
268 480
268 486
268 488
269 270
269 277
269 279
269 285
269 291
269 297
269 304
269 309
269 317
269 344
269 347
269 354
269 356
269 369
269 373
269 377
269 382
269 386
269 404
269 415
269 418
269 419
269 421
269 423
269 428
269 434
269 438
269 454
269 466
269 473
269 484
269 485
269 490
269 491
270 276
270 282
270 284
270 292
270 316
270 323
270 336
270 349
270 350
270 366
270 385
270 407
270 416
270 459
270 481
271 274
271 282
271 286
271 300
271 302
271 308
271 310
271 340
271 348
271 364
271 376
271 408
271 419
271 421
271 433
271 441
271 460
271 464
271 465
271 484
271 499
272 274
272 281
272 287
272 299
272 301
272 319
272 333
272 366
272 387
272 395
272 405
272 441
272 443
272 453
272 486
272 491
273 277
273 286
273 297
273 305
273 308
273 322
273 327
273 330
273 334
273 341
273 353
273 359
273 388
273 390
273 398
273 406
273 411
273 418
273 434
273 439
273 442
273 450
273 462
273 471
274 279
274 290
274 303
274 308
274 309
274 322
274 328
274 341
274 352
274 389
274 390
274 395
274 398
274 406
274 412
274 445
274 447
274 450
274 461
274 467
274 474
274 475
274 476
274 494
275 278
275 280
275 299
275 308
275 322
275 328
275 362
275 363
275 367
275 381
275 392
275 396
275 401
275 413
275 435
275 441
275 457
275 467
275 475
275 476
275 482
275 483
276 295
276 305
276 321
276 361
276 362
276 369
276 378
276 384
276 388
276 398
276 422
276 431
276 432
276 447
276 461
276 469
276 470
276 486
276 493
277 280
277 285
277 287
277 292
277 295
277 298
277 310
277 325
277 334
277 351
277 354
277 377
277 381
277 395
277 402
277 409
277 410
277 423
277 434
277 437
277 445
277 476
277 494
278 284
278 324
278 326
278 350
278 388
278 392
278 425
278 428
278 438
278 446
278 453
278 459
278 471
278 473
278 474
278 480
278 482
278 485
278 498
279 300
279 302
279 309
279 328
279 341
279 374
279 387
279 434
279 436
279 438
279 448
279 460
279 462
279 464
279 471
279 488
280 294
280 310
280 334
280 339
280 342
280 349
280 360
280 386
280 402
280 410
280 411
280 413
280 419
280 429
280 450
280 478
281 316
281 320
281 332
281 337
281 357
281 380
281 385
281 387
281 397
281 400
281 408
281 411
281 414
281 424
281 459
281 460
281 470
281 490
281 492
281 493
281 497
282 291
282 309
282 323
282 354
282 357
282 374
282 379
282 415
282 463
282 470
282 486
282 493
283 293
283 307
283 320
283 326
283 327
283 335
283 342
283 343
283 346
283 347
283 359
283 386
283 399
283 408
283 417
283 420
283 438
283 440
283 452
283 455
283 460
283 466
283 467
283 473
283 489
284 291
284 294
284 305
284 318
284 328
284 332
284 350
284 352
284 355
284 368
284 382
284 397
284 398
284 402
284 405
284 419
284 423
284 424
284 437
284 440
284 454
284 465
284 466
284 476
284 481
284 492
284 494
284 498
285 311
285 349
285 362
285 363
285 366
285 378
285 386
285 392
285 401
285 404
285 408
285 411
285 419
285 425
285 428
285 430
285 437
285 446
285 462
285 465
285 474
285 482
285 486
286 305
286 313
286 334
286 350
286 368
286 372
286 376
286 382
286 389
286 408
286 412
286 418
286 425
286 430
286 435
286 441
286 453
286 456
286 468
286 469
286 480
286 495
287 291
287 298
287 323
287 330
287 350
287 370
287 381
287 402
287 403
287 408
287 411
287 427
287 428
287 449
287 462
287 467
287 474
287 491
288 292
288 293
288 294
288 322
288 329
288 354
288 385
288 387
288 488
288 496
289 294
289 302
289 323
289 338
289 345
289 350
289 360
289 376
289 407
289 412
289 417
289 420
289 467
289 479
289 481
289 484
289 490
289 492
289 499
290 294
290 300
290 321
290 328
290 346
290 348
290 374
290 378
290 380
290 394
290 398
290 406
290 419
290 430
290 447
290 458
290 462
290 470
290 495
290 496
290 497
290 498
291 297
291 298
291 304
291 305
291 316
291 324
291 335
291 342
291 349
291 352
291 366
291 369
291 399
291 403
291 404
291 423
291 426
291 434
291 440
291 446
291 452
291 458
291 465
291 467
291 469
291 474
291 478
291 486
291 496
292 293
292 297
292 303
292 318
292 319
292 320
292 328
292 338
292 351
292 376
292 381
292 389
292 390
292 391
292 410
292 452
292 455
292 459
292 498
293 299
293 301
293 321
293 323
293 330
293 333
293 346
293 353
293 371
293 379
293 388
293 403
293 404
293 421
293 425
293 435
293 439
293 449
293 469
293 470
293 474
293 478
294 304
294 322
294 334
294 353
294 370
294 383
294 396
294 399
294 403
294 424
294 427
294 435
294 440
294 446
294 463
294 467
294 468
294 469
294 490
294 494
295 328
295 336
295 337
295 354
295 362
295 374
295 378
295 393
295 395
295 401
295 409
295 426
295 428
295 435
295 457
295 466
295 474
295 477
296 297
296 300
296 315
296 332
296 337
296 342
296 350
296 355
296 359
296 382
296 399
296 404
296 423
296 427
296 438
296 461
296 463
296 478
296 479
297 298
297 304
297 328
297 331
297 352
297 366
297 379
297 386
297 396
297 404
297 407
297 422
297 435
297 438
297 448
297 449
297 455
297 476
297 482
297 493
297 494
297 497
298 327
298 330
298 331
298 342
298 352
298 356
298 359
298 366
298 369
298 372
298 375
298 382
298 384
298 388
298 411
298 412
298 416
298 429
298 438
298 440
298 443
298 446
298 454
298 458
298 467
298 471
298 483
299 309
299 310
299 318
299 328
299 331
299 336
299 339
299 354
299 366
299 371
299 398
299 420
299 424
299 434
299 435
299 446
299 450
299 452
299 461
299 469
299 475
299 484
299 492
300 301
300 307
300 308
300 309
300 316
300 328
300 347
300 353
300 394
300 396
300 405
300 406
300 407
300 412
300 415
300 434
300 441
300 446
300 476
300 478
300 483
300 484
300 493
301 305
301 318
301 319
301 326
301 333
301 341
301 370
301 378
301 388
301 394
301 395
301 396
301 399
301 409
301 415
301 425
301 436
301 443
301 448
301 459
301 471
301 487
301 490
301 498
302 305
302 309
302 314
302 318
302 321
302 324
302 326
302 334
302 338
302 369
302 378
302 380
302 383
302 386
302 399
302 427
302 440
302 458
302 469
302 480
302 481
302 484
302 491
302 497
302 498
303 313
303 334
303 342
303 344
303 347
303 349
303 357
303 369
303 405
303 409
303 418
303 431
303 448
303 465
303 467
303 474
303 476
303 480
303 485
304 312
304 316
304 317
304 331
304 337
304 347
304 349
304 355
304 389
304 417
304 432
304 440
304 458
304 467
304 488
305 313
305 324
305 326
305 350
305 351
305 355
305 364
305 366
305 380
305 392
305 394
305 396
305 406
305 409
305 435
305 462
305 465
305 483
305 485
305 498
306 307
306 322
306 339
306 346
306 355
306 360
306 362
306 365
306 371
306 384
306 398
306 399
306 404
306 406
306 415
306 417
306 430
306 449
306 456
306 464
306 484
306 493
307 312
307 319
307 320
307 338
307 357
307 361
307 364
307 365
307 386
307 411
307 421
307 432
307 434
307 439
307 457
307 466
307 470
307 492
308 317
308 324
308 333
308 346
308 368
308 383
308 386
308 408
308 427
308 435
308 436
308 437
308 446
308 475
308 476
308 477
308 488
308 489
308 490
309 310
309 323
309 328
309 338
309 340
309 357
309 369
309 370
309 379
309 391
309 395
309 397
309 408
309 418
309 429
309 438
309 458
309 465
309 466
309 478
309 483
309 491
310 318
310 332
310 341
310 355
310 361
310 372
310 391
310 412
310 435
310 469
310 470
310 475
310 479
310 486
310 488
310 492
311 318
311 330
311 333
311 345
311 346
311 380
311 411
311 422
311 423
311 426
311 439
311 451
311 460
311 462
311 480
311 489
311 499
312 316
312 322
312 344
312 357
312 359
312 375
312 377
312 379
312 383
312 395
312 399
312 414
312 420
312 441
312 449
312 461
312 481
313 339
313 346
313 349
313 359
313 382
313 439
313 451
313 463
313 468
313 470
313 473
313 474
313 478
314 324
314 333
314 334
314 357
314 358
314 360
314 362
314 386
314 388
314 394
314 406
314 422
314 425
314 442
314 452
314 453
314 466
314 467
314 478
314 481
314 495
315 334
315 345
315 347
315 349
315 354
315 357
315 364
315 394
315 396
315 398
315 430
315 432
315 443
315 464
315 471
316 333
316 345
316 356
316 363
316 379
316 393
316 406
316 420
316 425
316 427
316 441
316 449
316 450
316 476
316 483
316 493
317 330
317 348
317 356
317 366
317 392
317 407
317 422
317 427
317 428
317 435
317 437
317 447
317 449
317 450
317 467
317 481
318 325
318 330
318 331
318 345
318 346
318 355
318 358
318 382
318 383
318 392
318 398
318 419
318 442
318 451
318 453
318 459
318 469
318 479
318 494
319 327
319 332
319 335
319 351
319 359
319 367
319 371
319 376
319 387
319 391
319 405
319 437
319 441
319 455
319 459
319 461
319 469
319 478
319 481
319 482
319 496
320 323
320 333
320 341
320 348
320 351
320 357
320 358
320 364
320 366
320 380
320 384
320 388
320 401
320 409
320 418
320 428
320 441
320 446
320 447
320 448
320 449
320 450
320 456
320 471
320 490
320 497
321 322
321 326
321 338
321 350
321 351
321 353
321 375
321 381
321 384
321 387
321 401
321 405
321 424
321 434
321 474
321 483
321 485
322 334
322 394
322 398
322 419
322 443
322 451
322 470
322 487
323 331
323 346
323 348
323 356
323 382
323 392
323 406
323 408
323 411
323 412
323 426
323 454
323 456
323 463
323 487
323 492
324 343
324 345
324 346
324 349
324 350
324 358
324 385
324 386
324 398
324 420
324 424
324 428
324 435
324 441
324 448
324 459
324 460
324 463
324 467
324 468
324 481
325 327
325 341
325 346
325 365
325 381
325 384
325 385
325 388
325 418
325 424
325 429
325 436
325 438
325 444
325 447
325 455
325 488
326 334
326 340
326 342
326 346
326 362
326 369
326 371
326 398
326 399
326 400
326 409
326 432
326 436
326 449
326 462
326 472
326 477
326 496
327 340
327 346
327 356
327 364
327 371
327 377
327 405
327 438
327 463
327 464
327 466
327 469
327 470
327 475
327 485
327 491
327 494
327 499
328 350
328 355
328 365
328 387
328 389
328 399
328 422
328 430
328 431
328 434
328 435
328 455
328 459
328 461
328 469
328 471
328 473
328 476
328 484
328 495
329 364
329 365
329 371
329 373
329 375
329 380
329 381
329 388
329 396
329 403
329 420
329 423
329 430
329 445
329 446
329 462
329 473
329 477
329 478
329 498
330 331
330 334
330 337
330 340
330 350
330 355
330 364
330 365
330 375
330 378
330 380
330 386
330 401
330 426
330 440
330 443
330 447
330 467
330 468
330 475
331 342
331 356
331 366
331 383
331 384
331 396
331 404
331 408
331 409
331 413
331 424
331 429
331 434
331 436
331 447
331 453
331 461
331 463
331 492
332 349
332 357
332 359
332 372
332 376
332 385
332 393
332 395
332 428
332 461
332 466
332 469
332 473
332 475
332 482
332 483
332 486
332 496
333 345
333 375
333 415
333 416
333 418
333 423
333 424
333 428
333 440
333 445
333 454
333 455
333 465
333 469
333 487
333 490
333 491
334 337
334 345
334 375
334 391
334 398
334 410
334 414
334 443
334 445
334 448
334 456
334 462
334 486
335 341
335 342
335 350
335 357
335 358
335 362
335 392
335 393
335 403
335 424
335 438
335 454
335 457
335 492
335 495
336 342
336 345
336 346
336 366
336 368
336 373
336 383
336 391
336 404
336 408
336 421
336 430
336 435
336 439
336 446
336 488
336 494
336 499
337 348
337 355
337 381
337 391
337 393
337 395
337 417
337 418
337 430
337 452
337 463
337 470
337 477
337 489
338 340
338 360
338 365
338 369
338 373
338 374
338 376
338 392
338 403
338 405
338 427
338 439
338 460
338 461
338 469
338 493
339 340
339 369
339 374
339 381
339 421
339 434
339 447
339 448
339 449
339 450
339 463
339 477
339 479
339 480
339 481
339 482
339 487
339 496
339 497
340 342
340 343
340 371
340 373
340 378
340 395
340 411
340 423
340 428
340 448
340 451
340 459
340 478
340 480
340 483
340 488
340 495
340 496
341 347
341 349
341 353
341 366
341 371
341 378
341 386
341 392
341 397
341 407
341 427
341 432
341 437
341 439
341 472
341 473
342 343
342 353
342 364
342 377
342 381
342 384
342 393
342 399
342 406
342 421
342 423
342 444
342 450
342 456
342 458
342 459
342 470
342 477
342 486
342 488
342 495
343 345
343 348
343 359
343 383
343 393
343 394
343 400
343 415
343 429
343 430
343 438
343 443
343 449
343 468
344 347
344 355
344 356
344 374
344 383
344 404
344 409
344 416
344 417
344 435
344 446
344 448
344 459
344 479
344 480
344 494
344 499
345 353
345 366
345 388
345 397
345 402
345 409
345 434
345 439
345 445
345 451
345 466
345 478
345 489
346 352
346 354
346 361
346 363
346 367
346 368
346 371
346 381
346 389
346 416
346 422
346 425
346 458
346 462
346 468
346 469
346 483
346 486
346 489
346 492
347 372
347 378
347 393
347 396
347 416
347 422
347 440
347 442
347 444
347 465
347 475
347 476
347 481
347 493
348 356
348 360
348 374
348 391
348 392
348 399
348 401
348 419
348 423
348 444
348 453
348 461
348 488
348 498
349 357
349 384
349 389
349 394
349 418
349 419
349 429
349 435
349 441
349 450
349 454
349 455
349 456
349 486
349 491
350 360
350 402
350 411
350 413
350 420
350 421
350 429
350 432
350 469
350 477
350 491
351 369
351 373
351 391
351 392
351 393
351 398
351 415
351 418
351 428
351 452
351 460
351 469
351 471
351 487
351 489
351 495
352 386
352 405
352 406
352 420
352 421
352 440
352 450
352 454
352 474
352 484
353 358
353 360
353 364
353 366
353 370
353 380
353 388
353 401
353 417
353 421
353 428
353 432
353 433
353 454
353 455
353 464
353 469
353 481
354 364
354 368
354 373
354 381
354 382
354 397
354 400
354 435
354 450
354 452
354 453
354 461
354 466
354 479
354 488
354 495
355 357
355 378
355 401
355 408
355 415
355 416
355 433
355 434
355 444
355 447
355 451
355 457
355 472
355 475
355 493
356 387
356 399
356 415
356 423
356 427
356 437
356 449
356 452
356 453
356 473
356 486
356 489
357 358
357 364
357 366
357 389
357 395
357 404
357 406
357 416
357 418
357 422
357 435
357 439
357 443
357 448
357 456
357 497
357 498
358 366
358 375
358 376
358 403
358 416
358 423
358 435
358 471
358 487
359 361
359 365
359 367
359 385
359 390
359 402
359 418
359 423
359 426
359 427
359 433
359 434
359 437
359 441
359 444
359 455
359 473
359 478
360 364
360 365
360 369
360 372
360 377
360 387
360 414
360 442
360 444
360 461
360 463
360 466
360 468
360 492
361 377
361 378
361 379
361 383
361 391
361 410
361 426
361 430
361 435
361 437
361 452
361 453
361 457
361 486
361 492
361 493
362 373
362 389
362 394
362 404
362 405
362 407
362 424
362 455
362 457
362 465
362 483
362 489
362 490
362 494
362 498
363 385
363 386
363 387
363 388
363 398
363 401
363 409
363 412
363 416
363 424
363 436
363 467
363 490
363 499
364 397
364 401
364 414
364 440
364 443
364 452
364 458
364 462
364 470
364 488
364 491
364 496
364 498
365 368
365 369
365 371
365 377
365 387
365 427
365 437
365 460
365 468
365 473
365 477
365 481
365 495
366 369
366 383
366 401
366 402
366 412
366 428
366 429
366 437
366 444
366 449
366 484
367 368
367 370
367 376
367 379
367 398
367 400
367 404
367 422
367 428
367 444
367 452
367 462
367 468
367 474
367 488
368 377
368 378
368 379
368 384
368 386
368 405
368 421
368 425
368 450
368 463
368 464
368 470
368 478
368 484
368 485
369 390
369 395
369 397
369 414
369 421
369 428
369 436
369 437
369 438
369 439
369 442
369 448
369 459
369 461
369 464
369 468
370 380
370 387
370 394
370 408
370 424
370 429
370 432
370 438
370 451
370 463
370 480
370 487
370 495
370 496
371 390
371 400
371 428
371 437
371 441
371 451
371 458
371 459
371 487
371 499
372 376
372 397
372 399
372 406
372 414
372 421
372 433
372 439
372 454
372 473
372 495
373 377
373 398
373 404
373 410
373 418
373 426
373 442
373 459
373 471
373 474
373 482
373 484
374 392
374 401
374 404
374 405
374 410
374 412
374 446
374 462
374 463
374 472
374 490
374 499
375 378
375 382
375 403
375 420
375 421
375 434
375 441
375 446
375 455
375 461
375 463
375 469
375 492
376 381
376 413
376 417
376 420
376 423
376 424
376 436
376 440
376 441
376 446
376 457
376 460
376 474
376 476
376 497
377 382
377 400
377 401
377 406
377 421
377 436
377 437
377 442
377 464
377 466
377 468
377 470
377 488
377 494
378 388
378 392
378 394
378 407
378 410
378 432
378 438
378 439
378 451
378 461
378 463
378 483
378 488
379 389
379 394
379 406
379 409
379 413
379 423
379 458
379 462
379 476
379 495
380 386
380 391
380 399
380 402
380 420
380 422
380 462
380 480
380 483
380 484
380 493
380 496
381 385
381 396
381 399
381 404
381 407
381 410
381 429
381 453
381 466
381 478
381 499
382 384
382 389
382 391
382 413
382 429
382 458
382 468
382 476
382 482
383 388
383 393
383 411
383 420
383 422
383 423
383 433
383 434
383 437
383 452
383 463
383 494
383 497
384 408
384 409
384 421
384 431
384 437
384 441
384 483
384 484
384 498
385 387
385 395
385 396
385 399
385 429
385 447
385 468
385 473
385 480
385 491
385 496
386 388
386 412
386 429
386 430
386 435
386 436
386 441
386 450
386 452
386 455
386 489
387 403
387 409
387 419
387 433
387 436
387 465
387 467
387 477
387 478
387 487
387 497
388 391
388 403
388 425
388 427
388 437
388 442
388 448
388 453
388 455
389 400
389 401
389 411
389 414
389 424
389 432
389 435
389 446
389 447
389 483
389 487
389 488
389 493
390 394
390 395
390 420
390 428
390 435
390 443
390 449
390 466
390 470
390 477
390 482
390 487
390 499
391 435
391 436
391 440
391 458
391 459
391 466
391 493
392 407
392 426
392 440
392 443
392 454
392 460
392 479
392 489
392 494
392 497
393 394
393 399
393 400
393 403
393 416
393 440
393 441
393 449
393 461
393 465
393 481
393 487
393 494
394 406
394 421
394 427
394 431
394 432
394 474
394 478
394 498
395 401
395 418
395 419
395 433
395 444
395 453
395 462
395 474
395 483
396 399
396 405
396 417
396 421
396 431
396 439
396 445
396 472
396 485
396 486
396 488
396 491
397 402
397 405
397 417
397 424
397 430
397 435
397 451
397 476
397 485
397 487
397 488
397 497
397 499
398 406
398 416
398 422
398 429
398 437
398 453
398 462
398 468
398 489
399 402
399 414
399 431
399 437
399 444
399 451
399 461
399 462
399 472
399 479
399 498
400 409
400 424
400 428
400 429
400 436
400 439
400 450
400 476
400 488
400 490
401 404
401 411
401 422
401 444
401 452
401 459
401 470
401 472
401 475
401 493
401 494
402 410
402 411
402 427
402 428
402 441
402 454
402 459
402 474
403 407
403 412
403 421
403 425
403 434
403 446
403 447
403 450
403 452
403 456
403 457
403 466
403 470
403 474
403 488
403 491
403 495
403 497
403 498
403 499
404 421
404 432
404 433
404 436
404 446
404 456
404 457
404 465
404 466
404 468
404 469
404 478
404 482
404 492
404 497
405 407
405 418
405 442
405 450
405 455
405 470
405 499
406 407
406 430
406 434
406 439
406 461
406 463
406 471
406 477
406 490
407 410
407 442
407 453
407 478
408 422
408 429
408 440
408 456
408 459
408 476
408 482
408 491
409 437
409 466
409 477
409 486
409 490
410 433
410 451
410 454
410 463
410 470
410 472
410 475
410 485
410 497
411 420
411 430
411 432
411 484
412 428
412 433
412 448
412 459
412 465
412 471
412 497
413 424
413 426
413 433
413 445
413 459
413 469
413 475
413 476
413 479
413 489
414 418
414 422
414 444
414 450
414 456
414 469
414 478
414 489
414 492
414 499
415 423
415 425
415 442
415 447
415 450
415 464
415 486
416 447
416 468
416 474
416 483
417 421
417 424
417 428
417 441
417 445
417 447
417 452
417 489
418 420
418 424
418 434
418 450
418 458
418 466
418 473
418 477
418 485
418 489
418 493
419 427
419 475
419 482
419 492
419 493
420 421
420 431
420 435
420 445
420 446
420 450
420 455
420 458
420 467
420 472
421 424
421 426
421 429
421 439
421 442
421 445
421 449
421 461
421 473
421 479
422 431
422 446
422 457
422 463
422 464
422 468
422 471
422 472
422 480
422 483
422 486
422 488
422 494
423 454
423 478
423 479
423 483
423 488
423 499
424 426
424 430
424 432
424 454
424 468
424 474
424 475
424 487
424 498
425 438
425 442
425 475
425 480
425 483
425 486
425 488
426 428
426 431
426 441
426 442
426 444
426 452
426 461
426 493
427 452
427 456
427 459
427 464
427 483
428 432
428 436
428 451
428 457
428 458
428 473
428 476
428 483
429 446
429 470
429 471
429 472
429 477
430 433
430 438
430 445
430 451
430 459
430 462
430 465
430 492
431 437
431 439
431 441
431 442
431 456
431 468
431 476
431 484
431 485
432 447
432 458
432 468
432 469
433 438
433 463
433 464
433 481
433 488
434 439
434 447
434 450
434 471
434 492
434 493
435 444
435 451
435 460
435 461
435 489
435 491
436 456
436 473
436 487
436 490
436 491
437 455
437 460
437 484
437 491
438 442
438 444
438 459
438 471
438 486
438 487
438 488
438 489
438 496
438 498
439 442
439 443
439 454
439 470
439 474
439 487
440 443
440 445
440 451
440 485
441 449
441 480
441 482
442 449
442 467
442 482
442 487
442 494
443 447
443 467
443 482
443 489
443 497
444 455
444 468
444 473
444 477
444 480
444 489
445 454
445 467
445 471
445 492
445 497
446 451
446 454
446 463
447 448
447 450
447 454
447 457
447 477
447 481
447 489
447 492
448 460
448 475
448 479
448 483
448 497
449 466
449 471
449 477
449 478
450 461
450 470
450 481
450 487
450 495
451 459
451 463
451 468
451 495
452 458
452 467
452 490
453 455
453 462
453 469
453 471
453 477
453 499
454 456
454 457
454 459
454 463
454 469
454 474
455 457
455 460
455 474
455 478
455 483
455 492
456 458
456 473
456 477
456 497
457 466
457 469
457 475
457 481
457 492
457 494
457 497
458 466
458 485
458 491
458 495
459 481
459 482
460 463
460 470
460 483
460 487
460 491
460 496
460 499
461 472
461 475
461 483
462 484
463 469
463 482
463 489
463 491
463 494
464 485
466 475
466 482
466 492
467 475
467 487
467 494
468 492
469 474
469 475
469 483
469 487
469 493
469 496
470 478
470 489
471 496
472 489
472 495
473 482
474 481
474 491
475 481
475 489
475 493
475 495
478 484
478 488
478 491
478 495
479 497
480 485
480 489
480 492
482 483
482 487
482 490
484 491
484 495
484 496
484 499
485 496
486 493
488 492
488 499
489 499
492 493
