0 4
0 9
0 11
0 15
0 18
0 19
0 20
0 21
0 22
0 23
0 27
0 33
0 34
0 38
0 42
0 44
0 45
0 52
0 53
0 55
0 57
0 58
0 64
0 71
0 74
0 75
0 76
0 77
0 79
0 82
0 84
0 86
0 87
0 88
1 4
1 5
1 10
1 12
1 14
1 18
1 19
1 22
1 27
1 28
1 29
1 30
1 32
1 33
1 38
1 39
1 42
1 45
1 48
1 49
1 61
1 62
1 69
1 72
1 73
1 81
1 83
1 90
1 91
1 94
2 11
2 12
2 15
2 22
2 23
2 24
2 26
2 27
2 31
2 32
2 33
2 35
2 39
2 43
2 44
2 55
2 56
2 57
2 59
2 61
2 65
2 68
2 69
2 74
2 78
2 83
2 85
2 87
2 91
2 92
2 95
2 96
3 4
3 5
3 8
3 10
3 12
3 14
3 22
3 24
3 32
3 33
3 34
3 35
3 38
3 40
3 41
3 44
3 46
3 50
3 59
3 63
3 64
3 65
3 68
3 72
3 79
3 80
3 81
3 85
3 89
3 95
3 98
4 6
4 16
4 18
4 24
4 26
4 27
4 35
4 44
4 54
4 56
4 57
4 60
4 61
4 63
4 66
4 69
4 70
4 71
4 74
4 78
4 79
4 81
4 82
4 87
4 88
4 97
4 98
4 99
5 9
5 10
5 13
5 15
5 18
5 21
5 25
5 33
5 34
5 35
5 40
5 42
5 43
5 45
5 46
5 52
5 58
5 62
5 68
5 69
5 73
5 74
5 80
5 81
5 82
5 83
5 88
5 94
6 10
6 13
6 17
6 18
6 24
6 27
6 36
6 39
6 43
6 49
6 51
6 53
6 54
6 59
6 65
6 71
6 72
6 73
6 78
6 80
6 81
6 90
6 91
6 95
6 99
7 12
7 14
7 16
7 19
7 21
7 23
7 24
7 27
7 33
7 48
7 49
7 51
7 55
7 56
7 57
7 63
7 64
7 69
7 74
7 76
7 80
7 84
7 85
7 90
7 94
7 95
8 11
8 14
8 16
8 20
8 21
8 22
8 23
8 29
8 35
8 38
8 45
8 49
8 50
8 51
8 52
8 54
8 55
8 56
8 65
8 72
8 75
8 78
8 81
8 84
8 88
8 91
8 92
8 98
8 99
9 10
9 11
9 18
9 19
9 21
9 24
9 36
9 40
9 41
9 42
9 43
9 48
9 52
9 56
9 62
9 63
9 64
9 72
9 73
9 74
9 77
9 78
9 80
9 84
9 87
9 89
9 97
10 12
10 17
10 18
10 21
10 25
10 26
10 27
10 31
10 37
10 46
10 47
10 52
10 53
10 54
10 55
10 64
10 71
10 73
10 75
10 90
10 91
10 94
10 98
11 14
11 16
11 24
11 27
11 31
11 35
11 36
11 37
11 39
11 42
11 43
11 44
11 45
11 49
11 53
11 55
11 57
11 61
11 62
11 70
11 78
11 79
11 80
11 82
11 86
11 91
11 93
11 96
11 98
11 99
12 13
12 18
12 19
12 21
12 23
12 29
12 32
12 34
12 35
12 40
12 42
12 50
12 52
12 56
12 60
12 62
12 66
12 70
12 74
12 75
12 76
12 81
12 82
12 83
12 85
12 89
12 93
13 14
13 17
13 26
13 29
13 30
13 41
13 50
13 52
13 57
13 66
13 68
13 69
13 70
13 73
13 85
13 90
13 94
14 22
14 24
14 26
14 27
14 38
14 40
14 41
14 43
14 46
14 47
14 51
14 53
14 55
14 56
14 64
14 68
14 69
14 71
14 75
14 76
14 79
14 82
14 83
14 85
14 92
14 97
15 23
15 28
15 32
15 33
15 37
15 38
15 50
15 54
15 60
15 61
15 63
15 64
15 70
15 71
15 72
15 73
15 76
15 85
15 86
15 87
15 89
15 91
15 92
15 94
15 95
15 97
16 17
16 18
16 21
16 27
16 32
16 41
16 46
16 48
16 49
16 53
16 54
16 60
16 63
16 65
16 67
16 71
16 72
16 78
16 81
16 82
16 86
16 87
16 88
16 89
16 90
16 96
16 99
17 20
17 24
17 27
17 31
17 32
17 36
17 37
17 43
17 44
17 45
17 46
17 51
17 58
17 59
17 60
17 65
17 67
17 68
17 69
17 72
17 78
17 80
17 82
17 87
17 88
17 91
17 96
17 97
17 98
17 99
18 22
18 30
18 33
18 36
18 45
18 52
18 57
18 59
18 62
18 65
18 70
18 71
18 72
18 91
18 96
19 22
19 29
19 31
19 33
19 35
19 40
19 41
19 42
19 46
19 47
19 50
19 51
19 53
19 60
19 67
19 73
19 74
19 76
19 80
19 81
19 82
19 89
19 93
20 25
20 26
20 27
20 28
20 30
20 32
20 35
20 42
20 56
20 59
20 60
20 67
20 68
20 72
20 73
20 80
20 83
20 85
20 86
21 22
21 27
21 36
21 38
21 41
21 45
21 47
21 48
21 57
21 58
21 62
21 63
21 69
21 71
21 74
21 75
21 77
21 86
21 88
21 91
22 23
22 24
22 28
22 29
22 31
22 33
22 34
22 35
22 36
22 38
22 39
22 50
22 54
22 58
22 60
22 61
22 64
22 68
22 80
22 82
22 86
22 92
22 94
22 98
23 24
23 27
23 28
23 31
23 34
23 39
23 41
23 42
23 44
23 45
23 48
23 53
23 56
23 57
23 58
23 59
23 64
23 65
23 67
23 69
23 75
23 76
23 77
23 78
23 79
23 82
23 83
23 95
24 32
24 37
24 38
24 39
24 44
24 46
24 47
24 51
24 52
24 55
24 57
24 62
24 64
24 66
24 68
24 70
24 72
24 73
24 76
24 78
24 79
24 80
24 86
25 26
25 29
25 31
25 32
25 35
25 36
25 37
25 39
25 41
25 46
25 48
25 53
25 58
25 60
25 62
25 64
25 65
25 66
25 67
25 70
25 77
25 78
25 79
25 84
25 86
25 87
25 89
25 94
25 95
26 28
26 30
26 32
26 36
26 45
26 46
26 47
26 49
26 52
26 56
26 64
26 69
26 70
26 73
26 81
26 86
26 87
26 89
26 91
26 93
26 98
27 32
27 39
27 40
27 42
27 43
27 44
27 56
27 61
27 62
27 69
27 71
27 74
27 76
27 77
27 79
27 80
27 90
27 95
27 97
27 98
27 99
28 29
28 33
28 35
28 38
28 40
28 43
28 45
28 46
28 47
28 48
28 49
28 54
28 58
28 67
28 69
28 70
28 71
28 72
28 73
28 78
28 80
28 81
28 83
28 85
28 88
28 89
28 91
28 94
28 99
29 32
29 36
29 37
29 39
29 43
29 44
29 47
29 48
29 49
29 55
29 62
29 69
29 73
29 75
29 78
29 80
29 81
29 82
29 86
29 89
29 92
29 93
29 99
30 31
30 32
30 38
30 40
30 41
30 45
30 47
30 49
30 51
30 53
30 56
30 59
30 61
30 63
30 66
30 71
30 73
30 74
30 75
30 83
30 86
30 87
30 88
30 92
30 93
30 97
30 98
30 99
31 40
31 42
31 47
31 51
31 52
31 55
31 59
31 61
31 66
31 69
31 72
31 78
31 79
31 85
31 87
31 90
31 92
31 95
32 35
32 42
32 45
32 50
32 52
32 53
32 56
32 57
32 58
32 60
32 64
32 65
32 67
32 69
32 70
32 76
32 77
32 79
32 80
32 81
32 82
32 83
32 85
32 87
32 88
32 92
32 93
32 97
33 35
33 36
33 37
33 39
33 43
33 45
33 49
33 50
33 51
33 53
33 54
33 55
33 57
33 60
33 66
33 67
33 69
33 73
33 76
33 78
33 79
33 82
33 83
33 84
33 86
33 88
33 90
33 98
33 99
34 35
34 36
34 38
34 41
34 47
34 53
34 57
34 58
34 59
34 64
34 65
34 69
34 74
34 79
34 80
34 82
34 83
34 85
34 86
34 89
34 92
34 94
34 95
35 37
35 40
35 45
35 55
35 59
35 64
35 68
35 69
35 70
35 71
35 72
35 78
35 82
35 84
35 85
35 92
35 93
36 37
36 40
36 42
36 44
36 50
36 51
36 54
36 62
36 65
36 66
36 70
36 76
36 83
36 85
36 87
36 90
36 92
36 95
37 38
37 39
37 43
37 44
37 47
37 55
37 58
37 59
37 70
37 73
37 75
37 77
37 78
37 83
37 84
37 85
37 86
37 87
37 93
37 95
37 96
38 39
38 43
38 45
38 46
38 48
38 49
38 53
38 55
38 57
38 59
38 64
38 65
38 66
38 70
38 72
38 73
38 81
38 83
38 87
38 89
38 90
38 92
38 94
38 95
38 96
39 43
39 44
39 56
39 57
39 70
39 71
39 75
39 79
39 83
39 84
39 86
39 90
39 91
39 94
39 97
40 41
40 45
40 50
40 57
40 65
40 69
40 73
40 75
40 76
40 88
40 89
40 96
40 97
41 44
41 51
41 55
41 57
41 59
41 64
41 73
41 82
41 85
41 87
41 92
41 94
41 95
41 98
42 45
42 50
42 56
42 58
42 59
42 60
42 68
42 70
42 72
42 74
42 75
42 80
42 83
42 85
42 87
42 89
42 91
42 92
42 93
42 94
43 51
43 53
43 58
43 59
43 62
43 64
43 66
43 69
43 71
43 75
43 76
43 78
43 80
43 81
43 82
43 83
43 85
43 86
43 88
43 91
43 98
44 50
44 56
44 57
44 58
44 62
44 63
44 64
44 71
44 72
44 74
44 78
44 79
44 82
44 92
44 94
44 95
45 46
45 49
45 51
45 52
45 53
45 54
45 56
45 58
45 59
45 60
45 61
45 63
45 65
45 66
45 69
45 72
45 89
45 92
45 93
45 94
46 50
46 51
46 53
46 54
46 57
46 62
46 63
46 64
46 66
46 69
46 73
46 74
46 83
46 84
46 85
46 86
46 87
46 91
46 94
47 54
47 57
47 58
47 61
47 62
47 64
47 66
47 68
47 69
47 70
47 75
47 78
47 85
47 86
47 87
47 88
47 90
47 94
47 99
48 51
48 56
48 59
48 60
48 61
48 64
48 65
48 70
48 74
48 81
48 82
48 86
48 87
48 93
48 99
49 50
49 52
49 53
49 55
49 63
49 65
49 68
49 83
49 85
49 93
49 94
49 95
50 56
50 61
50 63
50 65
50 69
50 71
50 74
50 77
50 78
50 82
50 85
50 86
50 88
50 92
50 98
51 55
51 61
51 62
51 69
51 70
51 72
51 75
51 78
51 80
51 83
51 84
51 88
51 90
51 91
52 55
52 56
52 57
52 63
52 70
52 71
52 74
52 76
52 77
52 83
52 89
52 90
52 92
52 97
52 99
53 57
53 67
53 69
53 74
53 76
53 80
53 81
53 84
53 86
53 87
53 88
53 94
53 98
54 55
54 56
54 59
54 61
54 62
54 64
54 67
54 73
54 74
54 79
54 82
54 85
55 60
55 61
55 62
55 67
55 78
55 79
55 85
55 86
55 90
55 92
55 96
55 98
56 58
56 59
56 61
56 62
56 70
56 74
56 76
56 81
56 83
56 85
56 86
56 87
56 93
57 61
57 62
57 65
57 66
57 67
57 69
57 70
57 73
57 75
57 80
57 81
57 82
57 83
57 89
57 94
57 95
57 96
57 99
58 67
58 70
58 72
58 73
58 76
58 80
58 83
58 87
58 89
58 95
58 98
58 99
59 64
59 67
59 68
59 69
59 70
59 76
59 84
59 87
59 91
59 99
60 62
60 65
60 72
60 85
60 87
60 90
60 91
60 94
60 96
61 62
61 66
61 68
61 70
61 71
61 74
61 75
61 76
61 81
61 82
61 86
61 88
61 89
61 93
61 99
62 63
62 67
62 69
62 71
62 74
62 81
62 82
62 91
62 97
62 98
63 68
63 69
63 70
63 71
63 72
63 75
63 78
63 80
63 86
63 88
63 89
63 94
63 97
64 71
64 72
64 73
64 74
64 76
64 77
64 80
64 85
64 90
64 91
64 93
64 99
65 66
65 68
65 74
65 78
65 81
65 84
65 85
65 86
65 87
65 93
65 96
65 99
66 73
66 75
66 81
66 87
66 89
66 92
66 95
67 70
67 75
67 77
67 79
67 81
67 83
67 89
67 91
67 92
67 96
67 97
67 99
68 70
68 74
68 82
68 86
68 90
68 93
68 94
69 70
69 72
69 75
69 78
69 87
69 92
69 93
70 71
70 76
70 79
70 82
70 86
70 88
70 89
70 90
70 92
70 95
70 98
71 74
71 75
71 84
71 85
71 86
71 87
71 88
71 93
71 95
71 97
72 76
72 79
72 80
72 81
72 88
72 89
72 99
73 75
73 76
73 82
73 92
73 96
73 99
74 77
74 84
74 86
74 93
74 95
75 76
75 78
75 81
75 82
75 83
75 84
75 89
75 91
75 94
75 96
75 98
76 78
76 80
76 92
76 93
76 96
76 98
76 99
77 79
77 88
77 94
77 95
77 97
77 98
78 87
78 88
78 90
78 91
78 98
79 92
79 96
79 97
79 98
80 85
80 86
80 88
80 92
80 96
80 98
81 88
81 92
81 94
81 97
82 83
82 90
82 92
82 93
82 94
82 95
83 86
83 92
83 94
83 97
84 85
84 87
84 89
84 91
84 97
85 87
85 88
85 90
85 91
85 92
86 96
86 99
87 90
87 93
87 94
88 90
88 94
89 90
89 94
89 98
90 94
90 98
91 92
91 93
91 95
91 97
92 94
92 98
93 96
94 99
97 99
