0 7
0 38
0 45
0 51
0 57
0 65
0 70
0 73
0 91
0 92
1 23
1 24
1 25
1 28
1 39
1 59
1 68
1 84
2 18
2 26
2 46
2 53
2 56
2 58
2 59
2 66
3 19
3 27
3 32
3 53
3 79
3 86
3 89
4 6
4 10
4 18
4 20
4 22
4 47
4 73
4 77
4 79
4 84
4 89
5 28
5 35
5 36
5 37
5 54
5 59
5 78
5 87
6 13
6 23
6 24
6 34
6 54
6 58
6 59
6 85
6 99
7 18
7 25
7 28
7 30
7 39
7 42
7 44
7 49
7 71
7 72
7 73
7 99
8 25
8 30
8 43
8 57
8 74
8 83
8 90
8 95
8 96
8 98
8 99
9 15
9 27
9 69
9 73
9 91
9 99
10 16
10 29
10 47
10 79
10 87
10 92
10 97
11 16
11 17
11 25
11 55
11 59
11 83
11 85
11 90
11 94
12 22
12 31
12 40
12 50
12 77
12 80
12 82
13 21
13 51
13 63
13 72
13 95
13 99
14 18
14 20
14 28
14 29
14 30
14 36
14 39
14 43
14 50
14 51
14 55
14 57
14 71
15 55
15 59
15 62
15 77
16 19
16 24
16 35
16 46
16 48
16 73
16 89
16 90
17 19
17 23
17 27
17 33
17 36
17 37
17 63
17 82
17 95
17 97
18 31
18 37
18 60
18 63
18 69
18 70
18 73
18 78
18 86
19 28
19 30
19 31
19 37
19 38
19 69
19 72
19 78
19 83
20 53
20 54
20 63
20 81
20 84
20 96
21 26
21 31
21 43
21 44
21 46
21 55
21 56
21 70
21 78
21 96
22 29
22 36
22 40
22 48
22 60
22 61
22 74
22 79
22 84
22 88
23 31
23 36
23 49
23 50
23 91
24 25
24 47
24 65
24 75
24 76
24 81
24 88
24 93
24 98
25 35
25 40
25 77
25 83
25 86
25 89
25 97
25 98
26 29
26 47
26 72
26 73
26 81
26 83
26 92
27 31
27 45
27 62
27 71
27 88
27 92
27 95
27 97
28 44
28 63
28 79
28 82
28 86
28 96
29 39
29 40
29 87
29 91
29 93
29 94
29 95
30 37
30 42
30 51
30 60
30 61
30 70
30 79
30 80
30 83
31 41
31 47
31 53
31 54
31 73
31 92
32 34
32 37
32 38
32 47
32 55
32 64
32 67
32 69
32 72
32 85
32 93
33 50
33 58
33 63
33 76
33 77
33 81
33 86
33 87
33 89
33 91
34 38
34 51
34 53
34 59
34 65
34 77
34 81
34 95
34 97
35 39
35 48
35 81
35 85
35 90
35 98
36 43
36 45
36 77
37 42
37 43
37 61
37 70
37 93
38 39
38 40
38 45
38 50
38 52
38 78
39 41
39 43
39 49
39 68
39 76
39 85
39 89
40 64
40 68
40 88
40 92
40 94
41 44
41 52
41 67
41 69
41 72
41 82
41 83
41 85
41 89
42 45
42 68
42 97
43 53
43 63
43 66
43 67
43 75
44 47
44 49
44 57
44 79
44 80
44 92
44 96
45 50
45 61
45 67
45 93
46 67
46 85
46 90
46 92
46 95
46 98
46 99
47 56
47 59
47 65
47 69
47 90
48 50
48 60
48 75
48 83
49 68
49 71
49 77
49 85
49 88
49 90
49 92
50 69
50 80
50 84
50 86
51 54
51 67
51 68
51 81
51 93
52 53
52 57
52 59
52 68
52 69
52 83
52 91
52 95
53 66
53 67
53 73
53 76
53 82
53 83
53 87
53 88
53 89
54 67
54 80
54 96
54 98
54 99
55 67
55 71
55 73
55 77
55 98
55 99
56 59
56 62
56 77
56 92
57 59
57 65
57 71
57 87
57 99
58 78
58 79
58 82
58 86
58 94
58 95
58 97
59 80
59 86
59 92
59 93
59 95
60 61
60 63
60 78
60 98
61 63
61 70
61 73
61 76
61 84
61 98
62 87
62 90
63 65
63 73
63 74
63 78
63 83
63 87
63 92
64 85
64 89
65 71
65 74
65 82
65 85
66 71
66 77
66 84
66 92
67 77
67 87
67 89
68 93
69 78
69 84
69 85
69 93
69 99
70 90
71 82
72 75
72 96
73 77
73 84
73 93
73 97
73 99
74 91
75 76
75 79
75 89
76 78
76 85
76 95
76 97
76 98
77 85
77 86
77 94
78 82
78 99
79 85
79 86
80 81
80 88
80 95
80 96
81 84
81 91
81 95
81 96
81 98
82 96
83 95
85 97
86 91
86 99
90 94
91 95
94 98
97 98
