0 131
0 456
0 683
0 980
1 60
1 156
1 208
1 401
1 437
1 534
1 657
1 677
1 717
1 779
1 818
1 880
1 897
1 925
2 233
2 347
2 507
2 590
2 668
2 692
3 119
3 180
3 236
3 239
3 367
3 509
3 526
3 543
3 592
3 922
3 930
4 189
4 201
4 204
4 308
4 520
4 801
4 877
5 74
5 111
5 127
5 145
5 247
5 480
5 582
5 836
5 887
5 948
6 182
6 236
6 298
6 489
6 545
6 668
6 796
6 801
6 901
6 922
6 980
7 72
7 105
7 207
7 251
7 279
7 870
8 51
8 239
8 274
8 442
8 544
8 574
8 699
8 740
8 784
8 861
8 918
8 920
8 968
9 27
9 170
9 264
9 330
9 363
9 372
9 899
10 20
10 29
10 30
10 95
10 186
10 269
10 457
10 628
10 655
10 894
11 56
11 146
11 169
11 401
11 470
11 587
11 605
11 648
11 874
11 886
11 906
11 931
12 101
12 122
12 306
12 486
12 715
12 752
12 901
12 936
12 978
13 56
13 66
13 79
13 106
13 308
13 346
13 366
13 383
13 462
13 472
13 483
13 495
13 528
13 550
13 657
13 701
13 811
14 237
14 289
14 293
14 372
14 401
14 455
14 505
14 528
14 657
14 725
14 897
14 925
15 59
15 181
15 367
15 454
15 490
15 517
15 541
15 582
15 632
15 669
15 785
15 841
15 847
15 876
16 152
16 172
16 672
16 716
16 969
17 31
17 254
17 298
17 337
17 484
17 493
17 529
17 674
17 683
17 684
17 957
17 979
18 231
18 288
18 294
18 390
18 393
18 705
18 776
18 873
19 30
19 189
19 387
19 779
19 812
19 880
19 884
19 931
19 970
19 988
20 99
20 231
20 483
20 513
20 552
20 590
20 639
20 694
20 861
20 870
20 941
21 112
21 383
21 415
21 434
21 830
21 833
21 893
21 994
22 442
22 529
22 582
22 588
22 696
23 434
23 536
23 932
23 993
24 43
24 67
24 163
24 169
24 232
24 251
24 371
24 491
24 535
24 920
24 966
24 988
25 136
25 274
25 289
25 348
25 521
25 542
25 576
25 656
25 752
25 809
25 930
26 124
26 158
26 249
26 583
26 677
26 745
26 809
27 49
27 123
27 125
27 131
27 240
27 377
27 378
27 410
27 454
27 976
28 104
28 174
28 262
28 509
28 756
28 923
28 999
29 64
29 302
29 628
30 351
30 355
30 412
30 475
30 675
30 721
30 749
30 800
30 968
31 318
31 363
31 417
31 429
31 506
31 684
31 746
31 803
31 929
32 134
32 256
32 287
32 356
32 613
32 966
33 111
33 568
33 595
33 618
33 751
33 796
33 869
33 945
33 975
34 183
34 442
34 711
34 874
34 989
35 124
35 303
35 577
35 752
35 778
35 802
36 164
36 215
36 299
36 517
36 527
36 729
36 928
37 168
37 244
37 259
37 416
37 453
37 748
37 764
37 892
38 66
38 89
38 127
38 172
38 178
38 209
38 238
38 379
38 531
38 552
38 707
38 876
39 124
39 126
39 271
39 432
39 480
39 517
39 553
39 801
39 813
39 964
40 105
40 229
40 320
40 459
40 538
40 574
41 50
41 71
41 423
41 776
41 797
41 878
41 916
41 956
41 986
42 89
42 170
42 281
42 360
42 582
42 680
42 854
42 999
43 196
43 253
43 269
43 493
43 594
43 642
43 710
43 879
43 927
43 936
44 127
44 268
44 378
44 730
44 787
44 913
45 304
45 377
45 696
45 813
45 852
45 933
45 939
46 91
46 248
46 255
46 426
46 510
46 558
46 673
46 719
46 989
46 996
47 78
47 279
47 323
47 513
48 133
48 137
48 245
48 328
48 353
48 507
48 537
48 627
48 706
48 726
48 758
48 769
48 829
49 384
49 387
49 462
49 579
49 734
49 828
49 906
50 161
50 328
50 363
50 371
50 561
50 585
50 589
50 668
50 728
50 848
50 924
51 58
51 76
51 132
51 182
51 220
51 286
51 370
51 640
51 680
51 682
51 765
51 896
51 897
51 989
52 85
52 174
52 289
52 436
52 570
52 644
52 660
52 687
52 820
52 890
52 944
53 229
53 272
53 314
53 372
53 479
53 648
53 652
53 672
53 738
53 822
53 844
53 954
54 56
54 124
54 200
54 378
54 635
54 684
54 695
54 865
55 202
55 228
55 267
55 436
55 481
55 558
55 585
55 602
55 649
55 794
55 878
55 912
56 140
56 201
56 238
56 312
56 318
56 541
56 718
56 761
56 854
56 870
56 945
56 962
56 978
57 143
57 194
57 278
57 303
57 488
57 510
57 536
57 575
57 672
57 751
57 859
57 887
58 115
58 212
58 351
58 357
58 411
58 438
58 542
58 569
58 673
59 71
59 94
59 127
59 147
59 557
59 622
59 830
59 976
59 996
59 997
60 105
60 120
60 246
60 292
60 371
60 509
60 751
60 828
60 861
60 914
60 985
61 184
61 368
61 512
61 624
61 689
61 775
61 842
61 862
61 873
61 904
62 190
62 313
62 371
62 760
62 819
62 835
62 981
63 137
63 153
63 190
63 216
63 330
63 347
63 489
63 547
63 636
63 690
63 805
63 847
64 141
64 182
64 234
64 238
64 404
64 419
64 433
64 495
64 564
64 585
64 623
65 94
65 202
65 207
65 279
65 362
65 427
65 575
65 985
66 67
66 143
66 219
66 357
66 769
66 784
66 997
67 98
67 472
67 608
67 623
67 684
67 698
67 765
67 846
67 853
67 964
68 97
68 115
68 221
68 301
68 423
68 475
68 549
68 625
68 729
68 735
68 780
68 936
69 111
69 187
69 194
69 235
69 306
69 354
69 516
69 533
69 592
69 678
69 806
69 843
69 898
69 954
69 997
70 504
70 513
70 725
70 767
70 797
70 865
71 238
71 379
71 410
71 425
71 467
71 583
71 616
71 719
71 733
71 751
72 259
72 306
72 590
72 725
72 872
72 914
72 923
72 949
73 111
73 407
73 478
73 493
73 572
73 624
73 703
73 766
73 820
73 842
73 858
73 865
73 935
73 944
74 284
74 439
74 472
74 503
74 600
74 619
74 660
74 675
74 695
74 706
74 739
74 788
74 808
74 904
75 114
75 202
75 227
75 230
75 287
75 427
75 843
75 856
75 917
75 988
76 94
76 409
76 658
76 663
76 679
76 777
77 80
77 121
77 350
77 674
77 793
77 823
77 840
77 859
77 874
77 929
78 306
78 311
78 534
78 568
78 602
78 689
78 876
79 87
79 109
79 205
79 364
79 367
79 373
79 379
79 403
79 473
79 515
79 652
79 702
79 708
79 742
79 743
79 771
79 955
79 974
80 352
80 373
80 496
80 498
80 578
80 653
80 697
80 714
80 769
80 771
80 838
80 906
80 954
81 226
81 281
81 319
81 541
81 798
81 806
81 984
82 305
82 356
82 545
82 722
82 729
82 952
83 288
83 520
83 704
83 743
83 806
83 876
83 905
84 88
84 99
84 363
84 406
84 414
84 439
84 528
84 617
84 912
85 91
85 98
85 128
85 156
85 182
85 289
85 311
85 369
85 399
85 705
85 914
86 94
86 106
86 239
86 240
86 265
86 658
86 797
86 860
86 955
86 981
87 278
87 428
87 432
87 453
87 530
87 539
87 706
87 750
87 767
87 905
87 906
88 147
88 149
88 252
88 384
88 385
88 397
88 529
88 530
88 603
88 797
88 824
89 195
89 280
89 320
89 522
89 616
89 845
89 909
89 939
89 975
89 996
90 316
90 374
90 388
90 578
90 589
90 635
90 658
90 710
90 737
90 749
90 808
90 934
91 144
91 214
91 251
91 415
91 443
91 867
92 93
92 264
92 320
92 384
92 554
92 566
92 594
92 596
92 691
92 736
93 185
93 468
93 486
93 737
93 786
93 814
93 846
93 897
94 276
94 350
94 367
94 425
94 600
94 603
94 610
94 699
95 98
95 187
95 353
95 397
95 425
95 443
95 573
95 617
95 738
95 799
95 854
96 118
96 215
96 246
96 260
96 348
96 380
96 641
96 769
96 988
96 990
97 234
97 262
97 437
97 453
97 589
97 739
97 802
97 830
98 347
98 381
98 466
98 512
98 596
98 597
98 633
98 708
98 729
98 731
98 742
98 891
99 109
99 337
99 394
99 512
99 616
100 127
100 244
100 723
100 872
101 163
101 276
101 302
101 315
101 600
101 659
101 706
101 877
101 941
101 945
102 183
102 225
102 282
102 339
102 370
102 667
103 170
103 243
103 259
103 330
103 424
103 683
103 725
103 844
104 292
104 297
104 362
104 375
104 376
104 432
104 643
104 700
104 768
104 780
104 910
104 978
105 139
105 256
105 345
105 455
105 463
105 691
105 743
105 774
106 147
106 198
106 218
106 301
106 362
106 525
106 577
106 616
106 696
106 758
106 801
106 837
106 881
107 109
107 172
107 248
107 376
107 539
107 553
107 709
107 853
108 185
108 396
108 487
108 576
108 696
108 728
108 804
108 814
108 828
108 895
108 955
108 999
109 115
109 227
109 321
109 475
109 537
109 594
109 708
109 804
109 916
109 947
109 989
110 138
110 152
110 194
110 343
110 386
110 399
110 642
110 661
110 671
110 741
110 931
110 951
110 961
111 145
111 311
111 346
111 347
111 370
111 824
111 851
111 891
111 932
111 953
111 968
112 230
112 371
112 472
112 703
112 721
112 902
113 343
113 472
113 542
113 834
114 150
114 465
114 673
114 964
114 978
115 179
115 617
115 632
115 663
115 668
115 673
115 688
115 812
115 951
115 955
116 122
116 189
116 323
117 223
117 250
117 833
117 852
117 893
117 918
117 929
117 983
118 226
118 299
118 776
118 908
119 171
119 179
119 329
119 401
119 586
119 732
119 862
119 914
120 237
120 346
120 624
120 858
120 930
121 146
121 160
121 239
121 367
121 494
121 820
121 831
121 847
121 884
121 927
121 950
121 990
122 481
122 488
122 496
122 680
122 689
122 771
122 814
122 971
122 973
123 144
123 285
123 487
123 616
123 794
123 883
123 886
123 957
124 143
124 339
124 343
124 447
124 533
124 639
124 648
124 727
125 128
125 387
125 438
125 460
125 487
125 504
125 548
125 583
125 650
125 682
125 932
126 558
126 661
126 815
126 870
126 877
126 912
127 179
127 220
127 292
127 305
127 716
127 892
127 954
128 355
128 359
128 397
128 420
128 423
128 623
128 811
128 820
129 159
129 298
129 344
129 352
129 421
129 530
129 880
130 275
130 303
130 467
130 503
130 530
130 718
130 756
130 823
130 831
130 913
131 191
131 711
131 945
132 147
132 388
132 468
132 696
132 790
132 872
132 883
133 154
133 204
133 289
133 369
133 377
133 393
133 408
133 412
133 531
134 186
134 197
134 200
134 217
134 248
134 254
134 331
134 334
134 381
134 393
134 566
134 595
134 642
134 765
135 146
135 187
135 281
135 363
135 364
135 407
135 434
135 557
135 568
135 603
135 621
135 716
136 277
136 338
136 343
136 377
136 466
136 488
136 557
136 604
136 754
136 827
136 953
136 977
137 345
137 347
137 518
137 850
137 887
137 906
138 265
138 407
138 464
138 472
138 590
138 685
138 772
138 832
138 856
138 915
138 980
138 998
139 308
139 657
139 799
139 851
139 955
140 251
140 346
140 463
140 483
140 541
140 625
140 639
140 780
140 823
141 162
141 215
141 423
141 548
141 583
141 612
141 618
141 755
141 833
141 836
141 917
142 289
142 312
142 394
142 400
142 408
142 419
142 565
142 615
142 791
142 802
142 978
143 426
143 430
143 455
143 684
143 689
143 804
143 947
144 219
144 247
144 250
144 318
144 329
144 426
144 475
144 593
144 800
144 922
144 924
144 981
145 159
145 214
145 232
145 317
145 404
145 502
145 593
145 649
145 694
145 705
145 802
145 918
145 928
145 957
145 976
145 989
146 275
146 315
146 390
146 494
146 578
146 619
146 728
146 758
146 932
147 203
147 347
147 455
147 661
147 721
147 851
148 209
148 324
148 348
148 361
148 461
148 522
148 594
148 627
148 697
148 737
148 850
148 860
149 195
149 253
149 441
149 546
149 605
149 645
149 753
149 783
149 813
149 841
150 270
150 454
150 458
150 502
150 608
150 861
150 923
150 937
151 211
151 296
151 309
151 393
151 429
151 452
151 456
151 724
152 220
152 261
152 417
152 474
152 560
152 641
152 653
152 867
152 875
152 885
152 911
153 166
153 194
153 337
153 461
153 541
153 560
153 695
153 740
153 755
153 762
153 875
153 978
153 995
154 203
154 221
154 275
154 470
154 479
154 494
154 610
154 627
154 969
155 392
155 414
155 563
155 647
155 657
155 755
155 915
155 981
155 986
156 206
156 286
156 914
157 207
157 226
157 260
157 402
157 474
157 494
157 597
157 658
157 680
158 172
158 241
158 301
158 305
158 411
158 431
158 568
158 794
158 938
159 284
159 289
159 347
159 386
159 513
159 654
159 963
160 231
160 446
160 460
160 617
160 829
160 920
160 964
161 170
161 298
161 413
161 722
161 755
161 772
161 893
161 929
161 976
162 265
162 348
162 375
162 629
162 695
162 786
163 166
163 209
163 382
163 384
163 431
163 500
163 546
163 685
163 717
163 722
163 771
163 773
164 279
164 452
164 473
164 679
164 727
164 760
164 897
164 959
164 994
165 246
165 567
165 586
165 891
165 918
165 941
166 228
166 281
166 429
166 530
166 566
166 857
166 983
167 176
167 191
167 288
167 344
167 434
167 587
167 758
167 883
168 186
168 258
168 275
168 300
168 432
168 440
168 456
168 493
168 529
168 564
168 613
168 651
168 725
168 905
169 260
169 301
169 498
169 501
169 626
169 754
169 787
170 248
170 425
170 434
170 545
170 587
170 600
170 743
171 175
171 561
171 595
171 805
171 826
171 879
171 898
171 910
171 927
172 200
172 298
172 574
172 592
172 867
172 878
172 950
172 966
173 415
173 532
173 728
173 781
173 943
174 436
174 487
174 538
174 663
174 954
174 964
175 176
175 178
175 296
175 381
175 415
175 613
175 736
175 901
176 198
176 218
176 288
176 488
176 712
176 719
176 760
177 337
177 358
177 368
177 429
177 470
177 604
177 665
177 961
177 982
178 259
178 384
178 415
178 478
178 621
178 829
178 838
178 852
179 184
179 263
179 332
179 357
179 514
179 823
179 835
180 326
180 362
180 426
180 776
180 777
180 821
181 326
181 520
181 550
181 676
181 713
181 950
182 201
182 263
182 353
182 433
182 457
182 610
182 834
183 273
183 351
183 605
183 630
183 671
183 789
183 817
183 907
184 212
184 302
184 356
184 440
184 601
184 643
184 686
184 754
184 865
185 208
185 261
185 348
185 435
185 531
185 605
185 612
185 848
185 911
185 993
186 292
186 361
186 440
186 455
186 506
186 511
186 624
187 207
187 498
187 708
187 838
187 852
187 868
188 191
188 192
188 336
188 337
188 420
188 438
188 554
188 980
188 994
189 340
189 606
189 620
189 901
190 206
190 254
190 268
190 537
190 603
190 784
190 820
190 897
191 598
191 630
191 650
191 667
191 694
191 699
191 748
191 777
191 838
191 876
191 912
191 941
191 944
192 461
192 463
192 809
192 926
192 949
192 953
193 217
193 240
193 375
193 420
193 562
193 884
193 944
194 289
194 300
194 376
194 475
194 659
194 777
194 806
195 335
195 498
195 510
195 573
195 623
195 629
195 876
195 958
196 230
196 234
196 296
196 431
196 711
196 732
196 740
196 765
196 792
196 832
196 908
197 206
197 296
197 481
197 510
197 631
197 632
197 681
197 801
197 842
198 235
198 248
198 273
198 408
198 430
198 557
198 695
198 721
198 760
198 807
198 907
199 468
199 639
199 663
199 766
199 768
199 794
200 201
200 350
200 353
200 355
200 388
200 400
200 413
200 570
200 590
200 595
200 649
200 849
200 928
201 451
201 491
201 612
201 613
201 812
201 956
201 999
202 256
202 328
202 331
202 403
202 415
202 533
202 542
202 601
202 776
202 795
202 818
202 901
202 927
203 227
203 240
203 267
203 384
203 471
203 568
203 574
203 604
203 724
203 792
203 888
204 273
204 277
204 316
204 582
204 773
204 835
204 863
205 241
205 258
205 320
205 766
205 899
205 927
205 930
206 419
206 440
206 483
206 892
206 982
207 240
207 419
207 434
207 487
207 614
207 631
207 765
207 791
207 793
208 289
208 492
208 507
208 643
208 746
208 865
208 909
208 926
209 386
209 555
209 645
209 654
209 780
209 897
209 967
210 265
210 500
210 563
210 656
210 689
210 861
211 341
211 460
211 484
211 976
212 559
212 955
213 329
213 384
213 495
213 508
213 719
213 723
213 999
214 326
214 667
214 813
215 242
215 304
215 334
215 487
215 525
215 618
215 870
216 265
216 354
216 364
216 483
216 682
216 718
216 759
216 851
217 319
217 906
218 249
218 489
218 521
218 700
218 804
218 955
218 967
219 237
219 364
219 379
219 450
219 511
219 528
219 580
219 623
219 632
219 956
220 441
220 597
220 754
220 790
220 907
221 500
221 579
221 581
221 593
221 667
221 753
221 769
221 809
221 813
221 887
222 308
222 333
222 562
222 679
222 686
222 806
222 902
223 231
223 267
223 287
223 334
223 406
223 408
223 425
223 437
223 470
223 535
223 692
223 750
223 759
223 982
224 331
224 375
224 422
224 539
224 656
224 732
224 751
224 815
225 305
225 375
225 378
225 713
225 731
225 840
225 909
225 948
226 326
226 461
226 577
226 597
226 641
226 750
226 892
226 968
227 239
227 386
227 417
227 627
227 669
227 685
227 700
227 992
228 284
228 492
228 523
228 716
228 746
228 770
228 773
228 863
229 247
229 257
229 309
229 446
229 460
229 461
229 546
229 711
229 749
229 765
229 924
229 941
230 231
230 264
230 321
230 379
230 567
230 616
230 650
230 914
230 960
230 992
231 263
231 332
231 351
231 381
231 500
231 562
231 917
231 958
232 248
232 760
232 877
232 918
233 290
233 325
233 510
233 539
233 549
233 567
233 722
233 800
234 275
234 333
234 462
234 502
234 509
234 517
234 783
234 795
234 843
234 857
234 871
234 907
234 924
235 390
235 468
235 498
235 753
235 779
235 796
235 887
235 888
235 942
236 655
236 700
236 776
236 856
236 931
237 246
237 299
237 656
237 697
237 795
237 819
237 927
237 943
238 240
238 358
238 407
238 419
238 425
238 529
238 542
238 593
238 604
238 615
238 716
238 772
238 779
238 847
238 867
239 240
239 325
239 576
239 709
239 771
239 848
240 368
240 411
240 475
240 481
240 514
240 596
240 753
240 826
240 855
241 646
241 677
241 701
241 702
241 733
242 277
242 279
242 394
242 432
242 630
242 710
242 738
242 870
242 897
242 959
242 985
243 342
243 381
243 516
243 662
243 708
243 859
244 300
244 318
244 342
244 499
244 903
245 446
245 540
245 545
245 678
245 795
245 812
245 843
245 957
245 960
245 963
245 996
246 294
246 531
246 616
246 748
246 786
246 976
247 389
247 555
247 579
247 821
247 857
247 935
247 954
247 955
248 336
248 506
248 531
248 599
248 665
248 669
248 682
248 728
248 736
248 804
248 866
248 877
249 274
249 337
249 341
249 461
249 673
249 697
249 909
250 257
250 393
250 415
250 428
250 495
250 555
250 565
250 614
250 638
250 879
250 927
250 947
251 485
251 571
251 859
251 991
252 488
252 501
252 556
252 597
252 604
252 782
252 794
252 807
253 585
253 625
253 662
253 727
253 751
253 961
254 312
254 595
255 278
255 285
255 517
255 596
255 617
255 737
255 853
255 877
255 953
255 956
255 975
256 259
256 321
256 333
256 454
256 456
256 630
256 832
256 843
257 290
257 401
257 427
257 530
257 738
257 831
257 890
257 914
257 952
258 301
258 390
258 403
258 508
258 530
258 632
258 674
258 752
258 877
258 924
258 977
259 374
259 541
259 773
259 865
259 868
259 925
259 930
259 976
260 283
260 286
260 291
260 300
260 393
260 480
260 734
260 915
260 947
261 290
261 467
261 715
261 863
261 995
262 485
262 496
262 511
262 631
262 796
262 831
262 844
262 952
263 271
263 354
263 421
263 426
263 453
263 465
263 472
263 787
263 824
263 856
264 277
264 291
264 415
264 659
264 859
264 893
265 307
265 335
265 391
265 454
265 534
265 637
265 648
265 761
265 779
265 800
265 821
265 919
266 283
266 333
266 576
266 586
266 712
266 782
266 857
266 866
267 375
267 578
267 624
267 665
267 740
267 837
268 290
268 480
268 540
268 560
268 596
268 637
268 713
269 448
269 633
269 644
269 820
269 905
269 932
270 293
270 315
270 482
270 504
270 584
270 627
270 662
270 836
270 844
271 591
271 663
272 471
272 546
272 571
272 680
272 759
272 876
272 927
272 932
273 278
273 294
273 340
273 457
273 696
273 713
273 746
273 873
273 882
274 331
274 501
274 504
274 512
274 828
275 347
275 431
275 449
275 754
275 852
275 862
276 671
276 726
276 753
276 983
277 334
277 335
277 505
277 532
277 675
277 679
277 723
277 835
277 896
277 917
278 281
278 287
278 345
278 418
278 516
278 530
278 562
278 632
278 774
278 860
278 933
279 370
279 667
280 434
280 436
280 443
280 468
280 501
280 524
280 591
280 599
280 611
280 620
280 674
280 676
280 727
280 854
281 323
281 381
281 555
281 640
281 659
281 772
281 967
281 970
282 559
282 640
282 755
282 761
282 778
282 986
283 321
283 331
283 545
283 612
283 814
283 863
283 898
283 937
283 993
284 367
284 492
284 606
284 761
284 791
284 953
284 991
285 370
285 373
285 467
285 494
285 600
285 724
285 766
285 883
285 906
285 954
286 312
286 380
286 474
286 911
287 349
287 511
287 564
287 820
288 351
288 516
288 546
288 599
288 750
288 889
288 921
288 926
289 327
289 529
289 644
289 711
289 763
289 772
289 776
289 962
289 989
290 393
290 395
290 578
290 594
290 640
290 661
290 769
290 783
291 380
291 418
291 480
291 612
291 815
291 834
291 942
291 989
292 450
292 508
292 572
292 582
292 603
292 691
292 930
292 943
293 332
293 377
293 486
293 589
293 632
293 816
293 845
293 968
294 377
294 465
294 494
294 625
294 647
294 803
294 827
294 884
294 994
295 483
295 530
295 544
295 687
295 783
295 955
296 332
296 438
296 492
296 917
296 926
296 989
297 304
297 328
297 345
297 354
297 571
297 669
297 757
297 892
297 908
298 558
298 632
298 791
298 915
298 999
299 414
299 528
299 582
299 590
299 632
299 769
299 804
299 934
300 423
300 426
300 429
300 805
300 863
300 892
301 722
301 888
302 416
302 681
302 750
302 895
303 306
303 423
303 485
303 505
303 519
303 520
303 583
303 627
303 752
303 800
303 982
304 367
304 450
304 652
304 664
304 853
304 946
305 335
305 349
305 356
305 486
305 519
305 534
305 625
305 884
305 896
305 928
305 980
306 318
306 354
306 393
306 399
306 410
306 460
306 633
306 640
306 709
306 816
306 990
307 437
307 510
307 550
307 625
307 642
307 926
307 935
307 959
308 361
308 860
308 911
308 923
308 933
309 484
309 624
309 739
309 770
309 814
309 892
310 317
310 458
310 503
310 604
310 927
311 339
311 490
311 500
311 626
311 648
311 694
311 767
311 933
312 371
312 474
312 605
313 319
313 550
313 629
313 898
313 906
314 414
314 427
314 595
314 768
314 811
314 812
315 353
315 395
315 483
315 515
315 516
315 734
315 844
315 857
315 873
315 982
316 404
316 532
316 560
316 628
316 655
316 839
316 885
316 932
317 391
317 418
317 438
317 474
317 572
317 681
317 708
317 745
317 788
317 834
317 959
318 393
318 422
318 479
318 512
318 538
318 653
318 833
318 928
319 478
319 529
319 631
319 729
319 742
319 774
319 869
319 871
320 343
320 494
320 659
320 796
321 446
321 505
321 527
321 693
321 733
321 741
321 898
321 932
322 405
322 436
322 446
322 451
322 547
322 610
322 646
322 648
322 794
323 386
323 600
323 610
323 630
323 689
323 774
323 879
323 933
323 976
324 371
324 539
324 556
324 611
324 692
324 700
324 789
324 826
324 957
324 959
324 965
325 661
325 748
325 766
325 800
325 830
325 957
325 983
326 352
326 394
326 408
326 458
326 776
326 832
327 388
327 494
327 568
327 584
327 908
328 384
328 422
328 475
328 528
328 852
328 890
328 935
328 997
329 350
329 358
329 427
329 488
329 524
329 857
330 334
330 370
330 519
330 596
330 637
330 741
330 793
330 834
330 879
331 524
331 831
331 931
331 974
332 364
332 394
332 457
332 632
332 929
332 933
333 395
333 458
333 579
333 628
333 693
333 713
333 942
334 457
334 556
334 646
334 867
335 356
335 400
335 446
335 450
335 626
335 818
335 831
335 861
335 923
336 584
336 718
336 767
336 778
336 783
336 873
336 906
336 912
337 398
337 498
337 555
337 685
337 754
337 781
337 823
337 935
338 446
338 511
338 596
338 729
338 762
338 766
338 858
339 392
339 432
339 454
339 474
339 480
339 510
339 617
339 766
339 845
339 948
340 393
340 623
340 637
340 808
341 540
341 578
341 618
341 669
341 749
341 884
341 919
341 930
341 954
342 353
342 378
342 489
342 761
342 959
342 961
343 539
343 601
343 624
344 371
344 378
344 411
344 451
344 491
344 813
344 998
345 388
345 615
345 845
345 892
345 925
346 649
346 689
346 724
346 846
347 531
347 616
347 752
347 802
347 899
347 973
348 528
348 586
348 759
348 859
348 863
348 922
349 543
349 650
349 653
349 740
349 761
349 786
349 844
349 876
349 879
349 967
350 447
350 559
350 650
350 665
350 717
350 746
350 764
350 926
350 985
351 364
351 412
351 416
351 522
351 700
351 996
352 434
352 570
352 619
352 748
352 793
352 856
352 863
352 982
353 546
353 642
353 731
353 756
353 884
353 890
353 997
355 540
355 551
355 828
356 489
356 493
356 628
356 663
356 943
357 440
357 662
357 716
357 776
357 811
357 914
358 370
358 490
358 697
358 742
358 813
359 407
359 513
359 556
359 583
359 907
359 978
360 638
360 727
360 802
360 955
361 544
361 692
361 934
362 401
362 543
362 617
362 640
362 663
362 716
362 797
363 497
363 696
363 939
363 951
364 568
364 665
364 833
364 866
365 390
365 513
365 581
365 803
365 974
366 467
366 503
366 583
366 606
366 846
366 871
366 935
366 956
367 368
367 439
367 598
367 872
367 948
368 418
368 609
368 715
368 838
368 930
368 956
369 645
369 856
369 860
369 936
370 396
370 459
370 507
370 571
370 675
370 798
370 878
370 996
371 479
371 586
371 691
371 846
371 858
372 454
372 516
372 861
372 984
373 478
373 614
373 734
373 737
373 777
373 992
374 545
374 630
375 491
375 546
375 587
375 610
375 706
375 751
375 835
375 968
375 990
376 398
376 550
376 606
376 894
377 382
377 397
377 653
377 773
377 840
378 532
378 545
378 546
378 661
378 755
378 842
378 864
379 462
379 618
379 718
379 748
379 929
379 936
379 971
379 988
380 427
380 461
380 492
380 534
380 558
380 606
380 693
380 813
381 634
381 763
381 813
382 417
382 526
382 611
382 667
382 698
382 811
382 938
382 963
382 982
383 476
383 557
383 619
383 646
383 689
383 749
383 776
383 946
383 992
384 453
384 471
384 473
384 927
385 429
385 537
385 673
385 763
385 930
386 419
386 455
386 531
386 554
386 671
386 877
387 508
387 606
387 783
387 817
387 895
387 946
388 463
388 617
388 623
388 840
389 419
389 459
389 605
390 483
390 536
390 644
390 671
390 750
391 578
391 619
391 652
391 705
391 737
392 491
392 842
392 917
393 397
393 406
393 416
393 478
393 606
393 962
393 999
394 428
394 447
394 576
394 581
394 679
394 697
394 758
394 852
394 891
395 477
395 490
395 496
395 640
395 765
395 814
395 830
395 992
396 692
396 773
396 877
396 953
396 970
397 460
397 666
397 706
397 728
397 809
397 878
397 895
397 918
398 485
398 602
398 636
398 658
398 832
399 498
399 541
399 702
399 940
400 557
400 696
400 742
400 774
400 815
401 434
401 458
401 487
401 536
401 552
401 786
401 826
401 870
401 931
402 584
402 640
402 663
402 687
402 702
402 795
402 936
403 531
403 643
403 795
403 836
403 849
403 850
403 862
403 891
403 933
404 420
404 450
404 467
404 786
404 976
405 554
405 556
405 643
405 692
405 782
406 480
406 566
406 757
406 767
406 808
407 487
407 550
407 551
407 600
407 896
408 552
408 708
408 748
408 799
408 842
408 956
409 492
409 540
409 757
409 770
409 987
410 588
410 590
410 635
410 674
410 764
410 791
410 869
410 951
410 961
411 419
411 447
411 466
411 534
411 538
411 594
411 630
411 732
412 487
412 655
412 735
412 760
412 822
412 892
412 952
413 429
413 452
413 485
413 576
413 974
414 447
414 472
414 517
414 538
414 728
414 858
414 899
414 914
414 923
415 510
415 543
415 590
415 641
415 657
415 689
415 831
416 434
416 516
416 518
416 542
416 574
416 641
416 753
416 881
416 898
416 902
417 470
417 508
417 550
417 792
417 824
418 447
418 549
418 724
418 764
419 524
419 558
419 574
419 623
419 683
419 743
419 767
419 808
419 857
419 905
419 967
420 555
420 707
420 739
420 754
420 831
420 980
421 597
421 637
421 688
421 927
421 977
422 446
422 561
422 661
422 670
422 682
422 903
422 952
423 534
423 558
423 843
423 968
424 480
424 482
424 525
424 562
424 609
424 773
424 843
425 799
425 865
425 877
425 941
425 981
426 697
426 767
427 472
427 628
427 722
427 786
427 811
427 886
427 997
428 476
428 528
428 636
428 727
428 751
428 774
428 971
429 560
429 648
429 673
429 760
429 824
429 969
429 973
430 792
430 935
431 484
431 545
431 574
431 613
431 676
432 774
432 785
432 857
432 873
432 958
433 451
433 811
433 873
434 549
434 643
434 836
435 606
435 934
436 483
436 671
436 840
437 660
437 779
437 787
437 884
437 909
437 912
437 941
438 458
438 715
438 907
439 624
439 641
439 685
439 876
439 907
439 925
440 492
440 570
440 669
440 719
440 793
440 868
440 980
441 598
441 729
441 777
441 836
441 964
441 971
442 522
442 606
442 668
442 688
443 509
443 615
443 730
443 801
443 821
444 590
444 869
444 921
444 931
445 471
445 472
445 728
445 743
445 896
445 951
445 967
446 454
446 489
446 510
446 554
446 571
446 600
446 614
446 672
446 876
447 485
447 504
447 633
447 721
447 741
447 789
447 800
447 925
447 970
448 514
448 619
448 640
448 686
448 756
448 853
448 929
449 664
449 758
449 826
450 472
450 516
450 929
450 959
450 962
451 458
451 476
451 727
451 873
451 899
451 966
451 975
451 976
452 824
452 854
452 884
452 939
453 590
453 671
453 824
454 499
454 509
454 737
454 948
454 957
455 575
455 674
455 678
455 782
455 844
455 964
456 525
456 632
456 640
456 672
456 847
456 862
456 893
456 993
457 487
457 663
457 749
457 765
457 865
457 937
458 478
458 583
458 618
458 646
458 671
458 988
459 523
459 571
459 745
460 514
460 586
460 644
460 688
460 935
461 545
461 576
461 730
461 945
462 572
462 574
462 621
462 650
462 883
462 908
463 492
463 507
463 522
463 818
463 850
463 855
464 542
464 837
464 968
465 733
465 814
465 876
466 576
466 584
466 655
466 735
466 745
467 527
467 536
467 711
467 903
467 980
468 527
468 793
468 808
468 818
468 820
468 861
468 887
468 918
468 989
469 478
469 576
469 586
469 789
470 504
470 549
470 587
470 805
470 808
470 973
471 774
471 789
471 934
471 984
472 579
472 580
472 646
473 561
473 683
473 787
473 915
474 588
474 826
474 834
474 841
474 865
474 881
474 907
475 553
475 559
475 701
475 778
475 871
475 906
475 944
476 522
476 775
476 854
476 902
476 933
477 578
477 583
477 686
477 743
477 756
477 923
477 966
477 970
477 990
478 482
478 597
478 660
478 782
478 917
478 921
478 977
479 497
479 546
479 635
479 639
479 678
479 706
479 772
479 821
479 921
480 496
480 575
481 497
481 725
481 792
481 834
481 848
482 729
482 807
482 913
483 493
483 743
484 653
484 674
484 680
484 898
485 533
485 643
486 594
486 609
486 697
486 785
486 970
487 873
488 531
489 723
489 754
489 993
490 761
490 814
490 939
490 956
492 623
492 835
492 869
493 737
493 774
493 790
493 889
493 944
494 665
494 852
494 858
494 911
494 965
495 591
495 724
495 928
495 976
495 982
496 557
496 600
496 628
496 655
496 709
496 833
496 921
497 617
497 846
497 851
497 900
497 970
498 584
498 632
498 713
498 714
499 595
499 626
499 902
501 562
501 608
501 821
501 856
501 860
502 741
502 808
503 648
503 747
504 588
504 684
504 761
504 879
504 952
504 980
504 999
505 577
505 735
505 898
505 911
505 920
506 801
506 810
506 998
507 666
507 694
507 798
507 868
508 614
508 690
508 934
509 665
509 776
510 519
510 619
510 697
510 718
510 813
510 887
510 937
510 960
511 767
511 981
511 992
511 995
512 564
512 605
512 757
512 838
512 930
512 936
514 526
514 656
514 850
515 544
515 852
515 855
516 535
516 638
516 687
516 731
517 521
517 662
517 700
517 809
518 582
518 757
518 847
518 898
518 946
518 993
519 546
519 672
519 702
519 780
519 907
519 930
519 953
520 546
520 619
520 651
520 704
520 709
520 783
520 821
520 897
520 946
520 996
521 698
521 702
521 943
521 973
522 743
522 829
522 897
522 915
522 939
523 544
523 631
523 708
523 821
524 693
524 735
524 738
524 842
524 879
524 941
524 960
525 762
525 885
525 979
526 563
526 604
526 656
526 745
526 795
526 924
526 945
527 587
527 589
527 634
527 649
527 838
527 886
527 888
527 987
528 557
528 592
528 672
528 730
528 733
528 814
529 654
529 660
529 671
529 713
529 793
529 817
530 587
530 701
530 717
530 919
530 930
530 954
531 877
531 886
531 910
532 578
532 674
532 809
532 968
533 735
533 844
534 577
534 652
534 668
534 733
534 888
534 891
535 592
535 653
535 752
535 786
535 846
536 701
536 879
536 917
536 934
537 651
537 677
537 746
537 812
537 881
538 548
538 682
538 910
538 990
539 561
539 648
539 710
539 766
539 802
539 886
540 690
540 691
540 725
540 823
540 839
540 844
540 872
540 873
540 918
541 708
541 722
541 856
541 864
541 901
542 651
542 891
543 555
544 980
545 602
545 721
545 776
545 900
545 935
546 557
546 627
547 659
547 705
548 610
548 736
548 833
548 959
548 994
549 634
549 661
549 796
549 984
549 989
550 661
550 692
550 740
550 745
550 828
551 563
551 573
551 576
551 638
551 699
551 776
551 861
551 873
551 894
551 915
551 980
552 561
552 725
552 892
552 935
552 965
553 886
553 943
554 757
554 771
554 776
554 788
554 904
554 929
554 952
555 625
555 627
555 657
555 752
555 900
556 596
556 632
556 749
556 788
556 916
557 720
557 733
557 817
558 616
558 692
558 717
558 756
558 843
559 639
559 664
559 893
560 577
560 615
560 642
560 687
560 926
560 966
561 568
561 710
561 828
561 898
562 576
563 577
563 766
563 854
563 929
564 693
564 888
564 910
565 625
565 627
565 696
565 784
565 809
565 818
565 865
565 898
565 920
565 950
566 794
566 857
566 883
567 631
567 687
567 744
567 814
568 619
569 588
569 835
569 858
569 954
569 958
570 658
570 702
570 726
570 904
571 690
571 987
572 613
572 715
572 835
572 880
572 951
573 627
574 677
574 763
574 848
574 857
574 891
574 995
575 647
575 656
575 771
575 795
575 844
575 889
576 681
576 726
576 793
576 914
577 613
577 614
577 822
577 936
578 595
578 678
578 687
578 767
578 779
578 790
578 825
578 866
578 886
578 887
578 945
579 580
579 664
579 838
580 699
580 738
580 861
580 862
580 892
581 618
581 676
581 823
581 924
581 953
581 959
581 968
582 604
582 824
582 830
583 589
583 790
583 896
583 993
585 656
585 774
586 664
586 708
586 819
586 832
586 930
587 843
587 934
588 713
588 847
588 991
589 641
589 700
589 743
589 789
589 806
589 910
589 915
589 948
589 993
590 671
590 978
591 868
591 960
592 598
592 669
592 682
592 691
592 713
592 830
592 856
592 869
593 715
593 728
593 763
594 622
594 652
594 657
594 703
594 763
594 815
594 891
594 930
595 606
595 636
595 725
595 730
595 985
596 700
596 750
596 799
596 854
597 602
597 622
597 738
597 889
597 993
598 743
598 803
598 829
598 833
598 950
599 616
599 655
599 679
600 632
600 745
600 746
600 768
600 791
601 744
601 819
601 921
601 939
602 627
602 637
602 641
602 715
602 740
602 893
603 848
603 873
604 719
604 725
604 827
604 950
605 654
605 843
605 952
606 634
606 848
606 891
607 657
607 764
608 644
608 699
608 812
609 718
609 721
609 853
609 993
610 691
611 613
611 730
611 781
611 873
611 953
612 971
612 972
614 812
615 686
615 760
615 873
616 622
616 655
616 674
616 709
616 711
616 745
616 747
616 786
616 894
617 844
617 965
618 629
618 713
618 750
618 852
618 998
619 687
619 689
619 714
619 772
619 833
619 848
619 865
620 656
620 766
620 778
621 629
621 966
622 650
623 701
623 820
624 863
624 923
625 634
625 653
625 728
625 730
625 776
625 863
625 915
626 688
626 712
627 656
627 971
628 673
628 813
628 916
628 981
629 855
629 892
630 689
630 697
630 828
630 856
631 726
631 769
631 864
631 912
631 938
632 645
632 683
632 718
632 852
633 654
633 889
634 828
634 928
634 942
635 684
635 803
636 810
636 973
636 994
637 646
637 715
637 908
638 846
638 908
639 674
639 707
639 818
640 825
640 862
640 929
640 933
641 683
641 869
641 898
641 904
642 981
643 662
643 763
643 774
643 786
644 729
644 946
645 714
645 772
645 887
645 961
646 761
646 772
646 800
646 821
647 741
647 851
647 864
649 689
649 795
649 917
649 997
650 743
650 922
651 687
651 723
651 731
651 982
652 697
652 872
652 886
652 894
652 998
653 851
654 832
654 883
655 788
655 963
655 998
656 851
656 947
656 969
657 721
657 797
658 711
658 833
659 676
659 801
659 804
659 917
660 673
660 834
660 852
660 960
660 991
661 745
661 839
661 965
662 765
662 918
663 817
663 847
663 862
663 903
664 748
664 763
664 852
664 866
665 676
665 760
665 918
666 677
666 679
666 729
666 778
666 892
667 766
667 792
667 929
667 951
668 862
668 925
669 717
669 791
670 714
670 888
670 916
671 723
671 746
671 772
671 805
671 936
671 968
672 758
672 915
672 936
673 688
673 745
673 766
673 977
674 683
674 709
674 719
674 869
674 874
674 906
674 965
675 775
675 806
675 904
675 998
676 749
676 762
676 969
677 888
677 984
677 985
678 869
679 740
679 944
680 693
680 726
681 823
681 945
682 687
682 762
682 881
682 892
683 734
683 901
683 997
684 929
685 777
685 809
685 832
685 861
685 906
686 906
687 770
687 955
688 746
688 885
688 959
688 978
688 996
689 700
689 703
689 969
690 766
690 774
690 857
690 870
690 886
690 964
691 854
691 962
692 757
692 832
692 896
692 941
694 747
694 759
694 875
694 878
695 772
695 954
695 970
695 980
697 905
697 936
697 998
698 714
699 883
699 969
699 980
700 732
701 953
701 994
702 725
703 820
703 959
704 794
704 799
704 934
704 957
704 998
705 721
705 754
705 822
708 710
708 716
708 786
708 795
708 829
708 876
708 975
709 834
709 912
710 921
711 854
711 895
711 901
711 916
711 973
712 799
712 808
712 873
712 934
712 976
713 740
713 784
713 798
713 926
714 766
714 912
714 913
714 940
715 866
715 893
715 967
716 817
717 741
717 762
717 896
718 733
718 787
718 798
719 778
719 856
719 884
719 930
719 940
720 844
720 880
720 883
721 809
721 903
721 934
721 945
722 827
722 900
722 955
723 763
723 977
724 784
724 792
724 993
725 771
725 786
725 912
725 918
725 964
726 895
726 909
726 910
726 956
727 852
728 833
728 919
729 763
729 869
729 947
730 747
730 799
730 831
730 929
731 842
731 889
731 990
733 938
733 955
733 974
734 863
735 884
735 889
735 966
736 911
736 956
736 985
737 814
737 830
738 811
738 820
738 925
739 913
740 912
741 757
741 895
741 949
741 984
742 917
742 920
743 747
743 755
744 826
744 843
744 991
745 906
745 970
746 964
746 974
747 749
747 873
748 830
748 866
748 934
749 783
749 921
750 862
750 881
751 848
751 997
753 817
753 836
753 849
753 869
753 961
754 798
754 832
754 961
755 771
755 934
755 954
755 988
756 802
756 852
756 955
756 993
757 817
757 865
758 954
758 998
759 791
759 832
759 833
760 766
760 825
760 849
760 876
760 946
760 963
761 830
761 891
761 940
762 876
762 914
762 945
763 946
764 917
764 926
764 949
765 812
765 836
765 867
765 979
766 793
766 883
766 937
766 948
767 803
767 875
767 984
768 813
768 974
768 994
769 834
770 791
770 980
771 955
772 871
773 956
774 838
775 948
776 948
777 934
777 999
778 784
778 799
779 919
780 910
780 927
780 988
780 995
781 827
781 938
782 799
782 865
782 924
783 944
784 833
784 849
784 873
784 990
784 999
785 857
787 969
787 993
788 814
788 820
788 892
788 911
789 826
789 841
790 845
790 860
792 856
792 922
793 836
793 873
793 890
793 936
793 979
794 984
795 939
797 823
798 895
799 832
799 839
799 923
800 809
800 836
800 949
801 817
801 872
801 914
802 903
803 821
803 875
803 964
804 814
804 956
804 986
805 841
806 966
807 838
807 920
807 974
808 877
808 906
809 848
809 878
813 938
813 957
814 927
815 910
816 866
817 867
817 896
817 967
818 830
819 974
821 859
821 880
822 842
822 960
824 914
825 922
825 942
825 959
826 830
826 857
826 951
826 963
827 832
827 851
827 877
828 874
829 935
830 989
830 999
831 909
831 943
832 954
834 850
835 926
835 928
836 999
837 843
837 883
837 975
838 887
839 972
840 880
840 899
840 906
840 985
841 984
842 967
842 977
843 974
844 850
844 918
844 960
846 921
847 867
847 941
849 907
849 963
850 864
850 901
852 878
852 953
853 944
853 997
854 951
854 960
854 987
854 994
855 897
855 915
857 869
857 880
857 936
858 894
858 924
858 967
859 895
859 977
859 979
860 937
861 909
861 949
862 931
862 979
864 874
864 966
866 880
866 970
867 953
869 899
869 998
870 871
870 994
873 906
873 990
876 938
876 982
876 995
877 891
877 921
877 942
877 993
878 886
878 981
879 933
880 953
882 957
882 986
882 992
884 899
885 925
887 984
888 891
889 895
889 939
890 918
890 942
890 964
892 903
892 974
893 928
894 909
894 955
895 975
896 993
898 937
902 963
904 928
905 985
906 908
907 928
909 985
911 951
912 968
913 943
914 944
914 961
915 921
915 925
915 938
917 967
918 930
919 966
919 988
920 925
921 959
921 978
926 984
927 983
928 956
928 959
932 957
936 975
939 959
940 943
940 957
942 992
943 980
947 972
952 988
955 985
958 985
959 979
963 964
968 986
968 988
973 982
976 980
979 981
987 990
991 994
