0 91
0 105
0 172
0 344
0 408
0 415
0 433
1 52
1 97
1 202
1 236
1 309
1 405
1 497
2 146
2 169
2 204
2 268
2 385
3 16
3 31
3 276
3 299
3 310
3 324
4 58
4 185
4 269
4 368
4 426
5 57
5 108
5 129
5 225
5 252
5 273
5 370
6 51
6 164
6 199
7 77
7 112
7 317
8 43
8 82
8 206
8 207
8 482
9 40
9 45
9 77
9 330
9 361
10 186
10 216
10 235
10 438
11 38
12 51
12 144
12 181
12 194
12 455
12 469
13 30
13 74
14 60
14 71
14 131
14 252
15 161
15 224
15 283
15 322
15 416
15 446
15 468
15 488
16 65
16 126
16 155
16 167
16 192
16 205
16 309
17 23
17 126
17 169
17 289
17 292
17 356
17 397
17 400
17 433
17 495
18 37
18 63
18 377
18 390
19 109
19 206
19 312
19 373
19 387
19 389
20 22
20 140
20 319
20 345
20 429
20 442
20 490
21 193
21 253
21 254
21 331
21 408
21 468
21 484
22 46
22 66
22 149
22 189
22 197
22 312
22 338
22 391
23 156
23 206
23 224
23 243
23 250
23 404
24 34
24 106
25 107
25 112
25 171
25 172
25 242
26 124
26 264
26 413
27 80
27 132
27 150
27 169
27 318
27 340
27 361
27 488
28 34
28 214
28 243
28 254
28 474
29 143
29 221
29 228
29 277
29 350
29 351
30 140
30 231
30 280
31 155
31 263
31 384
31 389
31 467
32 339
32 386
33 48
33 79
33 175
33 280
33 346
33 390
34 69
34 145
34 219
34 264
35 101
35 203
35 275
35 291
35 323
35 331
35 353
35 378
36 50
36 305
36 407
37 222
37 265
38 126
38 296
38 324
38 387
38 426
39 89
39 204
39 296
39 311
39 394
39 406
39 478
40 274
40 316
40 342
40 365
40 415
40 478
40 488
41 86
41 217
41 275
41 458
42 96
42 214
42 243
42 340
42 391
42 449
43 199
43 461
43 475
44 142
44 172
44 203
44 316
44 440
44 462
44 485
45 49
45 86
45 207
45 244
46 102
46 183
46 207
46 211
46 214
46 301
46 359
46 463
46 490
47 442
47 463
47 477
48 79
48 222
48 247
49 366
49 406
49 453
49 496
50 60
50 159
50 296
50 322
51 94
51 133
51 395
52 82
52 268
52 286
52 323
52 428
53 212
53 314
53 356
53 402
53 440
53 499
54 124
54 149
54 192
54 261
54 338
54 439
54 478
55 90
55 183
55 443
55 487
56 78
56 168
56 368
56 386
56 411
56 418
56 420
57 98
57 138
57 140
57 144
57 150
57 225
57 230
57 263
57 478
58 187
58 249
58 349
58 405
58 451
59 187
59 364
60 79
60 213
60 223
60 225
60 414
61 139
61 172
61 260
61 318
61 437
61 443
62 193
62 234
62 414
63 143
63 310
63 358
64 86
64 88
64 167
64 423
64 426
65 172
65 333
65 367
65 410
65 477
66 223
66 358
66 419
66 428
66 479
67 78
67 213
67 418
67 486
68 136
68 392
69 119
69 210
69 289
69 397
69 461
70 125
70 310
71 249
71 270
71 297
71 364
71 379
71 425
71 479
72 229
72 362
72 456
72 489
73 74
73 113
73 178
73 223
73 242
73 305
73 366
73 367
73 425
74 117
74 148
74 218
74 226
74 258
74 487
75 187
75 264
75 447
76 184
76 221
76 302
76 463
77 261
77 304
77 336
78 136
78 302
78 306
78 471
79 111
79 187
79 203
79 263
79 344
79 440
79 460
80 202
80 212
80 326
80 397
81 107
81 147
81 224
82 197
82 258
82 361
83 133
83 186
83 222
83 269
83 314
83 339
83 376
83 476
84 250
84 461
84 491
85 279
85 320
85 364
85 383
85 424
86 149
86 459
86 474
87 88
87 296
87 308
88 111
88 124
88 219
88 272
88 291
88 366
88 450
89 147
89 414
89 418
90 184
90 185
90 351
91 107
91 169
91 247
91 470
92 262
92 426
93 249
93 333
93 383
93 480
94 105
94 287
94 319
94 400
94 422
94 430
95 140
95 185
95 213
95 230
95 257
95 401
95 437
96 321
96 449
97 344
97 456
98 162
98 173
98 178
98 255
98 339
98 383
98 452
99 100
99 163
99 218
99 325
99 379
99 394
99 410
99 490
100 103
100 386
100 426
101 277
101 315
101 346
101 377
101 416
101 499
102 206
102 425
103 223
103 226
103 305
103 379
103 407
104 331
104 415
104 465
105 162
105 275
106 231
106 258
106 314
106 404
106 406
106 420
107 119
107 230
107 397
107 439
108 125
109 290
109 330
110 302
111 189
111 282
111 398
111 469
112 152
112 183
112 263
112 292
113 171
113 363
113 467
114 247
114 340
114 476
115 191
115 223
115 257
115 469
116 167
116 180
116 378
116 407
116 434
117 161
117 238
117 280
117 372
117 377
118 137
118 183
118 244
118 331
118 335
118 437
118 463
119 392
120 148
120 247
121 249
122 258
122 388
122 390
122 417
123 325
124 163
124 246
124 389
124 468
125 245
125 251
125 382
126 214
126 418
126 468
127 273
127 364
127 375
127 470
128 275
128 487
129 259
129 263
129 322
129 349
129 451
129 473
130 143
130 167
130 185
130 188
130 353
130 360
131 277
131 307
131 339
131 365
131 413
131 457
131 495
132 153
132 358
132 382
132 446
133 203
133 209
133 213
133 341
134 207
134 210
134 326
134 346
134 368
134 376
135 298
135 323
135 332
135 365
135 457
136 174
136 249
136 339
137 188
137 209
137 260
137 283
137 304
137 461
138 158
138 174
138 242
138 269
138 352
139 163
139 194
139 453
139 469
140 225
140 408
140 423
141 202
141 214
141 287
141 320
141 421
142 293
142 297
142 352
142 448
143 150
143 224
143 354
143 498
144 290
144 336
145 335
145 390
145 469
146 435
147 207
148 156
148 235
148 319
148 341
148 396
148 421
149 292
149 393
150 220
150 251
150 355
150 444
151 194
151 446
151 470
152 193
152 273
152 284
152 302
152 306
152 351
152 393
152 448
152 489
152 490
153 364
153 407
154 192
154 290
154 426
154 457
154 484
155 268
155 440
156 295
156 418
156 428
157 282
157 342
157 481
157 486
158 282
158 352
158 399
158 409
159 310
159 342
159 422
159 429
159 492
160 223
160 248
160 338
160 366
160 398
161 188
161 378
161 380
161 412
161 475
161 486
161 494
162 244
162 355
162 439
162 443
162 478
163 318
163 489
164 191
164 301
165 335
165 364
166 222
166 358
166 457
167 383
167 401
167 492
168 187
169 201
169 274
169 284
169 357
170 196
170 339
171 212
171 220
171 221
171 266
171 277
171 345
171 360
172 185
172 221
172 222
172 298
172 312
172 345
172 472
173 283
173 296
173 483
174 280
175 374
175 426
175 451
176 188
176 246
176 321
176 411
176 445
176 460
177 185
177 283
177 299
177 325
177 413
178 309
179 269
179 423
180 260
180 349
180 452
181 250
181 382
181 414
181 421
182 240
182 252
182 376
182 435
183 419
184 199
184 225
184 299
184 455
185 250
185 339
185 351
185 375
185 460
186 348
186 427
186 484
186 490
187 207
188 257
188 278
188 325
188 350
189 222
189 241
189 356
189 480
190 199
190 211
190 213
190 499
191 224
191 241
191 249
191 274
191 448
192 252
192 318
192 435
192 460
193 333
193 485
194 282
194 286
194 302
194 442
194 445
194 453
195 258
195 304
196 252
196 405
196 420
197 339
197 386
197 477
198 207
198 309
198 350
199 269
199 329
200 415
200 429
201 202
201 252
201 450
202 399
202 454
203 229
203 276
203 338
203 345
203 411
203 475
204 345
204 348
205 293
205 317
206 266
206 420
206 438
206 444
206 470
207 447
208 273
208 322
208 334
210 353
210 395
210 453
210 497
211 272
211 407
212 235
212 265
212 457
213 241
213 279
213 365
213 420
214 261
214 355
214 397
214 473
214 490
215 277
216 217
216 262
217 275
217 422
217 469
218 284
219 244
219 356
219 405
219 476
220 412
220 459
221 256
221 277
221 306
221 412
221 439
221 472
221 493
221 495
222 305
222 397
222 421
223 245
223 247
223 357
223 379
224 474
225 236
225 270
225 291
225 368
225 378
225 415
226 227
228 233
228 325
229 243
229 418
229 457
230 306
230 416
231 246
231 288
231 388
231 396
231 416
231 418
231 493
232 281
232 411
233 238
233 466
234 290
234 300
234 422
234 429
234 433
234 463
234 489
234 495
235 412
235 424
235 433
236 356
236 375
237 499
238 399
239 305
239 317
239 468
240 370
240 488
241 368
241 378
242 351
242 356
243 413
245 369
245 472
246 249
246 255
246 260
246 353
247 326
247 455
248 363
248 413
249 296
249 323
249 342
249 419
251 388
251 427
252 255
253 390
253 411
253 432
253 447
253 471
254 263
254 272
254 308
254 309
254 450
255 273
255 363
256 378
256 429
259 360
259 408
259 455
260 380
260 419
261 270
261 299
261 346
261 447
262 398
262 496
263 294
263 384
263 497
264 326
264 489
265 283
265 334
266 342
266 459
267 274
267 380
268 314
268 316
268 470
269 319
269 326
269 346
269 368
270 296
270 345
270 450
270 471
271 322
271 466
272 449
273 404
273 421
273 476
274 281
274 394
274 491
275 453
275 494
275 495
276 327
276 359
277 305
277 338
277 345
277 389
277 459
278 295
278 333
279 303
279 395
279 427
279 433
279 455
279 479
280 412
280 490
281 466
283 288
283 437
283 465
284 297
284 309
284 415
285 450
286 407
286 447
286 469
287 308
287 342
287 366
287 449
287 467
288 378
288 398
288 405
288 458
289 303
289 387
289 488
290 292
290 324
290 331
290 373
291 343
291 373
293 326
293 380
293 462
293 470
294 348
294 365
294 450
294 496
296 481
297 371
297 452
297 464
298 413
299 486
300 383
301 353
301 371
301 378
302 409
302 482
303 401
304 352
308 343
308 486
309 316
309 441
310 340
310 387
310 467
310 468
311 477
313 371
313 376
313 493
314 471
315 343
315 481
316 334
316 461
316 497
317 321
318 325
318 432
318 445
319 321
319 418
319 439
320 350
321 400
322 450
322 481
324 342
324 422
325 355
325 360
325 456
326 354
326 391
326 416
326 453
326 484
328 445
328 447
329 345
329 472
330 455
330 467
330 489
331 481
333 367
333 376
334 364
334 368
335 347
336 484
336 486
337 375
337 384
338 358
338 367
340 342
341 364
342 359
343 362
344 436
344 447
345 484
346 357
346 403
346 424
346 493
347 377
347 477
347 493
348 392
349 373
351 402
351 415
351 421
351 432
351 496
352 371
352 496
353 365
353 375
353 397
354 360
354 463
355 488
357 406
357 454
358 439
360 453
360 465
362 385
362 431
363 383
364 468
364 484
365 396
365 423
365 476
366 369
367 409
367 419
369 439
369 445
372 426
373 388
373 463
375 388
375 435
376 427
377 390
378 436
378 455
379 460
379 461
381 436
382 416
383 395
383 440
383 492
385 389
385 483
387 426
388 426
388 440
390 421
391 454
393 457
395 423
395 478
397 421
397 476
397 483
399 436
400 406
400 481
401 433
403 444
403 446
404 425
405 417
406 472
406 488
408 449
409 426
410 437
410 449
412 423
412 427
412 431
412 451
412 496
413 480
415 453
415 460
418 495
419 460
421 464
421 481
421 483
422 425
422 454
425 493
428 477
433 484
435 469
435 479
438 485
441 464
442 476
442 493
443 476
444 460
446 462
447 485
448 463
449 465
450 478
451 498
453 495
457 460
459 472
463 468
464 474
471 478
487 496
