0 4
0 5
0 9
0 10
0 11
0 14
0 18
0 24
0 26
0 27
0 28
0 32
0 47
0 52
0 54
0 55
0 63
0 69
0 72
0 75
0 76
0 78
0 80
0 84
0 85
0 88
0 91
0 94
0 98
1 2
1 7
1 12
1 15
1 26
1 28
1 29
1 32
1 33
1 35
1 38
1 44
1 50
1 51
1 53
1 57
1 58
1 60
1 63
1 66
1 67
1 68
1 69
1 74
1 77
1 83
1 85
1 89
1 95
1 96
1 97
2 5
2 9
2 15
2 19
2 23
2 29
2 39
2 44
2 46
2 47
2 48
2 49
2 52
2 55
2 57
2 60
2 61
2 64
2 65
2 70
2 73
2 79
2 87
2 90
2 92
2 94
2 98
3 7
3 11
3 17
3 20
3 22
3 23
3 26
3 27
3 34
3 36
3 37
3 43
3 46
3 49
3 50
3 52
3 55
3 58
3 60
3 62
3 67
3 68
3 71
3 79
3 83
3 84
3 87
3 88
3 89
3 92
3 93
4 5
4 6
4 9
4 11
4 17
4 28
4 30
4 35
4 36
4 41
4 42
4 48
4 49
4 52
4 54
4 56
4 58
4 61
4 64
4 65
4 66
4 71
4 72
4 76
4 77
4 80
4 81
4 83
4 84
4 85
4 89
4 95
5 8
5 11
5 13
5 15
5 18
5 20
5 21
5 27
5 29
5 33
5 34
5 37
5 39
5 45
5 47
5 50
5 52
5 54
5 60
5 63
5 64
5 66
5 75
5 82
5 85
5 87
5 96
5 97
6 7
6 9
6 10
6 13
6 16
6 18
6 19
6 20
6 37
6 39
6 40
6 41
6 53
6 61
6 66
6 67
6 68
6 69
6 70
6 71
6 72
6 81
6 83
6 91
6 95
6 99
7 11
7 12
7 13
7 18
7 19
7 20
7 21
7 28
7 31
7 36
7 37
7 39
7 46
7 49
7 52
7 53
7 55
7 59
7 61
7 62
7 64
7 65
7 67
7 68
7 69
7 71
7 78
7 89
7 95
7 97
7 99
8 9
8 11
8 12
8 18
8 20
8 23
8 31
8 35
8 37
8 38
8 41
8 44
8 47
8 50
8 57
8 60
8 62
8 63
8 65
8 66
8 68
8 79
8 80
8 95
8 96
9 16
9 21
9 22
9 25
9 28
9 32
9 38
9 39
9 40
9 41
9 42
9 49
9 58
9 59
9 62
9 72
9 74
9 77
9 79
9 80
9 82
9 84
9 88
9 92
9 96
9 97
10 12
10 14
10 17
10 21
10 23
10 24
10 25
10 28
10 31
10 32
10 34
10 35
10 36
10 44
10 49
10 50
10 51
10 54
10 55
10 63
10 66
10 73
10 84
10 87
10 89
10 97
11 12
11 18
11 22
11 30
11 31
11 32
11 38
11 39
11 43
11 45
11 47
11 50
11 51
11 52
11 56
11 59
11 63
11 66
11 68
11 71
11 80
11 83
11 84
11 88
11 96
12 18
12 20
12 21
12 25
12 31
12 38
12 39
12 42
12 45
12 49
12 53
12 54
12 56
12 57
12 58
12 60
12 62
12 64
12 65
12 67
12 70
12 72
12 77
12 91
12 95
12 96
12 97
13 21
13 22
13 26
13 28
13 32
13 33
13 35
13 38
13 44
13 45
13 50
13 53
13 61
13 70
13 78
13 81
13 84
14 15
14 20
14 22
14 26
14 34
14 36
14 37
14 38
14 39
14 40
14 44
14 47
14 48
14 50
14 56
14 59
14 60
14 62
14 63
14 69
14 71
14 78
14 84
14 85
14 90
14 91
15 17
15 24
15 27
15 28
15 37
15 39
15 49
15 55
15 56
15 60
15 62
15 65
15 67
15 70
15 71
15 73
15 74
15 76
15 78
15 83
15 85
15 89
15 90
15 91
15 92
15 99
16 17
16 19
16 20
16 21
16 25
16 29
16 31
16 32
16 35
16 36
16 43
16 51
16 52
16 56
16 62
16 66
16 67
16 69
16 70
16 75
16 76
16 77
16 81
16 82
16 91
16 92
16 93
16 96
17 19
17 21
17 28
17 29
17 32
17 36
17 43
17 49
17 50
17 51
17 59
17 62
17 63
17 64
17 66
17 71
17 74
17 76
17 87
17 89
17 95
18 20
18 22
18 25
18 27
18 30
18 31
18 35
18 37
18 39
18 41
18 44
18 45
18 47
18 48
18 50
18 52
18 53
18 55
18 56
18 58
18 59
18 62
18 63
18 64
18 76
18 77
18 83
18 88
18 89
18 90
18 95
18 97
19 20
19 21
19 25
19 28
19 29
19 35
19 37
19 41
19 42
19 43
19 44
19 46
19 48
19 49
19 51
19 52
19 56
19 58
19 59
19 60
19 63
19 67
19 71
19 72
19 77
19 80
19 85
19 86
19 90
19 91
19 93
19 95
19 98
19 99
20 27
20 28
20 30
20 32
20 35
20 39
20 40
20 41
20 45
20 49
20 52
20 54
20 56
20 63
20 65
20 66
20 67
20 70
20 72
20 81
20 82
20 86
20 87
20 88
20 89
20 92
20 94
20 96
20 97
20 98
21 23
21 25
21 28
21 29
21 30
21 31
21 35
21 36
21 37
21 38
21 40
21 48
21 55
21 60
21 67
21 75
21 76
21 78
21 81
21 84
21 87
21 89
21 93
21 95
21 97
21 98
22 27
22 29
22 33
22 36
22 37
22 43
22 44
22 47
22 49
22 51
22 52
22 53
22 63
22 64
22 68
22 70
22 73
22 74
22 85
22 87
22 95
22 97
22 99
23 26
23 29
23 32
23 34
23 36
23 37
23 44
23 46
23 48
23 56
23 59
23 62
23 68
23 70
23 72
23 75
23 79
23 82
23 84
23 87
23 93
23 96
24 26
24 27
24 28
24 29
24 32
24 38
24 39
24 47
24 50
24 59
24 65
24 73
24 79
24 84
24 85
24 87
24 88
24 89
24 90
24 92
24 95
24 96
24 98
25 26
25 27
25 29
25 31
25 34
25 42
25 43
25 53
25 55
25 57
25 58
25 62
25 65
25 70
25 71
25 76
25 80
25 83
25 84
25 90
25 97
25 98
26 27
26 30
26 33
26 35
26 36
26 37
26 41
26 42
26 44
26 50
26 56
26 58
26 59
26 60
26 67
26 68
26 70
26 73
26 74
26 77
26 80
26 97
26 98
27 28
27 33
27 35
27 36
27 37
27 39
27 46
27 47
27 50
27 52
27 53
27 62
27 65
27 70
27 73
27 74
27 76
27 95
28 30
28 31
28 35
28 36
28 37
28 43
28 44
28 46
28 49
28 50
28 53
28 58
28 59
28 68
28 71
28 72
28 74
28 80
28 85
28 89
28 91
28 95
28 96
29 34
29 40
29 46
29 47
29 65
29 69
29 70
29 74
29 77
29 83
29 90
29 91
29 93
29 97
29 98
29 99
30 33
30 45
30 48
30 50
30 54
30 61
30 65
30 66
30 67
30 68
30 70
30 73
30 75
30 80
30 85
30 86
30 88
30 92
30 96
30 98
30 99
31 40
31 44
31 46
31 47
31 48
31 51
31 52
31 53
31 54
31 57
31 59
31 62
31 65
31 66
31 67
31 69
31 70
31 71
31 74
31 76
31 78
31 80
31 81
31 85
31 94
31 95
31 97
32 35
32 41
32 44
32 46
32 47
32 49
32 58
32 62
32 63
32 66
32 70
32 77
32 78
32 79
32 81
32 84
32 92
32 95
33 40
33 41
33 43
33 47
33 53
33 56
33 58
33 61
33 62
33 64
33 66
33 67
33 68
33 71
33 75
33 77
33 78
33 83
33 87
33 89
33 94
33 95
33 98
33 99
34 38
34 53
34 56
34 57
34 73
34 74
34 79
34 80
34 81
34 84
34 88
34 93
34 98
35 36
35 40
35 44
35 45
35 47
35 48
35 50
35 52
35 56
35 67
35 68
35 71
35 72
35 73
35 74
35 78
35 82
35 89
35 90
35 91
35 95
36 38
36 40
36 41
36 49
36 54
36 55
36 65
36 66
36 68
36 70
36 71
36 74
36 77
36 84
36 88
36 91
36 93
36 98
36 99
37 47
37 55
37 56
37 58
37 60
37 61
37 65
37 66
37 67
37 70
37 72
37 81
37 82
37 83
37 84
37 88
37 91
37 94
37 97
37 98
38 39
38 55
38 57
38 58
38 62
38 69
38 75
38 77
38 79
38 81
38 85
38 90
38 93
38 95
39 44
39 48
39 49
39 50
39 51
39 52
39 53
39 64
39 73
39 82
39 89
40 45
40 55
40 57
40 58
40 59
40 65
40 68
40 73
40 75
40 76
40 82
40 87
40 88
40 91
40 94
40 99
41 43
41 44
41 45
41 46
41 47
41 57
41 63
41 64
41 65
41 70
41 73
41 76
41 81
41 89
41 93
42 43
42 45
42 47
42 49
42 55
42 57
42 59
42 62
42 67
42 68
42 76
42 79
42 87
42 93
42 94
42 98
43 47
43 54
43 56
43 63
43 70
43 73
43 83
43 94
44 46
44 47
44 49
44 50
44 51
44 52
44 55
44 59
44 61
44 62
44 63
44 64
44 66
44 68
44 73
44 74
44 75
44 78
44 82
44 92
44 93
44 96
44 98
45 46
45 51
45 53
45 58
45 60
45 63
45 64
45 67
45 70
45 71
45 74
45 77
45 78
45 81
45 82
45 84
45 90
45 94
45 99
46 49
46 54
46 55
46 56
46 61
46 63
46 66
46 74
46 77
46 80
46 82
46 85
46 88
46 89
46 90
46 93
47 48
47 50
47 54
47 66
47 67
47 70
47 72
47 73
47 81
47 84
47 86
47 87
47 88
47 93
47 99
48 51
48 52
48 55
48 57
48 59
48 61
48 64
48 66
48 72
48 77
48 80
48 81
48 82
48 89
48 91
48 95
48 99
49 55
49 62
49 76
49 81
49 87
49 89
49 90
49 92
49 95
49 99
50 54
50 55
50 60
50 62
50 63
50 72
50 75
50 85
50 87
50 88
50 89
50 94
50 95
50 97
50 99
51 52
51 54
51 55
51 69
51 71
51 72
51 75
51 78
51 81
51 83
51 91
51 96
52 56
52 59
52 60
52 66
52 67
52 70
52 75
52 76
52 79
52 81
52 84
53 62
53 65
53 66
53 70
53 72
53 74
53 79
53 83
53 84
53 95
54 55
54 56
54 57
54 59
54 62
54 68
54 71
54 74
54 77
54 79
54 84
54 89
54 94
55 57
55 60
55 61
55 62
55 67
55 68
55 69
55 71
55 73
55 79
55 81
55 85
55 88
55 89
55 91
55 95
56 59
56 61
56 65
56 68
56 74
56 76
56 77
56 78
56 80
56 88
56 89
56 91
56 93
56 97
56 98
57 59
57 61
57 65
57 68
57 69
57 72
57 73
57 79
57 82
57 93
57 99
58 62
58 64
58 69
58 72
58 75
58 83
58 85
58 87
58 91
58 92
59 60
59 63
59 69
59 73
59 76
59 79
59 80
59 83
59 89
59 92
59 96
59 97
60 65
60 69
60 70
60 72
60 75
60 77
60 87
60 91
60 95
61 62
61 63
61 66
61 67
61 68
61 71
61 87
61 91
61 92
61 98
62 63
62 70
62 71
62 72
62 73
62 74
62 78
62 82
62 83
62 84
62 85
62 90
62 91
62 92
62 93
62 94
62 96
62 97
63 69
63 73
63 78
63 80
63 81
63 84
63 86
63 88
63 89
64 69
64 74
64 77
64 79
64 80
64 83
64 84
64 85
64 90
64 91
64 95
64 99
65 68
65 72
65 76
65 83
65 85
65 86
65 91
65 94
65 96
65 98
65 99
66 74
66 81
66 83
66 84
66 96
66 98
67 68
67 71
67 73
67 74
67 76
67 78
67 80
67 85
67 86
67 88
67 91
67 93
67 95
68 71
68 77
68 82
68 87
68 89
68 91
68 95
69 72
69 79
69 81
69 83
69 85
69 87
69 88
69 91
69 92
69 93
69 96
69 97
70 71
70 75
70 76
70 78
70 81
70 82
70 84
70 93
70 97
71 73
71 74
71 79
71 84
71 86
71 89
71 95
71 98
72 73
72 75
72 78
72 84
72 96
73 74
73 78
73 79
73 81
73 82
73 87
73 90
73 91
73 93
73 95
73 98
74 84
74 87
74 89
74 90
74 97
74 99
75 77
75 82
75 85
75 86
75 89
75 95
76 78
76 84
76 85
76 88
76 90
76 91
76 95
76 96
76 97
76 98
77 78
77 81
77 82
77 91
78 79
78 87
78 88
78 89
78 91
78 93
78 99
79 81
79 83
79 84
79 89
79 90
79 92
79 95
79 98
80 81
80 87
80 95
81 82
81 88
81 90
81 91
81 92
82 84
82 86
82 88
82 89
82 92
82 94
83 86
83 88
83 93
83 95
85 86
85 97
86 92
86 97
86 99
87 92
87 93
88 91
88 94
88 96
89 90
89 95
89 96
89 98
91 92
91 94
92 94
92 96
92 97
93 97
93 99
94 96
95 98
97 98
