0 2
0 5
0 11
0 29
0 37
0 42
0 51
0 57
0 65
0 70
0 89
0 93
0 139
0 141
0 142
0 151
0 166
0 173
0 200
0 202
0 214
0 231
0 248
0 256
0 262
0 266
0 279
0 284
0 296
0 297
0 298
0 305
0 308
0 310
0 324
0 326
0 336
0 339
0 340
0 363
0 374
0 375
0 380
0 412
0 419
0 434
0 443
0 450
0 454
0 460
1 78
1 85
1 94
1 96
1 103
1 110
1 124
1 137
1 139
1 146
1 147
1 169
1 181
1 188
1 197
1 199
1 214
1 224
1 234
1 235
1 246
1 249
1 251
1 281
1 286
1 321
1 326
1 330
1 332
1 353
1 358
1 365
1 377
1 383
1 386
1 394
1 402
1 403
1 409
1 416
1 445
1 447
1 456
1 457
1 459
1 469
1 474
1 476
1 485
1 486
2 16
2 35
2 48
2 60
2 64
2 67
2 82
2 94
2 103
2 104
2 105
2 107
2 108
2 142
2 161
2 169
2 178
2 179
2 194
2 195
2 200
2 214
2 221
2 229
2 231
2 240
2 243
2 258
2 274
2 306
2 314
2 316
2 322
2 326
2 328
2 329
2 331
2 333
2 350
2 359
2 380
2 396
2 400
2 415
2 445
2 447
2 451
2 452
2 466
2 477
2 490
2 497
2 498
3 16
3 26
3 33
3 34
3 48
3 55
3 71
3 86
3 89
3 115
3 116
3 123
3 126
3 153
3 164
3 168
3 188
3 189
3 195
3 209
3 216
3 231
3 242
3 245
3 253
3 263
3 264
3 283
3 289
3 313
3 314
3 316
3 317
3 346
3 347
3 349
3 353
3 360
3 371
3 383
3 385
3 387
3 391
3 392
3 400
3 402
3 410
3 431
3 453
3 466
3 472
4 5
4 7
4 14
4 23
4 29
4 36
4 47
4 53
4 63
4 64
4 71
4 72
4 85
4 86
4 95
4 105
4 110
4 114
4 120
4 134
4 135
4 136
4 156
4 161
4 186
4 187
4 194
4 198
4 219
4 233
4 238
4 249
4 251
4 256
4 284
4 294
4 302
4 307
4 321
4 340
4 342
4 347
4 361
4 375
4 380
4 388
4 390
4 392
4 409
4 425
4 426
4 430
4 435
4 436
4 438
4 456
4 474
4 479
5 25
5 47
5 48
5 54
5 55
5 59
5 61
5 64
5 77
5 81
5 98
5 109
5 120
5 125
5 133
5 157
5 158
5 170
5 175
5 229
5 241
5 247
5 248
5 254
5 261
5 281
5 304
5 318
5 321
5 340
5 357
5 361
5 369
5 370
5 372
5 378
5 382
5 383
5 407
5 413
5 416
5 418
5 434
5 444
5 446
5 454
5 466
5 475
5 478
5 481
5 494
5 499
6 34
6 35
6 65
6 83
6 88
6 119
6 137
6 149
6 153
6 163
6 165
6 196
6 203
6 204
6 227
6 232
6 234
6 261
6 271
6 280
6 281
6 282
6 292
6 298
6 313
6 322
6 326
6 329
6 340
6 343
6 347
6 348
6 349
6 362
6 363
6 379
6 384
6 385
6 389
6 412
6 427
6 432
6 438
6 446
6 447
6 453
6 460
6 472
6 480
6 487
6 491
7 8
7 29
7 40
7 67
7 69
7 82
7 86
7 87
7 92
7 99
7 109
7 127
7 129
7 138
7 146
7 161
7 163
7 170
7 175
7 180
7 185
7 188
7 196
7 211
7 222
7 258
7 278
7 290
7 298
7 310
7 318
7 328
7 331
7 353
7 367
7 394
7 413
7 418
7 423
7 443
7 444
7 464
7 472
7 482
8 12
8 15
8 29
8 70
8 77
8 80
8 106
8 107
8 118
8 140
8 152
8 169
8 179
8 181
8 192
8 202
8 203
8 213
8 214
8 216
8 219
8 220
8 228
8 233
8 239
8 251
8 252
8 274
8 283
8 301
8 313
8 316
8 319
8 327
8 337
8 340
8 344
8 346
8 356
8 362
8 366
8 378
8 411
8 413
8 417
8 449
8 455
8 457
8 462
8 471
8 474
8 475
8 495
9 14
9 24
9 26
9 27
9 33
9 38
9 40
9 45
9 46
9 59
9 62
9 83
9 96
9 97
9 109
9 126
9 128
9 131
9 133
9 144
9 146
9 156
9 160
9 176
9 177
9 179
9 197
9 222
9 228
9 237
9 261
9 266
9 267
9 269
9 275
9 285
9 290
9 298
9 309
9 323
9 326
9 329
9 342
9 356
9 377
9 382
9 392
9 401
9 404
9 408
9 413
9 416
9 457
9 488
9 489
9 490
10 12
10 15
10 16
10 34
10 35
10 42
10 55
10 59
10 81
10 83
10 96
10 97
10 100
10 123
10 144
10 147
10 148
10 151
10 158
10 161
10 168
10 174
10 178
10 194
10 208
10 222
10 223
10 228
10 236
10 246
10 256
10 259
10 260
10 265
10 266
10 274
10 278
10 290
10 300
10 303
10 305
10 324
10 340
10 341
10 347
10 348
10 355
10 368
10 373
10 381
10 383
10 387
10 393
10 397
10 398
10 400
10 411
10 415
10 418
10 421
10 437
10 462
10 472
10 473
10 480
10 494
10 495
10 497
10 498
11 24
11 27
11 28
11 40
11 49
11 54
11 55
11 57
11 69
11 71
11 82
11 94
11 115
11 125
11 130
11 133
11 141
11 156
11 171
11 191
11 201
11 216
11 217
11 222
11 230
11 235
11 243
11 249
11 251
11 253
11 290
11 291
11 300
11 301
11 303
11 311
11 315
11 325
11 330
11 337
11 339
11 354
11 359
11 367
11 382
11 383
11 384
11 406
11 418
11 421
11 425
11 436
11 447
11 450
11 468
11 484
12 18
12 19
12 20
12 35
12 60
12 67
12 68
12 69
12 79
12 83
12 102
12 116
12 125
12 126
12 129
12 168
12 169
12 173
12 182
12 229
12 232
12 233
12 239
12 265
12 274
12 280
12 288
12 292
12 296
12 311
12 313
12 329
12 342
12 348
12 356
12 426
12 428
12 432
12 438
12 443
12 451
12 452
12 458
12 485
12 492
13 17
13 30
13 41
13 45
13 50
13 66
13 73
13 74
13 76
13 82
13 97
13 105
13 111
13 117
13 131
13 151
13 170
13 178
13 185
13 189
13 194
13 207
13 220
13 227
13 234
13 235
13 248
13 253
13 259
13 265
13 275
13 276
13 282
13 299
13 304
13 309
13 321
13 333
13 349
13 359
13 360
13 365
13 378
13 388
13 393
13 400
13 402
13 403
13 424
13 444
13 452
13 456
13 460
13 462
13 465
13 469
13 489
14 28
14 40
14 55
14 56
14 61
14 71
14 74
14 84
14 98
14 118
14 131
14 134
14 149
14 151
14 169
14 171
14 175
14 212
14 218
14 231
14 234
14 244
14 249
14 256
14 259
14 265
14 283
14 302
14 307
14 308
14 341
14 375
14 384
14 395
14 396
14 404
14 414
14 444
14 452
14 455
15 21
15 27
15 30
15 32
15 56
15 61
15 72
15 88
15 140
15 141
15 148
15 156
15 174
15 189
15 191
15 201
15 211
15 220
15 225
15 231
15 236
15 240
15 262
15 275
15 293
15 320
15 321
15 337
15 339
15 341
15 344
15 353
15 366
15 369
15 385
15 409
15 424
15 453
15 461
15 482
15 492
15 497
16 26
16 30
16 33
16 36
16 42
16 69
16 81
16 83
16 91
16 98
16 99
16 101
16 106
16 107
16 113
16 119
16 122
16 130
16 142
16 151
16 157
16 169
16 174
16 178
16 184
16 187
16 198
16 203
16 210
16 215
16 218
16 262
16 277
16 285
16 288
16 294
16 304
16 311
16 313
16 320
16 340
16 346
16 348
16 358
16 359
16 362
16 372
16 382
16 385
16 403
16 405
16 420
16 422
16 474
16 478
16 482
16 483
16 495
16 498
17 18
17 24
17 38
17 49
17 75
17 88
17 105
17 110
17 115
17 129
17 148
17 157
17 162
17 168
17 174
17 199
17 220
17 261
17 272
17 288
17 304
17 317
17 325
17 336
17 343
17 355
17 370
17 379
17 386
17 395
17 410
17 439
17 449
17 450
17 468
17 480
17 481
17 495
17 496
18 30
18 40
18 56
18 57
18 74
18 87
18 89
18 107
18 123
18 124
18 127
18 131
18 136
18 153
18 155
18 156
18 161
18 168
18 169
18 173
18 175
18 179
18 188
18 195
18 200
18 203
18 204
18 209
18 213
18 214
18 216
18 220
18 226
18 228
18 229
18 261
18 268
18 278
18 286
18 288
18 292
18 293
18 304
18 309
18 310
18 330
18 342
18 376
18 383
18 389
18 403
18 405
18 407
18 411
18 430
18 437
18 449
18 453
18 455
18 458
18 461
18 470
18 491
18 497
19 27
19 29
19 34
19 44
19 60
19 67
19 68
19 79
19 99
19 109
19 113
19 126
19 141
19 150
19 151
19 153
19 174
19 199
19 202
19 214
19 220
19 221
19 227
19 229
19 236
19 243
19 257
19 263
19 285
19 330
19 342
19 348
19 349
19 350
19 355
19 368
19 378
19 390
19 425
19 447
19 454
19 465
19 466
19 471
19 483
19 484
19 491
19 495
19 497
20 23
20 25
20 36
20 41
20 42
20 50
20 75
20 76
20 78
20 86
20 93
20 94
20 95
20 102
20 105
20 112
20 114
20 116
20 120
20 139
20 156
20 158
20 166
20 171
20 199
20 200
20 204
20 215
20 223
20 230
20 237
20 248
20 258
20 299
20 309
20 316
20 333
20 337
20 338
20 341
20 344
20 356
20 379
20 385
20 405
20 417
20 419
20 424
20 430
20 437
20 458
20 460
20 479
20 485
21 23
21 32
21 54
21 56
21 57
21 76
21 85
21 100
21 104
21 122
21 128
21 138
21 144
21 168
21 199
21 204
21 224
21 225
21 236
21 246
21 287
21 294
21 299
21 301
21 311
21 318
21 319
21 325
21 327
21 331
21 332
21 337
21 342
21 343
21 351
21 391
21 394
21 402
21 406
21 408
21 415
21 422
21 443
21 447
21 455
21 461
21 466
21 474
21 488
21 491
21 496
21 497
22 33
22 38
22 45
22 48
22 52
22 64
22 81
22 103
22 104
22 106
22 123
22 127
22 138
22 141
22 142
22 146
22 154
22 161
22 180
22 186
22 201
22 204
22 207
22 220
22 222
22 236
22 252
22 266
22 287
22 306
22 316
22 329
22 342
22 352
22 359
22 369
22 387
22 413
22 426
22 430
22 432
22 436
22 449
22 481
22 482
22 486
22 492
23 26
23 27
23 29
23 40
23 48
23 60
23 64
23 71
23 79
23 81
23 93
23 95
23 99
23 100
23 106
23 108
23 118
23 121
23 123
23 126
23 127
23 141
23 158
23 174
23 175
23 188
23 203
23 218
23 223
23 227
23 233
23 247
23 249
23 254
23 263
23 266
23 287
23 294
23 296
23 301
23 307
23 309
23 317
23 318
23 321
23 326
23 327
23 331
23 337
23 340
23 341
23 342
23 343
23 360
23 361
23 376
23 386
23 387
23 407
23 412
23 418
23 438
23 448
23 485
23 493
24 28
24 32
24 46
24 59
24 66
24 67
24 86
24 88
24 134
24 155
24 164
24 175
24 222
24 227
24 236
24 246
24 248
24 253
24 281
24 300
24 301
24 315
24 320
24 327
24 339
24 346
24 349
24 373
24 375
24 377
24 382
24 385
24 387
24 407
24 442
24 444
24 449
24 451
24 453
24 458
24 460
24 466
24 485
25 53
25 58
25 66
25 71
25 73
25 108
25 114
25 122
25 134
25 146
25 155
25 174
25 178
25 180
25 190
25 194
25 208
25 225
25 311
25 319
25 329
25 345
25 349
25 361
25 370
25 375
25 394
25 395
25 403
25 419
25 422
25 424
25 430
25 431
25 460
25 487
25 492
25 495
25 496
26 36
26 38
26 42
26 43
26 62
26 66
26 86
26 92
26 112
26 126
26 140
26 150
26 169
26 171
26 176
26 195
26 202
26 204
26 205
26 216
26 222
26 227
26 239
26 250
26 255
26 265
26 273
26 278
26 283
26 284
26 287
26 291
26 292
26 300
26 301
26 328
26 329
26 331
26 355
26 360
26 369
26 380
26 381
26 403
26 409
26 420
26 443
26 446
26 484
27 47
27 60
27 61
27 62
27 64
27 73
27 88
27 96
27 107
27 110
27 123
27 124
27 134
27 138
27 150
27 153
27 156
27 157
27 163
27 166
27 168
27 177
27 181
27 182
27 187
27 214
27 217
27 238
27 246
27 251
27 257
27 262
27 272
27 280
27 282
27 287
27 294
27 298
27 309
27 319
27 324
27 334
27 337
27 344
27 362
27 366
27 370
27 372
27 377
27 383
27 387
27 393
27 400
27 405
27 406
27 419
27 429
27 436
27 440
27 463
27 479
27 482
27 497
28 31
28 33
28 47
28 48
28 55
28 58
28 72
28 83
28 85
28 96
28 99
28 116
28 123
28 143
28 145
28 148
28 150
28 153
28 170
28 171
28 184
28 207
28 214
28 218
28 220
28 224
28 242
28 245
28 251
28 258
28 260
28 263
28 265
28 269
28 270
28 284
28 286
28 288
28 295
28 299
28 306
28 318
28 324
28 329
28 333
28 362
28 373
28 381
28 397
28 398
28 402
28 421
28 456
28 467
28 479
28 498
29 46
29 49
29 51
29 59
29 74
29 77
29 78
29 84
29 85
29 92
29 97
29 106
29 121
29 128
29 130
29 134
29 136
29 139
29 143
29 144
29 157
29 167
29 172
29 180
29 186
29 202
29 207
29 231
29 233
29 241
29 244
29 245
29 273
29 283
29 287
29 299
29 308
29 311
29 314
29 319
29 330
29 339
29 341
29 350
29 365
29 373
29 377
29 387
29 389
29 394
29 397
29 409
29 416
29 417
29 429
29 459
29 484
30 47
30 61
30 70
30 88
30 111
30 117
30 126
30 127
30 140
30 152
30 157
30 166
30 191
30 204
30 210
30 223
30 242
30 245
30 250
30 251
30 257
30 277
30 282
30 302
30 306
30 324
30 325
30 337
30 365
30 368
30 369
30 375
30 380
30 396
30 423
30 433
30 440
30 442
30 447
30 458
30 461
30 469
30 478
31 34
31 37
31 51
31 56
31 57
31 59
31 60
31 63
31 104
31 109
31 134
31 146
31 163
31 164
31 170
31 174
31 176
31 177
31 188
31 200
31 210
31 215
31 219
31 229
31 247
31 256
31 260
31 275
31 277
31 322
31 348
31 352
31 359
31 369
31 376
31 381
31 401
31 403
31 416
31 422
31 435
31 437
31 439
31 452
31 456
31 466
32 37
32 43
32 47
32 62
32 63
32 70
32 74
32 77
32 81
32 85
32 86
32 89
32 91
32 92
32 93
32 105
32 135
32 140
32 145
32 146
32 149
32 173
32 183
32 189
32 205
32 211
32 219
32 221
32 260
32 264
32 270
32 272
32 301
32 328
32 333
32 334
32 348
32 350
32 355
32 362
32 369
32 370
32 379
32 427
32 438
32 450
32 455
32 456
32 464
33 35
33 37
33 78
33 85
33 87
33 90
33 91
33 96
33 97
33 119
33 126
33 140
33 144
33 148
33 168
33 204
33 215
33 217
33 220
33 228
33 245
33 252
33 269
33 273
33 275
33 283
33 288
33 296
33 299
33 300
33 307
33 310
33 322
33 329
33 331
33 335
33 341
33 349
33 353
33 354
33 358
33 361
33 363
33 468
33 475
33 477
33 484
33 499
34 37
34 48
34 51
34 58
34 59
34 74
34 75
34 92
34 97
34 101
34 113
34 117
34 118
34 131
34 135
34 150
34 151
34 175
34 182
34 184
34 201
34 202
34 221
34 233
34 238
34 242
34 248
34 252
34 257
34 268
34 270
34 274
34 276
34 277
34 283
34 284
34 298
34 309
34 312
34 327
34 330
34 332
34 341
34 344
34 353
34 360
34 378
34 380
34 395
34 415
34 417
34 418
34 424
34 449
34 453
34 456
34 469
34 481
34 487
34 493
34 494
35 59
35 73
35 82
35 92
35 126
35 138
35 140
35 142
35 149
35 163
35 170
35 215
35 217
35 221
35 233
35 239
35 250
35 257
35 258
35 263
35 271
35 278
35 283
35 287
35 293
35 295
35 310
35 320
35 323
35 335
35 361
35 371
35 378
35 380
35 388
35 391
35 404
35 420
35 424
35 425
35 428
35 433
35 434
35 436
35 442
35 444
35 447
35 452
35 462
35 498
36 42
36 44
36 62
36 68
36 69
36 74
36 77
36 85
36 91
36 95
36 101
36 107
36 118
36 120
36 132
36 139
36 143
36 144
36 169
36 170
36 188
36 191
36 194
36 201
36 204
36 226
36 262
36 264
36 274
36 280
36 293
36 301
36 334
36 358
36 359
36 369
36 373
36 375
36 386
36 392
36 402
36 407
36 411
36 426
36 430
36 436
36 466
36 469
36 476
37 50
37 52
37 54
37 60
37 69
37 70
37 91
37 100
37 101
37 119
37 132
37 134
37 146
37 154
37 165
37 167
37 175
37 178
37 194
37 197
37 201
37 204
37 216
37 249
37 258
37 263
37 282
37 284
37 289
37 292
37 327
37 334
37 348
37 349
37 364
37 372
37 377
37 379
37 391
37 403
37 418
37 419
37 421
37 440
37 441
37 445
37 462
37 470
37 473
37 493
37 499
38 55
38 68
38 76
38 86
38 89
38 90
38 98
38 138
38 155
38 159
38 182
38 207
38 217
38 225
38 228
38 237
38 255
38 274
38 276
38 285
38 322
38 323
38 335
38 341
38 342
38 389
38 402
38 403
38 423
38 444
38 448
38 450
38 455
38 456
38 458
38 462
38 468
38 477
38 488
39 44
39 51
39 61
39 74
39 82
39 83
39 95
39 97
39 98
39 107
39 120
39 139
39 150
39 159
39 162
39 189
39 192
39 194
39 197
39 252
39 259
39 261
39 281
39 285
39 289
39 311
39 313
39 316
39 322
39 330
39 333
39 341
39 349
39 363
39 377
39 403
39 412
39 413
39 415
39 431
39 438
39 456
39 464
39 467
39 470
39 473
39 496
40 72
40 80
40 88
40 114
40 117
40 119
40 137
40 154
40 170
40 191
40 195
40 205
40 226
40 229
40 232
40 236
40 244
40 262
40 268
40 272
40 275
40 278
40 279
40 282
40 286
40 324
40 343
40 357
40 393
40 395
40 400
40 403
40 405
40 440
40 447
40 450
40 455
40 457
40 459
40 497
41 55
41 59
41 62
41 64
41 72
41 74
41 80
41 104
41 118
41 126
41 127
41 163
41 230
41 233
41 257
41 260
41 275
41 288
41 289
41 303
41 313
41 317
41 334
41 385
41 394
41 407
41 411
41 415
41 448
41 455
41 463
41 473
41 491
42 44
42 45
42 55
42 58
42 59
42 70
42 75
42 91
42 96
42 106
42 117
42 122
42 124
42 141
42 165
42 175
42 180
42 187
42 224
42 226
42 244
42 250
42 260
42 270
42 273
42 274
42 291
42 301
42 328
42 373
42 374
42 379
42 380
42 382
42 386
42 393
42 407
42 414
42 420
42 446
42 454
42 455
42 458
42 479
42 484
42 499
43 53
43 77
43 79
43 86
43 92
43 109
43 115
43 116
43 119
43 138
43 150
43 159
43 162
43 172
43 175
43 179
43 188
43 196
43 204
43 208
43 210
43 211
43 212
43 223
43 249
43 259
43 276
43 278
43 281
43 291
43 297
43 314
43 331
43 341
43 344
43 355
43 358
43 369
43 399
43 402
43 408
43 411
43 416
43 420
43 428
43 438
43 465
43 472
43 493
43 497
44 47
44 57
44 72
44 73
44 75
44 79
44 86
44 94
44 98
44 115
44 119
44 133
44 146
44 157
44 165
44 180
44 196
44 201
44 207
44 208
44 226
44 229
44 236
44 241
44 248
44 250
44 261
44 262
44 287
44 312
44 318
44 319
44 326
44 370
44 374
44 408
44 414
44 447
44 478
44 484
44 499
45 68
45 72
45 75
45 79
45 81
45 92
45 98
45 102
45 103
45 105
45 122
45 140
45 146
45 148
45 155
45 162
45 172
45 176
45 181
45 198
45 227
45 231
45 237
45 239
45 241
45 257
45 316
45 318
45 322
45 329
45 331
45 333
45 335
45 338
45 343
45 386
45 391
45 416
45 425
45 446
45 461
45 469
45 470
45 482
45 493
46 80
46 90
46 92
46 98
46 102
46 103
46 119
46 123
46 135
46 146
46 149
46 154
46 176
46 197
46 200
46 224
46 226
46 232
46 255
46 257
46 278
46 279
46 289
46 297
46 304
46 307
46 308
46 315
46 335
46 336
46 339
46 340
46 341
46 345
46 370
46 401
46 417
46 459
46 463
46 467
46 478
46 485
46 496
47 48
47 65
47 66
47 84
47 100
47 108
47 136
47 167
47 179
47 212
47 218
47 221
47 223
47 230
47 234
47 235
47 242
47 243
47 266
47 267
47 282
47 283
47 286
47 303
47 308
47 311
47 319
47 351
47 352
47 356
47 372
47 384
47 396
47 403
47 410
47 416
47 440
47 446
47 451
47 452
47 459
47 475
47 484
47 489
48 49
48 51
48 56
48 65
48 87
48 93
48 108
48 113
48 116
48 128
48 140
48 143
48 144
48 145
48 152
48 155
48 172
48 180
48 184
48 191
48 197
48 208
48 220
48 226
48 233
48 241
48 271
48 303
48 304
48 310
48 316
48 327
48 333
48 337
48 340
48 352
48 358
48 364
48 368
48 383
48 401
48 414
48 427
48 487
49 55
49 73
49 75
49 81
49 87
49 91
49 95
49 99
49 100
49 101
49 114
49 117
49 119
49 122
49 144
49 146
49 156
49 165
49 166
49 181
49 191
49 196
49 210
49 217
49 222
49 232
49 236
49 242
49 266
49 273
49 275
49 283
49 285
49 295
49 324
49 326
49 328
49 329
49 330
49 384
49 399
49 407
49 411
49 432
49 450
49 455
49 464
49 469
49 482
49 485
49 486
49 496
49 498
50 52
50 57
50 74
50 83
50 111
50 114
50 115
50 127
50 130
50 140
50 175
50 186
50 191
50 224
50 226
50 230
50 241
50 248
50 273
50 282
50 284
50 289
50 306
50 308
50 320
50 322
50 326
50 333
50 360
50 363
50 368
50 371
50 377
50 403
50 409
50 415
50 427
50 432
50 459
50 467
50 475
50 492
51 61
51 66
51 67
51 96
51 109
51 114
51 118
51 128
51 142
51 146
51 157
51 159
51 164
51 177
51 196
51 205
51 211
51 223
51 229
51 237
51 251
51 264
51 276
51 285
51 310
51 311
51 330
51 331
51 349
51 356
51 358
51 359
51 363
51 365
51 373
51 388
51 390
51 403
51 433
51 449
51 459
51 462
51 463
51 466
51 480
51 485
52 62
52 65
52 67
52 86
52 94
52 103
52 105
52 121
52 122
52 158
52 162
52 189
52 206
52 221
52 222
52 223
52 225
52 243
52 268
52 290
52 319
52 323
52 324
52 334
52 335
52 342
52 359
52 388
52 411
52 413
52 434
52 439
52 444
52 445
52 460
52 467
52 470
52 484
52 497
53 59
53 63
53 72
53 83
53 86
53 100
53 118
53 135
53 150
53 153
53 160
53 177
53 178
53 181
53 192
53 200
53 207
53 213
53 221
53 242
53 243
53 248
53 264
53 269
53 277
53 279
53 281
53 297
53 298
53 307
53 312
53 368
53 370
53 385
53 388
53 398
53 400
53 422
53 432
53 439
53 441
53 452
53 459
53 472
53 478
53 486
53 492
54 58
54 63
54 65
54 74
54 75
54 76
54 88
54 95
54 104
54 110
54 111
54 115
54 132
54 166
54 172
54 173
54 179
54 188
54 194
54 206
54 218
54 223
54 226
54 243
54 247
54 256
54 260
54 271
54 273
54 279
54 297
54 298
54 309
54 310
54 327
54 337
54 338
54 343
54 348
54 349
54 383
54 388
54 389
54 415
54 419
54 423
54 425
54 432
54 438
54 439
54 473
54 476
54 478
54 481
54 483
54 494
54 496
55 73
55 76
55 80
55 84
55 88
55 108
55 109
55 110
55 116
55 120
55 125
55 130
55 134
55 136
55 155
55 171
55 207
55 209
55 218
55 246
55 247
55 253
55 297
55 302
55 320
55 336
55 338
55 346
55 349
55 362
55 378
55 380
55 392
55 394
55 420
55 423
55 437
55 456
55 462
55 463
55 464
55 466
55 468
55 484
56 71
56 75
56 80
56 82
56 84
56 110
56 118
56 120
56 129
56 134
56 135
56 136
56 154
56 177
56 189
56 213
56 218
56 225
56 232
56 234
56 235
56 239
56 244
56 250
56 270
56 274
56 295
56 300
56 306
56 315
56 319
56 321
56 336
56 350
56 355
56 356
56 373
56 381
56 406
56 425
56 445
56 459
56 486
56 487
56 490
56 497
57 61
57 64
57 73
57 74
57 98
57 106
57 109
57 114
57 117
57 143
57 154
57 157
57 170
57 171
57 194
57 196
57 202
57 208
57 226
57 266
57 279
57 291
57 297
57 311
57 314
57 315
57 318
57 327
57 342
57 365
57 367
57 374
57 376
57 385
57 392
57 396
57 408
57 421
57 443
57 450
57 460
57 470
57 478
58 84
58 99
58 103
58 104
58 108
58 112
58 118
58 140
58 142
58 157
58 163
58 172
58 173
58 184
58 198
58 200
58 218
58 219
58 223
58 232
58 235
58 241
58 243
58 247
58 249
58 250
58 259
58 264
58 269
58 275
58 306
58 307
58 310
58 311
58 320
58 331
58 341
58 345
58 349
58 350
58 358
58 380
58 385
58 389
58 391
58 396
58 403
58 404
58 405
58 417
58 423
58 432
58 437
58 442
58 447
58 448
58 458
58 471
58 488
59 71
59 91
59 131
59 135
59 141
59 167
59 181
59 182
59 191
59 210
59 211
59 219
59 247
59 276
59 277
59 284
59 285
59 306
59 312
59 318
59 320
59 354
59 359
59 366
59 367
59 384
59 419
59 450
59 452
59 463
59 480
59 489
60 70
60 77
60 92
60 94
60 103
60 143
60 150
60 170
60 183
60 196
60 206
60 220
60 243
60 244
60 255
60 260
60 271
60 281
60 293
60 300
60 305
60 311
60 317
60 326
60 344
60 375
60 398
60 401
60 429
60 436
60 471
60 475
60 483
60 487
61 88
61 96
61 97
61 101
61 123
61 129
61 147
61 158
61 159
61 206
61 226
61 231
61 256
61 257
61 265
61 274
61 280
61 284
61 292
61 296
61 304
61 306
61 308
61 318
61 327
61 343
61 351
61 378
61 390
61 400
61 409
61 421
61 425
61 429
61 439
61 441
61 446
61 455
61 470
61 477
61 487
61 499
62 63
62 69
62 72
62 87
62 95
62 97
62 146
62 181
62 184
62 192
62 196
62 203
62 248
62 253
62 281
62 289
62 314
62 321
62 327
62 350
62 354
62 370
62 375
62 379
62 381
62 401
62 417
62 422
62 423
62 425
62 461
62 478
62 491
63 68
63 71
63 76
63 80
63 81
63 99
63 104
63 124
63 125
63 136
63 163
63 167
63 181
63 188
63 193
63 196
63 210
63 253
63 261
63 264
63 269
63 277
63 305
63 313
63 319
63 330
63 345
63 346
63 347
63 358
63 360
63 363
63 366
63 374
63 375
63 377
63 378
63 387
63 401
63 417
63 422
63 424
63 432
63 442
63 445
63 448
63 450
63 481
63 490
63 491
63 493
64 68
64 73
64 95
64 108
64 128
64 133
64 168
64 175
64 178
64 181
64 184
64 231
64 236
64 237
64 243
64 260
64 263
64 299
64 304
64 312
64 327
64 332
64 350
64 364
64 382
64 383
64 384
64 398
64 400
64 401
64 405
64 412
64 427
64 431
64 435
64 440
64 445
64 457
64 471
64 480
65 72
65 88
65 96
65 97
65 109
65 110
65 125
65 126
65 139
65 144
65 146
65 151
65 152
65 162
65 193
65 203
65 206
65 207
65 218
65 219
65 222
65 229
65 236
65 237
65 258
65 263
65 271
65 283
65 294
65 295
65 304
65 312
65 329
65 352
65 354
65 360
65 372
65 374
65 375
65 386
65 391
65 401
65 410
65 428
65 430
65 439
65 440
65 442
65 443
65 470
65 472
65 480
65 496
65 498
66 70
66 71
66 92
66 107
66 130
66 132
66 138
66 149
66 154
66 168
66 198
66 201
66 215
66 232
66 234
66 243
66 261
66 268
66 270
66 271
66 274
66 276
66 303
66 317
66 327
66 330
66 331
66 334
66 344
66 351
66 364
66 393
66 403
66 405
66 415
66 416
66 417
66 432
66 433
66 440
66 441
66 442
66 445
66 463
66 465
66 467
66 478
66 479
66 484
67 82
67 111
67 125
67 136
67 138
67 144
67 155
67 196
67 204
67 221
67 233
67 241
67 271
67 295
67 296
67 305
67 320
67 330
67 340
67 348
67 352
67 362
67 372
67 379
67 392
67 394
67 401
67 404
67 405
67 407
67 420
67 436
67 440
67 449
67 452
67 477
67 484
67 486
67 488
67 491
68 69
68 70
68 114
68 120
68 126
68 131
68 133
68 136
68 139
68 171
68 176
68 186
68 196
68 199
68 213
68 216
68 224
68 226
68 240
68 286
68 287
68 298
68 305
68 319
68 324
68 341
68 356
68 369
68 378
68 395
68 422
68 427
68 430
68 434
68 438
68 465
68 481
68 482
68 483
68 490
68 496
69 86
69 102
69 104
69 118
69 121
69 130
69 132
69 161
69 166
69 176
69 178
69 188
69 200
69 220
69 224
69 232
69 255
69 256
69 283
69 288
69 294
69 302
69 303
69 306
69 343
69 350
69 352
69 362
69 366
69 374
69 377
69 383
69 392
69 403
69 405
69 430
69 446
69 454
69 471
69 480
69 493
69 495
70 80
70 82
70 99
70 109
70 112
70 133
70 141
70 146
70 149
70 150
70 155
70 162
70 164
70 170
70 179
70 193
70 199
70 201
70 205
70 230
70 250
70 258
70 275
70 276
70 302
70 309
70 310
70 311
70 322
70 328
70 329
70 340
70 345
70 356
70 363
70 375
70 385
70 395
70 408
70 414
70 428
70 434
70 436
70 445
70 450
70 463
70 467
70 480
71 82
71 84
71 98
71 108
71 117
71 122
71 140
71 151
71 153
71 170
71 171
71 174
71 183
71 194
71 216
71 225
71 231
71 249
71 263
71 273
71 286
71 295
71 296
71 315
71 318
71 328
71 335
71 350
71 360
71 386
71 397
71 398
71 414
71 415
71 422
71 424
71 428
71 435
71 449
71 452
71 496
72 75
72 78
72 83
72 89
72 96
72 102
72 118
72 119
72 121
72 143
72 152
72 165
72 171
72 173
72 192
72 212
72 231
72 249
72 262
72 271
72 275
72 286
72 288
72 321
72 324
72 345
72 351
72 358
72 363
72 389
72 390
72 392
72 401
72 409
72 420
72 463
72 464
72 468
72 471
72 484
72 498
73 87
73 90
73 92
73 97
73 107
73 115
73 119
73 120
73 125
73 139
73 140
73 144
73 163
73 165
73 175
73 188
73 195
73 218
73 236
73 246
73 263
73 268
73 274
73 292
73 306
73 310
73 312
73 316
73 326
73 340
73 343
73 348
73 371
73 383
73 389
73 396
73 404
73 405
73 413
73 418
73 422
73 431
73 432
73 433
73 476
73 494
74 81
74 103
74 104
74 107
74 112
74 124
74 157
74 191
74 202
74 207
74 214
74 217
74 226
74 231
74 239
74 240
74 250
74 255
74 256
74 307
74 331
74 361
74 396
74 397
74 411
74 413
74 445
74 452
74 459
74 476
74 486
75 100
75 117
75 118
75 119
75 123
75 152
75 154
75 165
75 166
75 222
75 224
75 242
75 249
75 254
75 272
75 277
75 280
75 283
75 286
75 294
75 309
75 312
75 344
75 350
75 379
75 389
75 398
75 403
75 407
75 427
75 435
75 443
75 457
75 476
75 493
76 79
76 132
76 136
76 146
76 149
76 182
76 184
76 191
76 210
76 218
76 239
76 242
76 256
76 273
76 296
76 338
76 345
76 365
76 372
76 384
76 390
76 393
76 422
76 443
76 449
76 454
76 455
76 459
76 468
76 469
76 477
76 478
76 491
76 492
77 113
77 114
77 118
77 126
77 134
77 137
77 142
77 166
77 182
77 183
77 202
77 209
77 211
77 218
77 225
77 238
77 242
77 258
77 262
77 281
77 283
77 286
77 288
77 289
77 297
77 316
77 320
77 330
77 340
77 347
77 375
77 377
77 378
77 380
77 386
77 387
77 395
77 403
77 409
77 417
77 422
77 425
77 429
77 480
77 484
77 486
77 488
77 497
77 499
78 95
78 121
78 125
78 126
78 130
78 133
78 134
78 145
78 162
78 163
78 177
78 183
78 203
78 211
78 223
78 228
78 235
78 248
78 256
78 267
78 275
78 300
78 306
78 316
78 338
78 345
78 354
78 355
78 378
78 385
78 387
78 399
78 410
78 420
78 424
78 439
78 442
78 443
78 453
78 461
78 464
78 475
79 90
79 91
79 105
79 114
79 136
79 143
79 148
79 153
79 155
79 168
79 173
79 200
79 212
79 216
79 224
79 238
79 258
79 272
79 299
79 313
79 317
79 319
79 333
79 341
79 344
79 358
79 360
79 371
79 375
79 393
79 411
79 422
79 429
79 435
79 444
79 447
79 453
79 463
79 469
79 474
79 485
79 490
79 492
80 89
80 90
80 95
80 112
80 121
80 122
80 126
80 135
80 140
80 149
80 169
80 175
80 184
80 186
80 197
80 213
80 220
80 237
80 241
80 246
80 257
80 269
80 277
80 302
80 346
80 347
80 363
80 365
80 376
80 380
80 398
80 408
80 411
80 419
80 429
80 432
80 449
80 451
80 453
80 465
80 474
81 89
81 90
81 115
81 135
81 181
81 186
81 191
81 192
81 226
81 234
81 245
81 257
81 259
81 267
81 286
81 318
81 335
81 340
81 347
81 349
81 376
81 377
81 395
81 409
81 410
81 411
81 412
81 414
81 421
81 423
81 444
81 457
81 458
81 459
81 464
81 469
81 474
81 496
81 498
82 89
82 99
82 111
82 118
82 121
82 148
82 149
82 174
82 179
82 185
82 217
82 237
82 239
82 244
82 257
82 259
82 265
82 267
82 278
82 286
82 287
82 290
82 315
82 325
82 329
82 331
82 362
82 366
82 383
82 384
82 386
82 389
82 392
82 400
82 407
82 426
82 462
82 468
82 482
82 492
83 93
83 113
83 135
83 145
83 150
83 166
83 167
83 174
83 198
83 200
83 203
83 228
83 234
83 237
83 245
83 246
83 275
83 314
83 320
83 324
83 338
83 342
83 355
83 358
83 364
83 371
83 375
83 377
83 388
83 433
83 443
83 446
83 456
83 474
83 484
83 499
84 87
84 95
84 97
84 125
84 126
84 127
84 137
84 138
84 141
84 144
84 145
84 154
84 158
84 160
84 171
84 175
84 185
84 190
84 223
84 231
84 232
84 243
84 277
84 282
84 305
84 313
84 336
84 343
84 349
84 370
84 373
84 374
84 375
84 380
84 388
84 391
84 404
84 418
84 446
84 448
84 451
84 464
84 472
84 478
84 485
85 93
85 96
85 97
85 99
85 108
85 109
85 123
85 127
85 128
85 133
85 152
85 153
85 187
85 188
85 206
85 225
85 247
85 248
85 253
85 260
85 278
85 300
85 308
85 322
85 336
85 381
85 389
85 394
85 400
85 402
85 415
85 418
85 422
85 435
85 436
85 445
85 449
85 454
85 467
85 488
85 499
86 91
86 96
86 122
86 133
86 151
86 157
86 162
86 168
86 174
86 192
86 208
86 222
86 224
86 233
86 243
86 244
86 252
86 266
86 281
86 295
86 318
86 342
86 344
86 351
86 388
86 395
86 402
86 417
86 423
86 427
86 433
86 434
86 436
86 463
86 465
86 477
86 484
86 485
87 90
87 93
87 95
87 101
87 120
87 123
87 127
87 130
87 131
87 132
87 143
87 145
87 164
87 166
87 171
87 207
87 215
87 216
87 222
87 228
87 235
87 250
87 255
87 275
87 311
87 321
87 327
87 328
87 340
87 346
87 357
87 359
87 367
87 371
87 387
87 391
87 392
87 397
87 399
87 425
87 433
87 438
87 440
87 441
87 448
87 454
87 461
87 464
87 480
87 483
87 484
87 491
87 498
88 89
88 100
88 105
88 110
88 119
88 124
88 133
88 141
88 145
88 150
88 155
88 170
88 179
88 183
88 188
88 196
88 197
88 207
88 231
88 236
88 237
88 249
88 253
88 264
88 269
88 274
88 286
88 294
88 306
88 308
88 310
88 319
88 323
88 347
88 352
88 353
88 361
88 375
88 378
88 394
88 407
88 414
88 423
88 433
88 439
88 441
88 446
88 458
88 469
88 475
88 497
89 91
89 107
89 123
89 127
89 131
89 145
89 159
89 171
89 174
89 175
89 186
89 202
89 282
89 288
89 296
89 314
89 316
89 330
89 341
89 357
89 359
89 366
89 372
89 401
89 423
89 434
89 448
89 468
89 488
89 490
89 497
90 92
90 96
90 109
90 117
90 118
90 120
90 123
90 127
90 128
90 133
90 136
90 138
90 163
90 166
90 169
90 186
90 199
90 201
90 202
90 214
90 215
90 217
90 224
90 229
90 242
90 248
90 253
90 254
90 288
90 294
90 295
90 300
90 307
90 337
90 359
90 393
90 415
90 426
90 429
90 430
90 437
90 441
90 455
90 499
91 96
91 100
91 113
91 118
91 152
91 159
91 162
91 168
91 177
91 182
91 183
91 185
91 189
91 210
91 231
91 263
91 273
91 283
91 296
91 298
91 300
91 310
91 314
91 321
91 331
91 332
91 361
91 372
91 387
91 392
91 402
91 403
91 415
91 418
91 421
91 425
91 428
91 433
91 444
91 460
91 463
91 464
91 467
91 473
91 488
91 491
92 98
92 117
92 122
92 123
92 130
92 132
92 136
92 139
92 144
92 171
92 203
92 204
92 219
92 221
92 223
92 226
92 234
92 243
92 252
92 274
92 282
92 289
92 313
92 324
92 331
92 333
92 354
92 368
92 382
92 395
92 396
92 406
92 408
92 416
92 429
92 430
92 446
92 448
92 452
92 460
92 475
92 489
92 498
93 95
93 102
93 107
93 111
93 114
93 145
93 155
93 166
93 181
93 194
93 198
93 209
93 216
93 217
93 254
93 255
93 258
93 259
93 263
93 275
93 276
93 298
93 305
93 330
93 339
93 346
93 362
93 379
93 382
93 392
93 395
93 412
93 422
93 430
93 436
93 449
93 455
93 457
93 459
93 464
93 469
93 494
94 108
94 129
94 142
94 150
94 152
94 153
94 158
94 160
94 161
94 163
94 171
94 174
94 187
94 202
94 206
94 214
94 227
94 257
94 266
94 277
94 278
94 289
94 302
94 303
94 310
94 315
94 317
94 318
94 319
94 333
94 335
94 339
94 382
94 383
94 408
94 409
94 422
94 424
94 447
94 468
94 471
94 476
94 492
94 498
95 106
95 137
95 154
95 158
95 160
95 177
95 188
95 189
95 196
95 203
95 223
95 225
95 230
95 240
95 250
95 252
95 255
95 271
95 289
95 298
95 299
95 310
95 318
95 324
95 350
95 351
95 352
95 376
95 386
95 396
95 409
95 411
95 417
95 450
95 458
95 464
95 469
95 475
95 496
96 99
96 107
96 133
96 149
96 167
96 174
96 184
96 192
96 193
96 208
96 212
96 231
96 240
96 244
96 247
96 248
96 249
96 261
96 266
96 269
96 281
96 288
96 290
96 302
96 303
96 330
96 352
96 357
96 360
96 388
96 389
96 401
96 405
96 406
96 440
96 460
96 488
97 108
97 116
97 134
97 138
97 139
97 142
97 143
97 168
97 175
97 177
97 178
97 197
97 199
97 213
97 229
97 232
97 236
97 240
97 244
97 246
97 254
97 278
97 288
97 293
97 296
97 311
97 321
97 338
97 339
97 340
97 343
97 353
97 358
97 361
97 376
97 379
97 386
97 395
97 440
97 444
97 457
97 472
97 478
97 483
97 487
97 494
97 497
97 498
98 105
98 108
98 137
98 157
98 171
98 198
98 208
98 210
98 215
98 232
98 234
98 237
98 245
98 253
98 263
98 266
98 287
98 303
98 332
98 339
98 340
98 357
98 409
98 424
98 427
98 428
98 442
98 443
98 450
98 452
99 108
99 113
99 126
99 140
99 146
99 147
99 153
99 157
99 167
99 174
99 185
99 197
99 203
99 205
99 221
99 223
99 229
99 240
99 244
99 252
99 261
99 268
99 270
99 286
99 314
99 323
99 333
99 344
99 376
99 390
99 393
99 394
99 396
99 404
99 406
99 423
99 458
99 460
99 463
99 470
99 482
99 484
99 498
100 113
100 114
100 146
100 170
100 172
100 229
100 237
100 243
100 247
100 251
100 256
100 263
100 283
100 298
100 305
100 307
100 313
100 327
100 333
100 335
100 344
100 349
100 382
100 388
100 426
100 486
100 487
100 490
100 493
100 494
100 495
101 103
101 104
101 109
101 118
101 119
101 120
101 126
101 127
101 131
101 138
101 142
101 146
101 179
101 203
101 232
101 235
101 236
101 247
101 249
101 258
101 260
101 266
101 268
101 285
101 286
101 291
101 296
101 298
101 300
101 307
101 325
101 327
101 332
101 340
101 397
101 412
101 424
101 437
101 449
101 461
101 471
101 476
101 477
101 479
101 488
102 109
102 126
102 140
102 142
102 158
102 167
102 168
102 172
102 173
102 177
102 194
102 198
102 212
102 219
102 224
102 231
102 232
102 235
102 238
102 253
102 256
102 258
102 267
102 270
102 279
102 288
102 296
102 309
102 313
102 330
102 358
102 387
102 395
102 398
102 420
102 429
102 431
102 438
102 441
102 473
102 480
102 486
102 490
102 494
102 499
103 109
103 114
103 116
103 124
103 131
103 137
103 143
103 148
103 157
103 158
103 174
103 183
103 184
103 189
103 223
103 226
103 231
103 236
103 244
103 250
103 251
103 258
103 260
103 263
103 266
103 275
103 288
103 289
103 301
103 309
103 314
103 316
103 326
103 342
103 348
103 384
103 422
103 426
103 428
103 434
103 441
103 461
103 486
104 110
104 121
104 137
104 153
104 166
104 174
104 194
104 218
104 229
104 240
104 253
104 256
104 274
104 276
104 283
104 298
104 310
104 316
104 327
104 340
104 343
104 346
104 349
104 353
104 372
104 392
104 396
104 436
104 437
104 439
104 442
104 443
104 445
104 464
104 465
104 476
104 484
104 492
105 125
105 129
105 150
105 162
105 172
105 192
105 193
105 194
105 198
105 201
105 207
105 222
105 226
105 239
105 268
105 271
105 276
105 293
105 294
105 302
105 307
105 313
105 381
105 383
105 392
105 400
105 406
105 407
105 432
105 437
105 439
105 441
105 459
105 463
105 486
105 492
105 499
106 112
106 122
106 124
106 179
106 188
106 204
106 215
106 220
106 230
106 237
106 243
106 245
106 265
106 274
106 284
106 286
106 293
106 301
106 313
106 322
106 323
106 332
106 333
106 351
106 369
106 372
106 386
106 403
106 415
106 428
106 430
106 450
106 483
106 488
107 121
107 137
107 142
107 146
107 155
107 157
107 186
107 202
107 207
107 213
107 215
107 228
107 231
107 238
107 243
107 268
107 271
107 277
107 288
107 289
107 308
107 312
107 317
107 331
107 341
107 346
107 352
107 356
107 360
107 367
107 382
107 389
107 403
107 404
107 405
107 410
107 427
107 452
107 456
108 114
108 142
108 143
108 150
108 158
108 175
108 176
108 181
108 191
108 194
108 201
108 208
108 213
108 216
108 244
108 267
108 288
108 294
108 328
108 337
108 338
108 354
108 360
108 361
108 408
108 415
108 428
108 444
108 445
108 447
108 448
108 451
108 453
108 454
108 459
108 466
108 474
108 476
108 489
108 497
109 119
109 130
109 146
109 155
109 159
109 166
109 182
109 185
109 188
109 205
109 207
109 213
109 220
109 223
109 238
109 241
109 262
109 280
109 284
109 309
109 310
109 321
109 323
109 330
109 345
109 346
109 358
109 361
109 376
109 377
109 381
109 384
109 396
109 398
109 401
109 425
109 436
109 445
109 449
109 470
109 476
109 493
109 497
110 116
110 130
110 133
110 160
110 178
110 179
110 196
110 208
110 216
110 222
110 226
110 233
110 243
110 249
110 253
110 264
110 272
110 273
110 283
110 287
110 298
110 306
110 308
110 316
110 320
110 341
110 349
110 371
110 378
110 384
110 399
110 412
110 418
110 419
110 435
110 446
110 476
110 482
110 483
110 499
111 125
111 138
111 143
111 145
111 150
111 152
111 171
111 183
111 203
111 207
111 208
111 213
111 214
111 216
111 226
111 243
111 288
111 327
111 334
111 337
111 342
111 343
111 346
111 365
111 378
111 379
111 386
111 397
111 398
111 411
111 423
111 425
111 437
111 443
111 445
111 452
111 467
111 477
111 478
111 479
111 487
112 122
112 127
112 131
112 150
112 153
112 156
112 164
112 169
112 170
112 196
112 215
112 220
112 221
112 226
112 229
112 234
112 236
112 252
112 269
112 281
112 298
112 300
112 326
112 340
112 356
112 358
112 360
112 376
112 383
112 400
112 429
112 434
112 444
112 467
112 470
112 472
112 473
112 478
112 496
112 498
113 115
113 119
113 135
113 136
113 162
113 166
113 168
113 173
113 179
113 196
113 207
113 213
113 214
113 238
113 244
113 253
113 277
113 288
113 293
113 297
113 356
113 361
113 365
113 371
113 376
113 383
113 399
113 421
113 423
113 425
113 434
113 449
113 472
113 478
113 483
114 115
114 129
114 156
114 162
114 168
114 191
114 193
114 303
114 316
114 317
114 327
114 331
114 332
114 335
114 337
114 345
114 346
114 365
114 366
114 371
114 374
114 393
114 417
114 429
114 448
114 449
114 450
114 451
114 453
114 465
114 485
115 138
115 140
115 151
115 157
115 169
115 182
115 184
115 186
115 194
115 196
115 197
115 206
115 218
115 244
115 249
115 253
115 254
115 260
115 265
115 293
115 299
115 307
115 309
115 310
115 311
115 314
115 318
115 319
115 326
115 337
115 347
115 357
115 358
115 362
115 373
115 377
115 378
115 386
115 394
115 398
115 405
115 407
115 413
115 423
115 427
115 438
115 447
115 457
116 118
116 134
116 139
116 141
116 148
116 154
116 175
116 183
116 190
116 219
116 232
116 239
116 250
116 251
116 275
116 279
116 337
116 340
116 342
116 349
116 350
116 352
116 359
116 376
116 381
116 387
116 391
116 398
116 408
116 427
116 445
116 452
116 466
116 481
116 493
117 142
117 151
117 167
117 170
117 171
117 172
117 187
117 188
117 196
117 199
117 203
117 209
117 217
117 238
117 256
117 258
117 290
117 324
117 326
117 328
117 329
117 332
117 341
117 347
117 349
117 366
117 376
117 384
117 398
117 410
117 415
117 434
117 462
117 474
117 486
117 491
117 498
118 150
118 155
118 156
118 171
118 178
118 186
118 189
118 192
118 194
118 203
118 205
118 206
118 208
118 212
118 216
118 220
118 239
118 247
118 250
118 274
118 302
118 307
118 310
118 328
118 349
118 352
118 360
118 364
118 387
118 389
118 416
118 421
118 426
118 437
118 451
118 455
118 458
118 460
118 492
119 145
119 146
119 150
119 178
119 183
119 184
119 188
119 199
119 214
119 219
119 261
119 268
119 270
119 274
119 275
119 295
119 305
119 314
119 324
119 341
119 345
119 349
119 362
119 371
119 380
119 386
119 395
119 402
119 405
119 420
119 421
119 428
119 440
119 444
119 449
119 451
119 469
119 472
119 476
120 126
120 133
120 139
120 145
120 166
120 170
120 178
120 201
120 219
120 221
120 226
120 234
120 239
120 247
120 261
120 270
120 283
120 301
120 322
120 327
120 337
120 345
120 348
120 351
120 359
120 360
120 364
120 368
120 372
120 409
120 416
120 417
120 423
120 425
120 429
120 445
120 448
120 453
120 461
120 472
120 479
120 489
120 497
121 126
121 130
121 134
121 138
121 150
121 163
121 175
121 177
121 191
121 192
121 205
121 218
121 225
121 229
121 240
121 241
121 242
121 243
121 244
121 249
121 277
121 292
121 321
121 338
121 348
121 366
121 385
121 399
121 405
121 427
121 440
121 441
121 456
121 466
121 469
121 480
121 483
121 487
121 490
121 494
122 145
122 151
122 152
122 156
122 162
122 170
122 179
122 215
122 231
122 237
122 241
122 244
122 258
122 262
122 276
122 279
122 288
122 294
122 300
122 322
122 345
122 351
122 355
122 373
122 382
122 383
122 387
122 389
122 402
122 409
122 410
122 421
122 437
122 445
122 466
122 471
122 489
122 494
123 139
123 179
123 180
123 216
123 223
123 224
123 225
123 244
123 259
123 281
123 298
123 314
123 347
123 349
123 364
123 368
123 377
123 378
123 386
123 402
123 406
123 408
123 410
123 411
123 413
123 425
123 435
123 437
123 439
123 451
123 454
123 462
123 467
123 475
123 494
124 127
124 134
124 139
124 146
124 155
124 165
124 172
124 173
124 193
124 195
124 203
124 205
124 209
124 217
124 229
124 243
124 254
124 259
124 260
124 261
124 282
124 283
124 292
124 301
124 304
124 318
124 325
124 331
124 340
124 345
124 350
124 373
124 374
124 378
124 389
124 407
124 408
124 418
124 428
124 449
124 459
124 465
124 468
124 469
124 499
125 130
125 168
125 169
125 192
125 193
125 213
125 219
125 241
125 246
125 248
125 264
125 282
125 290
125 297
125 299
125 318
125 324
125 341
125 353
125 361
125 370
125 384
125 395
125 400
125 402
125 403
125 409
125 419
125 426
125 438
125 456
125 466
125 468
125 469
125 474
126 132
126 147
126 165
126 192
126 204
126 235
126 258
126 262
126 302
126 304
126 305
126 321
126 324
126 355
126 359
126 369
126 377
126 385
126 393
126 401
126 408
126 410
126 426
126 427
126 430
126 433
126 442
126 479
126 483
126 490
126 499
127 137
127 142
127 143
127 152
127 154
127 158
127 184
127 192
127 199
127 211
127 226
127 230
127 238
127 241
127 277
127 293
127 301
127 315
127 319
127 325
127 334
127 347
127 354
127 367
127 373
127 376
127 385
127 390
127 398
127 400
127 417
127 435
127 447
127 454
128 130
128 138
128 140
128 145
128 151
128 164
128 165
128 172
128 180
128 188
128 190
128 193
128 207
128 241
128 244
128 254
128 265
128 276
128 280
128 281
128 285
128 298
128 299
128 317
128 328
128 346
128 367
128 368
128 375
128 392
128 401
128 421
128 435
128 443
128 460
128 467
128 486
129 130
129 136
129 141
129 146
129 169
129 183
129 184
129 201
129 229
129 233
129 244
129 255
129 271
129 285
129 311
129 330
129 336
129 356
129 359
129 369
129 370
129 385
129 396
129 420
129 443
129 448
129 463
129 465
129 467
129 468
129 472
129 479
130 152
130 164
130 172
130 184
130 195
130 210
130 242
130 254
130 257
130 266
130 274
130 285
130 288
130 291
130 307
130 315
130 330
130 340
130 345
130 354
130 386
130 389
130 411
130 427
130 437
130 443
130 461
130 465
130 473
131 136
131 144
131 164
131 169
131 173
131 174
131 178
131 184
131 186
131 187
131 200
131 202
131 207
131 217
131 235
131 237
131 253
131 259
131 271
131 273
131 284
131 291
131 301
131 337
131 376
131 378
131 382
131 384
131 402
131 413
131 421
131 430
131 436
131 445
131 447
131 477
131 490
131 494
132 141
132 149
132 158
132 171
132 179
132 181
132 186
132 193
132 204
132 211
132 215
132 232
132 245
132 257
132 268
132 290
132 294
132 296
132 313
132 314
132 322
132 324
132 328
132 347
132 348
132 352
132 356
132 357
132 367
132 370
132 371
132 389
132 390
132 398
132 405
132 422
132 434
132 435
132 440
132 444
132 447
132 449
132 461
132 473
132 480
132 495
132 499
133 154
133 162
133 194
133 206
133 209
133 220
133 239
133 248
133 259
133 262
133 263
133 264
133 273
133 298
133 300
133 304
133 329
133 334
133 346
133 364
133 378
133 380
133 387
133 393
133 406
133 407
133 408
133 423
133 441
133 453
133 470
133 473
133 475
133 480
133 481
134 141
134 158
134 160
134 184
134 191
134 197
134 198
134 205
134 221
134 235
134 238
134 241
134 242
134 250
134 290
134 292
134 307
134 316
134 318
134 327
134 328
134 332
134 337
134 344
134 349
134 353
134 363
134 393
134 395
134 444
134 448
134 452
134 454
134 458
135 148
135 150
135 152
135 162
135 169
135 171
135 187
135 197
135 206
135 257
135 276
135 279
135 285
135 334
135 352
135 353
135 355
135 357
135 361
135 390
135 398
135 408
135 425
135 464
135 484
135 486
136 160
136 164
136 166
136 177
136 180
136 192
136 196
136 197
136 201
136 209
136 212
136 217
136 234
136 253
136 261
136 270
136 277
136 280
136 283
136 299
136 302
136 305
136 340
136 342
136 346
136 410
136 433
136 443
136 453
136 480
136 486
137 149
137 153
137 159
137 173
137 180
137 184
137 204
137 205
137 224
137 226
137 232
137 259
137 288
137 315
137 325
137 330
137 332
137 364
137 371
137 377
137 380
137 386
137 388
137 396
137 424
137 429
137 434
137 465
137 479
137 482
137 491
138 155
138 157
138 161
138 167
138 182
138 204
138 225
138 235
138 250
138 253
138 283
138 297
138 299
138 310
138 317
138 318
138 332
138 339
138 350
138 356
138 357
138 358
138 373
138 376
138 401
138 411
138 416
138 426
138 435
138 440
138 457
138 481
138 497
138 499
139 147
139 167
139 175
139 180
139 194
139 201
139 218
139 229
139 238
139 241
139 244
139 283
139 310
139 311
139 328
139 362
139 365
139 393
139 394
139 399
139 413
139 419
139 425
139 442
139 482
139 494
140 141
140 142
140 171
140 181
140 206
140 214
140 215
140 223
140 225
140 244
140 259
140 260
140 271
140 282
140 291
140 305
140 341
140 342
140 357
140 362
140 373
140 382
140 391
140 403
140 405
140 409
140 415
140 419
140 432
140 435
140 447
140 450
140 482
140 489
140 497
141 155
141 158
141 180
141 192
141 205
141 239
141 260
141 265
141 271
141 273
141 280
141 281
141 291
141 296
141 317
141 320
141 327
141 343
141 346
141 376
141 383
141 384
141 389
141 393
141 418
141 421
141 423
141 449
141 456
141 491
141 498
142 155
142 187
142 189
142 198
142 216
142 230
142 238
142 244
142 247
142 256
142 285
142 291
142 297
142 306
142 328
142 338
142 339
142 347
142 369
142 381
142 390
142 391
142 410
142 414
142 427
142 436
142 444
142 470
142 490
143 170
143 185
143 187
143 188
143 195
143 197
143 201
143 254
143 271
143 272
143 275
143 278
143 281
143 292
143 294
143 307
143 308
143 309
143 311
143 318
143 321
143 322
143 325
143 349
143 350
143 352
143 367
143 377
143 387
143 439
143 441
143 452
143 491
144 152
144 155
144 161
144 163
144 166
144 170
144 174
144 178
144 185
144 188
144 191
144 192
144 210
144 216
144 221
144 223
144 227
144 234
144 240
144 245
144 271
144 277
144 294
144 302
144 309
144 311
144 314
144 316
144 323
144 335
144 343
144 352
144 367
144 381
144 406
144 421
144 422
144 446
144 449
144 452
144 465
144 470
144 478
144 499
145 149
145 150
145 158
145 186
145 211
145 214
145 219
145 237
145 240
145 293
145 299
145 300
145 301
145 313
145 330
145 334
145 337
145 359
145 369
145 379
145 383
145 399
145 407
145 414
145 418
145 424
145 429
145 446
145 459
145 461
145 469
145 470
145 474
145 499
146 188
146 195
146 210
146 233
146 235
146 242
146 245
146 255
146 257
146 271
146 279
146 292
146 320
146 326
146 349
146 369
146 381
146 387
146 407
146 419
146 423
146 431
146 433
146 444
146 446
146 450
146 451
146 453
146 458
146 478
146 487
146 489
146 494
147 155
147 159
147 178
147 181
147 184
147 198
147 205
147 206
147 212
147 220
147 223
147 246
147 260
147 273
147 282
147 304
147 312
147 319
147 320
147 324
147 332
147 348
147 355
147 359
147 367
147 381
147 383
147 390
147 399
147 404
147 422
147 430
147 432
147 435
147 441
147 449
147 457
147 459
147 480
147 493
148 161
148 162
148 172
148 181
148 206
148 215
148 218
148 219
148 259
148 267
148 273
148 281
148 308
148 313
148 322
148 324
148 334
148 346
148 357
148 384
148 392
148 399
148 403
148 406
148 433
148 445
148 463
148 464
148 466
148 493
148 495
148 496
149 155
149 179
149 185
149 201
149 222
149 241
149 284
149 285
149 294
149 315
149 323
149 325
149 339
149 343
149 345
149 347
149 381
149 382
149 383
149 389
149 405
149 412
149 419
149 431
149 446
149 447
149 459
149 467
149 481
149 482
149 493
150 162
150 166
150 171
150 172
150 174
150 201
150 210
150 220
150 223
150 231
150 248
150 249
150 250
150 254
150 256
150 259
150 263
150 297
150 300
150 315
150 317
150 318
150 335
150 348
150 357
150 377
150 394
150 428
150 441
150 445
150 456
150 459
150 467
150 469
150 473
150 479
151 160
151 173
151 217
151 221
151 222
151 225
151 250
151 251
151 252
151 262
151 273
151 284
151 294
151 308
151 315
151 339
151 341
151 344
151 348
151 365
151 367
151 370
151 384
151 395
151 410
151 416
151 418
151 420
151 421
151 422
151 469
152 206
152 210
152 214
152 221
152 270
152 272
152 283
152 290
152 296
152 327
152 335
152 350
152 353
152 370
152 374
152 408
152 450
152 468
152 478
153 160
153 162
153 186
153 193
153 199
153 214
153 227
153 233
153 271
153 274
153 280
153 302
153 360
153 363
153 372
153 426
153 427
153 432
153 446
153 447
153 461
153 462
153 467
153 478
153 479
153 484
154 156
154 170
154 175
154 190
154 216
154 246
154 274
154 279
154 281
154 283
154 285
154 326
154 347
154 352
154 363
154 371
154 378
154 380
154 415
154 416
154 465
154 471
154 476
154 478
154 485
154 488
154 489
154 493
154 495
154 497
155 172
155 185
155 229
155 230
155 232
155 237
155 241
155 247
155 255
155 273
155 280
155 288
155 290
155 292
155 297
155 300
155 328
155 341
155 342
155 348
155 349
155 364
155 367
155 374
155 376
155 393
155 402
155 409
155 410
155 412
155 423
155 425
155 448
155 449
155 454
155 455
155 469
155 473
155 474
155 481
155 488
155 491
155 497
156 171
156 177
156 186
156 190
156 212
156 233
156 249
156 265
156 291
156 310
156 323
156 327
156 329
156 340
156 365
156 369
156 448
156 450
156 465
156 470
156 480
156 493
156 498
157 163
157 176
157 178
157 183
157 202
157 205
157 210
157 212
157 215
157 219
157 224
157 255
157 258
157 259
157 260
157 265
157 273
157 279
157 280
157 300
157 303
157 304
157 312
157 318
157 319
157 329
157 348
157 361
157 387
157 396
157 405
157 407
157 411
157 435
157 438
157 451
157 454
157 474
157 476
158 160
158 176
158 182
158 196
158 203
158 211
158 213
158 237
158 240
158 241
158 256
158 261
158 266
158 270
158 271
158 286
158 292
158 295
158 306
158 318
158 329
158 334
158 349
158 363
158 370
158 394
158 397
158 410
158 426
158 427
158 433
158 456
158 459
158 477
158 480
159 163
159 168
159 175
159 178
159 193
159 194
159 217
159 224
159 226
159 227
159 234
159 252
159 267
159 272
159 280
159 289
159 296
159 301
159 317
159 322
159 327
159 332
159 338
159 363
159 371
159 375
159 401
159 419
159 432
159 465
159 469
159 473
159 482
159 483
159 495
159 497
160 166
160 168
160 175
160 193
160 195
160 196
160 203
160 220
160 222
160 236
160 250
160 252
160 255
160 263
160 279
160 311
160 316
160 320
160 349
160 358
160 363
160 372
160 388
160 391
160 401
160 420
160 422
160 423
160 451
160 453
160 459
160 470
160 476
160 477
160 483
161 168
161 170
161 191
161 199
161 204
161 205
161 212
161 221
161 239
161 254
161 267
161 275
161 277
161 278
161 281
161 282
161 286
161 305
161 307
161 318
161 325
161 326
161 332
161 339
161 349
161 359
161 368
161 370
161 383
161 386
161 396
161 403
161 415
161 427
161 430
161 456
161 472
161 476
161 490
162 163
162 166
162 189
162 190
162 191
162 200
162 204
162 205
162 211
162 213
162 215
162 219
162 228
162 229
162 230
162 234
162 237
162 244
162 255
162 259
162 268
162 270
162 279
162 283
162 289
162 300
162 319
162 326
162 327
162 341
162 343
162 362
162 365
162 378
162 381
162 396
162 403
162 418
162 419
162 430
162 435
162 441
162 469
162 471
162 480
162 485
163 167
163 182
163 209
163 210
163 272
163 274
163 302
163 332
163 336
163 340
163 342
163 371
163 396
163 410
163 430
163 433
163 458
163 464
163 477
163 479
163 482
163 497
164 166
164 173
164 182
164 200
164 203
164 204
164 215
164 218
164 222
164 226
164 234
164 247
164 250
164 266
164 269
164 277
164 284
164 292
164 294
164 309
164 329
164 348
164 357
164 369
164 384
164 394
164 395
164 398
164 409
164 410
164 413
164 428
164 438
164 440
164 442
164 443
164 445
164 450
164 451
164 466
164 472
164 495
165 167
165 175
165 179
165 197
165 211
165 212
165 228
165 232
165 252
165 256
165 271
165 283
165 288
165 294
165 311
165 346
165 355
165 362
165 365
165 372
165 377
165 386
165 399
165 422
165 468
166 170
166 187
166 219
166 223
166 264
166 268
166 269
166 271
166 280
166 285
166 292
166 299
166 320
166 329
166 349
166 361
166 371
166 374
166 375
166 379
166 389
166 406
166 409
166 419
166 446
166 456
166 472
166 473
166 474
166 478
166 488
166 494
166 495
167 168
167 175
167 189
167 196
167 205
167 215
167 229
167 238
167 241
167 251
167 257
167 279
167 283
167 292
167 309
167 312
167 317
167 318
167 333
167 354
167 356
167 369
167 377
167 380
167 381
167 382
167 387
167 403
167 407
167 422
167 426
167 448
167 457
167 463
167 465
167 483
167 488
167 493
168 178
168 179
168 183
168 186
168 198
168 203
168 212
168 216
168 227
168 228
168 233
168 235
168 242
168 254
168 275
168 284
168 297
168 303
168 318
168 325
168 338
168 351
168 354
168 365
168 377
168 382
168 395
168 418
168 419
168 442
168 443
168 445
168 448
168 449
168 462
168 471
168 476
168 484
168 490
168 491
169 180
169 194
169 198
169 220
169 223
169 234
169 242
169 243
169 244
169 258
169 297
169 305
169 320
169 341
169 358
169 365
169 380
169 384
169 388
169 397
169 406
169 417
169 422
169 423
169 425
169 471
169 477
169 481
169 489
170 177
170 179
170 234
170 245
170 254
170 291
170 293
170 297
170 298
170 304
170 340
170 341
170 360
170 361
170 373
170 374
170 378
170 379
170 381
170 395
170 396
170 408
170 421
170 422
170 430
170 434
170 437
170 449
170 453
170 467
170 468
170 476
170 478
170 479
170 491
171 195
171 201
171 204
171 231
171 233
171 253
171 263
171 271
171 294
171 335
171 341
171 358
171 365
171 371
171 382
171 404
171 429
171 436
171 441
171 451
171 463
171 468
171 484
171 485
171 495
172 175
172 176
172 188
172 191
172 200
172 202
172 234
172 236
172 262
172 279
172 304
172 310
172 318
172 349
172 360
172 387
172 400
172 402
172 405
172 449
172 450
172 462
172 475
172 485
172 491
172 499
173 174
173 177
173 185
173 220
173 246
173 257
173 265
173 270
173 275
173 276
173 280
173 301
173 307
173 308
173 321
173 323
173 339
173 347
173 350
173 369
173 380
173 382
173 387
173 388
173 389
173 401
173 408
173 414
173 420
173 431
173 458
173 460
173 470
173 472
173 477
174 180
174 181
174 186
174 190
174 193
174 194
174 197
174 231
174 233
174 239
174 247
174 250
174 252
174 254
174 266
174 269
174 279
174 294
174 320
174 338
174 344
174 346
174 355
174 357
174 359
174 381
174 387
174 408
174 416
174 427
174 448
174 454
174 461
174 479
175 203
175 219
175 229
175 235
175 236
175 241
175 251
175 253
175 264
175 271
175 275
175 287
175 302
175 305
175 323
175 328
175 329
175 342
175 345
175 349
175 351
175 357
175 368
175 373
175 382
175 407
175 410
175 417
175 420
175 435
175 438
175 441
175 462
175 463
175 465
175 481
176 178
176 182
176 187
176 194
176 195
176 197
176 204
176 212
176 225
176 227
176 234
176 249
176 250
176 253
176 255
176 259
176 264
176 265
176 304
176 313
176 326
176 327
176 367
176 380
176 389
176 390
176 392
176 439
176 449
176 476
176 479
176 485
176 488
177 185
177 192
177 199
177 200
177 209
177 211
177 214
177 216
177 217
177 231
177 234
177 242
177 249
177 270
177 312
177 315
177 316
177 346
177 353
177 360
177 363
177 369
177 373
177 383
177 391
177 393
177 405
177 410
177 450
177 456
177 458
177 459
177 460
177 463
177 464
177 491
178 188
178 191
178 194
178 207
178 228
178 236
178 249
178 267
178 295
178 297
178 305
178 314
178 320
178 326
178 351
178 358
178 363
178 366
178 371
178 374
178 375
178 378
178 390
178 408
178 412
178 421
178 427
178 431
178 441
178 452
178 461
178 472
178 480
179 181
179 192
179 215
179 220
179 239
179 240
179 241
179 254
179 261
179 263
179 264
179 280
179 282
179 295
179 300
179 303
179 306
179 315
179 326
179 327
179 330
179 346
179 349
179 371
179 377
179 393
179 394
179 406
179 433
179 439
179 452
179 456
179 468
179 481
179 484
179 492
179 495
179 499
180 186
180 195
180 197
180 221
180 238
180 240
180 244
180 267
180 268
180 272
180 275
180 284
180 310
180 318
180 327
180 335
180 337
180 339
180 345
180 346
180 373
180 392
180 394
180 396
180 409
180 419
180 422
180 424
180 429
180 446
180 447
180 460
180 461
180 462
180 475
180 481
180 497
181 184
181 185
181 204
181 212
181 218
181 219
181 220
181 228
181 251
181 266
181 268
181 275
181 276
181 286
181 299
181 303
181 310
181 315
181 326
181 337
181 344
181 350
181 352
181 358
181 361
181 378
181 399
181 401
181 417
181 432
181 437
181 446
181 447
181 448
181 455
181 459
181 465
181 467
181 471
181 476
181 477
181 487
182 190
182 229
182 242
182 248
182 250
182 253
182 263
182 268
182 276
182 286
182 295
182 298
182 303
182 310
182 313
182 317
182 330
182 338
182 340
182 341
182 344
182 353
182 360
182 379
182 399
182 401
182 409
182 410
182 417
182 429
182 440
182 445
182 468
182 489
182 495
183 192
183 210
183 230
183 234
183 238
183 250
183 255
183 277
183 286
183 289
183 290
183 295
183 302
183 313
183 336
183 340
183 341
183 357
183 358
183 364
183 368
183 386
183 393
183 412
183 426
183 431
183 435
183 466
183 496
184 186
184 213
184 215
184 258
184 275
184 284
184 294
184 297
184 301
184 311
184 326
184 375
184 395
184 401
184 404
184 420
184 434
184 439
184 455
184 461
184 474
184 478
184 482
184 492
184 496
184 499
185 193
185 202
185 228
185 239
185 251
185 259
185 279
185 289
185 291
185 295
185 301
185 309
185 312
185 314
185 328
185 333
185 334
185 336
185 353
185 371
185 375
185 379
185 381
185 393
185 394
185 396
185 399
185 403
185 412
185 416
185 420
185 425
185 426
185 430
185 433
185 434
185 438
185 471
185 490
185 499
186 189
186 210
186 213
186 254
186 273
186 288
186 298
186 330
186 334
186 340
186 360
186 361
186 367
186 368
186 377
186 379
186 384
186 389
186 393
186 406
186 416
186 419
186 441
186 453
186 463
187 193
187 194
187 205
187 208
187 229
187 246
187 260
187 267
187 275
187 280
187 287
187 288
187 291
187 308
187 309
187 314
187 320
187 334
187 359
187 363
187 366
187 370
187 417
187 420
187 427
187 432
187 438
187 449
187 461
187 463
187 478
187 492
188 189
188 190
188 215
188 222
188 231
188 238
188 242
188 245
188 248
188 255
188 258
188 259
188 270
188 283
188 295
188 298
188 301
188 308
188 333
188 349
188 352
188 391
188 418
188 419
188 424
188 425
188 430
188 450
188 453
188 475
188 490
189 191
189 192
189 201
189 207
189 221
189 225
189 226
189 246
189 252
189 259
189 261
189 269
189 274
189 290
189 301
189 302
189 303
189 307
189 312
189 330
189 331
189 355
189 371
189 374
189 387
189 409
189 411
189 429
189 447
189 465
189 466
189 473
189 487
189 490
189 494
190 196
190 210
190 211
190 240
190 245
190 248
190 275
190 286
190 290
190 293
190 317
190 345
190 363
190 364
190 383
190 395
190 424
190 427
190 448
190 458
190 469
190 474
190 480
191 199
191 203
191 211
191 212
191 217
191 227
191 231
191 232
191 269
191 276
191 278
191 287
191 289
191 292
191 317
191 326
191 347
191 350
191 352
191 376
191 385
191 394
191 397
191 404
191 406
191 414
191 418
191 423
191 424
191 449
191 451
191 463
191 470
191 475
191 485
191 488
191 497
192 198
192 199
192 200
192 206
192 219
192 226
192 239
192 244
192 275
192 282
192 287
192 288
192 294
192 298
192 316
192 325
192 352
192 364
192 368
192 383
192 387
192 388
192 390
192 391
192 408
192 409
192 422
192 440
192 445
192 455
192 459
192 462
192 475
192 476
192 478
192 482
192 489
193 196
193 208
193 216
193 218
193 235
193 236
193 262
193 285
193 292
193 302
193 313
193 320
193 324
193 330
193 339
193 341
193 343
193 345
193 368
193 380
193 385
193 399
193 408
193 411
193 414
193 423
193 431
193 433
193 449
193 483
193 486
193 488
193 494
193 499
194 202
194 204
194 218
194 242
194 259
194 267
194 280
194 295
194 297
194 303
194 327
194 333
194 334
194 336
194 337
194 351
194 378
194 387
194 390
194 400
194 407
194 413
194 418
194 419
194 427
194 448
194 452
194 459
194 467
194 473
194 493
195 201
195 214
195 216
195 231
195 233
195 245
195 275
195 280
195 291
195 294
195 311
195 317
195 332
195 334
195 337
195 353
195 362
195 371
195 373
195 381
195 385
195 399
195 414
195 418
195 426
195 428
195 451
195 459
195 471
195 473
196 199
196 218
196 220
196 225
196 232
196 246
196 251
196 252
196 256
196 261
196 262
196 271
196 272
196 273
196 276
196 281
196 288
196 298
196 320
196 335
196 347
196 354
196 362
196 364
196 374
196 389
196 401
196 409
196 437
196 462
196 481
196 490
196 496
197 207
197 209
197 214
197 224
197 252
197 253
197 256
197 258
197 262
197 263
197 274
197 275
197 278
197 297
197 306
197 320
197 334
197 335
197 346
197 366
197 377
197 406
197 409
197 437
197 455
197 467
197 472
197 473
197 474
197 481
197 482
197 490
197 493
197 495
197 496
198 210
198 212
198 222
198 236
198 263
198 266
198 268
198 277
198 278
198 280
198 296
198 313
198 328
198 338
198 344
198 345
198 354
198 363
198 368
198 370
198 382
198 383
198 388
198 398
198 401
198 404
198 409
198 415
198 424
198 425
198 428
198 436
198 438
198 448
198 457
198 463
198 467
198 478
198 481
198 495
198 496
199 217
199 229
199 248
199 262
199 263
199 271
199 272
199 284
199 286
199 306
199 308
199 309
199 314
199 352
199 359
199 360
199 367
199 371
199 373
199 378
199 403
199 404
199 406
199 407
199 425
199 427
199 451
199 458
199 471
199 490
200 204
200 209
200 211
200 212
200 227
200 236
200 243
200 266
200 312
200 313
200 319
200 322
200 324
200 332
200 335
200 344
200 356
200 363
200 366
200 391
200 414
200 418
200 432
200 445
200 453
200 468
200 481
200 489
200 497
201 210
201 250
201 278
201 291
201 293
201 306
201 327
201 332
201 347
201 354
201 371
201 372
201 377
201 383
201 440
201 444
201 449
201 470
201 483
202 203
202 206
202 213
202 231
202 239
202 250
202 256
202 289
202 301
202 304
202 313
202 316
202 317
202 320
202 342
202 360
202 361
202 363
202 371
202 380
202 395
202 419
202 432
202 436
202 437
202 447
202 449
202 451
202 459
202 462
202 465
202 466
202 474
202 483
202 492
202 494
203 208
203 211
203 212
203 219
203 221
203 223
203 228
203 231
203 241
203 257
203 271
203 282
203 285
203 288
203 289
203 292
203 316
203 320
203 324
203 349
203 353
203 361
203 376
203 402
203 410
203 427
203 437
203 445
203 451
203 463
203 470
203 479
203 484
204 207
204 214
204 220
204 221
204 225
204 227
204 238
204 291
204 293
204 295
204 296
204 304
204 306
204 320
204 326
204 328
204 362
204 387
204 413
204 427
204 432
204 433
204 434
204 440
204 456
204 459
204 466
204 475
204 478
204 486
204 495
205 206
205 212
205 234
205 252
205 257
205 260
205 269
205 272
205 288
205 293
205 298
205 304
205 306
205 319
205 326
205 330
205 348
205 351
205 358
205 363
205 369
205 383
205 385
205 410
205 412
205 427
205 445
205 461
205 466
205 477
205 479
205 495
206 226
206 249
206 275
206 284
206 290
206 307
206 319
206 326
206 330
206 335
206 344
206 351
206 378
206 389
206 407
206 421
206 437
206 439
206 442
206 446
206 451
206 454
206 465
206 484
206 490
207 217
207 228
207 242
207 247
207 278
207 280
207 284
207 286
207 289
207 300
207 308
207 324
207 327
207 330
207 338
207 340
207 350
207 359
207 362
207 363
207 365
207 377
207 384
207 385
207 401
207 427
207 483
207 485
208 216
208 226
208 234
208 246
208 296
208 310
208 338
208 344
208 374
208 377
208 389
208 395
208 397
208 405
208 455
208 459
208 460
208 463
208 469
208 470
208 474
208 496
209 211
209 217
209 220
209 243
209 245
209 251
209 265
209 266
209 280
209 291
209 292
209 296
209 321
209 332
209 360
209 382
209 389
209 398
209 406
209 420
209 424
209 425
209 456
209 462
209 477
209 487
210 214
210 217
210 219
210 223
210 233
210 235
210 261
210 262
210 268
210 280
210 293
210 294
210 297
210 300
210 309
210 328
210 332
210 341
210 348
210 351
210 357
210 375
210 383
210 393
210 394
210 395
210 404
210 405
210 419
210 421
210 425
210 427
210 429
210 434
210 445
210 452
210 475
210 482
211 234
211 237
211 244
211 248
211 252
211 262
211 271
211 278
211 279
211 287
211 314
211 332
211 344
211 350
211 375
211 377
211 387
211 399
211 431
211 459
211 461
211 499
212 220
212 231
212 233
212 248
212 252
212 256
212 258
212 262
212 268
212 299
212 309
212 330
212 339
212 346
212 373
212 411
212 417
212 420
212 439
212 462
212 465
212 467
212 477
213 223
213 227
213 247
213 250
213 262
213 266
213 278
213 281
213 286
213 312
213 314
213 317
213 327
213 337
213 339
213 348
213 362
213 368
213 370
213 371
213 402
213 408
213 413
213 421
213 441
213 444
213 469
213 479
213 487
213 488
213 497
214 246
214 256
214 267
214 275
214 310
214 317
214 319
214 336
214 349
214 350
214 390
214 391
214 412
214 419
214 426
214 433
214 448
214 449
214 468
214 473
215 218
215 221
215 236
215 240
215 241
215 254
215 256
215 257
215 259
215 262
215 268
215 271
215 279
215 282
215 285
215 289
215 291
215 303
215 306
215 310
215 311
215 314
215 320
215 321
215 325
215 352
215 359
215 379
215 389
215 390
215 401
215 414
215 415
215 429
215 432
215 434
215 438
215 443
215 444
215 455
215 458
215 463
215 478
215 485
215 486
215 499
216 222
216 228
216 245
216 249
216 253
216 268
216 282
216 287
216 291
216 316
216 324
216 326
216 327
216 331
216 364
216 372
216 375
216 377
216 396
216 408
216 417
216 422
216 423
216 436
216 439
216 443
216 464
216 470
216 486
216 490
217 235
217 289
217 302
217 307
217 312
217 324
217 340
217 341
217 344
217 347
217 356
217 367
217 371
217 375
217 384
217 388
217 390
217 428
217 450
217 499
218 227
218 237
218 239
218 246
218 249
218 255
218 258
218 263
218 274
218 275
218 278
218 281
218 285
218 299
218 304
218 310
218 312
218 315
218 320
218 351
218 357
218 359
218 368
218 372
218 374
218 376
218 377
218 382
218 385
218 392
218 404
218 427
218 435
218 437
218 491
218 492
218 498
219 221
219 227
219 245
219 249
219 251
219 277
219 283
219 303
219 321
219 334
219 348
219 349
219 353
219 354
219 355
219 357
219 360
219 364
219 375
219 385
219 398
219 415
219 416
219 421
219 425
219 432
219 447
219 453
219 463
219 469
219 477
219 498
219 499
220 236
220 242
220 251
220 254
220 265
220 270
220 296
220 314
220 326
220 330
220 340
220 380
220 402
220 407
220 412
220 413
220 420
220 424
220 431
220 450
220 458
221 230
221 292
221 295
221 315
221 346
221 348
221 354
221 362
221 374
221 376
221 384
221 387
221 396
221 428
221 429
221 438
221 478
221 481
221 483
221 485
222 233
222 259
222 263
222 282
222 303
222 327
222 330
222 347
222 356
222 364
222 370
222 371
222 378
222 388
222 389
222 390
222 396
222 405
222 408
222 411
222 442
222 453
222 463
222 470
222 476
222 484
222 487
222 491
222 497
222 498
223 245
223 263
223 264
223 282
223 289
223 296
223 300
223 303
223 317
223 322
223 323
223 324
223 330
223 334
223 337
223 342
223 343
223 356
223 364
223 367
223 399
223 400
223 402
223 408
223 423
223 438
223 462
223 486
223 490
223 492
223 497
224 230
224 243
224 274
224 283
224 307
224 316
224 317
224 321
224 324
224 327
224 330
224 340
224 345
224 352
224 355
224 360
224 364
224 367
224 378
224 411
224 420
224 421
224 436
224 447
224 450
224 451
224 454
224 462
224 475
224 482
224 489
224 491
225 237
225 238
225 240
225 243
225 249
225 250
225 257
225 262
225 263
225 268
225 275
225 283
225 290
225 297
225 307
225 312
225 314
225 315
225 321
225 326
225 332
225 341
225 344
225 352
225 355
225 390
225 392
225 402
225 403
225 429
225 440
225 460
225 466
225 469
225 475
225 481
226 250
226 262
226 268
226 279
226 298
226 300
226 302
226 304
226 318
226 321
226 324
226 328
226 333
226 348
226 352
226 359
226 366
226 389
226 415
226 417
226 438
226 447
226 466
226 476
226 478
226 483
227 230
227 251
227 252
227 299
227 312
227 313
227 317
227 331
227 340
227 344
227 358
227 371
227 390
227 401
227 404
227 408
227 409
227 417
227 428
227 464
227 466
227 482
228 246
228 254
228 276
228 279
228 282
228 283
228 317
228 320
228 325
228 333
228 347
228 350
228 355
228 356
228 369
228 370
228 387
228 414
228 416
228 423
228 430
228 440
228 450
228 456
228 461
228 462
228 473
228 475
228 480
228 484
228 493
229 259
229 273
229 313
229 321
229 329
229 331
229 353
229 388
229 398
229 411
229 423
229 430
229 431
229 435
229 454
229 466
229 468
229 490
230 235
230 242
230 263
230 264
230 265
230 275
230 289
230 290
230 294
230 307
230 313
230 315
230 318
230 365
230 376
230 380
230 385
230 391
230 421
230 435
230 437
230 439
230 441
230 443
230 468
230 473
230 483
230 491
230 497
231 247
231 254
231 269
231 281
231 283
231 290
231 307
231 326
231 369
231 380
231 385
231 387
231 396
231 397
231 400
231 421
231 426
231 434
231 439
231 442
231 451
231 456
232 236
232 244
232 257
232 260
232 269
232 271
232 275
232 308
232 365
232 370
232 378
232 421
232 449
232 453
232 457
232 462
232 465
232 475
232 476
232 489
232 495
232 498
233 242
233 247
233 256
233 284
233 294
233 299
233 317
233 322
233 323
233 326
233 329
233 331
233 334
233 335
233 340
233 360
233 377
233 417
233 420
233 422
233 429
233 436
233 448
233 460
233 479
233 481
233 496
234 235
234 245
234 246
234 248
234 249
234 282
234 284
234 297
234 319
234 322
234 325
234 346
234 371
234 384
234 392
234 393
234 401
234 403
234 405
234 406
234 420
234 426
234 427
234 432
234 445
234 474
234 476
234 482
234 484
234 488
234 494
235 237
235 260
235 271
235 278
235 289
235 306
235 312
235 333
235 344
235 345
235 359
235 363
235 370
235 372
235 378
235 383
235 407
235 431
235 435
235 461
235 469
235 489
235 490
235 499
236 241
236 256
236 270
236 271
236 285
236 301
236 305
236 313
236 329
236 332
236 337
236 341
236 347
236 368
236 374
236 423
236 429
236 451
236 454
236 469
237 244
237 280
237 313
237 318
237 320
237 365
237 368
237 373
237 379
237 380
237 396
237 397
237 400
237 413
237 422
237 424
237 425
237 436
237 457
237 466
237 481
237 484
238 271
238 282
238 285
238 289
238 293
238 300
238 306
238 309
238 323
238 328
238 333
238 336
238 341
238 367
238 387
238 398
238 399
238 400
238 410
238 413
238 417
238 419
238 430
238 431
238 451
238 497
239 241
239 250
239 254
239 267
239 274
239 286
239 287
239 292
239 298
239 331
239 341
239 343
239 349
239 358
239 375
239 402
239 404
239 407
239 414
239 419
239 427
239 437
239 485
239 487
239 489
239 490
239 496
240 260
240 268
240 277
240 283
240 286
240 287
240 289
240 306
240 308
240 329
240 347
240 352
240 362
240 366
240 389
240 396
240 409
240 419
240 430
240 444
240 447
240 453
240 455
240 468
240 476
240 477
241 251
241 259
241 262
241 268
241 290
241 298
241 299
241 316
241 320
241 347
241 350
241 354
241 370
241 380
241 387
241 391
241 398
241 405
241 430
241 439
241 445
241 450
241 452
241 468
241 495
241 498
242 253
242 260
242 276
242 283
242 285
242 289
242 307
242 312
242 322
242 328
242 343
242 345
242 360
242 369
242 375
242 412
242 416
242 427
242 444
242 445
242 460
242 477
242 482
243 248
243 250
243 256
243 258
243 262
243 264
243 273
243 288
243 318
243 341
243 362
243 369
243 379
243 389
243 393
243 407
243 410
243 413
243 427
243 428
243 433
243 439
243 468
243 484
243 486
243 487
243 494
244 251
244 254
244 272
244 274
244 282
244 288
244 299
244 302
244 342
244 347
244 348
244 349
244 354
244 358
244 368
244 369
244 396
244 401
244 406
244 407
244 415
244 422
244 425
244 430
244 433
244 453
244 454
244 459
244 463
244 467
244 471
244 478
244 484
244 485
244 486
244 488
244 489
244 499
245 275
245 282
245 286
245 301
245 308
245 317
245 322
245 328
245 369
245 399
245 401
245 422
245 435
245 450
245 452
245 478
245 481
245 486
245 487
245 490
246 259
246 266
246 269
246 292
246 294
246 298
246 307
246 308
246 314
246 316
246 323
246 334
246 338
246 351
246 352
246 358
246 380
246 383
246 402
246 448
246 449
246 454
246 480
246 488
247 249
247 265
247 268
247 313
247 315
247 316
247 322
247 336
247 338
247 345
247 346
247 347
247 356
247 358
247 361
247 362
247 387
247 391
247 398
247 399
247 409
247 413
247 414
247 458
247 462
247 463
247 468
247 469
247 478
247 485
247 492
247 494
248 253
248 260
248 262
248 266
248 267
248 275
248 281
248 282
248 283
248 287
248 298
248 341
248 346
248 350
248 375
248 381
248 398
248 415
248 419
248 421
248 445
248 447
248 455
248 456
248 461
248 489
248 490
249 250
249 256
249 257
249 259
249 264
249 265
249 269
249 271
249 273
249 282
249 284
249 286
249 306
249 309
249 317
249 322
249 331
249 333
249 335
249 357
249 360
249 365
249 386
249 396
249 402
249 403
249 416
249 441
249 451
249 467
249 468
249 476
249 491
249 496
249 497
250 278
250 296
250 301
250 312
250 318
250 330
250 338
250 389
250 392
250 400
250 402
250 404
250 410
250 420
250 425
250 427
250 434
250 436
250 454
250 463
250 468
250 487
250 489
251 255
251 259
251 284
251 313
251 317
251 339
251 355
251 357
251 374
251 401
251 405
251 407
251 431
251 434
251 442
251 449
251 454
251 475
251 477
252 267
252 284
252 298
252 307
252 314
252 318
252 325
252 346
252 352
252 359
252 366
252 382
252 389
252 390
252 393
252 414
252 415
252 451
252 453
252 456
252 464
252 481
252 482
253 281
253 286
253 299
253 301
253 311
253 325
253 366
253 395
253 407
253 416
253 417
253 420
253 422
253 425
253 426
253 437
253 447
253 462
253 479
254 260
254 268
254 274
254 276
254 277
254 281
254 320
254 325
254 335
254 336
254 360
254 365
254 386
254 389
254 403
254 405
254 408
254 413
254 445
254 446
254 450
254 459
254 462
254 495
255 259
255 260
255 263
255 275
255 288
255 308
255 327
255 329
255 330
255 331
255 336
255 337
255 346
255 347
255 348
255 350
255 366
255 386
255 400
255 411
255 422
255 424
255 438
255 441
255 453
255 457
255 475
255 476
255 478
255 491
256 257
256 269
256 298
256 302
256 316
256 328
256 345
256 348
256 359
256 363
256 373
256 375
256 379
256 385
256 420
256 424
256 439
256 450
256 452
256 453
256 486
257 265
257 284
257 298
257 302
257 304
257 305
257 336
257 364
257 365
257 368
257 382
257 383
257 385
257 386
257 394
257 399
257 428
257 429
257 436
257 448
257 475
257 476
257 484
257 496
258 265
258 274
258 278
258 280
258 287
258 291
258 305
258 322
258 328
258 329
258 353
258 371
258 386
258 399
258 403
258 411
258 429
258 435
258 451
258 456
258 457
258 489
259 262
259 266
259 267
259 269
259 282
259 314
259 338
259 344
259 345
259 362
259 365
259 370
259 373
259 376
259 386
259 409
259 413
259 419
259 420
259 425
259 438
259 442
259 447
259 451
259 463
259 471
259 475
260 289
260 296
260 299
260 309
260 313
260 316
260 318
260 325
260 330
260 336
260 343
260 354
260 370
260 371
260 389
260 399
260 422
260 431
260 437
260 448
260 449
260 451
260 454
260 472
260 490
261 267
261 268
261 275
261 310
261 316
261 339
261 346
261 353
261 362
261 382
261 385
261 386
261 428
261 431
261 438
261 440
261 455
261 459
261 461
261 469
261 470
261 473
261 481
261 482
262 269
262 277
262 279
262 284
262 285
262 303
262 310
262 331
262 345
262 348
262 369
262 379
262 402
262 405
262 409
262 410
262 414
262 426
262 427
262 432
262 433
262 435
262 443
262 444
262 450
262 454
262 464
262 478
262 484
262 487
263 265
263 267
263 278
263 295
263 301
263 308
263 320
263 327
263 337
263 351
263 352
263 367
263 369
263 382
263 393
263 398
263 400
263 406
263 413
263 414
263 428
263 439
263 448
263 472
263 474
263 485
263 497
264 265
264 277
264 280
264 299
264 311
264 336
264 339
264 341
264 369
264 382
264 391
264 399
264 424
264 426
264 427
264 430
264 439
264 468
264 470
264 471
264 472
264 479
264 480
264 484
264 487
264 491
264 498
265 287
265 291
265 316
265 327
265 334
265 337
265 350
265 357
265 358
265 359
265 369
265 388
265 415
265 417
265 424
265 426
265 432
265 433
265 440
265 454
265 463
265 465
265 486
265 492
265 496
266 274
266 277
266 282
266 283
266 284
266 288
266 307
266 316
266 327
266 340
266 346
266 359
266 364
266 377
266 382
266 393
266 395
266 401
266 404
266 407
266 414
266 415
266 417
266 420
266 432
266 448
266 455
266 463
266 472
266 473
266 474
266 485
267 301
267 304
267 309
267 311
267 315
267 319
267 320
267 324
267 329
267 330
267 349
267 352
267 355
267 377
267 388
267 398
267 403
267 405
267 415
267 420
267 432
267 448
267 456
267 468
268 269
268 304
268 313
268 315
268 330
268 356
268 359
268 364
268 390
268 391
268 404
268 411
268 432
268 443
268 477
268 482
268 483
268 491
269 273
269 285
269 292
269 307
269 309
269 312
269 315
269 328
269 338
269 343
269 357
269 359
269 388
269 393
269 397
269 416
269 433
269 435
269 443
269 451
269 454
269 485
269 493
270 275
270 286
270 317
270 322
270 339
270 341
270 351
270 362
270 363
270 375
270 377
270 390
270 396
270 398
270 405
270 414
270 422
270 425
270 432
270 446
270 449
270 458
270 465
270 466
270 477
270 480
271 295
271 311
271 316
271 343
271 350
271 354
271 361
271 366
271 374
271 380
271 390
271 395
271 406
271 427
271 435
271 442
271 464
271 467
271 469
271 486
271 490
272 278
272 282
272 295
272 299
272 318
272 335
272 336
272 341
272 343
272 351
272 367
272 369
272 422
272 425
272 449
272 474
272 477
272 479
272 483
272 484
272 487
272 496
272 499
273 277
273 284
273 287
273 318
273 323
273 331
273 342
273 355
273 356
273 357
273 366
273 371
273 372
273 375
273 380
273 381
273 384
273 387
273 395
273 397
273 400
273 401
273 406
273 416
273 417
273 429
273 438
273 442
273 443
273 449
273 453
273 463
273 471
273 474
273 491
273 493
274 281
274 298
274 300
274 320
274 324
274 344
274 349
274 350
274 354
274 359
274 374
274 382
274 403
274 411
274 413
274 439
274 446
274 449
274 472
274 474
274 476
274 481
274 483
274 484
275 276
275 310
275 316
275 332
275 371
275 372
275 394
275 402
275 411
275 421
275 431
275 442
275 451
275 453
275 461
275 463
276 296
276 301
276 306
276 308
276 316
276 318
276 321
276 336
276 346
276 360
276 370
276 373
276 386
276 396
276 398
276 415
276 416
276 419
276 421
276 424
276 441
276 460
276 461
276 472
276 488
277 284
277 306
277 307
277 315
277 327
277 334
277 348
277 356
277 358
277 377
277 379
277 381
277 396
277 401
277 402
277 413
277 421
277 422
277 433
277 437
277 443
277 446
277 451
277 467
277 474
277 478
277 480
277 484
277 492
277 495
278 286
278 288
278 305
278 320
278 327
278 335
278 358
278 363
278 368
278 378
278 392
278 403
278 406
278 418
278 422
278 450
278 470
278 483
278 493
279 280
279 284
279 289
279 295
279 303
279 308
279 316
279 323
279 328
279 333
279 340
279 342
279 360
279 370
279 374
279 376
279 382
279 398
279 407
279 418
279 429
279 433
279 447
279 450
279 454
279 456
279 468
279 470
279 471
279 475
279 482
280 288
280 298
280 324
280 328
280 379
280 383
280 392
280 395
280 406
280 410
280 421
280 424
280 431
280 436
280 443
280 480
280 483
281 283
281 286
281 287
281 300
281 313
281 318
281 331
281 344
281 347
281 361
281 371
281 379
281 385
281 387
281 395
281 412
281 421
281 436
281 447
281 459
281 463
281 464
281 465
281 496
282 283
282 299
282 350
282 351
282 363
282 369
282 375
282 419
282 434
282 439
282 440
282 442
282 445
282 461
282 474
282 484
282 486
283 287
283 295
283 309
283 310
283 322
283 324
283 335
283 362
283 369
283 376
283 381
283 384
283 386
283 388
283 392
283 404
283 438
283 447
283 450
283 451
283 456
283 477
284 288
284 290
284 306
284 309
284 314
284 318
284 321
284 335
284 337
284 347
284 350
284 355
284 357
284 375
284 380
284 400
284 414
284 419
284 423
284 433
284 454
284 484
284 489
284 499
285 286
285 287
285 305
285 310
285 319
285 330
285 340
285 345
285 359
285 366
285 372
285 375
285 377
285 379
285 381
285 385
285 389
285 390
285 391
285 398
285 402
285 416
285 420
285 438
285 460
285 463
285 484
286 292
286 295
286 307
286 321
286 333
286 336
286 350
286 354
286 373
286 377
286 382
286 389
286 398
286 433
286 442
286 448
286 449
286 459
286 474
286 480
286 498
287 288
287 293
287 296
287 303
287 341
287 355
287 358
287 360
287 369
287 373
287 409
287 410
287 420
287 427
287 439
287 441
287 448
287 456
287 463
287 477
287 481
287 491
288 304
288 328
288 333
288 340
288 372
288 382
288 393
288 403
288 412
288 417
288 418
288 421
288 425
288 433
288 441
288 459
288 461
288 464
288 470
288 476
289 292
289 310
289 322
289 333
289 343
289 346
289 354
289 363
289 379
289 380
289 381
289 382
289 393
289 394
289 395
289 397
289 405
289 406
289 409
289 410
289 416
289 420
289 424
289 425
289 439
289 440
289 445
289 451
289 459
289 463
289 472
289 476
289 489
289 497
290 297
290 304
290 320
290 327
290 328
290 352
290 353
290 385
290 417
290 420
290 422
290 426
290 434
290 443
290 459
290 468
290 480
290 481
290 484
290 490
290 493
291 300
291 313
291 319
291 339
291 346
291 351
291 357
291 358
291 363
291 368
291 387
291 407
291 410
291 412
291 422
291 431
291 461
291 464
291 480
291 493
292 306
292 333
292 343
292 356
292 372
292 388
292 392
292 405
292 415
292 419
292 424
292 426
292 441
292 453
292 473
292 474
292 478
292 481
292 487
293 294
293 316
293 327
293 332
293 343
293 357
293 368
293 374
293 375
293 376
293 384
293 386
293 390
293 418
293 451
293 455
293 469
293 476
294 295
294 296
294 313
294 321
294 322
294 325
294 349
294 352
294 373
294 381
294 409
294 412
294 422
294 427
294 442
294 448
294 482
294 484
294 487
294 489
294 498
295 305
295 334
295 338
295 344
295 355
295 357
295 371
295 395
295 457
295 470
295 474
295 488
296 305
296 327
296 328
296 332
296 373
296 376
296 380
296 390
296 404
296 410
296 419
296 424
296 426
296 432
296 443
296 459
296 460
296 465
296 467
296 494
297 321
297 347
297 354
297 361
297 373
297 387
297 391
297 393
297 397
297 399
297 401
297 403
297 416
297 420
297 422
297 424
297 442
297 450
297 453
297 455
297 460
297 464
297 475
297 487
298 321
298 322
298 338
298 339
298 348
298 350
298 353
298 362
298 382
298 390
298 396
298 436
298 441
298 452
298 469
298 474
298 478
298 485
299 302
299 329
299 330
299 337
299 352
299 355
299 360
299 361
299 363
299 368
299 376
299 404
299 415
299 418
299 419
299 429
299 446
299 492
300 304
300 308
300 309
300 324
300 325
300 328
300 366
300 376
300 390
300 418
300 436
300 444
300 454
300 464
300 465
300 486
300 498
300 499
301 308
301 315
301 322
301 328
301 331
301 345
301 352
301 359
301 363
301 376
301 377
301 378
301 401
301 404
301 423
301 425
301 432
301 433
301 435
301 451
301 458
301 462
301 464
301 466
301 471
301 478
301 481
301 483
301 498
302 305
302 329
302 348
302 349
302 359
302 360
302 361
302 362
302 405
302 415
302 430
302 448
302 460
302 462
302 469
302 470
303 306
303 312
303 316
303 323
303 324
303 327
303 374
303 378
303 379
303 380
303 383
303 391
303 410
303 413
303 419
303 429
303 432
303 436
303 465
303 470
303 487
303 489
303 497
304 307
304 313
304 315
304 347
304 349
304 379
304 392
304 403
304 405
304 422
304 433
304 441
304 451
304 470
304 478
304 490
304 492
304 496
305 311
305 322
305 337
305 340
305 348
305 353
305 361
305 364
305 367
305 372
305 383
305 398
305 407
305 409
305 413
305 416
305 420
305 439
305 467
305 472
305 474
305 476
305 484
306 308
306 322
306 339
306 359
306 376
306 377
306 381
306 390
306 399
306 421
306 426
306 438
306 456
307 315
307 321
307 322
307 325
307 354
307 359
307 386
307 390
307 393
307 401
307 403
307 409
307 412
307 413
307 416
307 419
307 424
307 438
307 443
307 458
307 464
307 485
308 368
308 380
308 382
308 389
308 391
308 397
308 415
308 421
308 425
308 428
308 456
308 490
308 497
308 498
309 313
309 323
309 337
309 353
309 376
309 381
309 387
309 389
309 402
309 411
309 417
309 430
309 446
309 467
309 480
309 483
309 492
309 496
310 319
310 340
310 366
310 379
310 387
310 399
310 403
310 434
310 451
310 457
310 465
310 481
310 488
310 491
311 331
311 345
311 350
311 358
311 374
311 377
311 379
311 383
311 386
311 412
311 420
311 422
311 445
311 448
311 449
311 454
311 463
311 467
311 478
311 481
311 486
311 498
312 317
312 324
312 325
312 330
312 337
312 348
312 351
312 356
312 369
312 370
312 380
312 393
312 400
312 401
312 411
312 419
312 425
312 441
312 458
312 466
312 487
312 489
313 317
313 323
313 334
313 339
313 341
313 343
313 354
313 358
313 361
313 368
313 379
313 382
313 386
313 405
313 410
313 415
313 422
313 423
313 427
313 436
313 456
313 463
313 465
313 471
313 478
313 485
314 316
314 318
314 320
314 321
314 326
314 354
314 387
314 399
314 417
314 418
314 422
314 427
314 462
314 475
315 318
315 336
315 368
315 378
315 380
315 407
315 414
315 419
315 431
315 432
315 453
315 459
315 464
315 489
315 499
316 317
316 334
316 343
316 359
316 367
316 392
316 393
316 422
316 431
316 439
316 457
316 466
316 472
316 488
317 327
317 332
317 333
317 338
317 344
317 374
317 378
317 386
317 391
317 399
317 406
317 408
317 411
317 417
317 427
317 429
317 436
317 446
317 476
317 499
318 327
318 328
318 337
318 366
318 372
318 388
318 412
318 417
318 427
318 444
318 446
318 488
319 328
319 335
319 339
319 347
319 369
319 385
319 396
319 404
319 430
319 439
319 445
319 450
319 451
319 462
319 464
319 478
319 486
319 487
319 497
319 499
320 345
320 369
320 374
320 390
320 392
320 394
320 404
320 409
320 425
320 443
320 444
320 447
320 453
320 459
320 462
320 466
320 469
320 480
321 324
321 325
321 329
321 342
321 348
321 351
321 355
321 360
321 361
321 390
321 401
321 406
321 418
321 424
321 440
321 448
321 450
321 454
321 459
321 480
321 483
321 484
321 496
322 326
322 364
322 367
322 368
322 373
322 396
322 403
322 406
322 410
322 414
322 416
322 417
322 421
322 426
322 433
322 443
322 450
322 492
322 494
323 326
323 336
323 337
323 351
323 380
323 398
323 411
323 426
323 432
323 445
323 447
323 453
323 461
323 464
323 468
323 470
323 484
323 491
323 492
323 497
324 347
324 350
324 351
324 384
324 397
324 409
324 411
324 415
324 417
324 419
324 438
324 442
324 444
324 459
324 461
324 466
324 473
324 482
324 493
324 496
324 497
325 327
325 335
325 337
325 340
325 349
325 350
325 351
325 354
325 356
325 359
325 369
325 397
325 408
325 410
325 418
325 419
325 443
325 450
325 454
325 468
325 471
325 478
325 486
326 330
326 331
326 334
326 337
326 342
326 353
326 357
326 399
326 427
326 428
326 436
326 445
326 455
326 460
326 463
326 472
326 477
326 488
326 494
327 328
327 332
327 338
327 349
327 390
327 401
327 419
327 425
327 434
327 443
327 454
327 457
327 464
327 468
327 472
327 478
327 480
327 482
328 334
328 335
328 341
328 343
328 353
328 356
328 372
328 378
328 406
328 412
328 431
328 441
328 445
328 454
328 460
328 475
328 478
328 479
328 481
328 484
328 488
328 492
328 493
328 496
329 331
329 334
329 343
329 346
329 362
329 364
329 376
329 407
329 417
329 452
329 479
329 480
329 483
329 492
329 494
329 499
330 335
330 343
330 363
330 378
330 383
330 389
330 394
330 396
330 414
330 417
330 425
330 430
330 439
330 454
330 456
330 460
330 462
330 467
330 476
330 480
330 490
331 337
331 352
331 362
331 363
331 365
331 378
331 390
331 395
331 406
331 423
331 429
331 440
331 448
331 477
331 486
331 489
332 381
332 418
332 421
332 432
332 433
332 447
332 450
332 461
332 465
332 472
332 476
332 477
332 488
332 491
333 355
333 364
333 366
333 373
333 374
333 395
333 410
333 417
333 430
333 450
333 452
333 461
333 470
333 486
333 497
334 354
334 361
334 369
334 377
334 389
334 393
334 397
334 404
334 419
334 420
334 423
334 427
334 441
334 443
334 453
334 465
334 486
335 340
335 355
335 364
335 369
335 380
335 432
335 439
335 440
335 442
335 478
335 493
335 497
335 498
336 338
336 372
336 393
336 424
336 435
336 436
336 437
336 439
336 447
336 474
336 483
336 491
337 344
337 357
337 361
337 377
337 385
337 386
337 393
337 394
337 398
337 406
337 419
337 435
337 436
337 439
337 442
337 444
337 445
337 450
337 475
337 485
338 340
338 345
338 347
338 348
338 357
338 364
338 365
338 367
338 371
338 382
338 385
338 389
338 404
338 408
338 413
338 417
338 423
338 424
338 431
338 447
338 452
338 468
339 353
339 354
339 359
339 362
339 368
339 369
339 373
339 382
339 383
339 414
339 427
339 464
339 467
339 476
339 483
340 344
340 349
340 356
340 382
340 383
340 398
340 409
340 419
340 424
340 425
340 427
340 430
340 432
340 438
340 445
340 463
340 469
340 471
340 473
340 481
340 483
340 486
340 496
341 357
341 361
341 362
341 371
341 394
341 418
341 421
341 427
341 431
341 456
341 458
341 472
341 482
341 489
341 490
341 492
341 495
341 499
342 359
342 360
342 367
342 381
342 385
342 390
342 406
342 410
342 415
342 426
342 453
342 460
342 466
342 471
342 478
342 482
343 366
343 367
343 379
343 381
343 385
343 389
343 403
343 438
343 440
343 470
343 471
343 482
343 490
343 496
344 347
344 354
344 370
344 377
344 398
344 403
344 408
344 413
344 414
344 417
344 428
344 438
344 465
344 474
344 485
344 494
344 495
345 351
345 363
345 391
345 398
345 399
345 407
345 408
345 409
345 425
345 429
345 433
345 434
345 444
345 448
345 452
345 454
345 459
345 488
345 492
346 356
346 364
346 366
346 404
346 407
346 414
346 422
346 424
346 434
346 437
346 446
346 453
346 461
346 462
346 463
346 467
346 493
347 378
347 379
347 394
347 419
347 439
347 442
347 457
347 488
347 489
347 495
348 368
348 379
348 386
348 396
348 405
348 426
348 431
348 435
348 438
348 439
348 449
348 451
348 462
348 474
348 486
348 494
349 352
349 391
349 409
349 416
349 425
349 431
349 438
349 450
349 463
349 492
349 493
349 496
350 353
350 361
350 374
350 381
350 389
350 394
350 402
350 409
350 410
350 413
350 414
350 422
350 427
350 454
350 458
350 459
350 467
350 483
350 484
350 491
350 498
351 365
351 387
351 388
351 406
351 429
351 445
351 452
351 453
351 455
351 459
351 491
352 387
352 417
352 431
352 444
352 446
352 451
352 467
352 476
352 482
352 485
352 489
353 361
353 364
353 366
353 371
353 388
353 390
353 402
353 414
353 416
353 420
353 435
353 436
353 462
353 463
353 467
353 468
353 474
353 476
353 481
353 494
353 497
354 356
354 363
354 368
354 372
354 384
354 390
354 403
354 408
354 417
354 424
354 428
354 432
354 437
354 456
354 457
354 460
354 469
354 480
355 363
355 364
355 377
355 389
355 396
355 397
355 432
355 444
355 445
355 449
355 476
356 363
356 365
356 370
356 395
356 399
356 444
356 449
356 460
356 469
356 471
357 364
357 370
357 372
357 378
357 392
357 413
357 427
357 447
357 461
357 465
357 466
357 476
357 481
357 486
358 386
358 400
358 427
358 428
358 433
358 438
358 450
358 470
358 480
358 482
359 374
359 407
359 412
359 414
359 417
359 419
359 429
359 435
359 439
359 445
359 460
359 472
359 499
360 365
360 370
360 372
360 395
360 433
360 459
360 499
361 364
361 375
361 376
361 427
361 433
361 434
361 439
361 443
361 475
362 368
362 375
362 377
362 381
362 390
362 396
362 430
362 439
362 449
362 452
362 465
362 469
362 473
362 491
362 499
363 366
363 368
363 371
363 373
363 376
363 394
363 402
363 413
363 424
363 425
363 429
363 431
363 461
363 493
363 497
363 498
364 368
364 369
364 383
364 395
364 397
364 413
364 415
364 417
364 420
364 437
364 451
364 463
364 492
364 493
365 393
365 399
365 403
365 404
365 406
365 409
365 427
365 440
365 445
365 488
365 499
366 372
366 408
366 409
366 410
366 413
366 417
366 425
366 426
366 431
366 433
366 444
366 469
366 477
366 492
367 368
367 373
367 375
367 393
367 407
367 430
367 445
367 463
367 466
367 485
367 486
367 492
367 496
368 371
368 397
368 402
368 409
368 427
368 450
368 451
368 481
368 484
368 487
368 490
368 493
369 372
369 375
369 377
369 378
369 380
369 391
369 396
369 417
369 425
369 433
369 455
369 458
369 478
369 491
370 381
370 387
370 393
370 412
370 423
370 428
370 431
370 447
370 454
370 465
370 469
370 470
370 475
370 477
370 482
370 488
370 495
370 498
371 376
371 390
371 394
371 415
371 419
371 426
371 429
371 436
371 468
371 470
371 478
371 494
372 375
372 380
372 383
372 384
372 392
372 395
372 399
372 427
372 430
372 434
372 435
372 444
372 463
372 488
372 496
373 411
373 414
373 415
373 427
373 430
373 485
373 492
373 498
374 375
374 379
374 384
374 387
374 392
374 393
374 414
374 418
374 419
374 435
374 446
374 475
374 487
374 490
374 494
375 389
375 400
375 407
375 436
375 441
375 442
375 449
375 452
375 454
375 455
375 468
375 474
375 484
375 487
376 379
376 382
376 388
376 393
376 406
376 411
376 435
376 466
376 469
376 477
376 488
376 490
376 493
376 494
377 387
377 403
377 421
377 428
377 456
377 468
377 481
377 484
377 498
378 380
378 388
378 391
378 392
378 394
378 400
378 408
378 416
378 422
378 426
378 448
378 450
378 469
378 485
379 439
379 443
379 488
380 384
380 410
380 419
380 424
380 425
380 430
380 434
380 437
380 441
380 455
380 458
380 463
380 471
380 476
380 484
380 494
380 499
381 384
381 398
381 409
381 413
381 457
381 458
381 466
381 477
381 483
381 494
382 387
382 410
382 423
382 459
382 479
382 482
382 488
383 401
383 402
383 415
383 419
383 427
383 433
383 435
383 437
383 438
383 441
383 466
383 472
383 492
383 495
384 404
384 406
384 429
384 440
384 460
384 464
384 467
384 468
384 488
385 398
385 419
385 420
385 434
385 437
385 447
385 448
385 449
385 454
385 459
385 475
385 479
386 389
386 390
386 393
386 398
386 401
386 423
386 432
386 444
386 449
386 461
386 464
386 491
386 492
386 499
387 391
387 395
387 404
387 431
387 438
387 446
387 449
387 476
387 492
388 392
388 394
388 408
388 424
388 427
388 430
388 432
388 451
388 470
389 416
389 438
389 450
389 453
389 457
389 496
389 497
390 391
390 392
390 407
390 414
390 417
390 438
390 439
390 445
390 462
390 463
390 469
390 476
390 480
390 491
390 493
390 495
391 405
391 406
391 426
391 433
391 437
391 442
391 457
391 472
391 473
391 495
391 496
392 398
392 442
392 449
392 451
392 463
392 466
392 476
392 481
392 495
393 424
393 432
393 437
393 446
393 448
393 456
393 478
393 482
393 495
394 419
394 423
394 427
394 437
394 443
394 448
394 454
394 461
394 478
394 481
394 485
394 493
394 498
395 413
395 418
395 420
395 423
395 437
395 440
395 452
395 461
395 469
395 478
395 496
396 404
396 407
396 414
396 416
396 420
396 447
396 471
396 472
396 492
397 405
397 410
397 416
397 418
397 434
397 444
397 447
397 456
397 459
397 470
397 480
397 490
397 491
397 494
397 497
398 400
398 432
398 441
398 467
398 473
398 482
398 493
398 498
399 429
399 430
399 437
399 445
399 450
399 451
399 453
399 457
399 470
399 480
399 499
400 404
400 424
400 468
400 471
400 491
401 404
401 422
401 424
401 425
401 435
401 440
401 452
401 454
401 462
401 466
401 476
401 482
401 484
401 499
402 404
402 415
402 416
402 430
402 446
402 450
402 451
402 454
402 460
402 463
402 478
402 480
402 491
403 430
403 435
403 445
403 451
403 458
403 470
403 479
403 490
403 496
404 408
404 422
404 433
404 451
404 458
404 460
404 472
404 475
404 497
405 414
405 417
405 450
405 452
405 456
405 470
405 477
405 478
405 484
406 429
406 452
406 478
407 414
407 431
407 433
407 434
407 442
407 455
407 457
407 458
407 490
407 498
408 409
408 415
408 418
408 449
408 458
408 459
408 481
408 490
409 429
409 432
409 437
409 446
409 472
409 479
409 485
409 486
409 491
410 447
410 452
410 467
411 433
411 446
411 482
411 488
412 413
412 416
412 417
412 421
412 438
412 445
412 450
412 453
412 460
412 471
412 484
412 493
413 443
413 456
413 464
413 473
413 495
414 427
414 429
414 441
414 459
414 461
414 463
414 471
414 478
414 486
414 487
414 488
414 489
414 497
415 420
415 432
415 445
415 461
415 464
415 469
415 478
415 481
415 487
415 495
416 420
416 424
416 426
416 427
416 436
416 451
416 454
416 458
416 467
416 469
416 473
417 431
417 432
417 437
417 438
417 456
417 460
417 461
417 462
417 463
417 465
417 466
417 474
417 498
418 422
418 431
418 440
418 447
418 452
418 469
418 480
418 481
418 489
418 496
419 446
419 462
419 481
419 483
419 493
419 499
420 441
420 443
420 444
420 462
420 463
420 482
420 487
420 491
420 493
420 499
421 454
421 464
421 465
421 479
421 486
421 488
421 496
421 498
422 429
422 430
422 437
422 440
422 444
422 445
422 448
422 454
422 461
422 497
423 425
423 427
423 429
423 452
423 456
423 465
423 474
423 493
424 434
424 441
424 451
424 459
424 483
424 494
425 431
425 436
425 442
425 451
425 456
425 459
425 460
425 461
425 469
425 476
425 484
426 431
426 435
426 438
426 456
426 460
426 468
426 469
426 475
426 481
427 429
427 432
427 434
427 449
427 462
427 465
427 473
427 477
427 480
427 490
428 436
428 449
428 452
428 456
428 459
428 462
428 477
428 496
429 443
429 449
429 452
429 460
429 480
429 482
429 484
429 494
430 433
430 439
430 459
430 475
430 478
430 479
431 435
431 440
431 445
431 462
431 471
431 478
432 438
432 442
432 453
432 468
432 481
433 440
433 444
433 455
433 480
434 442
434 464
434 473
434 478
434 485
434 493
435 488
435 490
435 493
436 450
436 455
436 464
436 482
437 451
437 460
437 464
438 450
438 458
438 462
438 466
438 467
438 473
438 476
438 478
438 499
439 440
439 456
439 458
439 482
439 483
439 495
440 475
440 483
440 484
440 485
440 486
440 499
441 457
441 463
441 466
442 444
442 445
442 460
442 485
443 466
443 481
443 491
444 474
444 477
445 463
445 474
445 476
445 498
446 455
446 458
446 475
446 486
446 491
446 494
446 496
447 469
447 472
448 449
448 456
448 460
449 452
449 462
449 478
449 479
449 481
449 499
450 463
450 468
450 484
451 462
451 467
451 469
451 481
451 485
451 486
451 498
452 456
452 462
452 463
452 477
452 479
452 482
452 486
452 488
452 493
453 469
453 496
453 499
454 461
454 494
454 498
455 465
455 484
455 489
455 491
455 493
456 463
456 485
456 493
457 464
457 468
457 470
457 472
457 476
457 483
457 484
458 467
458 468
458 475
458 478
458 489
458 495
461 462
461 465
461 481
461 486
462 466
462 489
462 499
463 468
463 494
463 499
464 469
464 471
464 479
464 480
464 486
465 477
465 498
465 499
466 473
466 474
466 478
467 471
468 476
468 479
468 490
468 494
470 474
470 477
470 482
470 487
470 489
470 491
470 495
471 472
471 474
471 499
472 473
472 487
472 496
474 497
475 484
476 485
477 479
477 493
478 483
478 491
478 498
478 499
480 485
480 487
480 490
480 495
480 497
480 498
481 491
481 496
482 484
483 492
485 491
486 490
487 493
487 495
488 491
488 495
489 493
489 496
492 499
494 495
496 498
497 498
