0 43
0 57
0 62
0 95
0 96
0 98
0 109
0 133
0 140
0 146
0 152
0 153
0 156
0 175
0 182
0 188
0 189
0 209
0 217
0 218
0 219
0 232
0 238
0 245
0 259
0 280
0 283
0 297
0 312
0 321
0 324
0 325
0 346
0 349
0 359
0 374
0 378
0 387
0 396
0 398
0 400
0 403
0 437
0 466
0 472
0 475
0 478
0 481
0 491
0 493
1 15
1 24
1 28
1 33
1 40
1 43
1 63
1 67
1 77
1 110
1 114
1 120
1 124
1 127
1 145
1 154
1 175
1 190
1 201
1 205
1 211
1 212
1 235
1 244
1 251
1 263
1 267
1 310
1 315
1 341
1 353
1 368
1 370
1 388
1 398
1 404
1 411
1 431
1 447
1 470
1 498
2 6
2 14
2 36
2 37
2 45
2 62
2 65
2 78
2 93
2 114
2 120
2 124
2 129
2 132
2 134
2 136
2 153
2 165
2 174
2 178
2 182
2 187
2 188
2 191
2 195
2 200
2 201
2 202
2 208
2 248
2 250
2 253
2 262
2 275
2 285
2 289
2 321
2 335
2 375
2 376
2 380
2 388
2 414
2 416
2 436
2 464
2 472
2 473
2 475
2 490
3 15
3 18
3 24
3 26
3 27
3 49
3 64
3 68
3 93
3 97
3 101
3 102
3 103
3 110
3 135
3 136
3 154
3 160
3 162
3 171
3 175
3 178
3 183
3 198
3 207
3 209
3 217
3 237
3 239
3 245
3 246
3 273
3 279
3 282
3 285
3 290
3 295
3 307
3 321
3 330
3 332
3 352
3 357
3 384
3 392
3 395
3 411
3 459
3 485
4 24
4 33
4 53
4 65
4 68
4 86
4 103
4 106
4 107
4 141
4 143
4 151
4 172
4 174
4 195
4 213
4 214
4 215
4 219
4 220
4 225
4 232
4 235
4 243
4 253
4 260
4 267
4 277
4 281
4 284
4 299
4 302
4 305
4 306
4 308
4 311
4 314
4 318
4 349
4 355
4 363
4 373
4 374
4 380
4 382
4 399
4 409
4 438
4 448
4 465
4 474
4 481
4 486
4 493
4 494
5 15
5 20
5 29
5 53
5 56
5 67
5 69
5 81
5 93
5 100
5 112
5 113
5 154
5 159
5 161
5 163
5 164
5 165
5 168
5 169
5 184
5 190
5 205
5 213
5 215
5 237
5 240
5 283
5 284
5 289
5 299
5 315
5 330
5 342
5 343
5 363
5 364
5 367
5 370
5 379
5 387
5 394
5 398
5 410
5 411
5 428
5 429
5 446
5 452
5 453
5 454
5 466
5 467
6 15
6 42
6 71
6 84
6 87
6 91
6 99
6 114
6 131
6 141
6 158
6 162
6 165
6 172
6 188
6 199
6 200
6 201
6 212
6 217
6 219
6 223
6 235
6 237
6 245
6 251
6 253
6 259
6 276
6 282
6 296
6 299
6 324
6 325
6 341
6 349
6 360
6 361
6 372
6 376
6 390
6 396
6 402
6 405
6 411
6 418
6 439
6 446
6 450
6 472
7 12
7 22
7 34
7 35
7 47
7 58
7 63
7 75
7 85
7 100
7 103
7 111
7 124
7 132
7 139
7 143
7 149
7 155
7 159
7 167
7 169
7 187
7 188
7 193
7 197
7 202
7 242
7 256
7 257
7 263
7 266
7 270
7 284
7 302
7 333
7 335
7 344
7 358
7 361
7 384
7 386
7 395
7 401
7 418
7 429
7 437
7 438
7 457
7 460
7 470
7 471
7 479
7 481
7 484
7 486
8 15
8 18
8 22
8 26
8 35
8 54
8 59
8 70
8 85
8 106
8 109
8 118
8 139
8 140
8 145
8 167
8 173
8 208
8 215
8 241
8 271
8 281
8 287
8 300
8 318
8 328
8 338
8 345
8 348
8 363
8 387
8 397
8 403
8 427
8 433
8 437
8 439
8 444
8 448
8 454
8 459
8 484
8 491
9 12
9 28
9 37
9 42
9 46
9 47
9 63
9 108
9 114
9 117
9 121
9 138
9 177
9 183
9 188
9 205
9 206
9 207
9 209
9 219
9 226
9 227
9 234
9 252
9 279
9 285
9 316
9 318
9 320
9 334
9 337
9 346
9 348
9 361
9 366
9 371
9 375
9 378
9 384
9 396
9 400
9 411
9 415
9 425
9 427
9 431
9 438
9 444
9 446
9 466
9 470
9 471
9 498
10 21
10 36
10 44
10 45
10 59
10 66
10 70
10 78
10 79
10 89
10 94
10 97
10 131
10 137
10 147
10 148
10 150
10 155
10 157
10 169
10 178
10 186
10 195
10 211
10 228
10 231
10 237
10 238
10 239
10 241
10 244
10 268
10 274
10 277
10 318
10 322
10 341
10 347
10 375
10 392
10 397
10 400
10 409
10 421
10 426
10 435
10 440
10 442
10 447
10 474
10 499
11 32
11 48
11 52
11 68
11 75
11 90
11 97
11 99
11 101
11 102
11 105
11 141
11 163
11 168
11 173
11 183
11 189
11 221
11 223
11 232
11 233
11 238
11 242
11 259
11 286
11 294
11 295
11 298
11 327
11 336
11 337
11 340
11 351
11 357
11 362
11 364
11 378
11 387
11 407
11 410
11 418
11 425
11 441
11 462
11 470
11 477
12 13
12 18
12 19
12 30
12 33
12 52
12 58
12 66
12 88
12 120
12 127
12 135
12 139
12 160
12 164
12 168
12 194
12 199
12 202
12 203
12 206
12 209
12 224
12 228
12 232
12 252
12 269
12 276
12 286
12 317
12 330
12 337
12 342
12 343
12 347
12 349
12 350
12 362
12 392
12 395
12 400
12 410
12 422
12 446
12 450
12 469
12 475
12 477
12 478
13 25
13 41
13 42
13 49
13 69
13 100
13 104
13 105
13 109
13 110
13 128
13 131
13 151
13 162
13 180
13 188
13 221
13 227
13 241
13 242
13 243
13 252
13 287
13 288
13 290
13 295
13 303
13 314
13 331
13 336
13 350
13 372
13 388
13 391
13 397
13 405
13 407
13 414
13 417
13 426
13 450
13 454
13 458
13 459
14 31
14 56
14 60
14 65
14 75
14 86
14 116
14 126
14 136
14 138
14 144
14 148
14 156
14 160
14 162
14 168
14 218
14 234
14 237
14 252
14 253
14 262
14 268
14 272
14 283
14 318
14 333
14 340
14 350
14 356
14 357
14 364
14 366
14 372
14 375
14 387
14 390
14 395
14 397
14 400
14 401
14 431
14 438
14 440
14 449
14 451
14 453
14 474
14 486
14 487
15 16
15 26
15 62
15 71
15 83
15 88
15 91
15 92
15 97
15 116
15 117
15 142
15 146
15 161
15 168
15 189
15 196
15 199
15 206
15 218
15 221
15 235
15 252
15 258
15 282
15 285
15 309
15 314
15 316
15 321
15 328
15 334
15 337
15 341
15 356
15 357
15 372
15 378
15 405
15 425
15 431
15 450
15 451
15 452
15 456
15 462
15 463
15 470
15 471
15 480
15 481
16 25
16 39
16 44
16 73
16 84
16 108
16 111
16 134
16 150
16 183
16 199
16 207
16 223
16 231
16 250
16 252
16 253
16 265
16 270
16 292
16 297
16 299
16 350
16 355
16 380
16 391
16 392
16 398
16 405
16 417
16 433
16 438
16 446
16 457
16 478
16 483
16 484
16 492
17 25
17 34
17 45
17 51
17 60
17 70
17 74
17 80
17 91
17 108
17 123
17 134
17 144
17 192
17 219
17 228
17 254
17 274
17 276
17 281
17 294
17 297
17 307
17 330
17 335
17 370
17 376
17 383
17 385
17 388
17 389
17 405
17 407
17 411
17 413
17 414
17 419
17 422
17 428
17 433
17 437
17 443
17 454
17 457
17 482
17 486
17 490
18 19
18 26
18 28
18 38
18 44
18 84
18 90
18 103
18 106
18 114
18 117
18 144
18 147
18 148
18 160
18 174
18 176
18 190
18 191
18 194
18 201
18 206
18 207
18 210
18 214
18 216
18 219
18 236
18 249
18 266
18 278
18 279
18 288
18 302
18 326
18 352
18 354
18 368
18 369
18 398
18 403
18 404
18 417
18 430
18 432
18 436
18 444
18 463
18 464
18 467
18 469
18 472
18 490
19 32
19 37
19 40
19 108
19 123
19 159
19 166
19 171
19 173
19 185
19 191
19 192
19 194
19 197
19 201
19 217
19 244
19 249
19 251
19 258
19 266
19 273
19 277
19 297
19 303
19 311
19 312
19 316
19 319
19 322
19 328
19 331
19 333
19 338
19 361
19 383
19 390
19 398
19 408
19 409
19 411
19 426
19 444
19 449
19 458
19 473
19 484
19 487
19 496
20 49
20 55
20 75
20 104
20 116
20 119
20 123
20 137
20 142
20 149
20 161
20 164
20 169
20 171
20 172
20 212
20 217
20 232
20 236
20 243
20 252
20 256
20 282
20 318
20 320
20 323
20 349
20 364
20 370
20 373
20 375
20 398
20 401
20 412
20 425
20 434
20 447
20 464
20 475
20 479
20 487
21 63
21 69
21 71
21 77
21 84
21 93
21 96
21 104
21 106
21 116
21 131
21 133
21 149
21 161
21 171
21 179
21 198
21 213
21 224
21 235
21 237
21 261
21 262
21 263
21 272
21 273
21 274
21 291
21 303
21 308
21 316
21 322
21 331
21 357
21 360
21 361
21 367
21 388
21 398
21 401
21 402
21 406
21 419
21 437
21 445
21 446
21 447
21 467
21 476
21 482
21 488
21 493
21 499
22 43
22 48
22 49
22 54
22 88
22 92
22 93
22 97
22 99
22 105
22 110
22 111
22 117
22 148
22 162
22 165
22 174
22 183
22 195
22 209
22 214
22 228
22 235
22 236
22 237
22 248
22 272
22 281
22 298
22 299
22 307
22 320
22 332
22 340
22 342
22 353
22 360
22 369
22 373
22 379
22 381
22 392
22 404
22 410
22 426
22 428
22 446
22 456
22 457
22 461
22 477
22 483
22 488
22 493
22 496
23 27
23 28
23 29
23 33
23 72
23 74
23 86
23 116
23 128
23 131
23 134
23 135
23 138
23 139
23 148
23 152
23 156
23 168
23 177
23 178
23 180
23 195
23 196
23 253
23 266
23 267
23 282
23 290
23 292
23 298
23 309
23 314
23 323
23 350
23 353
23 360
23 376
23 385
23 408
23 412
23 421
23 425
23 429
23 430
23 475
23 476
23 483
23 494
24 27
24 28
24 76
24 78
24 82
24 95
24 105
24 106
24 138
24 144
24 153
24 162
24 167
24 174
24 208
24 211
24 212
24 254
24 256
24 280
24 287
24 288
24 295
24 304
24 307
24 320
24 332
24 337
24 342
24 356
24 364
24 367
24 375
24 382
24 383
24 386
24 388
24 394
24 395
24 415
24 417
24 430
24 453
24 497
24 499
25 36
25 50
25 67
25 73
25 105
25 117
25 120
25 131
25 176
25 182
25 195
25 213
25 234
25 248
25 273
25 281
25 317
25 321
25 324
25 331
25 346
25 349
25 366
25 377
25 380
25 389
25 394
25 401
25 415
25 416
25 422
25 434
25 460
25 462
25 465
25 468
25 481
25 485
25 491
25 492
25 499
26 47
26 56
26 62
26 68
26 72
26 78
26 86
26 92
26 114
26 117
26 125
26 126
26 129
26 140
26 152
26 177
26 195
26 199
26 206
26 208
26 212
26 231
26 256
26 262
26 263
26 274
26 275
26 278
26 283
26 284
26 287
26 289
26 314
26 318
26 353
26 356
26 390
26 393
26 396
26 401
26 417
26 422
26 435
26 441
26 443
26 450
26 458
26 467
26 482
26 487
27 31
27 36
27 44
27 58
27 73
27 74
27 75
27 82
27 88
27 89
27 92
27 94
27 109
27 123
27 149
27 153
27 162
27 194
27 206
27 230
27 233
27 240
27 263
27 267
27 288
27 291
27 297
27 330
27 337
27 346
27 350
27 353
27 355
27 363
27 375
27 391
27 393
27 399
27 421
27 437
27 445
27 463
27 466
27 469
27 476
27 486
27 487
27 488
27 492
27 496
28 30
28 31
28 35
28 42
28 55
28 75
28 79
28 80
28 84
28 99
28 117
28 126
28 137
28 143
28 166
28 197
28 212
28 216
28 243
28 244
28 263
28 264
28 294
28 308
28 319
28 330
28 337
28 350
28 374
28 388
28 390
28 393
28 408
28 410
28 412
28 424
28 426
28 451
28 453
28 466
28 472
28 473
28 483
28 493
29 33
29 93
29 128
29 132
29 144
29 165
29 167
29 169
29 170
29 182
29 204
29 232
29 246
29 249
29 266
29 306
29 307
29 326
29 327
29 329
29 338
29 349
29 386
29 389
29 434
29 459
29 465
29 498
30 32
30 35
30 39
30 40
30 42
30 45
30 65
30 75
30 83
30 84
30 99
30 113
30 118
30 119
30 137
30 142
30 150
30 158
30 182
30 183
30 184
30 196
30 205
30 207
30 225
30 232
30 240
30 245
30 248
30 249
30 268
30 269
30 273
30 289
30 308
30 315
30 326
30 358
30 359
30 366
30 394
30 408
30 410
30 415
30 428
30 430
30 459
30 487
31 34
31 40
31 43
31 44
31 57
31 60
31 65
31 66
31 79
31 80
31 84
31 106
31 125
31 128
31 152
31 153
31 167
31 177
31 187
31 188
31 192
31 207
31 211
31 213
31 217
31 231
31 240
31 242
31 259
31 274
31 276
31 286
31 296
31 298
31 378
31 412
31 416
31 425
31 438
31 460
31 462
31 463
31 478
31 479
31 486
31 498
32 50
32 55
32 60
32 68
32 69
32 83
32 105
32 113
32 129
32 150
32 158
32 170
32 185
32 242
32 243
32 272
32 273
32 288
32 290
32 330
32 347
32 348
32 355
32 358
32 361
32 374
32 387
32 395
32 415
32 422
32 428
32 429
32 439
32 440
32 447
32 453
32 455
32 466
32 487
33 42
33 58
33 75
33 90
33 102
33 104
33 105
33 106
33 107
33 115
33 135
33 146
33 165
33 176
33 177
33 182
33 188
33 190
33 193
33 200
33 210
33 211
33 215
33 221
33 232
33 239
33 245
33 260
33 263
33 271
33 273
33 283
33 298
33 307
33 310
33 314
33 316
33 329
33 330
33 342
33 356
33 375
33 376
33 380
33 418
33 444
33 448
33 456
33 457
33 480
34 38
34 41
34 46
34 49
34 51
34 75
34 88
34 115
34 127
34 141
34 142
34 149
34 181
34 184
34 185
34 206
34 210
34 214
34 223
34 226
34 231
34 241
34 251
34 254
34 265
34 277
34 299
34 316
34 324
34 337
34 342
34 346
34 349
34 370
34 376
34 393
34 399
34 403
34 406
34 414
34 431
34 437
34 451
34 461
34 478
34 479
34 481
34 483
34 486
35 37
35 39
35 76
35 83
35 101
35 109
35 121
35 125
35 126
35 162
35 163
35 165
35 203
35 211
35 263
35 269
35 271
35 275
35 276
35 283
35 284
35 301
35 303
35 331
35 341
35 363
35 386
35 389
35 434
35 446
35 457
35 458
35 479
35 489
35 492
35 495
36 37
36 39
36 53
36 74
36 99
36 100
36 109
36 114
36 120
36 122
36 134
36 137
36 138
36 140
36 148
36 161
36 172
36 196
36 205
36 210
36 218
36 227
36 243
36 272
36 274
36 324
36 328
36 332
36 334
36 338
36 339
36 342
36 344
36 346
36 354
36 355
36 362
36 369
36 371
36 372
36 375
36 379
36 382
36 386
36 397
36 398
36 399
36 408
36 413
36 424
36 431
36 433
36 445
36 463
36 467
36 469
36 474
36 478
36 493
37 42
37 44
37 49
37 51
37 52
37 62
37 64
37 78
37 111
37 112
37 125
37 131
37 151
37 171
37 177
37 191
37 210
37 224
37 231
37 235
37 238
37 254
37 279
37 285
37 296
37 299
37 300
37 306
37 322
37 342
37 349
37 353
37 360
37 384
37 385
37 415
37 418
37 450
37 451
37 453
37 463
37 480
37 493
38 40
38 50
38 52
38 54
38 65
38 76
38 120
38 121
38 159
38 168
38 175
38 178
38 184
38 188
38 192
38 204
38 211
38 218
38 244
38 253
38 255
38 266
38 274
38 277
38 282
38 300
38 305
38 311
38 318
38 322
38 331
38 338
38 360
38 363
38 368
38 370
38 387
38 393
38 394
38 403
38 405
38 412
38 419
38 420
38 430
38 438
38 446
38 451
38 455
38 471
39 56
39 61
39 78
39 79
39 80
39 85
39 94
39 100
39 121
39 128
39 134
39 135
39 144
39 148
39 155
39 179
39 187
39 205
39 210
39 234
39 256
39 292
39 293
39 295
39 297
39 305
39 321
39 342
39 417
39 420
39 421
39 438
39 441
39 447
39 453
39 457
39 459
39 465
39 467
39 482
39 489
39 497
40 46
40 64
40 86
40 106
40 109
40 124
40 134
40 153
40 156
40 178
40 198
40 206
40 217
40 218
40 260
40 266
40 281
40 282
40 292
40 310
40 314
40 325
40 327
40 338
40 348
40 350
40 354
40 372
40 374
40 387
40 408
40 447
40 467
40 474
40 487
40 488
40 496
41 46
41 66
41 68
41 70
41 78
41 82
41 87
41 92
41 94
41 102
41 105
41 110
41 125
41 143
41 145
41 148
41 164
41 183
41 191
41 196
41 197
41 200
41 208
41 214
41 220
41 233
41 234
41 248
41 251
41 252
41 259
41 265
41 279
41 289
41 294
41 302
41 303
41 317
41 338
41 339
41 363
41 371
41 381
41 384
41 413
41 421
41 427
41 434
41 452
41 462
41 478
41 489
41 494
41 498
42 43
42 59
42 64
42 75
42 76
42 125
42 145
42 147
42 149
42 151
42 156
42 167
42 185
42 209
42 210
42 212
42 221
42 235
42 239
42 249
42 259
42 265
42 270
42 274
42 276
42 303
42 320
42 322
42 341
42 343
42 350
42 371
42 372
42 378
42 381
42 383
42 385
42 387
42 400
42 401
42 413
42 420
42 424
42 430
42 443
42 454
42 464
42 477
42 480
42 493
43 68
43 79
43 96
43 110
43 117
43 118
43 146
43 147
43 166
43 186
43 203
43 206
43 213
43 217
43 227
43 235
43 249
43 259
43 260
43 270
43 287
43 288
43 296
43 325
43 335
43 338
43 339
43 345
43 357
43 374
43 376
43 388
43 392
43 400
43 414
43 417
43 432
43 436
43 439
43 461
43 468
43 473
43 493
43 495
44 47
44 60
44 79
44 88
44 89
44 91
44 95
44 100
44 165
44 180
44 185
44 197
44 200
44 207
44 240
44 245
44 255
44 260
44 281
44 290
44 330
44 337
44 389
44 390
44 398
44 402
44 419
44 420
44 421
44 422
44 426
44 431
44 444
44 467
44 479
44 493
45 46
45 65
45 66
45 67
45 71
45 96
45 103
45 107
45 117
45 118
45 125
45 132
45 133
45 140
45 143
45 147
45 153
45 156
45 162
45 164
45 170
45 175
45 183
45 212
45 215
45 247
45 250
45 272
45 275
45 300
45 306
45 327
45 334
45 362
45 367
45 373
45 377
45 383
45 401
45 403
45 407
45 411
45 417
45 423
45 446
45 448
45 473
45 482
45 494
45 496
46 50
46 64
46 68
46 112
46 114
46 118
46 127
46 128
46 150
46 154
46 162
46 171
46 176
46 178
46 189
46 191
46 210
46 228
46 230
46 240
46 255
46 258
46 263
46 269
46 275
46 281
46 297
46 306
46 317
46 335
46 379
46 396
46 405
46 412
46 427
46 445
46 456
46 466
46 471
46 472
46 481
46 483
46 494
46 496
47 52
47 53
47 60
47 68
47 80
47 81
47 85
47 88
47 92
47 101
47 103
47 141
47 157
47 164
47 191
47 192
47 196
47 211
47 233
47 238
47 245
47 250
47 251
47 281
47 287
47 293
47 344
47 357
47 374
47 376
47 386
47 388
47 391
47 407
47 421
47 432
47 439
47 444
47 455
47 462
47 482
47 484
47 494
48 52
48 53
48 77
48 84
48 85
48 90
48 92
48 104
48 121
48 125
48 127
48 135
48 137
48 168
48 169
48 179
48 181
48 186
48 187
48 234
48 244
48 247
48 260
48 271
48 275
48 293
48 318
48 331
48 333
48 345
48 352
48 363
48 368
48 369
48 376
48 381
48 384
48 385
48 415
48 420
48 448
48 459
48 460
48 474
48 481
48 486
48 490
48 494
49 74
49 78
49 82
49 129
49 136
49 148
49 156
49 159
49 160
49 184
49 185
49 188
49 195
49 201
49 216
49 222
49 237
49 238
49 256
49 265
49 271
49 278
49 297
49 308
49 332
49 341
49 352
49 357
49 360
49 366
49 370
49 373
49 383
49 385
49 393
49 402
49 414
49 420
49 427
49 433
49 435
49 443
49 458
49 484
50 68
50 71
50 84
50 101
50 103
50 108
50 114
50 122
50 138
50 145
50 151
50 164
50 167
50 177
50 195
50 218
50 222
50 228
50 244
50 257
50 264
50 266
50 272
50 285
50 292
50 296
50 305
50 306
50 321
50 323
50 327
50 339
50 349
50 350
50 359
50 404
50 424
50 430
50 434
50 435
50 445
50 447
50 452
50 466
50 479
50 482
51 70
51 71
51 76
51 119
51 122
51 140
51 149
51 153
51 155
51 159
51 161
51 172
51 175
51 176
51 182
51 214
51 216
51 226
51 237
51 238
51 243
51 248
51 268
51 269
51 290
51 306
51 315
51 318
51 359
51 382
51 395
51 447
51 448
51 456
51 460
51 468
51 473
51 480
51 491
52 56
52 102
52 106
52 120
52 143
52 148
52 160
52 169
52 178
52 193
52 206
52 209
52 210
52 215
52 246
52 263
52 269
52 271
52 288
52 289
52 296
52 300
52 314
52 340
52 351
52 352
52 356
52 357
52 371
52 376
52 377
52 382
52 387
52 389
52 395
52 409
52 428
52 435
52 436
52 444
52 445
52 471
52 472
52 478
52 479
52 485
52 493
53 60
53 64
53 65
53 78
53 89
53 94
53 100
53 112
53 113
53 118
53 131
53 133
53 145
53 146
53 155
53 160
53 166
53 189
53 202
53 215
53 227
53 230
53 243
53 244
53 259
53 264
53 265
53 311
53 328
53 339
53 340
53 361
53 363
53 367
53 369
53 371
53 375
53 390
53 391
53 403
53 411
53 420
53 431
53 433
53 434
53 455
53 463
53 474
53 478
54 73
54 88
54 106
54 109
54 110
54 113
54 115
54 132
54 133
54 166
54 202
54 224
54 233
54 263
54 269
54 304
54 332
54 343
54 345
54 358
54 369
54 381
54 382
54 385
54 395
54 402
54 427
54 438
54 446
54 452
54 467
54 477
54 489
55 62
55 72
55 77
55 91
55 94
55 96
55 108
55 115
55 116
55 121
55 122
55 152
55 156
55 163
55 165
55 170
55 185
55 189
55 224
55 229
55 245
55 256
55 272
55 297
55 313
55 345
55 349
55 354
55 370
55 372
55 373
55 376
55 382
55 383
55 399
55 422
55 428
55 430
55 431
55 439
55 440
56 57
56 80
56 95
56 106
56 117
56 121
56 135
56 154
56 168
56 171
56 178
56 211
56 214
56 226
56 230
56 239
56 245
56 261
56 276
56 289
56 292
56 293
56 295
56 301
56 306
56 308
56 314
56 315
56 331
56 340
56 382
56 393
56 404
56 409
56 454
56 457
56 461
56 477
56 478
57 58
57 62
57 66
57 86
57 97
57 99
57 119
57 132
57 136
57 137
57 159
57 160
57 168
57 169
57 186
57 198
57 199
57 209
57 211
57 214
57 219
57 224
57 226
57 229
57 238
57 239
57 245
57 249
57 259
57 267
57 276
57 277
57 285
57 292
57 314
57 316
57 323
57 328
57 333
57 337
57 353
57 361
57 369
57 375
57 377
57 378
57 380
57 388
57 404
57 411
57 413
57 418
57 421
57 426
57 430
57 435
57 436
57 446
57 453
57 461
57 488
57 492
58 62
58 65
58 75
58 110
58 119
58 121
58 137
58 145
58 167
58 176
58 179
58 184
58 199
58 203
58 206
58 209
58 213
58 224
58 278
58 287
58 289
58 294
58 309
58 334
58 339
58 399
58 404
58 411
58 416
58 425
58 448
58 449
58 452
58 454
58 467
58 476
58 480
58 483
58 484
59 62
59 72
59 96
59 99
59 140
59 152
59 159
59 162
59 167
59 168
59 170
59 190
59 195
59 206
59 210
59 221
59 228
59 229
59 231
59 232
59 234
59 238
59 241
59 252
59 257
59 262
59 263
59 285
59 289
59 292
59 294
59 295
59 308
59 311
59 325
59 340
59 341
59 364
59 369
59 387
59 407
59 409
59 422
59 425
59 428
59 448
59 451
59 454
59 455
59 462
59 469
59 473
60 67
60 68
60 72
60 92
60 103
60 112
60 120
60 135
60 139
60 143
60 167
60 190
60 195
60 201
60 205
60 206
60 211
60 215
60 219
60 226
60 240
60 246
60 250
60 260
60 272
60 285
60 296
60 301
60 304
60 319
60 334
60 352
60 363
60 375
60 390
60 411
60 437
60 457
60 462
60 463
60 471
60 473
61 67
61 81
61 104
61 111
61 119
61 125
61 126
61 141
61 161
61 174
61 179
61 182
61 212
61 230
61 234
61 235
61 253
61 259
61 276
61 282
61 285
61 294
61 306
61 326
61 338
61 341
61 349
61 402
61 406
61 440
61 453
61 465
61 466
61 468
61 473
62 79
62 86
62 87
62 91
62 116
62 119
62 136
62 138
62 139
62 146
62 148
62 155
62 161
62 162
62 171
62 191
62 208
62 213
62 219
62 222
62 229
62 243
62 276
62 279
62 315
62 316
62 333
62 353
62 359
62 361
62 365
62 367
62 373
62 375
62 382
62 396
62 403
62 411
62 429
62 435
62 436
62 444
62 457
62 460
62 468
62 478
62 484
62 485
62 491
63 68
63 73
63 75
63 76
63 80
63 90
63 92
63 104
63 110
63 128
63 137
63 152
63 170
63 173
63 196
63 237
63 239
63 240
63 255
63 256
63 277
63 279
63 280
63 282
63 298
63 306
63 316
63 321
63 326
63 331
63 334
63 341
63 347
63 361
63 365
63 399
63 402
63 408
63 411
63 429
63 448
63 461
63 466
63 471
63 484
63 497
64 88
64 98
64 102
64 111
64 131
64 135
64 164
64 182
64 190
64 200
64 220
64 225
64 260
64 307
64 333
64 341
64 342
64 356
64 373
64 374
64 379
64 387
64 399
64 410
64 417
64 442
64 446
64 470
64 475
64 478
64 496
65 68
65 79
65 88
65 91
65 109
65 113
65 117
65 121
65 124
65 145
65 159
65 161
65 169
65 170
65 189
65 190
65 193
65 206
65 243
65 260
65 262
65 273
65 279
65 291
65 310
65 311
65 314
65 318
65 319
65 331
65 354
65 359
65 360
65 363
65 376
65 396
65 398
65 404
65 429
65 434
65 436
65 439
65 451
65 455
65 465
65 468
66 68
66 73
66 75
66 93
66 128
66 129
66 144
66 162
66 167
66 174
66 197
66 209
66 214
66 236
66 244
66 250
66 264
66 265
66 273
66 275
66 276
66 281
66 296
66 297
66 299
66 305
66 313
66 315
66 323
66 329
66 357
66 373
66 386
66 394
66 406
66 410
66 431
66 435
66 443
66 472
66 478
66 482
66 483
66 495
67 69
67 73
67 80
67 83
67 89
67 102
67 122
67 124
67 132
67 134
67 148
67 156
67 158
67 160
67 168
67 172
67 183
67 187
67 191
67 197
67 201
67 216
67 218
67 219
67 229
67 249
67 252
67 258
67 284
67 287
67 303
67 309
67 315
67 361
67 363
67 402
67 410
67 411
67 416
67 417
67 420
67 423
67 436
67 437
67 440
67 451
67 473
68 82
68 106
68 109
68 156
68 161
68 163
68 165
68 169
68 191
68 192
68 193
68 198
68 210
68 217
68 218
68 247
68 248
68 251
68 258
68 259
68 268
68 275
68 278
68 303
68 318
68 345
68 350
68 352
68 370
68 412
68 415
68 429
68 433
68 441
68 460
68 469
68 480
68 495
68 496
68 499
69 99
69 101
69 104
69 106
69 114
69 117
69 134
69 145
69 157
69 172
69 185
69 186
69 194
69 223
69 225
69 228
69 230
69 242
69 252
69 254
69 262
69 281
69 285
69 289
69 302
69 316
69 325
69 330
69 335
69 365
69 367
69 372
69 378
69 380
69 383
69 397
69 423
69 435
69 437
69 456
69 460
69 463
69 467
69 468
69 472
69 476
69 477
69 489
69 492
70 78
70 86
70 94
70 97
70 123
70 124
70 133
70 145
70 147
70 150
70 154
70 158
70 160
70 165
70 174
70 194
70 198
70 202
70 203
70 227
70 232
70 264
70 276
70 277
70 299
70 320
70 323
70 326
70 330
70 346
70 355
70 376
70 385
70 386
70 394
70 409
70 419
70 420
70 445
70 448
70 456
70 465
70 479
70 481
70 482
70 485
70 492
71 77
71 88
71 92
71 100
71 126
71 133
71 154
71 163
71 164
71 191
71 196
71 201
71 206
71 216
71 219
71 238
71 260
71 268
71 276
71 283
71 309
71 313
71 316
71 322
71 338
71 339
71 340
71 347
71 354
71 365
71 373
71 405
71 407
71 408
71 426
71 428
71 448
71 452
71 453
71 482
71 489
72 73
72 74
72 87
72 99
72 106
72 114
72 125
72 148
72 153
72 157
72 158
72 163
72 179
72 217
72 247
72 254
72 261
72 266
72 277
72 287
72 295
72 309
72 315
72 326
72 344
72 365
72 368
72 374
72 375
72 381
72 386
72 388
72 403
72 408
72 419
72 428
72 436
72 437
72 440
72 446
72 458
72 477
72 489
72 497
73 93
73 99
73 103
73 110
73 112
73 125
73 129
73 140
73 149
73 160
73 170
73 171
73 174
73 178
73 180
73 183
73 193
73 217
73 222
73 256
73 267
73 276
73 288
73 294
73 302
73 322
73 324
73 325
73 329
73 338
73 343
73 344
73 364
73 365
73 368
73 374
73 380
73 397
73 398
73 416
73 443
73 451
73 459
73 467
73 480
73 493
74 80
74 82
74 84
74 86
74 91
74 100
74 112
74 120
74 144
74 147
74 164
74 177
74 192
74 210
74 216
74 223
74 246
74 250
74 254
74 255
74 259
74 263
74 264
74 285
74 288
74 310
74 323
74 327
74 329
74 330
74 332
74 352
74 365
74 390
74 409
74 422
74 450
74 455
74 488
75 81
75 86
75 110
75 112
75 115
75 125
75 127
75 139
75 140
75 172
75 184
75 195
75 208
75 231
75 238
75 254
75 270
75 274
75 276
75 282
75 287
75 340
75 346
75 357
75 385
75 390
75 392
75 397
75 414
75 431
75 450
75 468
75 472
75 478
76 83
76 87
76 95
76 123
76 125
76 126
76 127
76 171
76 190
76 191
76 195
76 209
76 219
76 223
76 233
76 243
76 251
76 264
76 265
76 293
76 304
76 317
76 318
76 327
76 341
76 347
76 351
76 353
76 357
76 366
76 371
76 374
76 398
76 402
76 411
76 427
76 428
76 433
76 445
76 463
76 470
76 480
76 494
76 495
77 105
77 107
77 111
77 116
77 118
77 137
77 144
77 149
77 151
77 161
77 180
77 201
77 211
77 212
77 218
77 227
77 231
77 236
77 238
77 239
77 240
77 248
77 276
77 279
77 288
77 297
77 326
77 331
77 332
77 336
77 346
77 355
77 364
77 365
77 389
77 392
77 395
77 402
77 413
77 415
77 427
77 434
77 436
77 452
77 457
77 472
77 474
77 486
77 492
77 497
78 79
78 91
78 98
78 112
78 124
78 131
78 136
78 174
78 183
78 205
78 230
78 233
78 239
78 251
78 264
78 268
78 296
78 302
78 307
78 319
78 322
78 334
78 335
78 353
78 363
78 373
78 374
78 392
78 407
78 409
78 414
78 421
78 429
78 452
78 456
78 464
78 476
78 486
78 490
79 119
79 122
79 159
79 162
79 163
79 167
79 168
79 178
79 198
79 202
79 228
79 230
79 234
79 236
79 237
79 264
79 265
79 299
79 309
79 312
79 327
79 343
79 349
79 350
79 354
79 371
79 372
79 376
79 382
79 387
79 396
79 406
79 413
79 423
79 428
79 430
79 432
79 434
79 442
79 460
79 479
79 481
79 484
80 82
80 100
80 106
80 107
80 116
80 143
80 146
80 172
80 182
80 197
80 205
80 214
80 215
80 270
80 280
80 285
80 340
80 357
80 382
80 385
80 391
80 394
80 400
80 401
80 405
80 406
80 411
80 432
80 466
80 467
80 499
81 86
81 93
81 107
81 119
81 145
81 164
81 166
81 177
81 179
81 180
81 194
81 203
81 204
81 237
81 251
81 261
81 284
81 293
81 294
81 305
81 325
81 366
81 371
81 376
81 378
81 408
81 412
81 427
81 431
81 434
81 447
81 448
81 475
81 477
81 487
81 495
81 499
82 84
82 96
82 103
82 118
82 120
82 155
82 156
82 170
82 179
82 205
82 212
82 213
82 235
82 261
82 285
82 289
82 297
82 306
82 316
82 322
82 333
82 345
82 356
82 359
82 365
82 371
82 380
82 386
82 387
82 403
82 407
82 417
82 436
82 441
82 442
82 453
82 457
82 472
82 486
82 488
83 90
83 107
83 113
83 121
83 145
83 149
83 159
83 164
83 165
83 173
83 179
83 195
83 201
83 206
83 208
83 222
83 250
83 252
83 254
83 256
83 260
83 261
83 265
83 268
83 275
83 276
83 299
83 300
83 307
83 312
83 314
83 316
83 342
83 347
83 366
83 381
83 385
83 404
83 411
83 413
83 432
83 461
83 464
83 493
84 86
84 87
84 93
84 97
84 99
84 104
84 106
84 134
84 136
84 153
84 162
84 166
84 179
84 189
84 191
84 216
84 219
84 221
84 231
84 234
84 236
84 245
84 249
84 254
84 257
84 267
84 272
84 279
84 289
84 308
84 344
84 357
84 371
84 378
84 389
84 395
84 399
84 400
84 405
84 419
84 448
84 456
84 460
84 462
84 466
84 469
84 473
84 475
84 478
84 480
85 89
85 100
85 117
85 134
85 160
85 177
85 188
85 189
85 210
85 223
85 239
85 242
85 243
85 248
85 249
85 251
85 277
85 279
85 302
85 310
85 321
85 337
85 338
85 341
85 344
85 370
85 377
85 392
85 394
85 421
85 424
85 433
85 442
85 452
85 455
85 469
85 492
86 94
86 97
86 104
86 106
86 115
86 121
86 132
86 163
86 166
86 170
86 196
86 201
86 206
86 217
86 221
86 233
86 262
86 263
86 281
86 284
86 290
86 302
86 311
86 322
86 329
86 342
86 349
86 363
86 364
86 370
86 384
86 387
86 391
86 413
86 424
86 433
86 450
86 459
86 460
86 462
86 463
86 464
86 471
86 475
86 485
86 498
87 88
87 92
87 99
87 129
87 137
87 149
87 174
87 175
87 187
87 192
87 207
87 209
87 228
87 249
87 256
87 258
87 283
87 290
87 293
87 296
87 313
87 322
87 323
87 329
87 332
87 341
87 343
87 348
87 354
87 357
87 371
87 411
87 420
87 423
87 425
87 426
87 435
87 437
87 441
87 448
87 449
87 452
87 466
87 488
87 499
88 91
88 111
88 126
88 148
88 166
88 183
88 191
88 215
88 218
88 221
88 233
88 257
88 271
88 275
88 289
88 303
88 317
88 320
88 321
88 325
88 329
88 330
88 331
88 365
88 393
88 399
88 402
88 431
88 439
88 443
88 453
88 454
88 456
88 461
88 471
88 476
88 485
88 488
88 489
89 114
89 129
89 134
89 142
89 144
89 148
89 174
89 178
89 189
89 227
89 231
89 237
89 243
89 266
89 282
89 355
89 364
89 368
89 382
89 385
89 387
89 389
89 390
89 403
89 408
89 439
89 453
89 462
89 465
89 478
89 480
89 483
90 102
90 120
90 136
90 145
90 152
90 166
90 182
90 186
90 194
90 211
90 216
90 222
90 224
90 233
90 234
90 240
90 272
90 285
90 316
90 318
90 321
90 327
90 337
90 344
90 345
90 354
90 372
90 379
90 380
90 388
90 406
90 407
90 418
90 420
90 435
90 439
90 445
90 473
90 478
90 489
91 92
91 100
91 108
91 113
91 141
91 152
91 158
91 161
91 162
91 217
91 230
91 249
91 250
91 251
91 253
91 265
91 270
91 279
91 283
91 296
91 312
91 313
91 326
91 328
91 338
91 340
91 351
91 352
91 368
91 372
91 373
91 374
91 384
91 390
91 395
91 409
91 451
91 458
91 487
92 97
92 100
92 106
92 119
92 127
92 128
92 132
92 204
92 205
92 238
92 254
92 255
92 275
92 281
92 303
92 304
92 313
92 314
92 319
92 337
92 340
92 360
92 367
92 384
92 398
92 423
92 428
92 431
92 443
92 445
92 448
92 464
93 94
93 103
93 131
93 148
93 158
93 163
93 168
93 169
93 183
93 184
93 191
93 204
93 210
93 233
93 252
93 262
93 265
93 270
93 276
93 280
93 295
93 296
93 318
93 319
93 324
93 326
93 345
93 349
93 364
93 372
93 373
93 391
93 401
93 418
93 437
93 440
93 452
93 459
93 461
93 463
93 465
93 466
93 488
94 95
94 111
94 112
94 118
94 123
94 125
94 131
94 139
94 142
94 149
94 153
94 155
94 167
94 170
94 171
94 180
94 183
94 188
94 195
94 201
94 228
94 231
94 233
94 238
94 254
94 256
94 275
94 285
94 296
94 310
94 323
94 334
94 338
94 346
94 353
94 365
94 370
94 380
94 390
94 401
94 403
94 407
94 417
94 430
94 442
94 444
94 449
94 454
94 455
94 461
94 463
94 468
94 477
94 482
94 483
94 496
95 96
95 97
95 109
95 112
95 156
95 169
95 214
95 215
95 225
95 265
95 270
95 271
95 291
95 295
95 296
95 331
95 337
95 339
95 357
95 358
95 363
95 372
95 379
95 393
95 400
95 432
95 440
95 452
95 455
95 462
95 472
95 492
96 98
96 106
96 109
96 116
96 119
96 133
96 137
96 140
96 152
96 163
96 165
96 173
96 182
96 191
96 211
96 213
96 216
96 218
96 223
96 225
96 249
96 252
96 256
96 257
96 258
96 265
96 282
96 293
96 295
96 298
96 303
96 319
96 326
96 340
96 384
96 392
96 394
96 395
96 398
96 410
96 424
96 425
96 445
96 450
96 451
96 453
96 459
96 465
96 478
96 493
96 496
97 110
97 125
97 156
97 176
97 188
97 201
97 220
97 221
97 225
97 233
97 241
97 244
97 245
97 246
97 252
97 256
97 260
97 262
97 270
97 301
97 309
97 315
97 320
97 327
97 342
97 346
97 352
97 356
97 365
97 366
97 376
97 394
97 395
97 409
97 418
97 425
97 465
97 469
97 470
97 476
97 489
97 496
98 100
98 102
98 126
98 138
98 164
98 173
98 175
98 181
98 185
98 187
98 204
98 210
98 228
98 233
98 236
98 243
98 245
98 260
98 275
98 276
98 280
98 288
98 291
98 304
98 320
98 324
98 335
98 338
98 340
98 345
98 355
98 366
98 380
98 393
98 404
98 407
98 420
98 421
98 439
98 448
98 462
98 463
98 473
98 481
98 482
98 492
98 493
98 496
99 119
99 125
99 132
99 138
99 153
99 170
99 185
99 192
99 194
99 229
99 251
99 253
99 259
99 261
99 277
99 294
99 305
99 326
99 353
99 359
99 363
99 378
99 385
99 393
99 398
99 404
99 416
99 430
99 434
99 460
99 478
99 483
99 486
99 497
99 498
100 102
100 130
100 131
100 144
100 152
100 169
100 172
100 173
100 177
100 196
100 201
100 227
100 245
100 260
100 263
100 268
100 270
100 311
100 314
100 326
100 339
100 340
100 341
100 346
100 371
100 390
100 392
100 398
100 405
100 417
100 443
100 446
100 458
100 464
100 472
100 474
100 479
100 489
100 494
100 495
100 499
101 103
101 117
101 133
101 154
101 156
101 161
101 165
101 167
101 182
101 184
101 187
101 199
101 202
101 205
101 229
101 238
101 257
101 259
101 260
101 263
101 269
101 271
101 273
101 277
101 281
101 294
101 295
101 300
101 310
101 316
101 337
101 348
101 356
101 362
101 367
101 378
101 381
101 418
101 435
101 437
101 452
101 457
101 463
101 469
101 470
101 477
101 485
101 486
101 499
102 108
102 112
102 115
102 119
102 124
102 126
102 134
102 169
102 197
102 198
102 206
102 209
102 217
102 238
102 254
102 263
102 274
102 279
102 302
102 333
102 342
102 346
102 348
102 349
102 400
102 402
102 430
102 433
102 462
102 470
102 484
102 489
103 114
103 121
103 123
103 135
103 136
103 146
103 149
103 155
103 159
103 161
103 162
103 170
103 180
103 186
103 211
103 217
103 236
103 244
103 246
103 257
103 274
103 285
103 300
103 302
103 307
103 341
103 345
103 355
103 357
103 365
103 366
103 371
103 387
103 388
103 393
103 405
103 416
103 428
103 434
103 449
103 457
103 461
103 463
103 471
103 496
104 108
104 110
104 111
104 116
104 118
104 126
104 132
104 150
104 173
104 194
104 209
104 214
104 222
104 237
104 238
104 240
104 243
104 270
104 275
104 329
104 333
104 341
104 342
104 361
104 394
104 398
104 420
104 422
104 446
104 461
104 467
104 477
104 478
104 486
104 494
104 498
105 122
105 129
105 130
105 150
105 151
105 164
105 169
105 175
105 183
105 202
105 210
105 233
105 254
105 256
105 260
105 262
105 264
105 266
105 269
105 271
105 281
105 293
105 295
105 303
105 304
105 317
105 328
105 330
105 351
105 357
105 359
105 365
105 366
105 378
105 389
105 390
105 392
105 396
105 412
105 417
105 440
105 474
105 483
105 492
105 498
106 119
106 125
106 133
106 151
106 156
106 168
106 173
106 189
106 191
106 198
106 202
106 206
106 207
106 208
106 233
106 236
106 240
106 243
106 244
106 253
106 265
106 270
106 271
106 282
106 287
106 292
106 318
106 334
106 341
106 355
106 362
106 396
106 404
106 422
106 436
106 439
106 449
106 457
106 459
106 464
106 480
106 497
107 110
107 121
107 125
107 130
107 146
107 162
107 168
107 171
107 193
107 206
107 210
107 214
107 220
107 224
107 228
107 244
107 245
107 246
107 252
107 273
107 299
107 305
107 309
107 321
107 331
107 335
107 342
107 346
107 352
107 359
107 375
107 395
107 407
107 409
107 410
107 416
107 434
107 445
107 457
107 458
107 460
107 475
107 479
107 495
107 497
108 113
108 121
108 122
108 124
108 142
108 176
108 207
108 236
108 237
108 243
108 245
108 266
108 267
108 269
108 286
108 287
108 290
108 298
108 299
108 303
108 312
108 325
108 326
108 329
108 332
108 337
108 342
108 352
108 354
108 355
108 375
108 379
108 385
108 389
108 393
108 404
108 406
108 413
108 443
108 450
108 452
108 453
108 461
108 474
108 479
108 484
108 492
108 497
109 120
109 122
109 128
109 131
109 135
109 145
109 149
109 150
109 164
109 170
109 176
109 179
109 185
109 190
109 193
109 196
109 205
109 210
109 214
109 216
109 233
109 236
109 239
109 242
109 247
109 255
109 272
109 312
109 314
109 336
109 344
109 346
109 347
109 350
109 353
109 362
109 370
109 380
109 386
109 427
109 432
109 455
109 462
109 467
110 120
110 134
110 145
110 158
110 175
110 188
110 189
110 217
110 228
110 246
110 256
110 261
110 265
110 281
110 283
110 286
110 289
110 292
110 313
110 319
110 324
110 354
110 356
110 359
110 361
110 363
110 372
110 378
110 381
110 383
110 391
110 397
110 405
110 411
110 419
110 420
110 431
110 435
110 455
110 467
110 473
110 474
111 114
111 119
111 138
111 157
111 166
111 181
111 189
111 212
111 213
111 222
111 231
111 240
111 242
111 270
111 271
111 300
111 303
111 304
111 311
111 314
111 332
111 349
111 350
111 381
111 382
111 413
111 454
111 465
111 499
112 119
112 132
112 140
112 144
112 157
112 163
112 170
112 173
112 174
112 189
112 197
112 208
112 215
112 230
112 248
112 250
112 255
112 268
112 273
112 276
112 277
112 283
112 306
112 309
112 317
112 323
112 326
112 338
112 342
112 363
112 367
112 399
112 439
112 463
112 468
112 475
112 478
112 481
112 490
112 491
112 496
113 151
113 156
113 157
113 161
113 174
113 183
113 205
113 208
113 224
113 226
113 238
113 263
113 268
113 277
113 287
113 300
113 312
113 323
113 325
113 326
113 346
113 348
113 360
113 363
113 383
113 385
113 389
113 390
113 401
113 419
113 421
113 426
113 432
113 447
113 460
113 498
114 116
114 127
114 136
114 151
114 167
114 168
114 187
114 189
114 196
114 214
114 218
114 235
114 242
114 243
114 246
114 265
114 282
114 309
114 324
114 341
114 343
114 345
114 356
114 358
114 359
114 370
114 382
114 388
114 402
114 417
114 419
114 428
114 437
114 443
114 445
114 446
114 466
114 469
114 473
114 492
114 496
115 123
115 128
115 159
115 163
115 171
115 172
115 179
115 181
115 183
115 189
115 190
115 196
115 199
115 207
115 218
115 232
115 233
115 250
115 256
115 277
115 307
115 312
115 328
115 331
115 332
115 333
115 335
115 337
115 357
115 366
115 382
115 386
115 392
115 395
115 396
115 413
115 423
115 429
115 451
115 457
115 470
115 474
116 117
116 124
116 127
116 137
116 147
116 162
116 171
116 180
116 181
116 182
116 196
116 197
116 201
116 207
116 214
116 227
116 247
116 248
116 260
116 276
116 277
116 288
116 292
116 304
116 308
116 311
116 318
116 327
116 349
116 377
116 378
116 379
116 387
116 388
116 399
116 422
116 437
116 449
116 461
116 468
116 469
117 130
117 131
117 140
117 144
117 150
117 167
117 177
117 178
117 179
117 192
117 206
117 209
117 223
117 224
117 236
117 246
117 275
117 301
117 312
117 313
117 328
117 331
117 345
117 347
117 348
117 362
117 368
117 385
117 387
117 400
117 401
117 402
117 404
117 434
117 438
117 453
117 454
117 458
117 462
117 468
117 469
117 475
117 479
117 483
117 490
117 498
118 120
118 127
118 143
118 160
118 162
118 163
118 168
118 172
118 178
118 212
118 224
118 225
118 239
118 248
118 251
118 253
118 255
118 256
118 258
118 263
118 266
118 271
118 276
118 282
118 293
118 298
118 311
118 312
118 343
118 346
118 356
118 363
118 368
118 384
118 395
118 403
118 413
118 427
118 432
118 434
118 440
118 451
118 452
118 482
118 486
118 490
118 498
118 499
119 142
119 143
119 149
119 150
119 167
119 183
119 186
119 188
119 207
119 210
119 211
119 225
119 226
119 229
119 233
119 245
119 252
119 254
119 263
119 266
119 270
119 295
119 299
119 303
119 327
119 331
119 332
119 337
119 339
119 343
119 372
119 373
119 374
119 383
119 391
119 397
119 403
119 412
119 415
119 421
119 424
119 426
119 431
119 437
119 438
119 449
119 458
119 473
119 478
119 480
120 136
120 139
120 143
120 153
120 158
120 161
120 164
120 175
120 183
120 185
120 189
120 220
120 231
120 238
120 269
120 278
120 279
120 282
120 291
120 298
120 299
120 302
120 305
120 332
120 340
120 347
120 354
120 368
120 376
120 382
120 384
120 385
120 393
120 395
120 396
120 401
120 402
120 410
120 420
120 437
120 450
120 459
120 468
120 477
120 488
120 497
121 146
121 152
121 172
121 192
121 204
121 207
121 216
121 219
121 227
121 262
121 267
121 279
121 297
121 298
121 325
121 332
121 336
121 354
121 373
121 396
121 410
121 417
121 428
121 430
121 437
121 443
121 452
121 480
121 481
121 492
122 148
122 151
122 156
122 163
122 164
122 175
122 176
122 184
122 204
122 233
122 234
122 244
122 245
122 248
122 256
122 285
122 294
122 310
122 314
122 316
122 322
122 327
122 347
122 353
122 357
122 367
122 375
122 383
122 388
122 424
122 435
122 438
122 450
122 457
122 478
122 481
122 485
122 488
122 494
122 499
123 127
123 140
123 144
123 146
123 164
123 168
123 174
123 191
123 195
123 205
123 210
123 218
123 234
123 255
123 282
123 292
123 295
123 315
123 320
123 321
123 342
123 349
123 358
123 362
123 371
123 374
123 388
123 416
123 428
123 451
123 454
123 462
123 474
123 483
123 494
124 125
124 147
124 153
124 158
124 168
124 173
124 176
124 185
124 191
124 198
124 200
124 204
124 218
124 221
124 222
124 246
124 249
124 256
124 259
124 262
124 276
124 317
124 335
124 361
124 369
124 372
124 375
124 386
124 396
124 443
124 446
124 467
124 477
124 494
125 130
125 144
125 148
125 151
125 153
125 164
125 167
125 173
125 177
125 182
125 191
125 192
125 198
125 200
125 216
125 227
125 240
125 244
125 260
125 261
125 272
125 274
125 276
125 288
125 293
125 306
125 318
125 324
125 339
125 342
125 355
125 361
125 368
125 387
125 395
125 403
125 412
125 418
125 434
125 461
125 472
125 476
125 481
126 133
126 137
126 141
126 145
126 193
126 202
126 223
126 268
126 300
126 310
126 327
126 328
126 329
126 334
126 341
126 346
126 370
126 373
126 385
126 394
126 400
126 414
126 416
126 417
126 418
126 421
126 426
126 429
126 430
126 436
126 458
126 466
127 130
127 145
127 161
127 166
127 203
127 206
127 212
127 218
127 227
127 234
127 238
127 241
127 249
127 255
127 256
127 270
127 311
127 313
127 316
127 323
127 324
127 329
127 348
127 371
127 372
127 374
127 381
127 388
127 400
127 409
127 411
127 416
127 431
127 449
127 471
127 497
127 499
128 145
128 147
128 150
128 151
128 165
128 171
128 181
128 192
128 205
128 207
128 213
128 218
128 221
128 234
128 242
128 253
128 263
128 276
128 282
128 299
128 309
128 313
128 324
128 344
128 353
128 354
128 382
128 387
128 394
128 397
128 401
128 406
128 411
128 436
128 457
128 493
129 141
129 144
129 151
129 154
129 155
129 156
129 169
129 170
129 172
129 177
129 178
129 180
129 197
129 202
129 203
129 204
129 218
129 232
129 242
129 257
129 281
129 284
129 298
129 318
129 335
129 337
129 352
129 355
129 368
129 388
129 397
129 399
129 431
129 443
129 446
129 448
129 451
129 452
129 457
129 490
129 494
129 495
129 496
130 161
130 165
130 166
130 173
130 174
130 193
130 211
130 225
130 256
130 261
130 262
130 265
130 269
130 275
130 287
130 312
130 322
130 332
130 340
130 349
130 361
130 365
130 379
130 399
130 409
130 423
130 436
130 455
130 457
130 470
130 477
130 489
130 490
130 491
130 495
131 179
131 180
131 183
131 188
131 191
131 215
131 220
131 226
131 233
131 263
131 280
131 291
131 304
131 326
131 330
131 344
131 361
131 365
131 366
131 369
131 374
131 378
131 400
131 407
131 413
131 421
131 486
131 490
132 154
132 158
132 165
132 180
132 183
132 191
132 204
132 231
132 232
132 244
132 252
132 267
132 282
132 285
132 288
132 296
132 298
132 316
132 328
132 336
132 348
132 376
132 382
132 387
132 406
132 449
132 464
132 488
132 497
133 144
133 147
133 159
133 161
133 162
133 172
133 192
133 199
133 216
133 240
133 241
133 247
133 266
133 272
133 277
133 290
133 295
133 296
133 300
133 301
133 308
133 319
133 322
133 330
133 335
133 349
133 353
133 355
133 379
133 385
133 390
133 391
133 402
133 405
133 419
133 425
133 429
133 449
133 458
133 461
133 464
133 465
133 484
133 490
133 493
133 496
134 145
134 168
134 170
134 171
134 173
134 182
134 183
134 191
134 207
134 210
134 233
134 273
134 276
134 279
134 281
134 286
134 290
134 295
134 307
134 326
134 337
134 357
134 361
134 369
134 402
134 404
134 422
134 426
134 427
134 428
134 458
134 461
134 494
134 497
135 151
135 160
135 199
135 203
135 222
135 233
135 250
135 252
135 283
135 292
135 322
135 329
135 338
135 340
135 354
135 355
135 374
135 388
135 422
135 424
135 429
135 435
135 436
135 437
135 440
135 446
135 455
135 456
135 475
136 182
136 193
136 197
136 210
136 211
136 215
136 234
136 259
136 267
136 274
136 280
136 294
136 313
136 323
136 336
136 355
136 364
136 367
136 372
136 378
136 405
136 410
136 425
136 427
136 428
136 433
136 442
136 443
136 449
136 490
136 492
136 494
137 157
137 167
137 176
137 178
137 181
137 184
137 193
137 194
137 212
137 213
137 228
137 253
137 255
137 263
137 272
137 280
137 292
137 308
137 343
137 350
137 352
137 362
137 369
137 374
137 395
137 406
137 419
137 444
137 462
137 467
137 481
137 495
138 139
138 141
138 142
138 162
138 167
138 171
138 176
138 188
138 192
138 193
138 200
138 219
138 252
138 270
138 279
138 280
138 289
138 290
138 299
138 313
138 316
138 327
138 329
138 341
138 376
138 383
138 384
138 391
138 400
138 428
138 442
138 469
138 471
138 473
138 484
138 489
138 491
139 151
139 153
139 158
139 166
139 170
139 172
139 194
139 195
139 199
139 211
139 218
139 221
139 231
139 251
139 254
139 261
139 264
139 267
139 273
139 283
139 286
139 333
139 334
139 340
139 341
139 350
139 355
139 377
139 392
139 395
139 396
139 402
139 408
139 428
139 430
139 431
139 433
139 434
139 437
139 448
139 460
139 465
139 466
139 491
139 492
140 143
140 160
140 162
140 165
140 177
140 179
140 181
140 190
140 253
140 257
140 259
140 287
140 296
140 310
140 330
140 332
140 343
140 352
140 356
140 358
140 359
140 379
140 381
140 388
140 411
140 421
140 425
140 438
140 445
140 450
140 453
140 455
140 462
140 467
140 472
140 473
140 493
141 156
141 169
141 175
141 176
141 194
141 202
141 214
141 227
141 236
141 247
141 273
141 293
141 295
141 297
141 314
141 315
141 318
141 321
141 322
141 348
141 352
141 382
141 394
141 396
141 397
141 411
141 446
141 447
141 455
141 464
141 471
141 472
141 493
141 498
142 153
142 158
142 170
142 188
142 203
142 207
142 219
142 236
142 242
142 256
142 264
142 273
142 313
142 328
142 335
142 341
142 372
142 374
142 379
142 397
142 424
142 430
142 439
142 445
142 450
142 452
142 458
142 467
142 471
142 491
143 146
143 158
143 159
143 167
143 174
143 194
143 196
143 198
143 215
143 216
143 223
143 226
143 231
143 248
143 275
143 292
143 300
143 313
143 318
143 322
143 329
143 334
143 336
143 342
143 349
143 371
143 376
143 382
143 383
143 388
143 399
143 400
143 410
143 452
143 457
143 484
143 485
143 489
144 154
144 175
144 202
144 203
144 238
144 242
144 254
144 257
144 268
144 273
144 276
144 291
144 313
144 318
144 325
144 329
144 334
144 339
144 359
144 369
144 404
144 416
144 417
144 418
144 438
144 440
144 442
144 446
144 462
144 465
144 481
144 488
144 496
145 148
145 157
145 164
145 177
145 201
145 213
145 222
145 229
145 247
145 260
145 261
145 266
145 270
145 277
145 283
145 294
145 309
145 324
145 328
145 340
145 353
145 367
145 372
145 376
145 410
145 412
145 414
145 424
145 425
145 434
145 436
145 448
145 449
145 453
146 149
146 152
146 158
146 159
146 166
146 168
146 173
146 188
146 189
146 198
146 207
146 209
146 210
146 217
146 231
146 255
146 274
146 295
146 297
146 301
146 306
146 310
146 319
146 360
146 365
146 384
146 395
146 396
146 406
146 416
146 429
146 431
146 444
146 446
146 448
146 451
146 452
146 459
146 487
146 491
146 492
147 153
147 167
147 187
147 198
147 201
147 211
147 213
147 214
147 221
147 223
147 232
147 245
147 260
147 262
147 277
147 282
147 287
147 298
147 302
147 318
147 345
147 382
147 416
147 418
147 426
147 437
147 452
147 461
147 480
148 149
148 150
148 155
148 176
148 181
148 200
148 209
148 215
148 256
148 257
148 258
148 261
148 298
148 306
148 336
148 339
148 347
148 351
148 361
148 370
148 381
148 394
148 418
148 428
148 430
148 453
148 457
148 461
148 466
148 474
148 488
148 496
149 180
149 182
149 186
149 200
149 203
149 224
149 228
149 242
149 260
149 271
149 281
149 289
149 290
149 294
149 296
149 303
149 323
149 350
149 358
149 364
149 388
149 404
149 410
149 411
149 419
149 428
149 453
149 454
149 456
149 463
149 468
149 474
149 494
150 151
150 153
150 160
150 163
150 166
150 177
150 186
150 190
150 192
150 195
150 206
150 213
150 222
150 226
150 233
150 234
150 237
150 238
150 239
150 265
150 271
150 280
150 282
150 292
150 293
150 294
150 306
150 308
150 325
150 326
150 333
150 347
150 352
150 354
150 360
150 363
150 371
150 381
150 400
150 411
150 425
150 430
150 434
150 446
150 450
150 462
150 466
150 467
151 152
151 177
151 229
151 242
151 257
151 269
151 275
151 295
151 301
151 303
151 309
151 310
151 329
151 357
151 369
151 386
151 398
151 407
151 414
151 432
151 454
151 458
151 462
151 487
151 494
152 160
152 169
152 175
152 178
152 191
152 193
152 200
152 203
152 204
152 210
152 228
152 231
152 233
152 235
152 237
152 238
152 239
152 240
152 243
152 246
152 249
152 271
152 280
152 297
152 305
152 312
152 320
152 332
152 336
152 344
152 363
152 365
152 372
152 382
152 389
152 401
152 431
152 435
152 452
152 485
152 490
152 491
152 492
152 498
152 499
153 166
153 178
153 186
153 189
153 190
153 199
153 206
153 251
153 262
153 292
153 301
153 302
153 306
153 318
153 326
153 328
153 338
153 344
153 346
153 355
153 369
153 373
153 391
153 394
153 396
153 401
153 413
153 417
153 426
153 438
153 439
153 455
153 469
153 485
153 486
153 489
154 165
154 177
154 194
154 199
154 210
154 215
154 221
154 229
154 248
154 259
154 263
154 265
154 268
154 292
154 324
154 328
154 347
154 351
154 360
154 364
154 370
154 391
154 407
154 412
154 416
154 426
154 435
154 442
154 445
154 446
154 450
154 454
154 456
154 462
154 465
154 481
154 483
154 498
154 499
155 156
155 159
155 177
155 206
155 209
155 213
155 228
155 299
155 303
155 305
155 306
155 309
155 313
155 317
155 322
155 327
155 333
155 338
155 340
155 359
155 375
155 388
155 400
155 402
155 420
155 421
155 435
155 445
155 466
155 467
155 475
155 484
155 487
155 490
156 158
156 173
156 201
156 208
156 212
156 219
156 223
156 226
156 232
156 248
156 263
156 268
156 284
156 289
156 297
156 298
156 305
156 308
156 321
156 340
156 346
156 348
156 351
156 365
156 366
156 383
156 388
156 395
156 401
156 404
156 416
156 425
156 436
156 457
156 465
156 467
156 476
156 477
156 491
156 495
157 172
157 173
157 179
157 211
157 212
157 218
157 224
157 226
157 230
157 235
157 258
157 277
157 278
157 289
157 300
157 301
157 328
157 341
157 359
157 361
157 371
157 378
157 385
157 389
157 402
157 408
157 414
157 415
157 438
157 452
157 457
157 461
157 464
157 478
157 483
157 497
158 165
158 177
158 187
158 192
158 200
158 224
158 227
158 238
158 242
158 243
158 274
158 298
158 305
158 312
158 316
158 335
158 336
158 357
158 360
158 369
158 380
158 398
158 405
158 417
158 426
158 428
158 431
158 443
158 451
158 468
158 470
158 475
158 478
158 479
158 480
158 485
158 486
158 488
158 490
158 495
159 164
159 165
159 182
159 185
159 193
159 195
159 212
159 213
159 215
159 234
159 247
159 262
159 277
159 287
159 289
159 294
159 306
159 308
159 314
159 322
159 324
159 326
159 334
159 336
159 337
159 341
159 343
159 374
159 384
159 388
159 389
159 397
159 403
159 411
159 424
159 438
159 444
159 447
159 475
159 476
159 479
159 488
159 492
160 173
160 187
160 188
160 190
160 228
160 237
160 240
160 247
160 249
160 253
160 257
160 282
160 300
160 301
160 321
160 323
160 346
160 350
160 374
160 388
160 389
160 396
160 397
160 399
160 405
160 414
160 421
160 433
160 438
160 439
160 476
160 484
161 165
161 168
161 186
161 199
161 203
161 215
161 222
161 238
161 263
161 274
161 283
161 294
161 296
161 299
161 305
161 317
161 339
161 347
161 348
161 352
161 370
161 375
161 379
161 412
161 423
161 428
161 434
161 437
161 444
161 456
161 470
161 488
161 495
162 183
162 188
162 190
162 192
162 212
162 213
162 224
162 270
162 280
162 294
162 306
162 309
162 323
162 325
162 331
162 333
162 334
162 335
162 338
162 353
162 357
162 363
162 401
162 426
162 457
162 491
162 495
162 498
163 181
163 190
163 195
163 209
163 213
163 226
163 231
163 263
163 288
163 309
163 311
163 315
163 333
163 335
163 344
163 345
163 347
163 363
163 369
163 374
163 394
163 398
163 431
163 444
163 446
163 448
163 451
163 455
163 463
163 477
163 495
164 171
164 191
164 214
164 216
164 226
164 243
164 246
164 257
164 265
164 295
164 296
164 301
164 302
164 313
164 327
164 336
164 344
164 349
164 358
164 366
164 372
164 373
164 374
164 389
164 403
164 407
164 418
164 421
164 423
164 429
164 434
164 444
164 449
164 463
164 487
165 166
165 199
165 203
165 206
165 230
165 248
165 267
165 272
165 276
165 285
165 290
165 293
165 298
165 314
165 319
165 324
165 326
165 345
165 352
165 388
165 390
165 391
165 413
165 420
165 424
165 439
165 442
165 446
165 454
165 461
165 489
165 491
166 186
166 194
166 206
166 226
166 244
166 249
166 251
166 253
166 268
166 270
166 274
166 275
166 276
166 279
166 295
166 299
166 327
166 337
166 343
166 379
166 380
166 391
166 399
166 405
166 411
166 413
166 428
166 434
166 473
166 490
167 170
167 177
167 200
167 204
167 207
167 217
167 240
167 243
167 255
167 260
167 281
167 287
167 288
167 294
167 305
167 319
167 324
167 336
167 344
167 345
167 363
167 371
167 382
167 386
167 389
167 413
167 416
167 421
167 422
167 432
167 436
167 443
167 450
167 467
167 480
167 492
168 178
168 181
168 185
168 196
168 212
168 224
168 228
168 235
168 243
168 248
168 256
168 279
168 286
168 292
168 296
168 298
168 300
168 305
168 312
168 313
168 330
168 334
168 338
168 347
168 348
168 353
168 357
168 358
168 361
168 363
168 381
168 389
168 395
168 404
168 409
168 420
168 433
168 483
169 201
169 202
169 218
169 219
169 259
169 263
169 281
169 287
169 303
169 339
169 344
169 351
169 353
169 358
169 361
169 375
169 379
169 384
169 394
169 396
169 412
169 424
169 439
169 447
169 493
170 172
170 194
170 200
170 205
170 206
170 207
170 227
170 231
170 237
170 257
170 270
170 276
170 292
170 309
170 318
170 337
170 341
170 345
170 348
170 353
170 363
170 369
170 381
170 391
170 402
170 419
170 422
170 435
170 456
170 458
170 468
170 476
170 484
170 491
171 185
171 196
171 200
171 204
171 218
171 222
171 238
171 255
171 277
171 281
171 301
171 310
171 334
171 349
171 358
171 366
171 367
171 382
171 400
171 409
171 415
171 431
171 441
171 447
171 452
171 462
171 465
171 467
171 481
171 493
171 496
172 173
172 179
172 186
172 187
172 215
172 219
172 223
172 224
172 236
172 259
172 265
172 271
172 272
172 296
172 315
172 320
172 324
172 331
172 336
172 337
172 350
172 357
172 361
172 367
172 368
172 386
172 403
172 406
172 420
172 430
172 452
172 474
172 485
173 181
173 195
173 198
173 200
173 228
173 237
173 265
173 281
173 294
173 308
173 352
173 363
173 368
173 398
173 399
173 400
173 401
173 402
173 414
173 422
173 439
173 457
173 483
173 485
173 487
173 494
173 497
174 181
174 186
174 194
174 235
174 268
174 271
174 290
174 296
174 298
174 299
174 303
174 305
174 308
174 322
174 332
174 341
174 359
174 387
174 391
174 392
174 420
174 425
174 433
174 453
174 470
174 471
174 479
174 489
174 490
174 491
175 182
175 184
175 185
175 196
175 199
175 204
175 208
175 226
175 234
175 235
175 246
175 255
175 276
175 290
175 310
175 315
175 351
175 368
175 369
175 373
175 374
175 379
175 386
175 388
175 411
175 412
175 416
175 427
175 441
175 458
175 462
175 482
175 488
176 186
176 191
176 192
176 200
176 206
176 232
176 237
176 248
176 250
176 279
176 293
176 296
176 308
176 335
176 342
176 355
176 367
176 381
176 385
176 409
176 429
176 436
176 439
176 444
176 451
176 455
176 456
176 470
176 476
176 485
176 487
176 491
177 194
177 195
177 200
177 203
177 214
177 232
177 239
177 254
177 287
177 302
177 303
177 324
177 326
177 331
177 345
177 349
177 364
177 378
177 391
177 392
177 396
177 405
177 411
177 457
177 464
177 465
177 466
177 499
178 183
178 197
178 198
178 214
178 217
178 230
178 241
178 245
178 259
178 265
178 274
178 297
178 301
178 317
178 341
178 365
178 382
178 397
178 406
178 411
178 417
178 418
178 433
178 443
178 459
178 460
178 473
178 477
178 480
178 489
178 497
179 182
179 184
179 187
179 202
179 205
179 224
179 228
179 241
179 259
179 261
179 264
179 267
179 276
179 277
179 282
179 296
179 297
179 320
179 324
179 330
179 331
179 332
179 334
179 348
179 357
179 369
179 384
179 389
179 405
179 408
179 426
179 445
179 451
179 464
180 205
180 208
180 213
180 221
180 226
180 265
180 324
180 374
180 378
180 384
180 387
180 395
180 396
180 397
180 415
180 423
180 425
180 426
180 440
180 447
180 467
180 469
180 484
180 489
180 492
180 493
180 496
180 497
180 499
181 189
181 191
181 192
181 202
181 215
181 237
181 257
181 262
181 274
181 284
181 287
181 331
181 351
181 353
181 354
181 357
181 370
181 377
181 397
181 402
181 403
181 440
181 461
181 473
181 475
181 479
181 480
181 487
181 495
182 190
182 192
182 199
182 209
182 248
182 254
182 256
182 264
182 269
182 290
182 291
182 294
182 299
182 310
182 316
182 326
182 329
182 347
182 349
182 363
182 367
182 399
182 416
182 419
182 420
182 426
182 429
182 447
182 451
182 468
182 489
182 492
182 494
183 184
183 205
183 217
183 242
183 243
183 253
183 262
183 321
183 327
183 331
183 339
183 357
183 360
183 373
183 374
183 382
183 385
183 402
183 454
183 460
183 466
183 483
184 187
184 213
184 236
184 243
184 262
184 267
184 275
184 278
184 300
184 307
184 308
184 313
184 314
184 342
184 344
184 346
184 373
184 374
184 379
184 390
184 412
184 414
184 423
184 438
184 462
184 468
184 480
184 487
184 491
185 186
185 192
185 195
185 197
185 213
185 223
185 226
185 266
185 281
185 292
185 303
185 323
185 332
185 352
185 363
185 367
185 376
185 377
185 383
185 384
185 391
185 397
185 401
185 404
185 416
185 425
185 429
185 448
185 454
185 461
185 485
185 488
185 491
185 499
186 197
186 203
186 204
186 209
186 211
186 217
186 239
186 256
186 263
186 276
186 304
186 309
186 345
186 359
186 363
186 375
186 398
186 403
186 414
186 415
186 418
186 422
186 425
186 426
186 427
186 430
186 442
186 452
186 456
186 462
186 464
186 470
186 481
186 491
187 191
187 198
187 201
187 202
187 211
187 238
187 241
187 256
187 278
187 285
187 301
187 336
187 361
187 369
187 390
187 395
187 396
187 418
187 436
187 439
187 441
187 447
187 448
187 450
187 458
187 464
187 481
187 485
187 486
187 487
187 488
188 191
188 210
188 219
188 222
188 223
188 227
188 233
188 278
188 279
188 286
188 299
188 304
188 316
188 326
188 328
188 344
188 349
188 351
188 352
188 366
188 368
188 369
188 384
188 390
188 395
188 406
188 419
188 434
188 438
188 461
188 462
188 465
188 471
188 472
188 481
189 190
189 196
189 198
189 207
189 211
189 222
189 228
189 238
189 239
189 285
189 320
189 323
189 335
189 338
189 342
189 343
189 345
189 346
189 354
189 366
189 372
189 375
189 381
189 400
189 408
189 411
189 416
189 433
189 435
189 444
189 454
189 460
189 472
189 482
189 486
190 207
190 220
190 241
190 243
190 245
190 255
190 263
190 265
190 279
190 280
190 283
190 296
190 297
190 306
190 352
190 379
190 381
190 391
190 425
190 427
190 440
190 443
190 444
190 455
190 478
190 485
190 499
191 205
191 227
191 230
191 240
191 246
191 250
191 255
191 260
191 297
191 326
191 329
191 338
191 354
191 365
191 373
191 388
191 395
191 396
191 400
191 409
191 412
191 427
191 434
191 440
191 446
191 448
191 456
192 194
192 196
192 201
192 208
192 217
192 226
192 243
192 245
192 246
192 257
192 261
192 282
192 291
192 293
192 296
192 301
192 306
192 310
192 322
192 335
192 353
192 357
192 359
192 374
192 377
192 383
192 386
192 387
192 394
192 403
192 407
192 413
192 433
192 467
192 484
192 487
193 195
193 200
193 207
193 209
193 215
193 237
193 243
193 258
193 265
193 271
193 281
193 289
193 312
193 325
193 326
193 329
193 333
193 343
193 346
193 361
193 366
193 367
193 369
193 388
193 394
193 398
193 412
193 430
193 445
193 460
193 461
193 479
193 487
193 493
194 197
194 200
194 236
194 248
194 252
194 253
194 258
194 261
194 268
194 274
194 277
194 284
194 294
194 297
194 314
194 315
194 346
194 355
194 362
194 369
194 376
194 378
194 398
194 407
194 424
194 440
194 457
194 460
194 470
194 473
194 476
194 477
194 490
194 492
194 495
195 221
195 224
195 238
195 245
195 255
195 259
195 263
195 267
195 268
195 271
195 280
195 292
195 313
195 335
195 348
195 350
195 356
195 367
195 376
195 387
195 400
195 402
195 411
195 420
195 435
195 462
195 464
195 466
195 469
195 487
196 216
196 221
196 230
196 236
196 249
196 270
196 273
196 289
196 292
196 341
196 372
196 375
196 377
196 386
196 391
196 398
196 406
196 419
196 426
196 435
196 457
196 471
196 472
196 477
197 200
197 204
197 228
197 245
197 247
197 248
197 251
197 257
197 261
197 263
197 264
197 279
197 285
197 300
197 322
197 324
197 333
197 339
197 349
197 361
197 375
197 378
197 382
197 390
197 412
197 422
197 434
197 452
197 454
197 456
197 468
197 497
198 218
198 225
198 226
198 252
198 290
198 297
198 316
198 330
198 348
198 367
198 376
198 388
198 396
198 405
198 407
198 416
198 425
198 431
198 447
198 449
198 463
198 479
198 497
199 207
199 216
199 217
199 231
199 241
199 243
199 250
199 261
199 272
199 316
199 340
199 341
199 399
199 401
199 403
199 424
199 426
199 453
199 458
199 466
199 476
199 478
199 499
200 204
200 208
200 213
200 236
200 246
200 261
200 266
200 272
200 274
200 276
200 287
200 298
200 304
200 320
200 321
200 357
200 372
200 375
200 380
200 387
200 394
200 400
200 404
200 407
200 413
200 429
200 434
200 436
200 437
200 457
200 476
200 493
201 205
201 214
201 234
201 237
201 238
201 251
201 259
201 270
201 274
201 307
201 328
201 345
201 363
201 366
201 382
201 386
201 396
201 421
201 424
201 445
201 462
201 482
201 486
201 488
201 498
202 206
202 234
202 239
202 247
202 249
202 265
202 277
202 280
202 290
202 295
202 303
202 307
202 308
202 314
202 319
202 332
202 352
202 359
202 363
202 384
202 396
202 401
202 403
202 408
202 415
202 423
202 425
202 443
202 461
202 476
202 494
202 498
203 241
203 248
203 264
203 282
203 283
203 288
203 296
203 300
203 325
203 339
203 341
203 379
203 380
203 386
203 388
203 403
203 406
203 426
203 431
203 440
203 461
203 466
203 469
203 491
204 221
204 228
204 229
204 239
204 250
204 264
204 276
204 281
204 289
204 298
204 299
204 300
204 318
204 334
204 337
204 344
204 355
204 361
204 370
204 374
204 376
204 377
204 381
204 384
204 388
204 390
204 392
204 412
204 417
204 423
204 424
204 436
204 453
204 460
204 467
204 471
204 478
205 209
205 218
205 226
205 227
205 265
205 323
205 326
205 341
205 345
205 350
205 359
205 360
205 368
205 374
205 375
205 399
205 416
205 421
205 428
205 436
205 457
205 464
205 474
205 489
205 491
205 493
205 499
206 207
206 209
206 211
206 224
206 228
206 230
206 232
206 242
206 243
206 255
206 260
206 262
206 263
206 270
206 272
206 290
206 302
206 304
206 326
206 357
206 365
206 369
206 373
206 383
206 384
206 396
206 404
206 420
206 433
206 434
206 463
206 476
206 479
206 482
206 484
206 486
206 489
206 497
207 208
207 215
207 218
207 221
207 227
207 239
207 251
207 261
207 264
207 271
207 281
207 297
207 312
207 324
207 326
207 336
207 337
207 344
207 348
207 351
207 353
207 358
207 360
207 363
207 378
207 385
207 386
207 393
207 407
207 411
207 414
207 428
207 446
207 449
207 457
207 460
207 466
207 478
207 480
207 497
208 215
208 217
208 228
208 245
208 256
208 272
208 275
208 287
208 302
208 309
208 313
208 362
208 372
208 381
208 382
208 383
208 401
208 403
208 426
208 429
208 436
208 438
208 440
208 447
208 451
208 462
208 468
208 487
208 490
208 497
209 212
209 234
209 247
209 250
209 261
209 262
209 264
209 268
209 277
209 285
209 289
209 310
209 331
209 333
209 347
209 356
209 360
209 375
209 386
209 394
209 399
209 407
209 412
209 414
209 427
209 437
209 446
209 448
209 456
209 463
209 472
209 474
209 487
210 232
210 238
210 240
210 249
210 263
210 279
210 297
210 300
210 301
210 309
210 310
210 320
210 324
210 336
210 356
210 368
210 369
210 380
210 457
210 466
210 476
210 479
210 490
211 214
211 219
211 224
211 228
211 266
211 275
211 276
211 283
211 284
211 288
211 309
211 312
211 326
211 336
211 346
211 347
211 355
211 392
211 404
211 406
211 426
211 439
211 446
211 448
211 453
211 457
211 459
211 465
211 466
211 470
211 478
211 487
212 214
212 231
212 250
212 252
212 257
212 287
212 294
212 295
212 298
212 309
212 310
212 311
212 313
212 326
212 328
212 352
212 390
212 410
212 413
212 415
212 417
212 436
212 487
212 492
213 223
213 228
213 248
213 254
213 259
213 267
213 272
213 280
213 299
213 308
213 312
213 314
213 318
213 319
213 321
213 333
213 363
213 373
213 381
213 382
213 387
213 393
213 395
213 400
213 405
213 423
213 426
213 429
213 434
213 435
213 440
213 443
213 445
213 451
213 457
213 458
213 476
213 490
214 223
214 224
214 228
214 240
214 242
214 252
214 260
214 269
214 291
214 295
214 308
214 310
214 313
214 320
214 321
214 323
214 334
214 336
214 352
214 383
214 402
214 405
214 406
214 412
214 414
214 418
214 427
214 448
214 456
214 459
214 461
214 471
214 489
215 223
215 228
215 242
215 252
215 253
215 255
215 257
215 286
215 301
215 305
215 314
215 325
215 328
215 330
215 343
215 356
215 369
215 372
215 379
215 385
215 393
215 396
215 402
215 410
215 416
215 424
215 427
215 437
215 448
215 450
215 458
215 484
215 486
215 494
216 230
216 232
216 235
216 240
216 244
216 296
216 299
216 310
216 311
216 315
216 316
216 317
216 334
216 335
216 342
216 343
216 346
216 356
216 367
216 371
216 372
216 377
216 384
216 386
216 401
216 402
216 403
216 405
216 407
216 412
216 416
216 418
216 450
216 456
216 463
216 467
216 495
216 496
217 228
217 233
217 245
217 255
217 270
217 273
217 278
217 279
217 297
217 305
217 316
217 323
217 333
217 335
217 343
217 354
217 374
217 379
217 392
217 425
217 433
217 452
217 462
217 483
218 237
218 264
218 285
218 296
218 297
218 304
218 319
218 331
218 357
218 363
218 364
218 369
218 378
218 382
218 383
218 409
218 415
218 417
218 418
218 432
218 438
218 446
218 458
218 460
218 464
218 474
218 481
218 487
218 489
218 492
218 497
219 233
219 246
219 269
219 270
219 275
219 279
219 289
219 308
219 311
219 326
219 327
219 331
219 341
219 344
219 345
219 353
219 373
219 376
219 378
219 410
219 421
219 424
219 440
219 444
219 446
219 449
219 468
219 470
219 476
219 478
219 479
219 481
219 498
220 226
220 241
220 242
220 255
220 272
220 273
220 275
220 294
220 302
220 306
220 314
220 326
220 327
220 349
220 380
220 382
220 387
220 404
220 408
220 421
220 427
220 435
220 440
220 451
220 456
220 465
220 496
221 232
221 233
221 237
221 251
221 285
221 308
221 318
221 320
221 323
221 330
221 352
221 372
221 386
221 401
221 425
221 429
221 471
221 487
222 225
222 243
222 257
222 261
222 263
222 277
222 283
222 284
222 300
222 303
222 313
222 318
222 320
222 322
222 330
222 341
222 348
222 349
222 362
222 382
222 392
222 406
222 407
222 408
222 433
222 438
222 455
222 456
222 458
222 475
222 478
222 479
222 483
222 491
222 496
223 228
223 235
223 244
223 258
223 265
223 269
223 275
223 277
223 279
223 280
223 281
223 293
223 297
223 307
223 318
223 328
223 342
223 345
223 351
223 352
223 367
223 374
223 385
223 393
223 398
223 424
223 439
223 440
223 453
223 454
223 468
224 226
224 235
224 252
224 265
224 272
224 273
224 274
224 275
224 276
224 278
224 314
224 320
224 334
224 361
224 371
224 376
224 381
224 392
224 398
224 411
224 414
224 420
224 424
224 428
224 445
224 448
224 473
224 477
224 479
224 484
224 490
224 494
225 240
225 264
225 272
225 285
225 304
225 307
225 308
225 336
225 338
225 340
225 344
225 348
225 366
225 368
225 369
225 371
225 389
225 396
225 404
225 411
225 423
225 440
225 441
225 445
225 448
225 453
225 456
225 473
225 487
225 490
225 493
225 494
226 259
226 274
226 320
226 322
226 341
226 344
226 345
226 353
226 369
226 373
226 387
226 388
226 402
226 407
226 435
226 446
226 457
226 461
226 498
226 499
227 228
227 234
227 236
227 238
227 246
227 247
227 251
227 260
227 278
227 282
227 283
227 286
227 301
227 308
227 317
227 318
227 320
227 331
227 352
227 357
227 362
227 374
227 387
227 439
227 445
227 452
227 458
227 465
227 475
227 481
227 494
228 231
228 236
228 241
228 274
228 290
228 292
228 296
228 301
228 308
228 357
228 358
228 365
228 366
228 374
228 386
228 390
228 399
228 409
228 414
228 421
228 426
228 429
228 435
228 440
228 453
228 454
228 458
228 475
229 240
229 243
229 246
229 260
229 261
229 284
229 292
229 324
229 327
229 335
229 337
229 340
229 363
229 364
229 371
229 373
229 375
229 389
229 403
229 414
229 418
229 422
229 459
229 465
229 468
229 480
230 233
230 240
230 242
230 255
230 265
230 271
230 291
230 309
230 311
230 325
230 330
230 338
230 341
230 350
230 358
230 380
230 382
230 383
230 391
230 393
230 411
230 423
230 427
230 429
230 445
230 450
230 468
230 471
230 495
231 252
231 260
231 286
231 292
231 302
231 327
231 354
231 368
231 371
231 386
231 401
231 417
231 429
231 438
231 441
231 444
231 465
231 490
231 494
231 498
232 248
232 260
232 267
232 272
232 278
232 289
232 308
232 318
232 321
232 325
232 335
232 336
232 339
232 351
232 364
232 365
232 366
232 388
232 390
232 394
232 413
232 431
232 446
232 448
232 449
232 451
232 470
233 277
233 295
233 314
233 319
233 321
233 327
233 335
233 339
233 352
233 354
233 368
233 373
233 386
233 396
233 397
233 398
233 400
233 401
233 422
233 439
233 453
233 472
233 473
233 476
234 250
234 280
234 286
234 290
234 291
234 327
234 336
234 351
234 392
234 395
234 397
234 405
234 417
234 438
234 448
234 456
234 458
234 459
234 460
234 478
234 498
235 257
235 264
235 297
235 299
235 308
235 309
235 312
235 340
235 354
235 357
235 373
235 383
235 387
235 391
235 428
235 436
235 439
235 442
235 455
235 457
235 471
235 473
235 496
236 248
236 265
236 270
236 289
236 296
236 303
236 310
236 334
236 352
236 368
236 372
236 389
236 394
236 408
236 411
236 412
236 422
236 427
236 430
236 436
236 440
236 468
236 469
236 473
236 489
237 239
237 244
237 259
237 264
237 311
237 336
237 350
237 352
237 358
237 369
237 383
237 386
237 391
237 392
237 405
237 408
237 427
237 437
237 442
237 443
237 468
237 484
237 488
237 491
237 494
237 499
238 239
238 263
238 270
238 285
238 293
238 308
238 330
238 334
238 337
238 343
238 353
238 355
238 366
238 373
238 375
238 407
238 421
238 430
238 434
238 457
238 460
238 465
238 479
238 480
238 482
238 492
239 242
239 268
239 271
239 273
239 293
239 296
239 334
239 335
239 339
239 357
239 366
239 370
239 374
239 378
239 389
239 408
239 427
239 429
239 440
239 446
239 451
239 460
239 463
239 478
239 498
240 248
240 249
240 259
240 313
240 329
240 338
240 343
240 345
240 346
240 348
240 353
240 354
240 384
240 388
240 395
240 415
240 419
240 425
240 429
240 430
240 434
240 453
240 457
240 458
240 472
241 242
241 252
241 262
241 274
241 289
241 308
241 330
241 341
241 373
241 379
241 397
241 412
241 415
241 423
241 430
241 440
241 454
241 459
241 479
241 484
241 497
242 257
242 287
242 309
242 313
242 329
242 330
242 340
242 349
242 354
242 358
242 361
242 363
242 387
242 394
242 402
242 421
242 425
242 426
242 499
243 244
243 251
243 258
243 281
243 287
243 297
243 303
243 304
243 307
243 328
243 330
243 358
243 373
243 374
243 380
243 382
243 393
243 395
243 398
243 410
243 418
243 421
243 423
243 430
243 441
243 451
243 464
244 250
244 254
244 266
244 286
244 295
244 301
244 303
244 335
244 338
244 340
244 341
244 342
244 358
244 359
244 367
244 371
244 387
244 391
244 428
244 432
244 433
244 447
244 459
244 464
244 470
244 486
244 498
245 252
245 268
245 269
245 270
245 275
245 281
245 283
245 298
245 315
245 350
245 353
245 362
245 363
245 370
245 380
245 407
245 420
245 435
245 440
245 441
245 447
245 450
245 456
245 461
245 479
245 495
245 499
246 252
246 273
246 279
246 286
246 297
246 298
246 299
246 302
246 304
246 313
246 321
246 325
246 372
246 376
246 389
246 395
246 404
246 405
246 414
246 421
246 430
246 437
246 471
246 486
247 265
247 266
247 272
247 273
247 280
247 293
247 308
247 324
247 334
247 335
247 342
247 355
247 367
247 369
247 416
247 432
247 434
247 447
247 448
247 466
247 469
247 471
247 485
248 250
248 283
248 295
248 296
248 299
248 304
248 331
248 345
248 369
248 390
248 392
248 393
248 408
248 427
248 433
248 438
248 460
248 466
248 467
248 471
249 275
249 311
249 314
249 319
249 326
249 334
249 336
249 341
249 344
249 354
249 358
249 360
249 373
249 376
249 381
249 382
249 392
249 399
249 405
249 417
249 448
249 457
249 464
249 475
249 486
250 276
250 284
250 291
250 338
250 364
250 376
250 379
250 410
250 413
250 416
250 430
250 437
250 443
250 451
250 457
250 482
250 490
250 493
250 497
251 257
251 262
251 267
251 269
251 275
251 286
251 291
251 295
251 299
251 307
251 311
251 320
251 326
251 328
251 333
251 343
251 389
251 390
251 398
251 401
251 422
251 432
251 447
251 489
251 492
251 494
251 498
252 268
252 280
252 290
252 291
252 294
252 329
252 337
252 344
252 349
252 354
252 362
252 372
252 409
252 433
252 453
252 458
252 461
252 490
252 495
253 275
253 282
253 283
253 312
253 314
253 375
253 380
253 388
253 414
253 432
253 456
253 464
253 469
253 483
253 493
253 498
254 265
254 266
254 281
254 289
254 310
254 311
254 336
254 351
254 356
254 367
254 368
254 373
254 377
254 402
254 403
254 405
254 417
254 419
254 421
254 422
254 427
254 437
254 444
254 447
254 451
254 452
254 457
254 465
254 473
254 479
254 481
254 489
254 491
254 493
255 264
255 266
255 277
255 282
255 289
255 298
255 306
255 312
255 314
255 325
255 327
255 332
255 333
255 348
255 349
255 367
255 388
255 392
255 393
255 400
255 401
255 411
255 419
255 420
255 438
255 439
255 456
255 465
255 469
255 477
255 493
255 498
256 270
256 296
256 299
256 322
256 334
256 337
256 341
256 348
256 358
256 367
256 372
256 399
256 406
256 421
256 430
256 447
256 456
256 461
256 462
256 467
256 474
256 475
256 483
256 484
256 489
256 490
256 493
256 494
257 317
257 323
257 335
257 341
257 345
257 348
257 362
257 363
257 364
257 377
257 395
257 398
257 413
257 419
257 423
257 434
257 458
257 470
257 486
257 490
257 491
257 497
257 499
258 265
258 272
258 274
258 282
258 297
258 301
258 317
258 323
258 335
258 341
258 347
258 354
258 372
258 379
258 390
258 395
258 413
258 421
258 446
258 477
258 479
258 481
258 482
258 493
258 497
259 275
259 280
259 286
259 296
259 307
259 326
259 349
259 351
259 361
259 364
259 370
259 371
259 372
259 380
259 386
259 398
259 414
259 424
259 471
259 475
259 478
259 483
259 484
259 490
259 498
260 269
260 273
260 275
260 283
260 296
260 299
260 316
260 317
260 328
260 369
260 395
260 397
260 436
260 456
260 459
260 467
260 480
260 488
260 490
261 271
261 272
261 273
261 298
261 314
261 325
261 327
261 339
261 343
261 348
261 357
261 363
261 373
261 380
261 428
261 435
261 448
261 455
261 458
261 494
262 265
262 278
262 282
262 288
262 290
262 294
262 309
262 331
262 355
262 356
262 374
262 404
262 422
262 472
262 473
262 478
262 488
262 494
263 272
263 284
263 296
263 299
263 305
263 315
263 319
263 322
263 330
263 343
263 345
263 351
263 359
263 365
263 370
263 386
263 394
263 401
263 409
263 410
263 414
263 416
263 447
263 449
263 462
263 473
263 477
263 490
263 499
264 278
264 279
264 283
264 286
264 294
264 305
264 330
264 335
264 340
264 341
264 342
264 346
264 367
264 375
264 376
264 383
264 389
264 392
264 432
264 444
264 460
264 467
264 468
264 494
264 495
265 272
265 290
265 291
265 292
265 302
265 313
265 317
265 322
265 324
265 332
265 338
265 341
265 348
265 357
265 377
265 411
265 436
265 447
265 465
265 466
265 474
265 475
265 476
265 479
265 484
265 489
265 493
265 497
266 270
266 278
266 289
266 293
266 297
266 314
266 317
266 324
266 347
266 348
266 361
266 365
266 367
266 369
266 382
266 390
266 393
266 431
266 441
266 443
266 450
266 451
266 459
266 466
266 469
266 470
267 269
267 279
267 290
267 302
267 322
267 323
267 324
267 326
267 355
267 360
267 400
267 403
267 424
267 431
267 439
267 442
267 451
267 463
267 464
267 465
267 479
267 495
268 280
268 299
268 314
268 324
268 342
268 387
268 406
268 407
268 414
268 440
268 447
268 449
268 477
268 480
268 481
268 487
269 276
269 278
269 280
269 296
269 299
269 310
269 315
269 318
269 334
269 339
269 341
269 358
269 375
269 377
269 381
269 383
269 384
269 396
269 397
269 410
269 418
269 422
269 426
269 427
269 444
269 456
269 467
269 486
269 489
269 492
270 278
270 285
270 287
270 288
270 296
270 306
270 311
270 341
270 348
270 350
270 362
270 380
270 384
270 385
270 386
270 404
270 408
270 414
270 431
270 445
270 467
270 471
270 484
270 495
270 499
271 280
271 295
271 301
271 378
271 382
271 387
271 394
271 402
271 410
271 421
271 424
271 427
271 431
271 441
271 445
271 452
271 456
271 462
271 469
271 473
271 481
272 282
272 293
272 298
272 319
272 324
272 330
272 337
272 344
272 357
272 364
272 375
272 386
272 401
272 408
272 433
272 437
272 438
272 445
272 450
272 458
272 469
272 471
272 472
272 475
273 281
273 284
273 294
273 319
273 324
273 333
273 336
273 343
273 351
273 352
273 367
273 378
273 387
273 388
273 399
273 437
273 454
273 459
273 464
273 473
273 475
273 493
273 494
274 277
274 287
274 292
274 299
274 303
274 308
274 314
274 328
274 338
274 348
274 356
274 371
274 381
274 387
274 404
274 432
274 439
274 446
274 467
274 472
274 492
274 493
274 497
275 279
275 292
275 296
275 297
275 302
275 315
275 349
275 358
275 361
275 373
275 374
275 395
275 404
275 406
275 408
275 411
275 425
275 437
275 441
275 455
275 469
275 485
275 494
275 496
276 279
276 306
276 315
276 324
276 335
276 344
276 352
276 355
276 366
276 375
276 377
276 398
276 399
276 402
276 406
276 415
276 439
276 441
276 452
276 456
276 460
276 469
276 471
276 488
276 492
276 499
277 278
277 281
277 282
277 283
277 291
277 295
277 304
277 308
277 310
277 332
277 343
277 353
277 363
277 366
277 389
277 405
277 409
277 411
277 420
277 422
277 424
277 430
277 443
277 449
277 465
277 468
277 475
277 477
277 479
277 480
278 280
278 285
278 287
278 302
278 316
278 320
278 325
278 335
278 338
278 343
278 357
278 373
278 413
278 417
278 419
278 424
278 425
278 426
278 457
278 491
278 498
278 499
279 282
279 285
279 288
279 297
279 308
279 317
279 321
279 351
279 376
279 412
279 413
279 468
279 481
279 485
279 495
280 285
280 291
280 296
280 304
280 318
280 325
280 337
280 347
280 352
280 372
280 402
280 452
280 473
280 478
281 282
281 293
281 319
281 334
281 339
281 345
281 348
281 369
281 384
281 392
281 398
281 400
281 429
281 434
281 435
281 436
281 447
281 449
281 455
281 469
281 472
281 479
281 490
281 492
281 495
282 305
282 334
282 337
282 356
282 375
282 430
282 441
282 443
282 447
282 455
282 458
282 468
282 471
282 481
282 482
282 484
282 492
283 302
283 320
283 328
283 345
283 346
283 357
283 386
283 388
283 407
283 422
283 427
283 434
283 439
283 450
283 451
283 460
283 468
283 499
284 286
284 297
284 301
284 310
284 355
284 357
284 366
284 372
284 381
284 393
284 400
284 402
284 415
284 417
284 427
284 445
284 450
284 452
284 467
284 469
284 477
284 481
284 488
284 496
284 499
285 292
285 294
285 306
285 322
285 335
285 358
285 369
285 378
285 382
285 384
285 387
285 389
285 409
285 412
285 435
285 438
285 453
285 461
285 479
285 484
285 493
286 287
286 304
286 324
286 334
286 337
286 368
286 388
286 399
286 403
286 415
286 444
286 451
286 453
286 467
287 288
287 291
287 303
287 305
287 321
287 324
287 347
287 360
287 362
287 370
287 379
287 385
287 387
287 388
287 397
287 400
287 414
287 415
287 421
287 452
287 472
287 483
288 303
288 313
288 314
288 327
288 330
288 349
288 352
288 354
288 359
288 367
288 372
288 374
288 376
288 384
288 388
288 391
288 405
288 408
288 409
288 418
288 427
288 430
288 434
288 437
288 446
288 467
288 471
289 333
289 339
289 342
289 355
289 356
289 369
289 372
289 385
289 425
289 436
289 440
289 441
289 461
289 481
289 494
289 499
290 295
290 299
290 312
290 325
290 334
290 338
290 361
290 374
290 380
290 396
290 397
290 399
290 427
290 429
290 438
290 439
290 442
290 443
290 448
290 451
290 457
290 460
290 469
290 481
290 490
291 295
291 303
291 327
291 332
291 333
291 339
291 381
291 391
291 404
291 424
291 430
291 439
291 441
291 458
291 487
291 498
292 298
292 321
292 325
292 330
292 344
292 355
292 356
292 359
292 361
292 372
292 386
292 387
292 395
292 397
292 401
292 450
292 456
292 459
292 468
292 495
292 499
293 296
293 335
293 337
293 344
293 346
293 373
293 381
293 387
293 399
293 405
293 406
293 422
293 451
293 455
293 458
293 462
293 473
293 487
294 295
294 296
294 308
294 329
294 336
294 361
294 363
294 372
294 374
294 379
294 388
294 397
294 398
294 411
294 414
294 422
294 455
294 458
294 473
294 482
294 489
295 306
295 309
295 345
295 346
295 362
295 373
295 382
295 393
295 394
295 403
295 406
295 422
295 433
295 435
295 454
295 465
295 473
295 474
295 485
295 490
295 496
295 498
296 299
296 300
296 301
296 311
296 313
296 342
296 369
296 373
296 395
296 404
296 408
296 429
296 444
296 450
296 453
296 454
296 467
296 482
297 298
297 315
297 356
297 361
297 371
297 390
297 392
297 398
297 400
297 401
297 411
297 421
297 431
297 449
297 450
297 455
297 456
297 458
297 482
297 493
297 499
298 309
298 322
298 327
298 328
298 353
298 358
298 382
298 400
298 410
298 416
298 424
298 425
298 442
298 458
298 470
298 471
299 300
299 307
299 325
299 329
299 339
299 349
299 354
299 367
299 371
299 379
299 404
299 409
299 418
299 425
299 447
299 458
299 461
299 468
299 484
299 492
300 304
300 313
300 322
300 328
300 337
300 345
300 349
300 352
300 362
300 364
300 368
300 371
300 377
300 384
300 389
300 391
300 395
300 400
300 409
300 427
300 430
300 441
300 445
300 452
300 458
300 465
300 470
300 472
300 475
300 487
300 488
300 492
300 498
301 310
301 316
301 318
301 331
301 348
301 356
301 365
301 375
301 385
301 387
301 393
301 420
301 430
301 455
301 466
301 470
301 473
301 482
301 483
301 485
301 495
301 496
302 308
302 350
302 356
302 371
302 403
302 420
302 425
302 432
302 436
302 441
302 443
302 447
302 472
302 479
302 480
302 483
302 496
302 498
303 320
303 326
303 343
303 354
303 363
303 364
303 389
303 419
303 431
303 444
303 447
303 449
303 493
303 495
304 309
304 319
304 328
304 343
304 369
304 375
304 377
304 410
304 432
304 456
304 460
304 461
304 462
304 467
304 480
304 491
305 306
305 307
305 337
305 339
305 346
305 352
305 371
305 380
305 393
305 398
305 404
305 408
305 422
305 446
305 457
305 463
305 490
305 499
306 318
306 325
306 333
306 348
306 351
306 354
306 365
306 369
306 379
306 387
306 393
306 414
306 431
306 436
306 439
306 447
306 472
306 483
306 494
307 315
307 329
307 344
307 357
307 371
307 381
307 393
307 403
307 418
307 434
307 449
307 458
307 459
307 495
308 313
308 317
308 335
308 340
308 344
308 351
308 367
308 374
308 390
308 393
308 396
308 406
308 408
308 412
308 422
308 431
308 438
308 458
308 462
308 475
308 483
308 498
309 318
309 322
309 326
309 342
309 357
309 361
309 373
309 383
309 395
309 413
309 420
309 421
309 439
309 450
309 464
309 465
309 467
309 469
309 476
309 478
310 318
310 336
310 343
310 346
310 356
310 367
310 422
310 453
310 460
310 469
310 481
310 488
310 496
311 315
311 336
311 350
311 366
311 375
311 378
311 398
311 424
311 442
311 455
311 456
311 462
311 467
311 479
311 480
311 488
311 489
312 342
312 358
312 362
312 369
312 377
312 394
312 395
312 397
312 399
312 405
312 417
312 431
312 485
312 499
313 321
313 330
313 337
313 356
313 368
313 379
313 385
313 392
313 412
313 430
313 439
313 441
313 443
313 454
313 473
313 487
313 495
314 320
314 344
314 348
314 350
314 360
314 366
314 370
314 388
314 401
314 402
314 406
314 410
314 417
314 429
314 461
314 464
314 467
314 473
314 498
315 318
315 323
315 324
315 338
315 344
315 349
315 357
315 381
315 383
315 388
315 406
315 410
315 411
315 413
315 421
315 425
315 430
315 436
315 446
315 478
315 481
315 488
316 321
316 340
316 341
316 352
316 358
316 361
316 381
316 384
316 386
316 404
316 405
316 408
316 409
316 414
316 431
316 433
316 443
316 452
316 464
316 489
317 320
317 344
317 360
317 368
317 370
317 383
317 391
317 392
317 397
317 401
317 407
317 443
317 458
317 475
317 479
317 487
318 334
318 345
318 349
318 354
318 355
318 368
318 380
318 382
318 389
318 394
318 400
318 408
318 415
318 422
318 444
318 471
318 491
318 498
319 332
319 337
319 340
319 353
319 361
319 365
319 370
319 372
319 382
319 388
319 399
319 402
319 406
319 415
319 419
319 420
319 422
319 443
319 460
319 462
319 472
319 474
319 493
319 494
319 499
320 333
320 335
320 343
320 346
320 350
320 358
320 375
320 377
320 397
320 416
320 426
320 435
320 449
320 451
320 478
320 482
320 488
320 493
320 498
321 329
321 339
321 343
321 350
321 363
321 375
321 396
321 405
321 408
321 414
321 427
321 440
321 450
321 458
321 461
321 466
321 467
321 468
321 470
321 472
321 495
322 330
322 335
322 339
322 346
322 348
322 349
322 357
322 370
322 380
322 383
322 389
322 395
322 396
322 401
322 410
322 413
322 432
322 454
322 471
322 488
322 496
323 329
323 335
323 346
323 353
323 362
323 367
323 370
323 380
323 381
323 393
323 394
323 397
323 406
323 407
323 415
323 416
323 435
323 438
323 442
323 464
323 472
323 482
323 497
323 498
324 341
324 352
324 368
324 389
324 392
324 393
324 402
324 413
324 419
324 423
324 426
324 444
324 458
324 467
324 480
324 496
325 328
325 338
325 345
325 367
325 371
325 373
325 379
325 381
325 395
325 448
325 462
325 469
325 470
325 479
326 339
326 370
326 371
326 375
326 380
326 388
326 436
326 441
326 442
326 444
326 453
326 461
326 472
326 476
327 330
327 338
327 353
327 356
327 373
327 385
327 393
327 394
327 423
327 428
327 437
327 440
327 446
327 449
327 455
327 470
327 491
328 335
328 337
328 375
328 376
328 377
328 379
328 389
328 412
328 416
328 436
328 440
328 444
328 445
328 454
328 455
328 467
328 470
328 477
328 493
329 335
329 340
329 354
329 367
329 370
329 374
329 375
329 407
329 413
329 438
329 461
329 468
329 474
329 478
329 495
330 332
330 339
330 342
330 350
330 383
330 385
330 401
330 422
330 433
330 442
330 452
330 460
330 466
330 472
330 480
330 487
330 496
330 499
331 338
331 347
331 388
331 389
331 408
331 423
331 429
331 452
331 468
331 486
331 488
331 495
331 496
331 497
332 343
332 352
332 357
332 367
332 387
332 413
332 430
332 433
332 434
332 451
332 460
332 466
332 472
332 479
332 496
333 363
333 367
333 373
333 388
333 389
333 398
333 407
333 413
333 434
333 436
333 448
333 455
334 339
334 341
334 345
334 356
334 360
334 378
334 387
334 406
334 434
334 439
334 451
334 454
334 476
334 482
334 485
334 486
335 338
335 342
335 353
335 357
335 366
335 402
335 424
335 437
335 450
335 453
335 459
335 464
335 466
335 480
336 347
336 353
336 357
336 358
336 363
336 373
336 377
336 400
336 411
336 417
336 420
336 428
336 431
336 441
336 473
336 474
336 481
337 340
337 342
337 343
337 349
337 353
337 363
337 366
337 371
337 373
337 375
337 387
337 388
337 390
337 404
337 405
337 408
337 418
337 428
337 439
337 441
337 444
337 451
337 453
337 463
337 465
337 476
337 499
338 339
338 353
338 381
338 396
338 409
338 418
338 423
338 444
338 468
338 472
338 483
338 487
339 344
339 377
339 385
339 390
339 400
339 409
339 410
339 419
339 426
339 428
339 435
339 446
339 451
339 457
339 471
339 486
339 495
340 355
340 361
340 366
340 379
340 387
340 396
340 402
340 403
340 409
340 411
340 413
340 417
340 427
340 430
340 431
340 455
340 460
340 462
340 468
340 480
340 493
340 494
340 499
341 354
341 360
341 370
341 371
341 382
341 391
341 394
341 406
341 410
341 413
341 435
341 438
341 442
341 462
341 467
341 475
341 478
341 486
341 499
342 355
342 362
342 369
342 380
342 412
342 424
342 427
342 459
342 484
342 492
342 494
342 495
343 348
343 351
343 365
343 375
343 377
343 379
343 382
343 383
343 387
343 395
343 401
343 418
343 442
343 448
343 450
343 461
343 462
343 471
343 489
343 490
344 357
344 365
344 379
344 390
344 410
344 416
344 441
344 450
344 455
344 456
344 462
344 469
344 489
345 355
345 356
345 357
345 358
345 364
345 379
345 381
345 386
345 399
345 401
345 402
345 412
345 424
345 427
345 430
345 436
345 437
345 448
345 462
345 465
345 481
345 488
346 376
346 401
346 404
346 411
346 415
346 418
346 422
346 430
346 431
346 432
346 439
346 457
346 472
346 484
347 352
347 364
347 376
347 392
347 400
347 403
347 417
347 430
347 433
347 460
347 472
347 491
347 498
348 352
348 361
348 362
348 377
348 395
348 405
348 406
348 429
348 435
348 446
348 450
348 460
348 469
348 470
348 482
348 485
349 377
349 388
349 389
349 402
349 411
349 416
349 418
349 450
349 452
349 460
349 467
349 473
349 477
349 490
349 494
349 496
350 353
350 357
350 372
350 377
350 383
350 412
350 424
350 428
350 429
350 444
350 447
350 473
350 477
350 478
350 479
351 363
351 377
351 380
351 398
351 408
351 412
351 425
351 431
351 443
351 448
351 453
351 458
351 490
351 491
352 362
352 382
352 384
352 387
352 392
352 400
352 408
352 422
352 446
352 452
352 455
352 474
352 490
352 499
353 359
353 361
353 372
353 375
353 383
353 387
353 389
353 405
353 409
353 421
353 431
353 450
353 451
353 490
353 491
354 384
354 387
354 388
354 392
354 396
354 406
354 415
354 417
354 462
354 476
354 481
354 488
354 489
354 494
355 367
355 376
355 381
355 385
355 390
355 393
355 404
355 409
355 416
355 417
355 421
355 449
355 457
355 460
355 472
355 478
355 499
356 363
356 370
356 375
356 377
356 387
356 390
356 394
356 400
356 402
356 406
356 412
356 413
356 421
356 423
356 426
356 433
356 435
356 452
356 454
356 469
356 473
356 484
356 498
357 373
357 389
357 393
357 405
357 411
357 421
357 427
357 440
357 469
357 471
358 374
358 385
358 386
358 404
358 406
358 434
358 441
358 449
358 455
358 476
358 478
358 483
358 488
359 362
359 363
359 370
359 371
359 397
359 414
359 420
359 421
359 426
359 431
359 433
359 445
359 450
359 461
359 473
359 482
360 370
360 372
360 382
360 390
360 394
360 412
360 413
360 428
360 430
360 440
360 442
360 454
360 456
360 458
360 460
360 461
360 464
360 471
360 482
360 487
360 497
361 364
361 371
361 384
361 392
361 393
361 399
361 410
361 411
361 413
361 433
361 438
361 441
361 446
361 453
361 458
361 459
361 464
361 474
361 495
361 497
361 499
362 377
362 382
362 408
362 435
362 451
362 460
362 464
362 467
362 480
362 482
362 485
363 383
363 387
363 389
363 415
363 421
363 423
363 433
363 452
363 454
363 458
363 471
363 474
363 479
363 487
364 368
364 380
364 384
364 404
364 433
364 437
364 440
364 444
364 454
364 460
364 462
364 480
364 486
365 374
365 375
365 432
365 449
365 456
365 458
365 490
366 369
366 400
366 401
366 417
366 438
366 439
366 445
366 450
366 457
366 468
366 482
367 386
367 390
367 407
367 426
367 429
367 450
367 453
367 467
367 470
367 476
367 491
367 496
368 386
368 387
368 398
368 405
368 415
368 430
368 434
368 439
368 447
368 450
368 453
368 454
368 466
368 475
368 476
368 479
368 484
368 487
368 491
368 492
368 497
369 372
369 378
369 385
369 387
369 407
369 426
369 433
369 435
369 462
369 464
369 492
369 494
370 371
370 382
370 389
370 398
370 412
370 413
370 418
370 433
370 444
370 445
370 450
370 453
370 468
370 474
370 486
370 491
370 493
370 498
371 373
371 375
371 383
371 384
371 389
371 392
371 398
371 399
371 414
371 424
371 433
371 455
371 474
372 375
372 377
372 382
372 385
372 409
372 419
372 432
372 434
372 451
372 480
372 483
372 494
373 376
373 381
373 395
373 400
373 408
373 409
373 420
373 421
373 431
373 435
373 441
373 445
373 455
373 467
373 468
373 470
373 480
373 482
373 483
374 377
374 390
374 398
374 402
374 424
374 426
374 433
374 434
374 437
374 440
374 442
374 450
374 454
374 458
374 459
374 477
374 482
374 498
375 385
375 397
375 401
375 402
375 424
375 458
375 463
375 469
375 481
375 484
375 487
376 378
376 379
376 391
376 392
376 394
376 398
376 403
376 405
376 436
376 439
376 441
376 444
376 454
376 480
377 378
377 384
377 392
377 407
377 409
377 413
377 426
377 446
377 453
377 476
377 486
378 395
378 396
378 411
378 416
378 441
378 449
378 465
378 470
378 478
378 480
379 387
379 389
379 390
379 408
379 411
379 421
379 427
379 433
379 447
379 452
379 463
379 470
379 478
379 486
379 487
379 494
379 497
380 401
380 421
380 426
380 444
380 459
380 467
380 473
381 387
381 402
381 403
381 411
381 415
381 418
381 454
381 467
381 489
381 490
381 498
382 386
382 434
382 440
382 451
382 452
382 461
382 464
382 468
382 470
382 475
382 477
382 479
382 484
382 488
383 390
383 392
383 400
383 411
383 414
383 416
383 429
383 433
383 435
383 437
383 443
383 463
383 470
383 473
383 478
383 485
383 488
384 388
384 398
384 416
384 430
384 445
384 449
384 460
384 466
384 495
385 390
385 413
385 419
385 426
385 429
385 442
385 456
385 463
385 471
385 474
385 494
386 394
386 397
386 402
386 403
386 431
386 442
386 467
386 489
386 492
387 402
387 414
387 416
387 422
387 437
387 439
387 443
387 446
387 447
387 481
387 498
388 391
388 396
388 402
388 403
388 415
388 416
388 421
388 436
388 455
388 478
388 481
388 484
388 492
389 391
389 400
389 405
389 408
389 411
389 412
389 422
389 429
389 461
389 472
389 480
389 494
389 496
389 497
390 391
390 425
390 428
390 434
390 446
390 464
390 470
390 471
390 493
391 421
391 482
391 493
391 494
392 393
392 414
392 422
392 429
392 447
392 449
392 461
392 481
392 485
392 493
393 403
393 414
393 428
393 436
393 438
393 448
393 451
393 459
393 465
393 471
393 489
393 490
393 492
394 395
394 401
394 405
394 426
394 436
394 445
394 446
394 447
394 454
394 462
394 491
395 407
395 416
395 422
395 431
395 443
395 456
395 462
395 463
395 468
395 473
395 491
395 497
396 401
396 417
396 435
396 451
396 459
396 466
396 472
396 480
396 491
397 400
397 403
397 408
397 428
397 439
397 450
397 459
397 461
397 466
397 469
397 476
397 494
398 402
398 408
398 410
398 421
398 450
398 456
398 459
398 475
398 477
398 479
398 483
398 487
399 407
399 411
399 424
399 426
399 429
399 436
399 438
399 448
399 464
399 488
399 489
399 494
400 405
400 409
400 410
400 412
400 421
400 445
400 466
400 469
400 472
400 486
400 487
400 493
401 415
401 460
401 461
401 463
401 466
401 495
402 406
402 409
402 425
402 428
402 443
402 447
402 452
402 458
402 459
402 492
402 494
402 495
403 418
403 424
403 434
403 437
403 453
403 456
403 467
403 481
403 483
403 484
403 488
403 497
404 412
404 416
404 419
404 427
404 436
404 446
404 447
404 452
404 465
404 470
404 477
404 482
404 497
405 424
405 425
405 427
405 433
405 444
405 453
405 469
405 475
405 476
405 483
405 484
405 489
405 492
405 498
405 499
406 411
406 423
406 430
406 434
406 438
406 484
406 491
407 423
407 434
407 448
407 454
407 455
407 470
407 479
407 491
407 497
408 416
408 417
408 435
408 436
408 441
408 447
408 448
408 477
408 481
408 487
408 488
408 498
409 414
409 415
409 427
409 438
409 446
409 449
409 452
409 477
409 489
409 493
409 495
409 496
410 413
410 418
410 424
410 441
410 443
410 450
410 463
410 468
410 469
410 488
410 497
411 416
411 429
411 445
411 446
411 447
411 449
411 456
411 458
411 466
411 493
412 426
412 432
412 434
412 439
412 465
412 475
412 485
412 488
413 420
413 432
413 438
413 440
413 454
413 456
413 476
413 490
413 491
413 492
414 423
414 427
414 437
414 444
414 446
414 449
414 452
414 453
414 476
414 499
415 420
415 431
415 445
415 458
415 467
415 469
416 457
416 468
416 477
416 478
416 487
416 489
416 491
416 497
417 419
417 421
417 436
417 443
417 457
417 462
417 467
417 471
417 472
417 491
417 495
418 419
418 421
419 428
419 437
419 443
419 469
419 473
419 474
419 499
420 425
420 426
420 437
420 440
420 448
420 477
420 481
420 493
420 497
421 440
421 457
421 459
421 475
421 476
421 482
421 487
421 488
422 433
422 434
422 439
422 458
422 473
423 459
423 462
423 481
424 439
424 441
424 451
424 463
424 466
424 470
424 497
425 461
425 465
425 475
425 479
426 436
426 469
426 491
426 496
426 497
427 444
427 458
427 485
427 493
428 431
428 456
428 474
428 484
428 497
429 437
429 443
429 445
429 486
429 499
430 432
430 447
430 452
430 453
430 454
430 461
430 468
430 475
430 479
430 480
430 484
431 437
431 453
431 471
431 495
432 439
432 444
432 460
432 475
432 483
432 493
432 496
433 434
433 448
433 452
433 464
433 474
433 475
433 492
433 496
434 457
434 469
434 478
434 481
435 450
435 453
435 470
436 438
436 453
436 458
436 460
436 465
436 466
436 488
436 494
436 497
437 483
437 493
437 497
437 498
438 442
438 444
438 453
438 462
438 471
438 478
438 481
439 447
439 448
439 449
439 459
439 467
439 479
439 481
439 486
439 487
440 448
440 450
440 453
440 460
440 464
440 479
440 495
441 445
441 452
441 455
441 457
441 490
442 444
442 453
442 472
442 473
442 495
442 497
443 445
443 469
444 450
444 461
444 475
444 495
445 457
445 462
445 469
445 472
445 474
445 486
445 490
446 461
446 469
446 475
446 478
446 495
446 498
447 449
447 456
447 462
447 468
447 476
447 479
447 480
447 481
448 453
448 457
448 465
448 483
448 492
448 496
449 452
449 455
449 460
449 472
449 479
449 480
449 481
449 488
449 489
449 493
450 453
450 466
450 473
450 484
450 489
450 497
451 454
451 495
452 454
452 486
452 488
453 456
453 483
453 494
453 496
454 459
454 470
454 474
454 478
455 459
455 466
455 473
455 476
455 488
456 466
456 472
456 490
457 474
457 477
457 478
457 485
457 491
457 493
457 498
458 464
458 471
458 478
458 496
458 497
459 462
459 463
459 472
459 486
460 461
460 464
460 490
461 473
461 484
461 496
462 470
462 478
462 484
462 489
463 464
463 493
464 468
464 475
464 481
464 482
464 488
464 490
464 492
464 498
465 466
465 491
465 497
466 480
466 489
467 472
467 495
468 477
468 491
468 492
468 495
469 477
469 481
470 473
470 481
470 482
470 494
470 499
471 472
471 475
471 478
471 479
471 486
472 477
472 481
472 482
472 483
472 487
472 493
472 494
472 495
473 477
473 479
473 487
474 482
474 490
474 497
475 486
475 493
475 496
476 479
476 488
477 482
477 493
478 484
478 485
478 496
478 498
479 499
480 492
480 495
481 497
482 484
482 494
482 496
482 497
483 488
483 493
484 485
484 487
484 491
484 495
484 496
485 489
485 490
485 493
485 494
485 496
486 488
486 494
487 495
488 498
489 494
489 499
492 495
493 494
493 495
495 498
497 498
