0 5
0 7
0 8
0 36
0 42
0 55
0 56
0 64
0 71
0 74
0 81
0 85
0 90
1 11
1 18
1 21
1 26
1 40
1 52
1 61
1 63
1 69
1 70
2 5
2 10
2 14
2 18
2 31
2 34
2 40
2 45
2 55
2 68
3 9
3 40
3 41
3 56
3 57
3 61
3 70
3 98
4 17
4 19
4 35
4 58
4 60
4 66
4 76
4 80
4 85
4 86
4 94
4 95
4 98
5 15
5 25
5 47
5 61
5 62
5 69
5 72
5 74
5 88
5 93
6 9
6 19
6 22
6 23
6 24
6 29
6 33
6 46
6 68
6 70
6 93
7 11
7 16
7 35
7 50
7 59
7 65
7 74
7 93
8 11
8 13
8 18
8 22
8 35
8 43
8 48
8 49
8 51
8 61
8 64
8 67
8 68
8 76
8 86
8 91
9 11
9 14
9 38
9 42
9 60
9 67
9 78
9 93
10 16
10 33
10 43
10 78
10 80
10 82
11 13
11 14
11 16
11 23
11 33
11 84
11 86
12 13
12 23
12 27
12 31
12 34
12 41
12 45
12 69
12 74
12 83
12 95
13 26
13 38
13 39
13 46
13 57
13 72
13 80
13 88
13 90
13 91
14 16
14 35
14 44
14 53
14 71
14 83
14 85
14 89
14 90
15 17
15 23
15 31
15 38
15 45
15 54
15 73
15 89
16 19
16 31
16 34
16 52
16 72
16 84
16 91
16 98
17 24
17 30
17 31
17 32
17 47
17 49
17 58
17 71
17 84
17 85
18 24
18 25
18 32
18 33
18 53
18 60
18 75
18 79
18 86
18 93
18 97
19 34
19 35
19 50
19 78
19 79
19 81
20 59
20 61
20 63
20 73
20 79
20 98
21 23
21 56
21 61
21 62
21 65
21 72
21 77
21 78
21 91
22 32
22 33
22 48
22 50
22 55
22 58
22 66
22 67
22 75
22 76
22 84
22 86
22 91
22 92
23 26
23 33
23 42
23 54
23 90
23 98
24 28
24 35
24 49
24 56
24 58
24 62
24 70
24 71
24 74
24 77
24 80
24 97
25 39
25 42
25 54
25 62
26 35
26 38
26 43
26 46
26 80
26 81
26 82
26 87
26 99
27 54
27 62
27 65
28 37
28 79
29 41
29 42
29 61
29 80
29 83
30 40
30 50
30 58
30 63
30 78
30 82
30 86
30 87
31 32
31 33
31 43
31 44
31 48
31 49
31 57
31 67
31 74
31 80
31 93
32 44
32 46
32 80
32 93
32 94
33 38
33 52
33 62
33 76
33 85
33 89
34 46
34 55
34 60
34 68
34 76
34 97
34 98
35 37
35 38
35 41
35 46
35 52
35 61
35 74
35 92
36 37
36 40
36 69
36 71
36 76
36 81
36 88
37 42
37 45
37 46
37 89
37 92
37 96
38 39
38 51
38 57
38 65
38 79
38 83
38 87
38 93
38 95
39 44
39 56
39 86
40 42
40 58
40 63
40 86
40 94
41 46
41 50
41 62
41 64
41 66
41 73
41 82
41 86
42 64
42 81
42 82
43 50
43 55
43 59
43 65
43 80
43 84
44 57
44 72
44 76
44 77
44 79
44 83
44 88
44 93
45 96
46 57
46 59
46 60
46 61
46 65
46 70
46 78
46 85
46 87
46 89
46 92
47 91
48 54
48 76
49 69
49 76
49 85
49 89
49 90
49 91
50 68
50 72
50 83
50 84
50 96
51 57
51 64
51 65
51 73
51 79
51 85
52 53
52 67
52 74
52 78
52 85
53 59
53 64
53 71
53 72
53 87
53 91
54 56
54 64
54 75
54 96
54 99
55 81
55 82
56 57
56 58
56 81
56 86
56 99
57 59
57 60
57 61
57 86
57 93
58 75
58 82
58 90
59 64
59 76
59 80
59 86
60 88
60 90
60 95
60 97
61 63
61 77
61 92
62 75
62 93
62 98
63 80
63 98
64 69
64 82
64 86
64 97
65 79
65 86
65 91
66 70
66 78
66 80
67 74
67 85
67 96
68 74
68 80
68 93
68 96
69 88
70 71
70 76
70 81
71 83
71 89
71 90
71 99
72 83
72 93
73 89
73 92
73 99
74 82
75 83
75 86
75 96
77 92
77 95
78 95
79 87
79 90
80 89
80 92
81 89
81 93
81 99
82 89
83 90
83 93
83 98
84 89
84 91
86 91
86 92
88 95
88 98
89 92
92 98
93 94
94 96
95 97
