0 18
0 321
0 351
0 444
1 127
1 168
1 494
2 83
2 166
2 184
2 219
2 237
2 302
2 398
2 424
2 462
3 45
3 62
3 111
3 458
3 461
4 44
4 79
4 292
4 338
4 403
5 23
5 31
5 93
5 96
5 139
6 42
6 105
6 122
6 164
6 336
6 452
6 464
7 99
7 121
7 195
7 206
7 220
7 222
7 282
7 313
7 354
8 11
8 44
8 100
9 12
9 99
9 135
9 233
9 313
10 15
10 106
10 109
10 182
10 184
10 296
10 312
10 315
10 429
11 151
11 198
11 199
11 206
11 307
11 410
12 49
12 291
12 444
13 17
13 161
13 265
13 303
13 480
14 222
14 272
14 477
15 146
15 283
15 429
16 254
17 129
17 173
17 239
17 348
17 373
17 376
17 382
17 475
18 173
18 360
18 373
19 60
19 259
20 38
20 53
20 63
20 191
21 162
21 181
21 219
21 380
21 456
21 493
22 39
22 119
22 410
22 454
23 105
23 334
23 447
24 45
24 293
24 304
24 393
25 165
25 260
25 292
25 434
26 143
26 189
26 251
26 363
26 474
26 484
27 106
27 245
27 277
27 283
28 37
28 48
28 64
28 195
28 252
28 277
28 299
28 307
28 320
28 466
29 32
29 45
29 330
29 408
29 441
30 140
30 265
30 322
30 339
31 32
31 118
31 158
31 178
31 227
31 273
31 397
31 438
32 43
32 92
32 112
32 118
32 228
32 309
32 443
33 132
33 182
33 286
34 276
34 307
34 350
35 177
35 339
35 494
35 496
36 130
36 161
36 183
36 194
37 161
37 221
37 239
37 242
37 453
38 377
38 403
38 490
39 106
39 139
39 339
39 390
40 172
40 196
40 426
41 46
41 148
41 217
41 472
42 194
42 206
42 338
42 407
42 483
42 488
43 131
43 275
43 402
44 95
44 355
45 157
45 173
45 233
45 325
46 60
46 214
46 344
46 434
46 496
47 52
47 141
47 215
47 237
47 327
47 402
47 443
48 177
48 201
48 237
48 321
48 399
48 443
49 64
49 296
49 455
49 478
50 376
50 397
50 423
51 80
51 149
51 202
51 245
51 384
52 55
52 143
52 267
52 307
52 357
53 123
53 178
53 249
53 363
54 320
55 191
55 301
55 325
55 415
55 499
56 76
56 134
56 204
56 206
56 237
56 262
56 329
56 358
56 482
57 91
57 147
57 264
57 292
57 382
57 412
57 420
57 483
58 96
58 251
58 304
58 314
58 429
59 129
59 289
59 341
59 369
59 393
59 429
59 476
60 199
60 239
60 387
61 213
61 216
61 227
61 257
62 65
62 89
62 119
62 190
62 366
62 442
63 143
63 198
63 230
63 308
63 415
64 236
64 256
64 282
64 465
65 91
65 98
65 215
65 349
65 376
66 72
66 201
66 266
66 272
66 384
66 454
67 150
67 213
67 380
68 187
68 282
68 318
68 332
68 368
69 309
69 319
69 379
70 100
70 242
70 269
70 306
70 341
70 368
71 148
71 268
71 365
71 419
72 184
72 199
72 278
73 116
73 130
73 320
73 321
73 420
73 437
73 441
74 79
74 328
74 356
75 94
75 189
75 255
75 294
75 391
76 227
76 474
77 470
78 82
78 146
78 182
78 300
78 347
78 459
78 465
79 226
79 485
80 245
80 399
81 181
81 223
81 323
81 367
81 464
81 465
82 327
82 493
83 103
83 108
83 120
83 169
83 306
83 323
84 255
84 324
84 382
85 107
85 135
85 150
85 156
85 158
85 221
85 385
85 419
85 431
86 214
86 258
87 92
87 130
87 159
87 218
87 369
87 378
87 406
88 150
88 171
88 193
88 269
88 378
88 460
89 126
89 149
89 175
89 453
91 160
91 229
91 305
92 94
92 137
92 228
93 102
93 165
93 176
93 257
93 293
93 326
93 444
94 100
94 124
94 227
94 266
94 350
95 122
95 426
96 424
97 141
97 403
97 439
98 264
98 394
99 195
99 210
99 292
99 334
99 424
100 122
100 146
100 190
100 318
100 346
101 120
101 326
102 174
102 282
102 368
102 429
102 460
102 496
103 143
104 381
105 113
105 132
105 136
105 153
105 206
105 275
105 295
105 443
105 497
106 335
106 344
106 345
106 480
107 126
107 226
107 321
107 482
108 125
108 134
108 140
108 215
108 322
108 332
108 349
108 370
108 371
108 423
109 112
109 304
109 476
110 122
110 183
110 324
111 197
111 230
111 300
111 339
111 358
111 392
111 438
112 177
112 479
113 219
113 300
113 356
113 395
113 449
114 169
114 291
115 121
115 477
116 154
116 438
117 205
117 315
117 374
118 224
118 308
118 457
119 179
119 408
119 468
120 326
120 342
120 363
120 401
120 411
120 422
121 305
121 459
122 179
122 420
123 158
123 185
123 344
123 427
124 258
124 271
124 294
124 425
125 139
125 142
125 183
125 270
125 463
125 491
126 141
126 235
127 200
127 262
128 142
128 327
128 420
128 421
128 462
129 313
130 139
130 233
130 450
131 170
131 198
131 245
131 301
131 354
131 387
132 224
132 239
132 274
132 373
132 439
132 472
132 473
133 137
133 276
133 335
133 417
133 499
134 191
134 225
134 260
134 397
134 401
134 476
134 488
135 225
135 260
135 381
135 389
135 467
135 491
136 269
136 378
136 423
136 426
136 430
136 478
137 165
137 175
137 318
137 361
137 390
138 191
138 257
138 327
138 342
139 303
139 474
140 283
141 270
141 310
141 439
141 471
142 144
142 244
142 378
142 391
142 448
142 484
143 170
143 223
143 321
143 392
144 236
145 339
145 354
145 391
145 485
146 209
146 234
146 257
146 341
146 371
146 438
146 492
147 156
147 230
147 280
147 381
148 211
148 255
148 411
148 439
148 467
149 161
149 248
149 252
149 451
150 262
150 416
151 189
151 281
151 345
152 355
153 219
153 356
153 360
153 393
154 204
154 205
154 241
154 383
154 442
154 452
155 156
155 246
155 373
155 452
156 292
157 171
157 249
157 314
157 334
157 351
158 247
158 340
158 445
158 449
159 298
159 412
159 426
160 247
160 354
160 422
160 465
161 375
162 353
163 278
163 307
163 342
163 348
163 421
164 228
164 255
164 274
164 370
164 418
165 194
165 313
165 354
166 343
166 403
166 409
167 193
167 216
167 303
167 369
168 206
168 228
168 249
168 449
168 460
169 238
169 257
169 273
169 317
169 439
169 441
169 479
170 191
170 196
170 206
170 221
170 250
171 188
171 336
172 277
172 422
172 427
173 262
173 381
173 426
174 297
174 316
174 346
174 391
174 420
174 477
175 396
176 187
176 208
176 298
176 370
176 401
177 221
179 195
179 248
179 472
180 419
181 299
181 390
182 371
183 251
183 406
183 488
184 268
185 300
185 331
185 459
186 213
186 442
187 276
187 279
187 416
187 497
187 499
188 194
188 235
188 255
188 458
189 203
190 337
190 380
190 438
191 194
191 227
191 277
191 296
191 462
192 260
192 418
193 273
193 407
193 497
194 221
194 292
194 300
194 330
194 423
194 456
196 205
196 365
196 403
196 458
196 480
197 198
197 363
197 402
197 422
197 492
198 228
198 249
198 279
198 310
198 470
199 218
199 327
199 452
200 211
200 235
200 380
201 228
201 267
201 365
202 458
203 264
204 275
204 417
205 291
205 305
205 458
205 467
205 475
206 213
206 235
206 262
206 453
207 282
207 345
207 399
207 439
207 453
207 480
209 232
209 275
209 352
210 219
210 224
210 446
211 233
211 264
211 488
212 244
212 267
213 216
213 484
214 224
214 250
214 460
215 245
215 356
215 433
215 474
216 236
216 385
216 395
216 423
217 298
217 343
217 437
217 438
217 487
218 230
218 256
218 339
218 422
219 456
221 418
222 256
222 325
222 374
223 241
223 384
224 290
224 319
224 359
224 365
224 408
224 427
224 448
224 491
225 238
225 372
226 343
226 419
226 445
227 401
227 433
228 254
229 267
229 466
229 472
229 499
230 447
231 431
232 289
233 250
233 284
233 410
233 423
234 286
234 309
234 397
234 441
234 446
234 453
235 417
235 423
236 300
236 325
236 377
236 404
237 377
237 395
237 436
237 471
238 299
238 316
238 363
238 437
239 464
239 472
240 242
240 426
240 435
241 250
241 366
243 275
243 282
243 283
243 345
243 418
243 483
243 495
244 306
244 469
244 482
245 369
245 448
245 467
246 406
247 369
247 406
249 337
250 271
250 462
251 305
251 409
251 437
251 443
252 269
252 349
252 409
252 415
252 418
252 438
253 323
253 493
253 499
254 401
254 454
255 345
255 364
255 396
255 459
256 411
256 423
256 458
257 289
257 369
257 456
258 479
259 400
260 280
260 349
260 389
261 292
261 329
261 374
261 381
261 392
261 401
261 413
262 331
262 442
262 479
264 326
264 400
264 415
264 443
265 403
267 296
267 338
267 361
267 461
267 485
268 450
268 498
269 364
269 414
269 444
269 463
269 495
271 301
271 482
272 335
272 482
273 335
273 476
273 491
274 361
274 476
276 421
276 424
277 437
278 291
278 467
279 433
279 454
279 466
280 318
280 405
280 464
281 330
281 332
281 377
281 464
282 302
282 412
282 483
283 355
283 377
284 412
285 364
285 472
285 478
286 355
286 357
286 430
288 438
289 389
289 410
289 440
289 459
289 462
290 332
290 420
290 474
291 363
291 446
291 467
292 337
292 454
293 300
293 429
293 454
294 308
294 319
295 309
295 371
295 376
295 409
296 463
297 353
298 314
298 382
298 393
298 457
298 476
300 333
301 361
301 412
302 325
302 363
302 473
303 309
304 419
305 346
305 401
306 337
306 476
307 392
308 326
308 335
308 400
308 435
309 322
310 361
311 455
312 475
312 485
313 410
313 467
314 456
314 476
316 426
317 330
317 378
318 479
320 400
320 464
321 435
321 440
322 341
323 479
324 342
324 426
324 428
325 431
326 439
326 468
328 403
328 480
330 373
330 429
330 469
330 478
331 383
331 414
331 466
332 347
332 378
332 411
332 498
333 471
334 453
334 473
335 342
336 359
337 486
338 431
338 479
339 422
341 353
341 386
343 426
343 466
343 476
344 428
344 463
345 405
345 418
346 387
349 478
351 356
351 369
351 450
352 408
352 421
352 433
352 445
353 388
354 357
354 365
354 429
355 399
355 408
355 453
355 481
356 391
356 423
357 490
358 424
358 458
358 473
358 488
359 461
360 415
361 473
362 480
363 364
363 442
364 366
364 402
364 424
364 440
365 478
366 435
367 375
367 474
367 496
368 406
371 456
373 433
373 460
374 487
375 450
376 415
377 453
378 393
378 419
378 439
378 460
378 482
379 392
379 440
379 450
379 466
379 484
379 487
381 491
382 403
383 415
384 395
385 469
386 396
386 456
387 455
388 458
390 405
392 428
395 446
396 416
396 462
398 495
399 449
399 479
399 486
400 411
400 441
401 442
401 482
402 417
403 498
404 485
405 463
405 492
405 494
406 413
406 460
408 425
409 484
411 445
412 429
413 448
413 490
414 419
418 474
418 484
418 497
423 442
423 495
426 441
427 439
429 437
434 435
439 453
439 493
441 452
441 484
443 461
447 460
447 493
450 491
451 478
457 476
458 474
465 495
471 483
473 492
479 490
480 495
490 496
490 498
491 493
