0 311
0 404
0 468
0 593
0 676
0 769
0 816
0 819
0 923
0 982
1 67
1 95
1 252
1 498
1 518
1 637
1 690
1 751
1 793
1 869
1 897
2 54
2 450
2 500
2 521
2 736
2 887
2 948
3 7
3 364
3 562
3 579
3 705
4 190
4 341
4 421
4 441
4 500
4 715
5 127
5 129
5 145
5 178
5 439
5 471
5 572
5 639
5 727
5 876
5 877
5 960
6 33
6 189
6 401
6 465
6 468
6 629
6 766
6 805
6 995
7 84
7 187
7 196
7 220
7 328
7 412
7 508
7 644
7 718
7 736
7 763
7 841
7 886
8 81
8 190
8 206
8 219
8 345
8 359
8 574
8 603
8 615
8 648
8 728
8 968
9 35
9 109
9 118
9 120
9 310
9 360
9 418
9 456
9 562
9 672
9 696
9 708
9 756
9 810
9 897
10 22
10 49
10 94
10 221
10 371
10 607
10 637
10 644
10 687
10 777
10 812
10 831
10 862
10 927
11 144
11 167
11 187
11 255
11 459
11 494
11 557
11 769
11 785
11 857
11 906
11 934
12 28
12 154
12 288
12 680
12 715
12 751
12 936
12 945
13 145
13 312
13 389
13 519
13 530
13 690
13 765
13 766
13 809
14 23
14 293
14 424
14 561
14 632
14 687
14 699
14 710
14 823
14 882
15 255
15 288
15 324
15 330
15 436
15 691
15 739
15 866
16 385
16 489
16 622
16 725
16 735
16 906
17 32
17 535
17 548
17 560
17 615
17 720
17 886
17 906
17 960
17 983
17 999
18 66
18 154
18 239
18 261
18 377
18 400
18 414
18 644
18 760
18 828
18 858
18 898
19 121
19 166
19 168
19 271
19 407
19 435
19 705
19 758
19 807
19 908
20 67
20 97
20 315
20 389
20 395
20 506
20 569
20 659
20 762
20 996
21 67
21 121
21 146
21 578
21 666
21 785
22 174
22 265
22 396
22 483
22 488
22 511
22 731
22 809
23 36
23 44
23 49
23 394
23 402
23 424
23 426
23 465
23 543
23 660
23 682
23 967
23 969
23 976
24 31
24 97
24 394
24 589
24 590
24 655
24 691
24 695
24 804
24 983
25 230
25 249
25 375
25 454
25 487
25 689
25 707
25 770
25 778
25 797
25 815
25 903
26 87
26 132
26 281
26 290
26 325
26 350
26 425
26 550
26 599
26 658
26 818
26 881
26 907
27 101
27 116
27 207
27 339
27 351
27 427
27 505
27 554
27 629
27 678
27 783
27 807
27 884
27 902
27 907
27 921
27 932
28 39
28 181
28 372
28 418
28 475
28 492
28 600
28 704
28 854
28 859
28 870
28 912
29 60
29 201
29 267
29 801
29 852
29 853
29 898
29 906
29 922
29 989
30 108
30 275
30 548
30 735
30 776
31 130
31 259
31 312
31 537
31 614
31 640
31 905
32 223
32 265
32 266
32 312
32 329
32 826
32 837
32 842
32 870
32 896
32 916
32 921
32 989
33 128
33 146
33 157
33 220
33 502
33 746
34 194
34 196
34 220
34 284
34 289
34 314
34 332
34 587
34 589
34 655
34 805
34 858
34 885
34 892
34 975
34 986
34 992
35 117
35 320
35 512
35 552
35 554
35 559
35 577
35 687
35 782
36 129
36 157
36 188
36 210
36 254
36 282
36 308
36 577
36 761
36 764
36 791
36 859
36 887
36 923
36 994
37 266
37 316
37 319
37 576
37 601
37 616
37 746
37 752
37 847
37 987
38 90
38 143
38 230
38 254
38 377
38 420
38 502
38 513
38 600
38 792
38 812
38 877
38 950
39 94
39 313
39 674
39 869
39 919
39 994
40 71
40 101
40 183
40 230
40 297
40 464
40 591
40 645
40 679
41 66
41 82
41 121
41 162
41 249
41 295
41 435
41 439
41 500
41 596
41 713
41 886
41 952
42 128
42 176
42 190
42 624
42 644
42 646
42 664
42 820
42 841
42 950
42 988
43 193
43 409
43 606
43 614
44 65
44 119
44 186
44 232
44 242
44 454
44 603
44 684
44 700
44 718
44 785
44 891
44 955
44 974
45 99
45 153
45 267
45 366
45 625
45 660
45 685
45 816
45 891
45 910
45 924
45 964
46 139
46 173
46 250
46 331
46 401
46 788
46 801
46 844
46 916
46 966
47 76
47 320
47 501
47 559
47 695
47 764
47 822
47 834
47 956
47 959
48 94
48 117
48 300
48 334
48 384
48 412
48 432
48 620
48 651
48 663
48 803
48 851
48 873
48 950
48 969
49 118
49 351
49 449
49 466
49 498
49 968
49 989
50 79
50 104
50 467
50 487
50 502
50 747
50 806
50 885
51 312
51 482
51 492
51 628
51 932
52 105
52 293
52 389
52 444
52 842
52 905
53 127
53 161
53 225
53 451
53 630
53 729
53 763
53 850
53 920
54 217
54 225
54 458
54 505
54 554
54 679
54 791
54 900
54 954
55 174
55 231
55 255
55 382
55 417
55 487
55 508
55 551
55 682
55 705
55 845
55 939
55 954
56 85
56 91
56 250
56 378
56 439
56 491
56 576
56 620
56 654
56 702
56 756
56 765
56 952
56 977
56 989
57 175
57 599
57 630
57 653
57 673
57 896
58 199
58 547
58 728
58 903
58 983
59 156
59 360
59 382
59 529
59 717
59 807
59 911
59 981
60 65
60 68
60 120
60 243
60 351
60 465
60 611
60 645
60 696
60 703
60 791
60 893
61 219
61 334
61 414
61 417
61 605
61 610
61 703
61 715
61 822
61 958
62 83
62 104
62 173
62 209
62 286
62 334
62 343
62 423
62 456
62 624
62 872
62 954
62 963
63 65
63 130
63 226
63 254
63 307
63 440
63 523
63 596
63 663
63 776
63 968
64 465
64 672
64 751
64 840
64 931
64 960
64 984
65 82
65 152
65 242
65 310
65 339
65 369
65 461
65 634
65 838
65 913
65 968
66 103
66 184
66 185
66 473
66 588
66 640
66 654
66 792
66 867
66 878
66 887
66 975
66 992
67 259
67 334
67 341
67 534
67 701
67 744
67 760
68 139
68 183
68 274
68 353
68 374
68 440
68 483
68 708
68 787
69 115
69 118
69 221
69 321
69 340
69 399
69 581
69 584
69 693
69 708
69 890
69 915
70 78
70 364
70 466
70 491
70 708
70 835
70 887
70 946
70 985
70 994
71 124
71 133
71 150
71 230
71 302
71 359
71 409
71 644
71 994
72 326
72 580
72 659
72 665
72 768
73 80
73 225
73 365
73 403
73 453
73 470
73 557
73 618
73 867
73 932
74 109
74 118
74 217
74 395
74 689
74 806
74 845
74 878
74 910
74 999
75 116
75 215
75 261
75 301
75 353
75 563
75 708
75 755
75 777
75 885
75 889
76 100
76 312
76 343
76 409
76 483
76 485
76 542
76 598
76 778
76 796
76 812
76 865
76 921
76 980
77 357
77 453
77 503
77 570
77 635
77 645
77 731
77 830
77 931
78 169
78 384
78 385
78 478
78 487
78 533
78 586
78 731
78 756
78 840
79 219
79 326
79 493
79 560
79 577
79 685
79 959
79 965
80 83
80 121
80 201
80 407
80 455
80 485
80 609
80 717
80 733
80 795
80 873
81 163
81 222
81 477
81 559
81 591
81 721
81 739
81 882
81 890
81 914
82 97
82 251
82 267
82 363
82 376
82 584
82 596
82 715
82 772
82 863
82 955
82 974
82 978
82 995
83 132
83 280
83 530
83 629
83 673
83 867
83 979
84 139
84 246
84 251
84 288
84 297
84 539
84 602
84 789
84 816
85 87
85 259
85 387
85 488
85 513
85 569
85 782
86 110
86 310
86 421
86 460
86 850
86 962
86 990
86 999
87 136
87 186
87 213
87 232
87 294
87 297
87 342
87 355
87 466
87 713
87 787
87 791
87 803
87 924
87 930
87 944
87 949
88 248
88 386
88 465
88 647
88 796
88 802
88 905
89 240
89 265
89 393
89 672
89 821
89 830
89 836
89 933
90 205
90 271
90 419
90 511
90 725
90 763
90 768
90 796
90 805
90 862
90 976
91 473
91 519
91 545
91 624
91 638
91 686
92 157
92 204
92 266
92 318
92 319
92 473
92 482
92 644
92 656
92 816
93 137
93 158
93 249
93 348
93 456
93 493
93 757
93 820
93 886
94 105
94 237
94 378
94 536
94 612
94 746
94 855
94 970
94 984
95 234
95 270
95 530
95 563
95 918
95 940
95 994
96 161
96 181
96 285
96 478
96 542
96 695
96 794
96 840
96 917
97 125
97 255
97 312
97 603
97 708
97 883
97 887
98 167
98 242
98 396
98 465
98 690
98 732
98 796
98 839
98 907
99 131
99 254
99 482
99 515
99 578
99 607
99 629
99 645
99 768
99 905
100 153
100 281
100 356
100 457
100 734
100 893
101 110
101 133
101 243
101 494
101 591
101 692
101 972
101 974
102 138
102 234
102 299
102 341
102 597
102 692
102 726
102 857
102 860
103 360
103 485
103 707
103 730
103 812
103 817
103 942
104 135
104 248
104 350
104 519
104 611
104 749
104 850
104 902
105 193
105 201
105 336
105 661
105 737
105 748
106 262
106 315
106 441
106 478
106 499
106 812
106 931
106 979
106 980
107 170
107 199
107 233
107 265
107 306
107 336
107 358
107 364
107 573
107 696
107 731
107 791
107 887
108 114
108 245
108 681
108 685
108 729
109 222
109 268
109 497
109 518
109 529
109 598
109 658
109 765
110 139
110 184
110 226
110 312
110 342
110 392
110 436
110 585
110 586
110 602
110 721
110 732
110 751
110 759
110 871
110 900
110 953
110 980
111 127
111 170
111 249
111 269
111 335
111 377
111 509
111 555
111 599
111 686
111 705
111 712
112 141
112 152
112 253
112 529
112 680
112 690
112 757
112 783
112 828
112 845
112 874
112 980
113 258
113 384
113 599
113 666
113 669
113 846
113 877
114 206
114 250
114 317
114 500
114 556
114 616
114 750
114 842
115 167
115 253
115 290
115 457
115 478
115 494
115 538
115 660
115 686
115 696
115 711
115 719
115 742
115 789
116 705
116 764
116 768
116 793
116 834
116 987
117 208
117 375
117 389
117 397
117 412
117 474
117 533
117 585
117 600
117 633
117 854
117 887
118 125
118 185
118 215
118 293
118 663
118 664
118 735
118 846
118 909
119 175
119 199
119 212
119 409
119 453
119 596
119 676
119 758
119 761
119 811
120 313
120 447
120 504
120 622
120 742
120 794
120 805
120 923
120 940
121 173
121 199
121 219
121 269
121 314
121 684
121 772
122 160
122 277
122 306
122 311
122 334
122 348
122 409
122 504
122 577
122 581
122 684
122 717
122 789
122 811
122 869
122 980
123 175
123 224
123 292
123 468
123 526
123 670
123 678
123 720
123 751
123 791
123 813
123 865
124 125
124 144
124 340
124 378
124 408
124 455
124 499
124 513
124 529
124 571
124 906
124 962
125 152
125 171
125 212
125 249
125 279
125 309
125 347
125 368
125 714
125 727
125 758
125 781
125 822
125 905
126 152
126 155
126 161
126 226
126 528
126 634
126 648
126 657
126 826
126 845
126 854
126 865
126 901
126 923
126 943
127 243
127 301
127 316
127 379
127 503
127 548
127 553
127 961
128 258
128 264
128 343
128 434
128 481
128 702
128 818
128 912
128 927
129 218
129 261
129 279
129 319
129 392
129 462
129 745
130 157
130 165
130 183
130 332
130 414
130 421
130 476
130 539
130 793
130 800
130 852
130 914
131 153
131 171
131 233
131 236
131 412
131 439
131 521
131 682
131 704
131 750
131 752
131 812
131 830
131 899
131 904
132 184
132 269
132 333
132 512
132 584
132 598
132 829
132 994
133 793
133 811
133 948
134 318
134 458
134 570
134 631
134 718
134 988
134 995
135 281
135 771
136 208
136 245
136 683
136 782
136 858
136 901
137 182
137 240
137 278
137 279
137 412
137 441
137 588
137 944
137 973
138 246
138 472
138 721
138 844
138 936
138 963
139 177
139 180
139 381
139 453
139 546
139 623
139 652
140 182
140 329
140 376
140 534
140 616
140 696
140 733
140 856
140 947
141 197
141 322
141 538
141 618
141 631
141 633
141 652
141 754
141 790
141 863
141 947
142 463
142 495
142 607
142 778
142 884
142 903
143 227
143 232
143 237
143 319
143 338
143 437
143 468
143 747
143 756
143 874
143 932
144 277
144 341
144 591
144 680
144 692
144 809
144 988
145 386
145 433
145 612
145 963
146 166
146 175
146 277
146 382
146 451
146 642
146 815
146 991
146 995
147 188
147 198
147 423
147 473
147 653
147 765
147 825
147 847
147 920
148 165
148 173
148 199
148 218
148 269
148 339
148 370
148 539
148 737
148 821
149 221
149 244
149 261
149 436
149 463
149 576
149 635
149 924
149 932
149 968
150 158
150 262
150 572
150 714
150 762
150 910
151 171
151 210
151 258
151 334
151 502
151 682
151 933
151 970
152 160
152 259
152 486
152 620
152 682
153 234
153 251
153 266
153 426
153 514
153 563
153 746
153 771
153 971
154 213
154 271
154 347
154 348
154 481
154 513
154 525
154 877
154 902
154 913
155 267
155 388
155 513
155 517
155 534
155 543
155 593
155 629
155 695
155 837
155 842
155 890
155 915
156 224
156 594
156 609
156 769
156 800
156 818
157 331
157 370
157 571
157 609
157 644
158 210
158 365
158 391
158 518
158 600
158 772
158 860
159 398
159 576
159 589
159 726
159 931
160 351
160 386
160 559
160 578
160 590
160 660
160 716
161 196
161 295
161 310
161 340
161 416
161 515
161 655
162 219
162 287
162 327
162 434
162 495
162 585
162 828
162 899
162 956
163 167
163 284
163 400
163 554
163 572
163 717
163 956
164 257
164 441
164 994
165 170
165 237
165 559
165 722
165 818
165 855
165 883
165 888
166 333
166 485
166 492
166 548
166 671
166 701
166 740
166 942
167 261
167 366
167 491
167 680
167 795
167 944
167 948
168 170
168 180
168 228
168 235
168 269
168 280
168 303
168 362
168 477
168 587
168 992
169 189
169 193
169 326
169 407
170 203
170 204
170 434
170 579
170 726
170 769
170 851
171 257
171 378
171 456
171 539
171 560
171 675
171 681
171 890
172 211
172 216
172 247
172 363
172 570
172 853
172 925
172 926
172 978
173 222
173 403
173 645
173 675
174 324
174 325
174 346
174 546
174 672
174 773
174 824
174 877
174 906
174 982
175 308
175 613
175 683
175 690
175 808
175 896
175 945
175 968
176 325
176 340
176 350
176 401
176 480
176 489
176 510
176 595
176 610
176 652
176 750
176 958
177 182
177 342
177 469
177 760
177 762
177 838
177 999
178 253
178 307
178 330
178 409
178 474
178 547
178 841
178 851
178 914
179 194
179 387
179 432
179 633
179 776
179 915
179 963
180 266
180 425
180 436
180 442
180 451
180 481
180 632
180 641
180 734
180 977
181 246
181 285
181 300
181 390
181 423
181 523
181 584
181 672
181 890
181 999
182 313
182 368
182 378
182 400
182 401
182 534
182 665
182 686
182 771
182 935
182 998
183 316
183 408
183 568
183 811
184 326
184 446
184 562
184 604
184 631
184 793
185 277
185 351
185 356
185 369
185 411
185 426
185 454
185 514
185 627
185 918
185 994
186 258
186 313
186 418
186 517
186 557
186 787
186 989
187 214
187 378
187 387
187 432
187 433
187 457
187 520
187 541
187 608
187 841
187 872
187 977
188 202
188 208
188 233
188 308
188 339
188 562
188 575
188 589
188 611
188 784
188 835
188 883
188 888
188 951
189 226
189 293
189 459
189 854
189 859
189 894
189 976
189 998
190 196
190 331
190 381
190 428
190 446
190 506
190 539
190 551
190 635
190 706
190 744
190 787
190 794
190 967
190 992
191 282
191 420
191 667
191 698
191 859
191 902
192 271
192 289
192 442
192 451
192 547
192 687
192 916
193 268
193 306
193 629
193 647
193 650
193 701
193 722
193 809
194 336
194 442
194 630
194 767
194 788
194 913
195 301
195 528
195 530
195 700
195 861
195 925
196 279
196 331
196 337
196 500
196 523
196 762
196 780
196 828
196 842
196 846
196 865
196 891
196 962
196 976
197 415
197 451
197 721
197 727
197 868
198 210
198 276
198 470
198 554
198 622
198 708
198 878
198 949
199 200
199 411
199 744
199 794
199 858
199 862
200 219
200 224
200 568
200 571
200 683
200 689
200 751
200 762
201 315
201 417
201 594
201 720
201 752
201 919
201 995
202 251
202 257
202 300
202 699
202 759
202 828
202 941
203 262
203 295
203 375
203 466
203 518
203 574
203 635
203 638
203 668
203 880
203 893
203 914
203 921
203 928
203 950
204 281
204 498
204 580
204 799
204 899
205 391
205 396
205 606
205 686
205 744
205 907
206 349
206 513
206 519
206 544
206 553
206 695
206 793
206 796
206 901
206 978
207 350
207 483
207 687
207 934
208 212
208 230
208 353
208 582
208 629
208 885
209 319
209 408
209 667
209 943
209 967
210 230
210 521
210 723
210 779
211 325
211 485
211 533
211 547
211 554
211 679
211 881
211 948
212 232
212 482
212 554
212 583
212 615
212 645
212 694
212 719
212 747
212 774
212 845
212 908
212 968
213 267
213 510
213 536
213 549
213 742
213 866
214 234
214 462
214 509
214 581
214 594
215 506
215 662
215 922
215 949
216 622
216 694
216 929
216 957
216 978
216 981
217 254
217 474
217 863
217 904
218 250
218 289
218 345
218 377
218 904
218 938
219 234
219 235
219 237
219 323
219 533
219 611
219 824
219 954
220 270
220 272
220 325
220 419
220 422
220 443
220 482
220 514
220 521
220 887
221 331
221 411
221 457
221 524
221 665
221 726
221 771
221 816
222 227
222 324
222 428
222 463
222 579
222 742
222 846
222 862
222 879
223 239
223 398
223 409
223 443
223 555
223 656
223 821
223 955
223 983
224 227
224 355
224 364
224 393
224 684
224 732
224 784
225 289
225 320
225 533
225 539
225 688
225 743
225 747
225 762
225 792
225 818
226 255
226 260
226 315
226 345
226 433
226 520
226 524
226 614
226 628
226 716
226 734
226 754
226 786
226 822
226 985
227 303
227 420
227 461
227 625
227 649
227 715
227 718
227 764
227 910
228 308
228 348
228 383
228 393
228 445
228 506
228 526
228 978
228 989
229 292
229 430
229 447
229 679
229 791
229 893
229 915
229 947
230 367
230 518
230 739
230 862
231 502
231 552
231 703
231 732
231 859
232 322
232 429
232 475
232 572
232 748
232 799
232 815
233 276
233 628
233 690
233 771
233 821
233 920
233 963
234 370
234 398
234 429
234 513
234 518
234 640
234 654
234 756
235 259
235 335
235 620
235 639
235 683
235 949
236 643
237 327
237 344
237 348
237 501
237 547
237 568
237 586
237 714
237 788
238 463
238 487
238 490
238 618
238 629
238 691
238 763
238 778
238 795
238 870
238 958
239 285
239 305
239 435
239 456
239 707
239 712
239 784
239 906
240 290
240 376
240 648
240 729
240 753
240 783
240 842
240 886
240 903
240 938
240 957
240 965
240 992
241 398
241 400
241 467
241 606
241 637
241 804
241 814
241 877
241 927
242 339
242 529
242 574
242 679
242 812
243 306
243 386
243 468
243 560
243 653
243 875
243 940
244 281
244 360
244 474
244 541
244 626
244 631
244 663
244 945
245 356
245 359
245 491
245 505
245 550
245 570
245 631
245 889
245 898
246 297
246 344
246 429
246 493
246 526
246 658
246 763
246 949
246 957
247 283
247 738
247 952
247 961
248 265
248 334
248 503
248 540
248 674
248 675
248 977
249 393
249 472
249 514
249 596
249 770
249 818
249 893
249 945
250 264
250 320
250 534
250 911
250 968
251 256
251 388
251 497
251 575
251 814
252 261
252 308
252 369
252 574
252 595
252 657
252 823
252 866
252 894
253 274
253 362
253 370
253 499
253 505
253 766
254 260
254 292
254 763
254 782
254 829
254 958
255 419
255 600
255 603
255 800
255 846
255 848
255 855
255 918
255 931
255 939
256 450
256 586
257 292
257 360
257 447
257 624
257 665
257 809
257 842
258 272
258 322
258 592
258 763
258 813
259 278
259 296
259 315
259 517
259 529
259 732
259 786
259 824
259 902
260 392
260 792
260 886
261 286
261 314
261 321
261 457
261 655
261 792
262 300
262 310
262 387
262 486
262 590
262 640
262 678
262 716
262 813
262 835
262 874
263 270
263 284
263 314
263 327
263 543
263 655
263 664
263 769
263 818
263 839
264 286
264 573
264 674
264 911
265 284
265 291
265 462
265 527
265 557
265 597
265 690
265 701
265 726
265 854
265 929
265 941
265 980
266 309
266 327
266 329
266 475
266 559
266 601
266 630
266 661
266 671
266 718
266 762
266 850
266 950
266 975
267 284
267 290
267 316
267 366
267 376
267 489
267 555
267 563
267 592
267 615
267 809
268 310
268 322
268 368
268 661
268 680
269 328
269 639
269 704
269 827
269 848
270 278
270 434
270 442
270 476
270 548
270 760
270 870
270 983
271 286
271 324
271 603
271 609
271 668
271 685
271 706
271 747
271 889
272 753
272 757
272 784
272 825
272 876
273 302
273 303
273 413
273 549
273 602
273 667
273 874
273 880
273 973
274 692
274 716
275 470
275 657
275 658
275 672
275 781
276 280
276 314
276 476
276 508
276 511
276 559
276 584
276 600
276 785
277 328
277 400
277 414
277 605
277 740
277 788
277 831
277 860
277 883
277 898
277 975
277 983
278 427
278 701
278 733
279 298
279 397
279 511
279 573
279 835
279 922
279 942
280 400
280 411
280 526
280 541
280 631
280 735
280 996
281 309
281 452
281 469
281 533
281 632
281 736
281 808
281 980
282 360
282 450
282 555
282 614
282 751
282 756
282 768
283 558
283 823
283 922
283 954
283 966
284 328
284 456
284 479
284 586
284 759
284 779
285 286
285 352
285 383
285 882
285 929
286 405
286 438
286 468
286 496
286 742
286 936
287 289
287 390
287 702
288 364
288 569
288 681
288 685
288 712
288 873
288 889
288 983
289 337
289 584
289 606
289 669
289 717
289 746
289 754
290 367
290 390
290 638
290 780
290 843
291 296
291 365
291 389
291 402
291 468
291 475
291 502
291 528
291 810
291 936
292 456
292 528
292 591
292 747
292 806
292 850
292 931
292 937
293 304
293 368
293 612
293 923
293 935
293 965
294 376
294 399
294 414
294 466
294 497
294 567
294 695
294 814
294 877
294 996
295 334
295 344
295 346
295 398
295 433
295 473
295 791
295 829
295 870
295 938
296 310
296 318
296 666
296 715
296 940
297 400
297 493
297 506
297 597
297 738
297 831
297 855
297 921
297 993
298 335
298 534
298 619
298 626
298 665
298 692
298 741
298 937
299 474
299 558
299 671
299 675
299 709
299 742
299 842
300 333
300 414
300 465
300 514
300 542
300 554
300 781
300 977
301 358
301 484
301 657
301 675
301 808
301 855
301 914
301 974
302 509
302 545
302 607
302 621
302 654
302 674
302 694
302 751
302 806
302 822
302 854
302 882
302 934
302 973
302 981
303 375
303 466
303 690
303 956
303 977
304 326
304 561
304 788
304 898
305 397
305 451
305 499
305 620
305 656
305 927
305 943
306 404
306 427
306 451
306 491
306 504
306 595
306 628
306 704
306 708
306 908
306 937
306 964
307 311
307 376
307 388
307 445
307 525
307 542
307 629
307 786
307 839
308 631
309 401
309 474
309 546
309 735
309 798
309 921
310 430
310 538
310 562
310 652
310 660
310 710
310 854
310 936
311 480
311 586
311 622
311 695
311 781
311 799
311 818
311 836
311 845
311 930
311 963
312 347
312 432
312 462
312 469
312 496
312 570
312 595
313 352
313 437
313 670
313 800
313 850
313 876
313 908
313 964
314 485
314 564
314 598
314 677
314 776
314 811
314 827
314 893
315 446
315 449
315 526
315 527
315 690
315 840
315 859
316 625
316 690
316 701
316 733
316 918
317 338
317 401
317 407
317 441
317 453
317 468
317 524
317 588
317 593
317 705
317 788
317 799
317 885
318 351
318 354
318 451
318 579
318 629
318 646
318 662
318 768
318 984
319 346
319 709
319 744
319 797
319 815
319 982
320 321
320 360
320 446
320 533
320 574
320 592
320 648
320 762
320 816
320 979
321 471
321 518
321 648
321 663
321 683
321 865
322 397
322 647
322 771
322 936
323 332
323 410
323 575
323 705
323 712
323 788
324 357
324 429
324 556
324 602
324 668
324 742
324 766
324 793
324 937
325 383
325 614
325 671
325 674
325 710
325 728
325 893
325 913
326 399
326 485
326 542
326 555
326 563
326 791
326 841
326 923
327 453
327 491
327 918
327 966
328 401
328 404
328 502
328 684
328 756
328 918
329 336
329 408
329 481
329 883
330 434
330 436
330 490
330 600
330 682
330 745
330 989
331 668
331 686
331 811
331 820
331 843
332 366
332 477
332 677
332 734
333 549
333 635
333 686
334 335
334 384
334 444
334 569
334 684
334 711
334 750
334 980
335 362
335 391
335 407
335 482
335 580
335 636
335 808
335 809
335 813
335 865
335 956
336 439
336 514
336 626
336 664
336 669
336 767
337 359
337 453
337 503
337 621
337 692
338 416
338 454
338 480
338 517
338 577
338 760
339 442
339 450
339 461
339 490
339 712
339 749
339 956
340 409
340 495
340 529
340 819
341 400
341 426
341 584
341 854
341 872
341 970
342 388
342 493
342 501
342 663
342 804
342 895
342 928
342 964
343 853
343 886
343 919
343 969
344 618
344 788
344 802
344 848
344 900
344 945
345 397
345 419
345 421
345 423
345 493
345 551
345 648
345 689
345 784
345 933
346 408
346 437
346 477
346 598
346 750
346 917
346 926
347 434
347 544
347 573
347 742
347 783
347 878
348 349
348 398
348 532
348 644
348 693
348 706
348 821
348 870
348 899
349 642
349 696
349 716
349 888
349 923
350 377
350 408
350 424
350 522
350 991
351 439
351 521
351 642
351 643
351 885
351 940
352 395
352 481
352 790
352 828
352 892
352 941
353 396
353 546
353 987
354 424
354 427
354 477
354 646
354 648
354 783
354 880
354 929
354 983
355 463
355 662
355 674
355 686
355 689
355 817
355 890
355 986
356 466
356 539
356 663
356 932
356 962
356 969
357 360
357 381
357 428
357 519
357 611
357 665
357 687
357 758
357 913
358 495
358 604
358 678
358 732
358 743
358 835
358 863
358 890
359 388
359 441
359 509
359 663
359 727
359 743
359 803
359 815
359 936
360 397
360 766
360 802
360 853
361 420
361 527
361 572
361 596
361 618
361 622
361 709
361 962
362 372
362 405
362 483
362 496
362 615
363 372
363 474
363 522
363 655
363 754
363 769
363 807
363 837
363 869
363 920
364 420
364 500
364 558
364 572
364 901
364 976
365 370
365 598
366 466
366 705
366 737
366 743
366 829
366 882
367 425
367 517
367 836
367 908
367 928
368 508
368 566
368 633
368 726
368 999
369 491
369 500
369 613
369 615
369 687
369 707
369 711
369 764
369 826
370 540
370 599
370 603
370 683
370 743
370 846
370 993
371 384
371 398
371 442
371 749
371 836
371 846
371 905
372 397
372 399
372 441
372 606
372 663
372 789
372 887
373 614
373 627
373 635
373 650
373 681
373 753
373 825
373 865
373 912
373 936
374 455
374 677
374 775
374 786
375 381
375 612
375 796
375 815
375 932
376 393
376 550
376 563
376 597
376 732
376 943
377 382
377 462
377 593
377 907
378 419
378 481
378 528
378 620
378 655
378 803
378 935
379 766
379 776
379 959
380 784
380 952
380 987
381 495
381 558
381 733
381 790
381 819
382 433
382 536
382 670
382 957
382 978
383 392
383 570
383 615
383 646
383 746
383 789
383 965
383 999
384 447
384 473
384 559
384 719
384 726
385 677
385 712
385 829
385 893
385 895
386 459
386 535
386 548
386 604
386 634
386 641
386 771
387 423
387 579
387 686
387 874
388 543
388 593
388 611
388 725
388 824
388 830
388 969
389 403
389 722
389 939
389 942
389 998
390 446
390 495
390 516
390 952
391 456
391 679
391 713
391 714
391 802
391 904
392 761
392 844
392 920
392 954
392 997
393 544
393 588
393 696
393 785
393 843
393 976
394 436
394 477
394 481
394 908
395 467
395 538
395 706
396 680
397 458
397 493
397 742
397 770
397 788
397 907
397 911
397 926
397 943
398 726
398 810
398 811
399 596
399 670
399 746
399 833
399 839
399 882
399 941
400 450
400 492
400 514
400 544
400 562
400 564
400 579
400 853
400 952
401 462
401 557
401 571
401 820
401 910
401 947
402 621
402 644
402 763
402 839
403 413
403 489
403 519
403 548
403 605
403 706
403 760
403 944
404 474
404 545
404 578
404 586
404 636
404 665
404 763
404 777
404 901
404 913
405 866
405 976
406 464
406 588
406 650
406 684
406 728
406 809
407 415
407 505
407 530
407 559
407 571
407 611
407 627
407 630
407 694
407 792
407 817
407 887
407 923
407 932
408 448
408 451
408 503
408 641
408 837
408 931
409 436
409 666
409 688
409 739
409 816
410 562
410 612
410 661
410 742
410 802
411 466
411 836
411 977
413 634
413 694
413 762
413 822
413 915
414 436
414 604
414 636
414 824
414 825
414 866
414 924
414 952
414 955
415 761
415 875
415 981
416 521
416 693
416 991
417 734
417 747
417 902
417 927
418 572
418 625
418 648
418 752
418 765
418 833
418 843
418 850
419 716
419 749
419 895
419 931
419 950
420 463
420 666
420 674
420 675
420 869
420 884
420 957
421 620
421 998
422 512
422 787
423 443
423 559
423 716
423 757
423 808
424 482
424 625
424 654
424 677
424 722
424 751
424 981
425 498
425 514
425 612
425 635
425 838
425 895
425 903
425 921
426 478
426 526
426 604
426 636
426 863
426 986
427 695
427 765
427 778
428 448
428 612
428 669
428 737
428 820
428 836
428 870
428 993
428 999
429 535
429 656
429 867
429 898
429 964
429 971
430 440
430 484
430 528
430 674
430 796
430 842
430 943
431 448
431 450
431 593
431 808
431 856
431 945
431 999
432 437
432 513
432 680
432 770
432 904
432 979
432 989
433 438
433 716
433 720
433 857
433 956
434 550
434 612
434 750
434 809
434 846
434 908
434 912
434 991
435 443
435 538
435 659
435 744
435 763
435 786
435 864
436 504
436 727
437 595
437 874
437 914
437 940
438 510
438 559
438 611
438 732
438 827
438 848
438 857
438 897
438 925
438 983
438 986
438 988
439 468
439 559
439 586
439 646
439 674
439 717
439 814
439 974
439 996
440 568
440 580
440 620
440 692
440 714
440 722
440 752
440 839
440 970
441 574
441 608
441 788
441 841
442 539
442 862
442 893
443 624
443 702
443 711
443 864
443 918
443 922
444 832
444 897
445 447
445 684
445 849
445 883
446 451
446 501
447 470
447 497
447 711
448 642
448 645
448 668
448 691
448 706
448 839
448 849
448 882
449 859
449 877
450 489
450 514
450 576
450 678
450 734
450 790
450 929
450 992
451 514
451 527
451 586
451 613
451 678
451 691
451 795
451 968
452 533
452 674
452 695
452 754
452 834
452 903
452 979
453 496
453 506
453 537
453 779
454 551
454 590
454 720
454 779
454 985
455 563
455 564
455 705
455 775
455 986
456 654
456 697
456 861
456 868
457 471
457 475
457 618
457 659
457 771
457 940
458 630
458 633
458 708
458 815
458 938
459 466
459 529
459 530
459 597
459 637
459 791
460 562
460 604
460 623
460 635
460 768
460 833
461 528
461 568
461 586
461 682
461 851
461 959
461 963
462 487
462 495
462 587
462 641
462 782
462 926
463 588
463 592
463 704
463 735
463 772
463 898
464 608
464 639
464 717
464 853
464 890
465 735
465 891
466 585
466 639
466 658
466 716
466 730
466 879
466 897
466 903
467 562
467 624
467 645
467 651
467 796
467 817
467 821
467 843
467 893
468 520
468 557
468 582
468 677
468 749
468 911
469 478
469 501
469 659
469 855
469 891
470 620
470 798
470 814
470 954
470 984
471 488
471 501
471 515
471 533
471 718
471 743
471 851
471 899
471 952
472 775
472 786
472 867
472 901
472 903
472 950
473 483
473 524
473 644
473 816
474 559
474 771
474 911
475 545
475 871
476 560
476 606
476 655
476 822
476 973
477 490
477 593
477 911
477 977
477 989
478 570
478 590
478 602
478 678
478 733
478 773
478 791
478 832
478 924
479 652
479 728
479 784
480 746
480 773
480 831
480 891
480 912
481 511
481 551
481 556
481 684
481 747
481 782
481 915
481 989
482 528
482 549
482 614
482 693
482 776
482 844
482 849
482 879
483 512
483 566
483 655
483 748
483 833
483 880
483 948
483 963
484 592
484 850
484 889
484 958
485 569
485 780
485 830
485 839
485 895
486 488
486 564
486 589
486 608
486 671
486 714
486 760
487 492
487 538
487 572
487 643
487 670
487 735
487 766
487 829
487 952
488 608
488 700
488 801
488 863
489 498
489 535
489 646
489 843
490 727
490 728
490 749
490 799
490 819
490 900
491 510
491 594
491 629
491 644
491 713
491 764
491 890
491 982
492 510
492 585
492 669
492 718
492 862
492 922
492 998
493 497
493 577
493 654
493 724
493 817
494 514
494 586
494 949
495 627
495 647
495 808
495 813
495 831
495 906
495 934
495 985
496 535
496 693
496 760
496 811
496 992
497 823
497 836
497 872
497 910
497 933
497 964
497 983
498 722
498 928
499 540
499 851
500 505
500 564
500 570
500 831
501 568
501 832
501 914
502 535
502 544
502 793
502 814
502 838
502 918
502 959
503 673
503 818
503 826
503 832
503 987
504 560
504 623
504 739
504 853
504 888
505 600
505 637
505 784
505 889
505 893
506 602
506 688
506 691
506 740
506 772
506 783
506 833
506 855
506 976
507 769
507 857
507 879
507 928
508 572
508 702
508 743
508 895
508 952
509 548
509 693
509 811
510 556
510 776
510 834
510 959
510 982
510 996
511 692
511 744
511 773
511 910
511 937
512 533
512 559
512 564
512 579
512 767
512 787
512 929
512 964
513 522
513 919
514 517
514 539
515 598
515 918
516 535
516 619
517 529
517 557
517 564
517 736
517 866
517 874
517 955
518 585
518 776
518 975
518 996
519 665
519 722
519 947
520 560
520 567
520 842
520 885
520 899
520 905
520 989
521 617
521 753
521 790
521 933
521 986
522 548
522 625
522 663
522 846
523 549
523 645
523 656
523 844
523 847
523 880
523 887
524 771
524 816
524 988
525 531
525 760
525 872
525 937
526 606
526 708
526 890
527 581
527 583
527 670
527 894
527 968
527 996
528 533
528 692
528 698
528 739
528 815
528 862
528 882
529 556
529 597
529 648
529 971
530 548
530 570
530 609
530 739
530 748
530 817
531 845
532 539
532 655
532 658
532 692
532 696
532 753
532 816
532 862
532 916
532 926
533 658
533 694
533 791
533 836
533 932
534 550
534 566
534 587
534 852
534 882
535 662
535 710
535 727
535 738
535 762
535 796
535 798
535 906
535 922
535 962
536 560
536 841
536 874
537 643
537 706
537 747
537 778
537 928
538 573
538 759
538 887
538 897
539 594
539 671
539 699
539 921
540 564
540 610
540 627
540 637
540 762
540 851
540 945
541 649
541 661
541 687
542 603
542 624
542 737
542 989
543 555
543 826
543 900
543 917
544 589
544 693
544 707
544 775
545 595
545 713
545 917
545 977
545 984
546 872
546 882
547 765
547 788
547 912
547 988
548 562
548 694
548 696
548 769
548 801
550 599
550 658
550 712
550 735
550 842
550 854
550 880
551 652
551 848
552 668
552 673
552 691
552 711
552 862
552 991
553 576
553 591
553 776
553 895
553 957
554 561
554 616
554 659
555 560
555 806
555 876
555 880
556 594
556 615
556 823
557 683
557 705
557 779
558 634
558 717
558 806
559 674
559 686
559 710
559 714
559 777
559 809
559 817
559 895
559 966
560 578
560 666
560 851
561 584
561 852
561 881
561 939
562 571
562 603
562 631
562 637
562 699
562 708
562 828
562 887
562 934
562 990
563 590
563 849
563 966
565 634
565 738
565 939
565 951
565 959
566 726
566 784
566 853
566 978
567 752
567 800
567 812
567 856
567 905
567 909
567 933
567 967
568 667
568 687
568 779
568 856
568 872
568 897
568 939
569 577
569 635
569 663
569 672
569 715
569 768
569 780
569 804
570 787
570 795
570 815
570 937
571 575
571 604
571 659
571 690
571 700
571 733
571 767
571 999
572 726
572 821
572 827
572 897
573 769
573 806
573 908
573 920
574 599
574 601
574 604
574 617
574 766
574 999
575 818
576 591
576 644
576 880
576 889
576 983
577 594
577 606
577 656
577 836
577 928
578 669
578 672
578 931
578 978
578 979
578 980
578 981
579 637
579 646
579 661
579 695
579 789
579 808
579 938
579 967
580 771
581 658
581 659
581 664
582 874
583 657
583 674
583 681
583 791
583 829
583 880
583 927
584 715
584 994
585 615
585 652
585 960
585 970
586 588
586 810
586 860
586 950
587 836
588 778
589 622
589 639
589 718
590 674
590 820
591 736
591 753
591 761
591 850
591 889
591 949
592 710
592 901
592 997
593 745
593 751
593 839
593 936
594 612
594 709
594 833
594 910
595 754
595 894
595 953
596 762
596 794
596 938
596 969
596 991
597 625
597 713
597 790
597 821
597 986
598 843
598 946
599 781
599 927
599 960
600 696
600 726
600 755
600 914
600 946
601 731
601 874
602 948
603 683
603 756
603 816
603 856
603 883
603 956
604 873
604 885
604 963
604 965
605 686
605 834
605 854
605 882
606 650
606 709
606 826
606 944
607 620
607 664
607 731
607 761
607 870
607 880
607 901
607 937
608 650
608 710
608 720
608 757
608 936
608 939
609 755
609 756
609 816
609 821
609 912
609 923
609 978
610 623
610 935
611 758
611 762
611 825
611 931
611 935
612 802
613 641
613 956
614 724
614 725
614 768
614 769
614 802
614 843
614 850
614 981
615 646
615 651
615 730
615 744
615 782
615 894
615 922
616 821
616 866
616 928
616 957
617 907
617 929
618 684
618 691
618 720
619 820
619 958
619 987
620 693
620 703
620 730
620 919
620 971
621 655
621 799
621 949
622 813
622 861
623 747
623 778
623 965
623 967
623 982
624 650
624 793
624 808
624 995
625 691
625 712
625 763
625 800
625 819
625 986
626 706
626 836
626 838
626 909
627 632
627 763
627 872
627 946
627 951
628 693
628 756
628 884
628 913
628 918
628 970
628 994
629 669
629 771
629 777
630 678
630 821
631 665
631 671
631 678
632 651
632 674
632 699
632 889
632 893
633 683
633 725
633 768
633 856
633 859
633 975
634 727
634 735
634 953
635 678
635 788
635 831
635 981
636 671
636 707
637 665
637 794
637 821
637 968
638 702
638 814
638 836
638 845
638 936
639 671
639 754
639 784
639 809
639 979
640 681
640 745
640 924
641 894
641 992
642 904
643 696
643 725
643 842
643 923
643 972
643 981
644 687
644 826
644 877
645 702
645 848
645 982
646 704
646 705
646 862
647 670
647 673
647 689
647 752
647 847
647 876
647 877
647 886
647 957
648 672
648 693
648 820
648 941
649 771
650 684
650 697
650 747
650 900
651 672
651 936
652 761
652 772
652 819
652 835
652 873
652 876
653 675
653 705
653 775
653 958
654 717
654 751
654 762
654 939
654 995
655 668
655 759
655 800
655 817
656 811
657 694
657 705
657 787
657 917
657 967
658 802
658 884
658 964
659 690
659 783
659 791
659 875
659 895
659 954
659 984
660 702
660 771
660 775
660 827
661 664
661 849
661 877
662 694
662 746
662 764
662 809
662 814
662 862
662 897
662 941
662 988
663 805
663 850
663 866
663 999
664 740
664 825
665 803
666 782
666 787
666 831
666 832
666 901
666 948
666 971
667 755
668 672
668 839
668 869
668 992
669 701
669 883
669 943
670 759
670 895
671 728
672 817
672 896
672 926
672 940
674 705
674 906
675 862
675 884
675 947
676 736
676 829
676 836
676 868
676 897
677 769
677 776
677 948
678 718
678 957
679 871
679 892
679 894
679 948
679 950
680 734
680 940
680 973
681 692
681 752
681 760
681 917
681 977
682 686
682 724
682 753
682 776
682 784
682 786
682 888
683 686
683 858
683 871
683 913
684 744
684 803
684 855
684 934
685 780
685 783
685 897
685 985
686 742
686 824
686 949
686 976
687 973
688 718
688 734
689 704
689 735
689 815
689 853
689 864
689 963
690 875
691 722
691 814
691 867
692 718
692 796
692 819
692 941
692 951
693 740
695 864
695 887
695 938
696 737
696 950
697 756
697 775
697 826
697 917
697 955
698 744
698 799
699 763
699 818
699 855
699 877
699 881
700 961
701 735
701 761
701 823
701 952
701 982
702 755
702 844
703 774
703 780
703 813
703 814
703 952
704 736
704 762
704 765
704 877
705 757
705 800
705 813
705 814
706 731
706 769
706 862
706 991
707 833
707 874
708 710
708 781
708 841
708 924
708 949
708 994
709 844
709 916
709 949
709 974
711 944
712 730
712 746
712 759
712 801
713 765
713 955
714 718
715 753
715 766
715 802
715 919
716 759
716 773
716 786
716 834
717 794
717 932
718 762
719 729
719 731
719 811
719 813
720 777
720 951
720 984
721 879
722 983
722 984
722 985
723 874
724 876
724 885
725 901
726 760
726 859
726 966
726 975
727 791
727 816
728 789
728 993
729 864
729 899
729 963
730 879
731 750
731 792
731 889
732 736
732 750
732 768
732 790
732 797
732 857
733 753
733 837
733 846
733 885
733 909
733 966
733 984
735 820
735 939
735 951
736 749
736 781
736 827
736 858
737 738
737 745
737 764
737 948
737 960
738 848
738 908
739 762
739 779
739 808
739 848
741 765
741 833
741 846
741 870
741 904
741 935
741 943
741 958
742 859
743 762
743 763
743 790
743 940
743 944
744 820
744 830
745 831
746 834
747 769
747 819
747 913
748 850
749 897
749 916
750 754
750 805
751 797
751 852
752 845
752 923
752 985
752 998
753 776
753 840
753 910
753 924
753 942
753 991
755 938
756 841
756 862
756 892
756 922
757 831
757 852
757 907
757 908
760 777
760 800
760 811
760 882
760 899
761 870
762 786
763 793
763 842
764 982
764 991
767 768
768 813
768 896
769 859
769 951
769 970
770 865
770 927
770 963
771 827
771 928
771 961
772 825
772 902
772 988
773 778
773 828
773 870
775 776
775 826
775 879
775 969
776 803
776 964
776 976
776 978
777 818
777 903
777 972
778 831
779 832
779 860
779 887
782 871
782 904
782 946
782 973
783 803
783 806
783 859
783 888
783 912
783 997
784 822
784 861
785 829
785 835
785 914
785 937
785 969
786 837
786 978
787 857
787 897
788 857
788 933
789 830
790 844
791 925
791 929
791 935
792 802
792 803
792 821
792 869
792 887
794 974
795 917
795 952
795 958
796 866
797 806
797 899
797 914
797 920
798 988
798 993
799 805
799 829
799 874
799 892
799 909
800 826
800 841
800 879
800 945
800 971
800 994
801 885
801 999
802 917
802 938
803 827
803 922
804 848
805 823
805 909
806 880
806 985
807 995
808 862
808 902
808 949
808 966
809 867
809 890
810 873
810 889
810 969
811 955
812 891
812 972
813 865
813 922
813 995
814 829
814 834
814 854
814 921
814 984
814 997
815 883
815 953
817 985
819 986
820 841
820 946
820 968
821 889
821 944
821 951
822 860
822 958
823 830
823 898
823 967
824 926
824 973
825 851
825 940
825 986
826 894
826 949
826 991
828 839
828 946
829 898
830 857
830 869
830 955
831 982
832 976
833 941
834 981
837 853
837 894
837 992
839 851
839 906
839 924
839 997
840 969
840 987
841 904
841 965
841 983
842 873
843 975
843 994
844 871
845 892
846 945
846 979
848 899
848 940
850 933
850 948
851 974
852 865
852 892
852 925
852 976
852 985
853 909
853 956
854 958
855 906
855 957
856 889
856 916
858 867
858 913
859 914
860 902
860 926
860 944
861 880
863 928
867 990
870 986
871 922
873 913
873 995
874 877
874 975
876 935
876 952
877 880
877 885
879 901
881 924
881 979
884 902
884 931
885 893
888 893
888 900
888 943
888 964
889 956
891 972
892 915
892 967
893 916
895 927
896 944
897 902
897 964
897 965
899 910
899 912
899 920
901 911
901 939
904 953
904 975
904 995
905 969
908 996
913 956
914 954
916 919
917 966
917 973
918 925
919 920
919 957
919 980
921 932
921 962
922 964
923 972
924 940
930 984
930 996
934 970
935 946
939 945
943 995
947 979
950 974
952 977
953 955
958 985
963 974
963 982
972 999
974 975
976 978
978 997
983 997
986 997
