0 19
0 23
0 164
0 195
0 444
0 537
0 706
0 717
0 998
1 31
1 62
1 68
1 134
1 167
1 284
1 459
1 474
1 545
1 703
1 722
2 35
2 83
2 413
2 478
2 487
2 615
2 628
2 695
2 724
2 791
2 820
2 914
3 23
3 58
3 130
3 160
3 205
3 277
3 549
3 565
3 598
3 650
3 691
3 723
3 929
3 942
3 965
4 10
4 14
4 476
4 635
4 652
4 752
4 795
5 16
5 76
5 202
5 304
5 382
5 512
5 587
5 688
5 694
5 834
5 887
6 18
6 33
6 96
6 333
6 381
6 489
6 506
6 767
7 122
7 191
7 222
7 240
7 390
7 544
7 581
7 732
7 905
7 947
8 13
8 362
8 545
8 569
8 707
8 741
9 24
9 229
9 437
9 502
9 544
9 680
9 758
9 815
9 994
10 114
10 573
10 579
10 790
10 799
10 909
10 968
11 100
11 112
11 115
11 298
11 311
11 621
11 694
11 695
11 930
11 940
11 999
12 163
12 197
12 217
12 267
12 551
12 903
13 113
13 190
13 283
13 300
13 829
14 113
14 376
14 383
14 460
14 470
14 505
14 588
14 801
14 813
14 858
14 882
15 37
15 92
15 265
15 495
15 690
15 714
15 808
15 900
15 908
15 994
16 75
16 186
16 243
16 308
16 391
16 446
16 490
16 549
16 553
16 714
16 721
16 777
16 802
16 804
17 244
17 518
17 610
17 643
17 790
18 189
18 223
18 558
18 652
18 791
18 964
19 26
19 156
19 221
19 499
19 542
19 637
19 650
19 734
19 755
19 778
19 888
20 74
20 189
20 209
20 334
20 416
20 467
20 650
20 679
20 755
20 854
21 185
21 274
21 327
21 447
21 569
21 770
21 793
21 870
21 970
22 362
22 399
22 400
22 415
22 562
22 566
22 782
22 789
22 890
22 937
23 42
23 47
23 101
23 127
23 145
23 160
23 193
23 241
23 249
23 379
23 450
23 697
23 715
23 771
23 891
24 118
24 130
24 145
24 147
24 213
24 253
24 390
24 591
24 690
24 857
24 964
24 979
25 189
25 241
25 250
25 272
25 357
25 436
25 549
25 796
26 98
26 266
26 290
26 344
26 421
26 689
26 819
26 986
27 112
27 229
27 236
27 500
27 798
28 164
28 207
28 338
28 374
28 407
28 469
28 552
28 694
28 947
29 141
29 183
29 304
29 403
29 429
29 573
29 799
29 823
29 993
30 47
30 150
30 161
30 269
30 347
30 352
30 391
30 435
30 505
30 658
30 754
30 909
30 987
31 57
31 258
31 365
31 460
31 662
31 701
31 717
31 721
31 857
32 37
32 294
32 449
32 497
32 598
32 619
32 797
32 952
32 978
33 91
33 334
33 342
33 402
33 403
33 408
33 426
33 489
33 514
33 662
33 879
34 185
34 216
34 255
34 260
34 268
34 346
34 394
34 721
34 757
34 862
35 81
35 212
35 240
35 247
35 297
35 315
35 329
35 500
35 790
35 848
35 998
36 86
36 200
36 279
36 290
36 302
36 576
36 677
36 950
36 961
37 62
37 125
37 302
37 330
37 379
37 408
37 471
37 709
37 726
37 781
38 120
38 134
38 483
38 618
38 662
38 688
38 750
38 780
38 908
39 686
39 780
39 906
40 287
40 332
40 442
40 450
40 472
40 482
40 488
40 531
40 793
40 897
40 995
41 125
41 388
41 537
41 674
41 871
41 941
41 951
42 372
42 385
42 433
42 467
42 522
42 603
42 609
42 614
42 791
42 873
42 949
43 117
43 199
43 221
43 283
43 299
43 319
43 357
43 384
43 497
43 531
43 549
43 593
43 682
43 689
43 741
43 822
43 861
43 987
44 123
44 138
44 230
44 265
44 285
44 682
44 707
44 807
44 813
45 103
45 141
45 142
45 229
45 362
45 363
45 390
45 416
45 448
45 484
45 609
45 648
45 697
45 817
46 146
46 387
46 440
46 504
46 511
46 609
46 614
46 651
46 660
46 729
46 759
46 837
46 848
46 880
46 888
46 917
47 205
47 215
47 221
47 754
47 789
47 851
47 881
48 127
48 163
48 192
48 231
48 237
48 239
48 446
48 851
48 967
49 139
49 172
49 185
49 234
49 264
49 315
49 386
49 907
50 129
50 253
50 424
50 666
50 742
51 74
51 139
51 266
51 426
51 428
51 457
51 509
51 614
51 915
52 53
52 58
52 144
52 293
52 430
52 516
52 616
52 620
52 658
52 764
52 986
53 111
53 239
53 333
53 486
53 505
53 546
53 572
53 574
53 609
53 619
53 643
53 666
53 688
53 975
54 108
54 112
54 143
54 300
54 358
54 441
54 487
54 548
54 552
54 571
54 580
54 734
54 770
54 863
54 982
55 64
55 169
55 249
55 264
55 360
55 387
55 436
55 678
55 891
55 991
56 189
56 309
56 441
56 552
56 673
56 688
56 866
57 232
57 380
57 489
57 710
57 750
57 761
57 777
57 911
58 93
58 212
58 213
58 304
58 514
58 546
58 569
58 640
58 661
58 857
58 901
59 180
59 369
59 449
59 489
59 492
59 501
59 528
59 583
59 584
59 776
59 798
59 821
60 142
60 400
60 470
60 768
60 904
60 905
60 931
60 945
61 106
61 182
61 325
61 397
61 423
61 472
61 533
61 568
61 585
61 733
61 791
61 802
61 845
62 83
62 246
62 288
62 534
62 549
62 634
62 722
62 766
62 808
62 814
62 846
62 918
63 151
63 569
63 911
64 182
64 275
64 333
64 368
64 615
64 713
64 738
64 747
64 840
64 862
64 867
64 889
65 239
65 272
65 299
65 493
65 606
65 643
65 802
65 831
65 933
66 198
66 209
66 281
66 349
66 486
66 827
67 104
67 108
67 115
67 117
67 165
67 235
67 277
67 308
67 320
67 527
67 606
67 645
67 712
67 817
67 863
67 907
68 234
68 351
68 509
68 523
68 567
68 720
68 721
68 758
69 252
69 342
69 347
69 508
69 552
69 606
69 618
69 623
69 763
69 970
70 142
70 418
70 551
70 561
70 569
70 728
70 986
70 999
71 90
71 107
71 311
71 328
71 359
71 370
71 385
71 493
71 803
71 852
71 928
71 943
72 188
72 249
72 320
72 772
72 778
72 803
72 941
73 106
73 136
73 308
73 449
73 547
73 751
73 966
74 83
74 187
74 396
74 488
74 502
74 568
74 710
74 741
74 762
74 791
74 940
75 100
75 122
75 374
75 510
75 593
75 667
75 713
75 770
75 899
75 912
75 969
76 162
76 289
76 380
76 452
76 550
76 917
76 945
76 952
77 157
77 267
77 620
77 849
77 954
78 111
78 124
78 362
78 367
78 666
78 760
78 786
78 952
78 979
79 415
79 689
79 877
80 329
80 395
80 490
80 729
80 759
80 857
80 915
81 154
81 174
81 209
81 645
81 841
81 849
81 869
81 976
82 307
82 523
82 565
82 590
82 737
82 898
82 952
82 990
83 97
83 127
83 175
83 206
83 224
83 287
83 680
83 683
83 735
84 352
84 527
84 563
84 694
84 735
84 738
84 781
84 790
84 878
85 358
85 657
85 739
85 805
85 895
86 105
86 427
86 492
86 665
86 955
87 102
87 118
87 187
87 194
87 364
87 542
87 824
88 192
88 255
88 301
88 406
88 409
88 469
88 619
88 718
88 807
88 818
88 864
89 118
89 446
89 530
89 557
89 575
89 737
89 896
89 986
90 233
90 273
90 495
90 577
90 982
90 999
91 127
91 131
91 164
91 449
91 526
91 677
91 711
91 770
92 168
92 172
92 228
92 288
92 345
92 406
92 420
92 671
92 766
92 985
93 238
93 685
93 746
93 872
94 197
94 344
94 518
94 875
94 928
94 954
95 204
95 328
95 525
95 549
95 564
95 597
95 730
95 744
95 749
95 812
95 835
96 189
96 525
96 546
96 687
96 709
96 716
96 782
97 315
97 718
97 719
97 813
98 416
98 457
98 655
98 702
98 721
98 790
98 849
98 948
98 963
99 109
99 324
99 475
99 540
99 581
99 608
99 632
99 633
99 676
99 805
99 827
99 918
100 160
100 184
100 191
100 219
100 315
100 324
100 539
100 548
100 630
100 907
101 115
101 305
101 378
101 426
101 449
101 482
101 549
101 559
101 598
101 711
101 715
101 790
101 906
102 257
102 327
102 347
102 451
102 469
102 523
102 560
102 635
102 703
102 818
102 903
103 104
103 114
103 123
103 158
103 182
103 226
103 383
103 533
103 641
103 642
103 809
103 961
104 152
104 504
104 605
104 992
105 177
105 304
105 379
105 513
105 966
106 123
106 200
106 248
106 289
106 347
106 404
106 496
106 525
106 612
106 737
106 767
106 802
106 823
106 958
106 976
106 985
106 990
107 135
107 165
107 355
107 476
107 516
107 676
107 737
108 332
108 335
108 393
108 480
108 716
109 119
109 145
109 165
109 226
109 247
109 265
109 311
109 351
109 552
109 646
109 655
109 793
109 872
109 940
110 143
110 417
110 442
110 476
110 502
110 672
110 841
111 153
111 227
111 268
111 351
111 427
111 541
111 615
111 626
111 632
111 661
111 710
111 744
111 852
111 855
111 950
111 978
112 166
112 202
112 329
112 491
112 518
112 601
112 865
113 280
113 327
113 500
113 518
113 593
113 689
113 789
113 870
113 924
113 928
113 987
114 269
114 290
114 366
114 472
114 611
114 744
114 774
114 786
115 131
115 190
115 449
115 558
115 621
115 898
115 956
116 270
116 316
116 321
116 398
116 488
116 580
116 726
116 822
116 922
116 930
116 961
117 184
117 260
117 639
117 650
117 686
117 695
117 764
117 778
117 805
117 808
117 939
118 125
118 155
118 331
118 562
118 589
118 628
118 692
118 751
118 838
118 880
118 961
119 155
119 174
119 263
119 290
119 484
119 547
119 589
119 670
119 972
120 403
120 456
120 482
120 509
120 622
120 627
120 833
120 951
121 158
121 176
121 227
121 355
121 388
121 403
121 418
121 563
121 631
121 741
121 771
121 875
122 500
122 802
122 829
122 839
123 144
123 157
123 214
123 223
123 474
123 573
124 197
124 423
124 482
124 555
124 594
124 974
125 187
125 217
125 219
125 297
125 458
125 467
125 518
125 525
125 641
125 819
126 247
126 286
126 322
126 411
126 504
126 541
126 638
126 679
126 779
126 855
127 308
127 317
127 364
127 453
127 556
127 623
127 645
127 730
128 160
128 180
128 477
128 517
128 569
128 577
128 808
128 903
129 135
129 256
129 338
129 401
129 549
129 562
129 821
129 865
129 926
130 169
130 197
130 219
130 260
130 313
130 414
130 641
130 874
130 877
130 938
130 979
131 139
131 146
131 169
131 348
131 508
131 594
131 603
131 678
131 722
131 766
131 792
132 171
132 511
132 631
132 694
132 889
132 910
132 943
132 989
133 201
133 208
133 378
133 874
133 912
134 234
134 348
134 540
134 638
134 749
135 202
135 325
135 440
135 444
135 626
135 679
135 692
135 733
135 920
135 953
135 998
136 199
136 374
136 427
136 519
136 546
136 775
137 294
137 375
137 472
137 591
137 592
137 658
137 882
137 982
138 516
138 527
138 626
138 812
138 901
138 934
139 154
139 226
139 391
139 449
139 453
139 678
139 711
139 764
139 779
139 818
139 918
140 198
140 229
140 360
140 432
140 513
140 674
140 705
140 734
140 860
140 979
141 142
141 226
141 368
141 370
141 395
141 464
141 617
141 870
142 240
142 392
143 224
143 326
143 359
143 419
143 786
143 993
144 229
144 277
144 306
144 357
144 686
144 731
144 807
144 865
144 916
144 925
144 949
144 962
145 174
145 202
145 219
145 260
145 304
145 403
145 468
145 631
145 837
145 875
146 268
146 366
146 556
146 599
146 795
146 806
146 873
146 919
146 997
147 248
147 272
147 350
147 362
147 373
147 536
147 544
147 654
147 691
147 758
147 875
147 931
147 970
148 321
148 387
148 425
148 445
148 520
148 530
148 657
148 777
148 871
149 207
149 427
149 497
149 518
149 660
149 936
150 196
150 399
150 407
150 428
150 439
150 452
150 771
150 838
150 886
151 179
151 342
151 497
151 575
151 700
151 804
151 834
152 200
152 283
152 307
152 467
152 508
152 777
153 499
153 731
153 830
153 917
153 924
154 163
154 173
154 218
154 409
154 517
154 553
154 561
154 568
154 582
154 763
154 963
155 198
155 299
155 374
155 424
155 459
155 500
155 664
155 949
155 970
156 357
156 362
156 366
156 460
156 534
156 538
156 601
156 655
156 723
156 726
156 752
156 774
156 807
156 857
156 893
157 231
157 270
157 495
157 588
157 704
157 875
157 957
158 160
158 164
158 242
158 294
158 309
158 463
158 603
158 652
158 808
158 837
158 839
159 261
159 303
159 537
159 738
159 783
159 805
159 816
159 894
160 181
160 414
160 630
160 728
160 744
160 793
160 863
160 982
161 167
161 479
161 522
161 624
161 640
161 744
161 896
162 163
162 232
162 286
162 423
162 456
162 682
162 775
162 828
163 191
163 276
163 511
163 605
163 818
164 212
164 370
164 384
164 569
164 581
164 593
165 210
165 264
165 490
165 554
165 630
165 695
165 732
165 748
165 868
165 958
166 349
166 357
166 427
166 512
166 525
166 576
166 663
166 748
166 779
166 804
166 891
166 917
166 965
166 972
167 274
167 295
167 438
167 440
167 575
167 846
168 363
168 704
168 814
168 834
168 875
168 876
168 952
168 973
169 268
169 523
169 531
169 661
169 769
169 809
169 852
169 894
170 265
170 601
170 692
170 835
170 964
171 190
171 337
171 735
171 750
172 341
172 680
172 946
172 958
172 967
172 976
173 227
173 304
173 567
173 648
173 704
173 776
173 821
173 904
173 910
174 234
174 238
174 399
174 430
174 522
174 769
174 926
174 999
175 631
175 678
175 802
176 242
176 391
176 405
176 450
176 599
176 647
176 893
176 900
176 983
177 375
177 437
177 510
177 523
177 665
177 681
177 800
177 830
177 963
178 197
178 201
178 218
178 223
178 258
178 348
178 615
178 629
178 687
178 718
178 730
179 297
179 389
179 447
179 528
179 683
179 732
179 738
179 802
179 822
179 914
179 947
179 981
180 261
180 408
180 428
180 772
180 773
180 819
181 196
181 240
181 273
181 701
181 788
181 881
181 955
182 242
182 271
182 325
182 569
182 574
182 681
182 799
183 280
183 366
183 461
183 493
183 611
183 648
183 705
183 876
183 923
183 980
184 382
184 571
184 648
184 723
184 921
184 962
185 210
185 246
185 323
185 372
185 634
185 673
185 813
185 840
185 934
185 951
186 361
186 363
186 473
186 484
186 493
186 605
186 628
186 874
186 961
187 193
187 276
187 367
187 423
187 510
187 546
187 738
187 790
187 800
187 847
187 926
188 329
188 348
188 428
188 432
188 433
188 761
189 228
189 418
190 423
190 557
190 566
190 569
190 811
190 869
191 339
191 404
191 440
191 443
191 458
191 542
191 667
191 843
191 966
192 235
192 493
192 512
192 537
192 763
192 804
193 478
193 482
193 529
193 578
193 847
194 208
194 339
194 344
194 374
194 838
194 881
194 907
194 925
195 333
195 549
195 653
195 654
195 711
195 749
195 878
195 891
195 902
196 224
196 268
196 360
196 426
196 490
196 629
196 635
196 670
196 704
196 919
196 996
197 202
197 433
197 476
197 482
197 537
197 552
197 639
197 658
197 715
197 783
197 878
197 904
197 915
198 214
198 252
198 415
198 614
198 900
199 462
199 513
199 560
199 570
199 750
199 831
199 889
199 943
200 384
200 391
200 485
200 526
200 607
200 655
200 681
200 797
200 909
200 959
201 258
201 267
201 300
201 307
201 388
201 527
201 593
201 639
201 663
201 742
201 997
202 227
202 236
202 319
202 437
202 488
202 938
203 328
203 462
203 481
203 659
203 872
203 923
204 265
204 318
204 468
204 539
204 573
204 683
204 762
204 870
204 879
204 898
204 947
205 232
205 290
205 324
205 357
205 380
205 397
205 584
205 969
206 291
206 357
206 515
206 608
206 815
206 954
207 211
207 298
207 456
207 559
207 577
207 579
207 634
207 718
207 762
207 904
208 314
208 320
208 348
208 364
208 377
208 516
208 862
208 922
209 284
209 291
209 340
209 644
209 933
209 967
210 234
210 382
210 585
210 712
210 748
210 922
211 213
211 248
211 355
211 538
211 806
211 807
211 830
211 886
211 966
211 983
211 994
212 272
212 335
212 476
212 549
212 634
212 654
212 693
212 759
212 848
212 892
212 916
213 249
213 320
213 364
213 461
213 489
213 504
213 621
213 725
213 733
214 233
214 295
214 473
214 489
214 588
214 634
214 664
214 743
214 824
214 860
214 980
215 225
215 252
215 568
215 586
215 624
215 691
215 869
215 985
216 296
216 371
216 661
216 845
217 617
217 700
217 723
217 786
218 296
218 328
218 460
218 468
218 475
218 530
218 554
218 701
218 732
219 257
219 289
219 316
219 595
219 644
219 769
219 862
220 273
220 418
220 535
220 593
220 664
220 770
220 911
220 995
221 432
221 514
221 712
221 734
221 776
221 929
221 982
222 349
222 773
223 394
223 593
223 594
223 697
223 939
223 979
224 230
224 293
224 422
224 447
224 482
224 568
224 671
224 824
224 830
224 886
224 983
225 285
225 375
225 437
225 590
225 682
225 857
226 241
226 289
226 376
226 387
226 675
226 760
226 774
226 922
226 978
227 421
227 486
227 528
227 583
227 613
227 635
227 643
227 872
227 876
228 432
228 697
228 961
228 967
229 274
229 306
229 362
229 367
229 494
229 517
229 532
229 600
229 652
229 668
229 741
229 810
229 934
230 320
230 415
230 425
230 427
230 480
230 488
230 593
230 596
230 723
230 866
230 960
230 970
231 235
231 311
231 392
231 442
231 471
231 495
231 784
231 881
231 961
232 239
232 335
232 347
232 448
232 474
232 601
232 657
232 758
232 884
232 938
233 378
233 549
233 586
233 904
233 951
234 262
234 525
234 608
234 727
234 730
234 929
235 443
235 487
235 755
235 799
235 802
235 909
236 307
236 330
236 338
236 366
236 396
236 447
236 569
236 639
236 728
236 885
237 292
237 358
237 421
237 498
237 626
237 753
237 934
238 268
238 292
238 298
238 459
238 779
238 795
239 437
239 470
239 471
239 480
239 540
239 570
239 716
239 826
239 837
239 999
240 580
240 922
241 267
241 394
241 406
241 544
241 546
241 773
241 834
241 865
241 890
241 904
241 928
241 930
241 935
242 345
242 360
242 395
242 426
242 469
242 516
242 654
242 684
242 744
242 870
243 309
243 342
243 369
243 382
243 537
243 626
243 698
243 951
243 990
244 283
244 353
244 847
244 960
245 288
245 593
245 637
245 883
245 884
245 935
246 391
246 409
246 416
246 654
246 741
246 882
247 313
247 314
247 377
247 447
247 523
247 615
247 628
247 683
247 717
247 845
247 914
247 983
248 484
248 567
248 692
248 719
248 821
249 365
249 414
249 423
249 493
249 512
249 765
249 909
249 979
250 270
250 447
250 508
250 539
250 709
250 895
250 910
250 923
251 298
251 360
251 374
251 487
251 736
251 768
251 970
252 443
252 500
252 599
252 600
252 632
252 693
253 305
253 355
253 380
253 519
253 666
253 676
253 856
253 921
253 942
254 314
254 454
254 601
254 793
254 879
254 988
255 434
255 459
255 464
255 502
255 545
255 597
255 619
255 632
255 820
256 510
256 565
256 566
256 576
256 618
256 787
256 990
257 466
257 467
257 510
257 629
257 635
257 645
257 801
258 294
258 377
258 385
258 533
258 560
258 570
258 624
258 912
259 461
259 631
259 967
260 459
260 545
260 816
260 839
260 856
260 925
261 693
261 740
261 905
262 321
262 335
262 446
262 491
262 564
262 596
262 679
262 847
262 895
262 956
263 283
263 491
263 544
263 654
263 681
263 682
263 769
263 785
263 937
263 998
264 422
264 438
264 441
264 488
264 982
265 299
265 301
265 382
265 412
265 586
265 632
265 675
265 690
265 731
265 808
266 306
266 510
266 569
266 633
266 639
266 773
266 788
266 863
266 867
266 951
267 464
268 277
268 336
268 388
268 429
268 430
268 472
268 603
268 618
268 667
268 677
268 822
268 833
268 836
268 890
269 442
269 454
269 535
269 661
269 730
269 764
269 807
269 809
269 849
269 866
269 879
270 467
270 986
271 607
271 620
271 675
271 815
271 854
271 864
271 933
272 299
272 633
272 880
272 906
272 950
273 323
273 433
273 438
273 596
273 842
273 867
273 996
274 552
274 635
274 661
274 728
274 836
274 951
275 317
275 370
275 463
275 676
275 684
275 719
275 941
276 371
276 431
276 535
276 583
276 733
276 860
277 314
277 404
277 416
277 581
277 714
277 754
277 798
277 842
277 878
277 926
277 975
277 992
278 479
278 538
278 561
278 607
279 309
279 565
279 625
279 728
279 811
279 893
279 949
279 961
279 967
280 319
280 358
280 362
280 475
280 523
280 524
280 535
280 555
280 656
280 766
280 976
280 994
281 582
281 586
281 611
281 819
282 317
282 534
282 747
283 417
283 418
283 487
283 494
283 630
283 671
283 676
283 712
283 764
283 810
284 410
284 488
284 583
284 654
284 659
284 685
284 799
285 487
285 495
285 496
285 542
285 728
286 403
286 418
286 529
286 624
286 745
287 570
287 612
287 686
287 689
287 705
287 752
287 775
287 831
287 892
288 361
288 396
288 401
288 539
288 758
288 839
288 904
288 907
289 401
289 643
289 708
289 815
289 909
290 376
290 640
290 698
290 718
290 959
291 307
291 349
291 449
291 475
291 548
291 669
291 710
291 898
291 912
291 977
292 400
292 689
293 364
293 615
293 746
293 821
294 374
294 402
294 413
294 483
294 548
294 570
294 916
294 947
294 955
295 460
296 330
296 390
296 563
296 668
296 681
296 684
296 729
297 401
297 428
297 603
297 621
297 648
297 866
297 976
298 324
298 466
298 585
298 765
298 793
298 817
298 864
299 572
299 683
299 715
299 716
299 755
299 788
299 857
299 959
300 348
300 363
300 402
300 410
300 455
300 474
300 675
300 697
300 708
300 719
300 738
300 801
300 877
300 930
301 601
301 767
302 344
302 563
302 792
302 820
302 925
303 511
303 556
303 695
303 778
303 875
304 328
304 358
304 386
304 476
304 484
304 589
304 594
304 602
304 710
304 826
304 901
305 362
305 414
305 748
305 882
306 348
306 584
306 641
306 764
306 849
306 997
307 481
307 496
307 670
307 690
307 853
307 878
307 910
307 995
308 389
308 396
308 416
308 419
308 528
308 539
308 554
308 745
308 822
309 417
309 600
309 719
309 856
309 876
309 972
310 354
310 381
310 433
310 450
310 799
310 946
310 968
310 976
311 392
311 502
311 594
311 744
311 798
311 851
311 859
311 940
311 954
311 996
312 528
313 334
313 341
313 393
313 558
313 714
313 717
313 822
313 832
313 882
314 354
314 411
314 469
314 525
314 538
314 608
314 691
314 799
315 459
315 738
315 754
315 766
315 798
315 978
316 646
316 777
316 779
316 937
317 332
317 353
317 404
317 548
317 577
317 668
317 737
317 745
317 901
317 961
318 403
318 406
318 453
318 515
318 598
318 684
318 821
318 829
318 925
319 366
319 423
319 706
319 842
319 897
320 376
320 456
320 463
320 586
320 678
320 727
320 959
321 368
321 653
321 779
321 847
321 885
321 930
321 995
322 363
322 421
322 431
322 534
322 594
322 621
322 743
322 776
322 801
322 823
322 852
322 981
323 605
323 677
323 824
323 886
324 363
324 394
324 396
324 433
324 642
324 669
324 814
324 882
324 940
325 389
325 400
325 452
325 481
325 521
325 567
325 711
325 757
325 762
325 838
325 967
325 991
326 616
326 829
326 903
327 378
327 440
327 560
327 569
327 604
327 636
327 640
327 656
327 812
327 857
327 992
328 456
328 544
328 674
328 773
328 790
328 942
328 961
329 412
329 596
329 747
329 849
329 920
330 620
330 835
330 842
330 907
330 914
330 973
331 399
331 402
331 411
331 556
331 629
331 746
331 902
332 436
332 514
332 617
332 648
332 669
332 677
332 691
332 696
332 864
332 874
332 954
333 359
333 414
333 465
333 630
333 666
333 694
333 769
333 770
333 905
333 932
334 355
334 515
334 560
334 679
334 717
334 752
334 762
334 797
334 884
334 927
335 339
335 349
335 507
335 521
335 604
335 726
335 763
335 820
335 861
335 915
335 945
336 386
336 551
336 638
336 775
336 807
336 960
337 361
337 373
337 596
337 626
337 630
337 687
337 818
337 907
338 557
338 595
338 923
339 419
339 443
339 551
339 559
339 568
339 744
339 839
339 899
339 987
340 546
340 657
340 784
340 851
341 416
341 457
341 754
341 771
341 791
341 797
341 801
341 841
341 912
342 473
342 711
342 858
342 872
342 945
342 951
343 549
343 717
343 744
344 462
344 550
344 786
344 852
344 934
345 550
345 565
345 674
345 794
345 888
346 412
346 485
346 656
346 733
346 926
347 450
347 467
347 652
347 735
347 889
347 940
347 992
348 353
348 404
348 498
348 526
348 609
349 361
349 416
349 498
349 499
349 773
350 386
350 389
350 403
350 427
350 483
350 490
350 500
350 514
350 604
350 608
350 675
350 684
350 729
350 768
350 790
350 817
350 909
350 926
351 555
351 665
351 708
351 758
351 774
351 819
351 890
352 385
352 404
352 469
352 493
352 519
352 696
352 851
352 916
352 979
352 994
353 457
353 526
353 527
353 574
353 638
353 654
353 787
353 926
353 954
354 484
354 963
354 976
355 418
355 423
355 500
355 627
355 883
356 429
356 535
356 586
356 737
356 857
356 858
356 898
357 463
357 530
357 546
357 747
357 885
357 906
357 968
358 558
358 678
358 697
358 819
358 925
358 947
358 985
359 381
359 445
359 514
359 537
359 681
359 982
360 433
360 497
360 504
360 514
360 604
360 610
360 778
360 826
360 865
360 909
360 949
360 985
361 420
361 432
361 434
361 498
361 565
361 739
361 820
361 871
361 884
361 948
362 383
362 422
362 479
362 486
362 676
362 775
362 952
363 423
363 444
363 540
363 588
363 608
363 731
363 758
363 790
363 936
363 968
364 615
364 808
364 996
365 392
365 452
365 473
365 644
365 652
365 677
365 726
366 406
366 511
366 572
366 814
366 886
367 806
367 826
367 847
367 923
368 427
368 455
368 508
368 762
368 862
368 935
368 967
369 395
369 562
369 709
369 721
369 836
369 874
369 876
370 401
370 419
370 445
370 458
370 460
370 466
370 485
370 524
370 568
370 621
370 707
370 736
370 796
370 954
370 991
371 491
371 659
371 701
371 710
371 973
372 409
372 431
372 493
372 582
372 599
372 601
372 775
372 924
372 930
372 991
373 378
373 768
373 839
373 867
373 869
374 427
374 552
374 593
374 906
374 965
375 503
375 597
375 611
375 655
375 774
375 800
375 894
375 896
375 944
376 438
376 462
376 732
376 842
376 851
376 984
377 408
377 450
377 500
377 721
377 755
378 380
378 384
378 493
378 534
379 497
379 678
379 681
379 855
379 880
379 910
379 989
380 386
380 418
380 600
380 638
380 639
380 713
381 402
381 410
381 528
381 856
381 934
381 955
382 610
382 716
382 756
382 823
382 845
382 862
383 401
383 649
383 697
384 424
384 571
384 639
384 663
384 886
384 907
384 944
385 801
385 831
385 923
385 936
386 559
386 717
386 848
386 967
387 424
387 566
387 632
387 872
387 954
388 527
388 565
388 635
388 725
388 948
389 424
389 458
389 583
389 754
389 850
389 991
390 662
390 723
390 895
390 967
391 395
391 701
391 900
391 959
391 989
391 995
392 418
392 509
392 741
392 784
392 832
392 840
392 892
392 939
393 604
393 814
393 871
394 588
394 731
394 820
394 883
394 987
395 487
395 518
395 593
395 702
395 765
395 916
395 923
395 933
395 959
396 438
396 559
396 590
396 697
396 724
396 899
396 941
396 965
397 665
397 691
397 706
397 783
398 901
399 566
399 594
399 782
400 426
400 510
400 772
400 794
400 878
400 986
401 449
401 461
401 476
401 578
401 754
401 846
401 936
402 474
402 576
402 630
402 706
403 436
403 612
403 840
403 891
404 557
404 687
404 771
405 414
405 473
405 554
405 776
405 878
405 901
405 903
405 934
406 671
406 674
406 701
406 706
406 718
406 731
406 769
406 877
406 902
406 976
406 982
407 676
407 963
407 964
408 658
408 666
408 829
408 881
409 525
409 613
409 713
409 761
409 874
409 911
410 414
411 510
411 569
411 632
411 710
411 830
412 436
412 538
412 579
413 580
413 789
413 867
413 900
413 906
413 946
414 443
414 557
414 679
414 821
414 925
414 947
415 493
415 623
415 668
415 704
415 799
415 907
415 971
416 424
416 531
416 608
416 824
416 848
416 885
417 460
417 570
417 729
417 956
418 487
418 490
418 528
418 949
419 462
419 591
419 623
419 735
419 771
419 809
419 838
419 942
420 527
420 544
420 576
420 671
420 736
420 853
420 934
420 935
421 476
421 667
421 883
421 912
422 460
422 471
422 821
422 948
422 997
423 486
423 778
424 576
424 604
424 614
424 710
424 803
424 844
424 870
424 910
424 996
425 604
425 750
425 752
425 896
426 694
426 726
426 759
426 937
427 507
427 615
427 631
427 684
427 780
427 788
427 795
427 960
427 977
428 443
428 568
428 630
428 702
428 715
428 723
428 733
428 793
429 496
429 542
429 550
429 608
430 471
430 759
430 783
430 933
430 994
431 598
431 633
431 710
432 497
432 580
432 831
432 944
432 995
433 706
433 881
434 652
434 733
434 792
434 888
435 493
435 576
435 671
435 752
435 907
435 991
436 936
437 569
437 651
437 670
437 737
437 808
438 445
438 548
438 606
438 608
438 681
438 716
438 939
438 942
438 963
439 540
439 585
439 616
439 675
439 679
439 744
439 777
439 831
439 835
439 970
440 509
440 547
440 576
440 588
440 596
440 792
440 823
441 449
441 450
441 545
441 592
441 606
442 468
442 521
442 786
443 474
443 489
443 501
443 504
443 560
443 664
443 689
443 695
443 725
443 761
443 792
443 870
444 481
444 565
444 612
444 617
444 661
444 665
445 488
445 493
445 572
445 579
445 590
445 610
445 650
445 674
445 749
445 769
445 809
445 940
445 963
446 655
446 898
447 454
447 495
447 510
447 530
447 558
447 565
447 729
447 731
447 785
447 826
447 981
448 698
448 911
448 954
449 512
449 547
449 578
449 830
450 455
450 456
450 826
450 897
451 494
451 584
451 648
451 830
451 926
452 501
452 587
452 709
452 745
453 475
453 517
453 747
453 764
453 828
453 925
453 928
453 949
454 795
454 801
454 814
455 600
455 652
455 671
455 701
455 704
455 712
455 819
455 842
455 878
455 976
455 981
456 558
456 681
456 887
457 836
458 502
458 576
458 699
458 778
458 915
459 463
459 509
459 560
459 616
459 692
459 865
459 959
459 968
460 498
460 555
460 611
460 618
460 811
460 817
460 937
461 511
461 566
461 607
461 608
461 720
461 728
461 729
461 774
461 847
461 915
461 978
462 566
462 588
462 682
462 748
462 995
463 593
463 640
463 842
463 872
463 969
464 471
464 657
464 665
464 984
465 494
465 537
465 564
465 565
465 764
466 573
466 589
466 750
466 797
466 855
466 994
467 585
467 587
467 659
467 671
467 687
467 804
467 885
467 950
467 956
468 596
468 757
468 770
468 901
468 927
468 929
469 795
470 760
470 802
471 601
471 692
471 712
471 771
471 818
471 861
471 888
471 908
472 480
472 718
472 847
472 856
472 890
472 911
472 955
473 616
473 650
473 699
473 824
473 857
474 496
474 498
474 566
474 571
474 624
474 855
474 959
475 495
475 709
475 944
476 510
476 528
476 554
476 577
476 668
476 766
476 772
476 793
476 928
476 973
477 522
477 581
477 583
477 611
477 756
477 770
477 783
477 928
477 929
477 937
477 942
477 964
477 979
477 981
478 577
478 729
478 846
478 951
479 507
479 626
479 728
479 776
479 834
479 906
480 562
480 594
480 643
480 713
480 826
480 831
480 990
481 755
481 800
481 826
481 873
481 947
482 562
482 567
482 593
482 800
482 955
483 579
483 779
483 802
483 957
484 513
484 763
484 795
484 817
484 970
485 569
485 615
485 666
485 685
485 953
486 530
486 589
486 662
486 756
486 774
487 531
487 644
487 665
487 670
487 694
487 719
487 739
487 834
487 861
487 971
488 615
488 678
488 758
488 805
489 563
489 569
489 709
489 742
489 814
489 816
489 960
490 764
490 886
491 773
491 777
491 802
491 803
491 901
492 498
492 571
492 865
493 512
493 628
493 748
493 828
494 753
494 831
495 613
495 802
495 905
495 907
496 563
496 629
496 800
496 889
496 924
496 961
497 552
497 619
497 730
497 773
497 912
497 921
498 589
498 675
498 970
499 516
499 517
499 532
499 562
499 654
499 658
499 827
499 844
499 861
500 543
500 713
500 851
501 505
501 538
501 698
501 788
501 838
501 867
501 878
501 930
501 934
501 995
502 510
502 647
502 680
502 693
502 737
502 964
503 531
503 551
503 599
503 656
503 662
503 673
503 878
503 900
504 730
504 773
504 912
505 534
505 580
505 620
505 625
505 674
505 882
506 569
506 770
506 850
506 949
507 605
507 700
508 548
508 841
508 880
508 920
508 935
508 994
509 704
509 780
509 792
509 794
510 576
510 669
510 835
511 624
511 766
511 914
512 542
512 759
512 888
512 948
513 518
513 560
513 639
513 918
513 986
514 632
514 711
514 730
514 746
514 768
514 862
514 905
514 911
515 633
515 788
515 868
515 930
516 574
516 763
516 781
516 920
516 980
517 527
517 628
517 656
517 690
517 837
517 891
518 556
518 585
518 651
518 681
518 696
518 716
518 725
518 762
518 943
519 575
519 577
519 607
519 666
519 705
519 742
519 763
519 821
520 540
520 736
520 862
520 977
520 981
521 564
521 598
521 603
521 824
522 593
522 691
522 698
522 886
522 925
523 716
523 718
523 924
523 965
524 542
524 632
524 712
524 872
525 534
525 583
525 826
526 531
526 686
526 714
526 727
526 790
526 918
527 618
527 666
527 708
527 777
527 841
527 994
528 668
528 962
529 552
529 730
529 798
529 829
529 929
530 567
530 887
530 923
531 614
532 602
532 643
532 662
533 686
533 792
533 936
534 669
534 693
534 753
534 871
534 971
534 990
535 954
536 575
536 821
536 832
536 951
537 611
537 747
537 768
537 995
538 589
538 731
538 853
538 873
539 620
539 722
539 759
539 764
539 809
539 813
539 914
539 990
540 579
540 757
540 815
541 569
541 649
541 766
541 865
541 880
541 897
541 907
541 966
542 592
542 595
542 647
542 663
542 856
542 885
542 892
542 901
543 645
543 761
543 788
543 967
544 869
544 971
545 595
545 649
545 712
545 734
545 913
545 932
545 941
546 581
546 700
546 717
547 728
547 750
547 758
547 894
547 958
547 996
547 997
548 624
548 884
548 890
549 660
549 775
549 790
549 960
550 609
550 758
550 867
550 914
550 964
550 986
551 584
551 688
551 734
551 751
551 838
551 997
552 648
552 653
552 683
553 592
553 760
553 804
553 828
553 865
553 869
553 947
553 993
554 566
554 643
554 743
554 790
554 842
554 933
554 960
555 557
555 575
555 608
555 773
555 984
555 991
556 606
556 830
556 952
557 566
557 628
557 750
558 737
558 927
559 575
559 642
559 673
559 992
560 678
560 696
560 702
560 733
561 660
561 740
561 774
561 932
562 587
562 612
562 658
562 691
562 723
562 825
562 942
563 569
563 660
563 694
563 880
564 664
564 772
564 804
565 647
566 789
566 822
566 835
566 854
567 606
567 727
567 820
567 945
568 588
568 987
569 595
569 617
569 666
569 753
569 855
570 609
570 647
570 688
570 794
570 854
570 943
570 949
571 682
571 683
571 853
572 846
572 848
572 894
573 658
573 679
573 709
573 729
573 876
573 894
573 914
573 926
573 954
574 700
574 772
574 888
574 995
575 760
575 777
576 686
576 690
576 870
576 916
576 941
576 975
577 921
577 939
577 944
578 670
578 726
578 844
578 852
578 871
579 606
579 856
580 734
581 677
581 684
581 779
581 790
581 800
581 935
582 664
582 674
582 774
582 834
582 935
583 635
583 877
583 885
583 889
583 924
583 942
584 664
584 677
584 808
585 634
585 652
585 727
585 742
586 588
586 637
586 774
587 613
587 696
587 798
587 806
587 825
587 844
587 919
587 927
587 933
587 943
587 986
588 616
588 986
589 605
589 607
589 694
589 726
589 793
589 891
589 902
590 713
590 743
590 826
590 939
591 705
591 786
591 840
592 687
592 820
592 845
592 940
592 958
592 959
593 645
593 768
594 671
594 689
594 888
594 979
595 699
595 758
595 809
595 871
595 883
595 897
595 905
596 917
596 999
597 620
597 687
597 693
597 935
598 615
598 763
598 802
598 985
599 746
599 839
599 873
599 926
600 626
600 631
600 700
600 929
601 823
602 607
602 756
602 784
602 851
603 707
603 842
603 968
604 676
604 706
604 737
604 843
604 877
604 894
604 903
605 751
605 896
605 902
606 836
606 844
606 998
607 677
607 889
608 916
609 648
609 776
609 863
609 917
609 958
610 698
610 731
610 813
610 939
611 905
612 656
612 696
612 740
612 793
612 950
612 997
613 681
613 819
613 896
613 922
614 672
614 693
614 708
614 711
614 872
614 919
615 646
615 756
615 778
615 782
616 630
616 789
616 866
616 935
617 685
617 839
617 988
618 765
618 775
618 943
618 947
619 703
619 766
619 839
619 985
620 709
620 715
620 952
621 631
621 648
621 649
621 757
621 797
622 999
623 664
623 891
623 962
624 638
624 892
624 939
625 677
625 805
625 837
626 759
626 784
626 787
627 771
627 827
627 912
627 948
628 661
628 715
628 742
628 866
628 869
629 664
629 671
629 691
629 716
629 944
630 969
630 989
631 687
631 727
631 737
631 817
632 639
632 650
632 652
633 705
633 725
633 801
633 850
633 874
633 912
633 941
633 991
634 666
634 743
635 702
635 783
635 806
635 868
635 900
635 907
635 936
636 719
636 749
636 821
636 950
636 975
636 999
637 652
637 919
637 988
638 744
638 853
638 882
638 908
638 923
640 660
640 694
640 903
640 915
641 646
641 657
641 695
641 707
641 751
641 915
641 946
642 766
642 800
643 848
643 875
644 802
644 928
644 951
645 667
645 696
645 715
646 714
646 816
646 888
647 692
647 819
647 907
647 947
648 787
648 836
648 844
648 870
648 930
648 951
648 954
648 963
649 737
649 917
650 690
650 701
650 826
650 882
650 988
651 823
651 936
652 724
652 886
652 964
653 791
654 897
655 714
655 981
656 671
656 880
656 915
656 921
656 933
657 741
657 874
657 947
658 786
659 664
659 667
659 673
659 704
659 864
660 684
660 878
661 807
661 832
661 855
661 880
661 962
661 967
662 721
662 822
662 897
662 952
662 960
662 975
663 913
664 722
664 817
664 822
664 825
665 818
665 924
665 959
665 977
666 819
666 957
666 972
667 702
667 724
667 727
667 899
667 924
667 977
667 989
668 735
668 779
668 797
668 920
669 673
669 786
669 833
669 899
669 941
669 948
670 766
670 814
670 834
670 958
670 980
671 694
671 703
671 856
671 878
672 690
672 719
673 719
673 906
674 961
675 840
675 885
675 892
676 918
677 871
678 735
678 825
678 949
679 738
679 782
679 836
679 851
679 897
679 915
679 925
680 746
680 971
681 762
681 815
681 920
682 734
682 841
682 878
682 884
682 937
682 955
682 969
683 833
684 814
684 938
685 855
686 718
686 737
686 824
686 929
687 706
687 783
687 827
687 899
687 908
688 691
688 773
688 901
688 939
688 982
688 988
689 743
689 892
689 948
690 754
690 898
690 972
692 766
692 824
692 837
692 902
692 936
692 978
693 737
693 783
694 715
694 917
694 940
694 945
695 818
695 861
695 907
696 782
696 828
696 954
696 958
696 965
697 736
697 892
697 903
697 972
697 976
698 763
698 806
698 808
698 817
698 827
698 877
698 996
699 748
699 959
699 976
700 703
700 807
700 834
701 748
701 931
702 810
702 884
703 896
704 764
704 803
705 727
705 865
705 894
705 909
705 999
706 920
706 988
707 827
708 776
708 833
708 986
709 736
709 820
709 845
710 842
710 925
710 960
711 726
712 782
712 931
713 869
713 874
714 791
714 920
714 992
715 723
715 774
715 949
716 802
716 851
716 944
717 810
718 735
718 899
718 960
719 750
719 753
719 762
719 914
719 965
719 993
719 997
720 871
721 733
721 888
722 742
722 747
722 847
723 751
723 787
723 874
723 942
724 763
725 970
726 739
726 949
726 955
727 786
727 811
727 858
727 915
727 928
728 889
728 982
729 847
729 903
729 907
729 909
729 964
730 741
730 913
732 737
732 801
732 855
734 813
734 848
734 869
735 759
735 971
736 739
736 763
737 900
738 750
738 853
740 792
740 885
741 745
741 775
741 795
741 799
741 871
741 886
741 904
741 906
743 819
743 836
743 865
743 990
744 788
744 891
745 797
746 783
746 826
746 893
747 837
747 853
747 994
748 838
748 896
748 958
749 772
749 828
749 987
750 758
750 771
750 854
750 907
750 928
750 939
751 843
751 911
751 965
752 897
753 785
753 876
753 943
753 997
754 824
754 856
754 875
754 930
755 959
755 990
756 811
757 847
757 924
758 996
759 770
759 777
759 794
759 950
760 915
761 821
762 806
762 814
762 818
763 796
763 886
763 969
763 995
764 883
764 940
765 786
765 840
766 768
767 969
768 912
768 947
769 784
769 853
770 891
770 928
770 942
770 959
771 847
773 904
775 862
775 890
775 896
775 957
775 976
776 810
776 999
777 846
777 980
778 814
778 860
778 907
778 915
778 994
779 861
779 902
779 913
780 899
780 970
781 798
781 852
781 943
782 845
782 959
783 845
784 999
785 900
785 943
785 985
786 891
788 840
788 918
788 940
788 958
789 822
789 943
790 821
790 948
790 952
791 988
792 946
792 953
793 974
794 829
794 851
794 983
795 810
795 919
795 978
796 954
797 801
797 883
798 838
798 941
798 971
799 828
799 864
799 936
801 865
802 875
802 919
802 990
803 944
804 962
804 987
805 826
806 809
806 869
806 987
807 893
807 956
808 813
808 918
808 964
809 840
810 851
810 915
810 973
811 936
812 906
813 916
813 977
814 854
814 917
814 940
814 997
815 842
815 873
815 886
815 890
815 976
816 843
816 853
816 893
816 972
816 999
817 941
817 999
818 838
818 842
819 882
820 953
820 957
820 958
821 863
821 924
822 907
823 853
823 858
824 949
825 832
825 879
825 919
825 957
827 857
828 887
828 899
829 841
829 904
829 913
830 943
831 868
832 852
832 904
832 966
832 995
833 870
833 951
834 841
835 898
836 930
836 973
838 842
838 918
839 988
840 873
841 877
841 915
841 949
842 904
843 968
845 965
846 888
846 950
847 928
847 948
847 953
847 969
848 877
848 959
848 966
848 979
849 853
849 881
849 981
850 951
853 904
853 929
855 951
855 960
856 885
856 893
856 897
860 991
862 872
862 916
862 929
862 994
864 914
865 922
866 879
866 895
868 916
868 922
869 876
869 980
870 984
872 949
873 913
873 921
873 982
874 888
874 903
874 976
875 906
875 916
875 962
876 919
877 901
877 903
877 945
877 955
878 884
880 911
880 946
880 951
880 966
881 957
881 970
882 942
882 982
883 893
883 912
883 964
884 947
884 971
884 993
885 921
885 953
887 929
887 949
887 982
889 917
889 972
891 914
893 964
894 905
894 931
894 952
896 943
897 987
899 917
900 913
900 944
903 985
904 955
905 966
905 986
906 923
906 982
907 943
907 957
907 978
907 989
908 993
909 921
909 924
909 928
909 960
910 949
911 922
912 916
913 950
913 958
916 917
917 989
918 924
920 944
920 953
920 955
922 948
925 968
927 969
927 977
932 942
932 950
940 962
940 983
941 955
944 951
944 963
946 963
948 959
948 997
956 976
959 981
960 970
963 965
963 973
963 980
968 992
968 996
971 973
972 980
973 998
979 982
987 996
