0 1
0 2
0 9
0 13
0 43
0 56
0 60
0 61
0 67
0 70
0 98
0 108
0 112
0 131
0 134
0 139
0 149
0 153
0 154
0 164
0 176
0 188
0 195
0 199
0 202
0 206
0 207
0 220
0 244
0 254
0 256
0 265
0 268
0 276
0 278
0 287
0 313
0 315
0 334
0 369
0 371
0 376
0 391
0 395
0 399
0 400
0 404
0 405
0 431
0 437
0 457
0 498
1 2
1 30
1 33
1 47
1 54
1 82
1 92
1 104
1 112
1 117
1 119
1 120
1 122
1 127
1 137
1 171
1 203
1 206
1 214
1 220
1 222
1 226
1 232
1 265
1 296
1 299
1 303
1 317
1 319
1 321
1 334
1 338
1 347
1 364
1 368
1 369
1 403
1 456
1 459
1 465
1 478
1 488
1 489
1 492
2 7
2 27
2 28
2 31
2 32
2 55
2 59
2 61
2 73
2 83
2 86
2 92
2 109
2 112
2 118
2 123
2 129
2 145
2 148
2 155
2 167
2 171
2 182
2 185
2 192
2 200
2 201
2 207
2 221
2 245
2 258
2 262
2 271
2 301
2 328
2 344
2 349
2 355
2 356
2 365
2 372
2 386
2 390
2 392
2 394
2 415
2 418
2 422
2 431
2 442
2 454
2 459
2 471
2 478
2 479
2 480
2 497
3 13
3 49
3 56
3 85
3 86
3 87
3 90
3 91
3 97
3 98
3 101
3 108
3 141
3 144
3 168
3 174
3 184
3 216
3 218
3 226
3 247
3 262
3 266
3 268
3 291
3 318
3 321
3 323
3 342
3 361
3 363
3 373
3 378
3 402
3 415
3 428
3 443
3 447
4 9
4 11
4 18
4 22
4 30
4 38
4 61
4 64
4 65
4 95
4 98
4 132
4 137
4 138
4 145
4 150
4 159
4 165
4 170
4 176
4 188
4 194
4 197
4 204
4 207
4 220
4 222
4 223
4 224
4 225
4 233
4 236
4 240
4 255
4 258
4 274
4 282
4 305
4 312
4 319
4 341
4 347
4 361
4 367
4 370
4 373
4 382
4 383
4 415
4 416
4 428
4 433
4 443
4 463
4 480
4 482
4 483
5 9
5 15
5 22
5 46
5 63
5 69
5 78
5 81
5 110
5 123
5 133
5 135
5 145
5 162
5 164
5 177
5 181
5 192
5 194
5 206
5 215
5 221
5 227
5 247
5 249
5 277
5 283
5 338
5 340
5 349
5 356
5 358
5 362
5 369
5 380
5 400
5 403
5 420
5 428
5 436
5 469
5 471
5 489
5 498
6 24
6 32
6 40
6 51
6 56
6 71
6 72
6 81
6 85
6 88
6 98
6 114
6 124
6 125
6 127
6 143
6 147
6 162
6 163
6 171
6 172
6 185
6 198
6 216
6 230
6 238
6 254
6 283
6 288
6 300
6 302
6 304
6 318
6 331
6 333
6 342
6 343
6 347
6 365
6 403
6 413
6 433
6 439
6 486
6 493
7 11
7 36
7 61
7 62
7 66
7 75
7 81
7 90
7 94
7 105
7 109
7 112
7 124
7 140
7 145
7 161
7 208
7 219
7 220
7 232
7 269
7 274
7 276
7 282
7 299
7 300
7 301
7 303
7 315
7 327
7 345
7 366
7 370
7 391
7 411
7 416
7 439
7 441
7 453
7 454
7 456
7 463
7 467
7 469
7 485
8 12
8 15
8 21
8 22
8 29
8 30
8 32
8 39
8 65
8 81
8 90
8 100
8 105
8 119
8 132
8 141
8 143
8 167
8 190
8 207
8 231
8 234
8 247
8 249
8 259
8 263
8 278
8 287
8 288
8 296
8 306
8 307
8 312
8 316
8 318
8 332
8 340
8 341
8 342
8 343
8 369
8 382
8 383
8 405
8 418
8 427
8 450
8 461
8 464
8 465
8 469
8 475
8 481
8 487
8 492
8 493
8 494
8 498
9 10
9 30
9 33
9 51
9 56
9 70
9 72
9 85
9 88
9 118
9 131
9 133
9 150
9 160
9 167
9 169
9 170
9 184
9 189
9 203
9 204
9 209
9 212
9 220
9 228
9 231
9 232
9 240
9 248
9 262
9 265
9 284
9 292
9 304
9 320
9 324
9 335
9 336
9 355
9 358
9 373
9 378
9 381
9 396
9 398
9 400
9 403
9 426
9 436
9 440
9 445
9 472
9 480
9 481
9 499
10 17
10 24
10 38
10 47
10 59
10 63
10 64
10 66
10 84
10 87
10 102
10 106
10 110
10 116
10 124
10 127
10 130
10 132
10 133
10 147
10 164
10 173
10 179
10 183
10 187
10 193
10 216
10 217
10 218
10 226
10 232
10 233
10 245
10 249
10 268
10 279
10 280
10 288
10 296
10 310
10 318
10 320
10 321
10 336
10 339
10 360
10 365
10 377
10 383
10 384
10 385
10 397
10 413
10 414
10 415
10 416
10 429
10 436
10 440
10 483
11 34
11 35
11 44
11 53
11 108
11 117
11 122
11 140
11 142
11 149
11 153
11 158
11 186
11 199
11 211
11 213
11 228
11 229
11 258
11 268
11 286
11 301
11 320
11 322
11 334
11 342
11 345
11 347
11 351
11 384
11 396
11 412
11 415
11 418
11 430
11 440
11 451
11 456
11 459
11 463
11 465
11 469
11 474
11 481
11 482
11 484
11 493
12 14
12 20
12 25
12 36
12 43
12 44
12 51
12 76
12 89
12 92
12 100
12 110
12 115
12 127
12 139
12 147
12 155
12 156
12 160
12 173
12 187
12 189
12 192
12 195
12 198
12 205
12 206
12 207
12 208
12 223
12 232
12 249
12 250
12 251
12 261
12 269
12 283
12 285
12 293
12 299
12 307
12 326
12 334
12 337
12 350
12 351
12 357
12 364
12 373
12 376
12 403
12 404
12 409
12 419
12 422
12 425
12 438
12 469
12 473
12 483
12 488
12 493
12 494
12 497
13 18
13 21
13 31
13 43
13 52
13 66
13 75
13 112
13 120
13 130
13 133
13 139
13 147
13 152
13 161
13 170
13 171
13 172
13 185
13 196
13 204
13 207
13 212
13 217
13 223
13 237
13 244
13 245
13 246
13 251
13 266
13 300
13 302
13 303
13 307
13 308
13 318
13 321
13 336
13 359
13 360
13 368
13 376
13 386
13 406
13 419
13 424
13 431
13 434
13 450
13 457
13 472
13 483
13 486
13 493
13 498
13 499
14 23
14 50
14 61
14 71
14 140
14 154
14 164
14 169
14 181
14 183
14 187
14 202
14 208
14 218
14 235
14 241
14 259
14 273
14 274
14 280
14 286
14 290
14 301
14 317
14 318
14 323
14 341
14 351
14 354
14 355
14 356
14 370
14 380
14 425
14 426
14 443
14 451
14 459
14 461
14 474
14 488
14 495
15 31
15 43
15 48
15 53
15 56
15 61
15 66
15 68
15 69
15 71
15 75
15 81
15 86
15 89
15 92
15 94
15 105
15 114
15 116
15 119
15 123
15 128
15 151
15 152
15 179
15 182
15 183
15 186
15 193
15 206
15 208
15 224
15 225
15 227
15 235
15 236
15 241
15 247
15 269
15 283
15 291
15 297
15 298
15 314
15 316
15 331
15 332
15 360
15 369
15 382
15 388
15 398
15 412
15 413
15 435
15 464
15 468
15 474
16 20
16 37
16 43
16 48
16 52
16 57
16 70
16 101
16 107
16 114
16 115
16 120
16 137
16 147
16 156
16 172
16 195
16 204
16 211
16 249
16 257
16 264
16 268
16 277
16 295
16 310
16 373
16 374
16 383
16 388
16 394
16 396
16 409
16 412
16 432
16 437
16 465
17 26
17 41
17 49
17 96
17 106
17 112
17 125
17 152
17 163
17 165
17 180
17 183
17 184
17 204
17 206
17 216
17 264
17 274
17 279
17 281
17 292
17 301
17 342
17 352
17 354
17 371
17 393
17 407
17 410
17 412
17 416
17 433
17 451
18 21
18 33
18 41
18 42
18 44
18 46
18 48
18 70
18 81
18 96
18 121
18 122
18 125
18 136
18 140
18 177
18 180
18 201
18 203
18 209
18 218
18 222
18 264
18 267
18 269
18 276
18 282
18 292
18 312
18 314
18 318
18 324
18 340
18 356
18 361
18 363
18 369
18 374
18 381
18 383
18 407
18 430
18 437
18 441
18 443
18 452
18 465
18 471
18 485
19 20
19 25
19 41
19 65
19 82
19 87
19 88
19 93
19 102
19 109
19 112
19 125
19 143
19 166
19 168
19 176
19 177
19 180
19 181
19 182
19 186
19 197
19 201
19 205
19 211
19 235
19 240
19 263
19 272
19 283
19 285
19 288
19 309
19 311
19 340
19 368
19 371
19 381
19 410
19 411
19 450
19 468
19 470
19 473
20 25
20 30
20 32
20 48
20 54
20 61
20 66
20 72
20 91
20 96
20 100
20 116
20 118
20 129
20 141
20 147
20 151
20 152
20 171
20 177
20 198
20 207
20 218
20 226
20 234
20 271
20 282
20 283
20 285
20 287
20 305
20 314
20 316
20 334
20 336
20 342
20 348
20 352
20 356
20 358
20 364
20 384
20 385
20 396
20 407
20 409
20 411
20 436
20 451
20 455
20 467
20 478
21 34
21 37
21 60
21 67
21 76
21 101
21 110
21 142
21 163
21 171
21 177
21 179
21 203
21 211
21 230
21 234
21 265
21 268
21 271
21 272
21 276
21 278
21 289
21 316
21 323
21 330
21 340
21 343
21 352
21 356
21 357
21 370
21 394
21 407
21 421
21 423
21 458
21 459
21 466
21 477
21 496
22 27
22 46
22 54
22 56
22 57
22 58
22 65
22 75
22 77
22 81
22 85
22 87
22 88
22 110
22 117
22 118
22 122
22 125
22 144
22 147
22 163
22 170
22 171
22 173
22 174
22 178
22 187
22 192
22 194
22 195
22 196
22 199
22 204
22 232
22 245
22 253
22 277
22 298
22 308
22 325
22 336
22 338
22 365
22 382
22 393
22 396
22 400
22 411
22 420
22 427
22 428
22 441
22 459
22 463
22 479
22 484
22 498
23 24
23 31
23 56
23 60
23 70
23 87
23 88
23 92
23 105
23 121
23 128
23 132
23 135
23 180
23 181
23 184
23 186
23 202
23 204
23 205
23 212
23 214
23 222
23 231
23 245
23 251
23 255
23 258
23 264
23 266
23 268
23 282
23 298
23 312
23 336
23 340
23 355
23 363
23 371
23 385
23 400
23 401
23 407
23 437
23 438
23 456
23 475
23 477
23 494
23 499
24 32
24 35
24 36
24 41
24 56
24 63
24 89
24 134
24 150
24 153
24 160
24 168
24 178
24 184
24 185
24 189
24 212
24 214
24 223
24 236
24 239
24 242
24 248
24 279
24 280
24 285
24 305
24 311
24 320
24 328
24 334
24 343
24 362
24 377
24 393
24 397
24 411
24 424
24 433
24 442
24 463
25 31
25 34
25 49
25 70
25 72
25 99
25 108
25 137
25 139
25 146
25 169
25 191
25 195
25 217
25 231
25 249
25 277
25 287
25 316
25 319
25 322
25 323
25 339
25 342
25 365
25 385
25 387
25 393
25 398
25 404
25 409
25 412
25 419
25 423
25 435
25 440
25 488
26 28
26 43
26 53
26 69
26 72
26 74
26 89
26 94
26 99
26 105
26 115
26 130
26 132
26 141
26 145
26 150
26 165
26 171
26 177
26 178
26 183
26 198
26 234
26 242
26 243
26 244
26 246
26 263
26 285
26 290
26 327
26 381
26 389
26 393
26 397
26 426
26 433
26 435
26 453
26 492
26 496
27 34
27 55
27 68
27 80
27 105
27 106
27 107
27 114
27 115
27 122
27 129
27 139
27 149
27 157
27 165
27 177
27 190
27 194
27 202
27 213
27 228
27 230
27 231
27 242
27 248
27 254
27 271
27 272
27 279
27 281
27 288
27 289
27 317
27 319
27 325
27 343
27 352
27 353
27 365
27 374
27 379
27 391
27 426
27 439
27 491
27 495
28 40
28 41
28 44
28 51
28 52
28 55
28 58
28 66
28 74
28 77
28 79
28 99
28 102
28 114
28 116
28 126
28 156
28 161
28 189
28 196
28 207
28 209
28 214
28 218
28 224
28 231
28 236
28 241
28 245
28 249
28 253
28 277
28 288
28 294
28 306
28 307
28 309
28 323
28 324
28 325
28 329
28 347
28 357
28 386
28 396
28 398
28 402
28 406
28 410
28 412
28 413
28 431
28 461
28 462
28 464
28 473
28 480
28 489
28 490
28 492
28 495
29 34
29 44
29 87
29 95
29 96
29 106
29 110
29 124
29 130
29 145
29 148
29 149
29 152
29 153
29 155
29 173
29 204
29 205
29 215
29 221
29 225
29 231
29 242
29 250
29 269
29 300
29 308
29 341
29 345
29 351
29 352
29 353
29 358
29 364
29 379
29 391
29 402
29 431
29 442
29 448
29 449
29 467
29 474
29 475
29 478
29 486
29 499
30 47
30 55
30 80
30 86
30 87
30 97
30 103
30 108
30 121
30 126
30 132
30 151
30 153
30 156
30 157
30 159
30 165
30 168
30 179
30 180
30 188
30 189
30 208
30 212
30 214
30 220
30 234
30 236
30 245
30 251
30 255
30 259
30 272
30 276
30 289
30 294
30 301
30 304
30 307
30 313
30 316
30 318
30 324
30 331
30 372
30 380
30 406
30 437
30 438
30 439
30 443
30 453
30 466
30 473
30 477
31 35
31 48
31 93
31 103
31 109
31 113
31 122
31 124
31 144
31 149
31 155
31 160
31 164
31 169
31 179
31 186
31 191
31 192
31 197
31 204
31 211
31 225
31 226
31 247
31 266
31 267
31 268
31 299
31 308
31 315
31 336
31 348
31 349
31 366
31 400
31 401
31 411
31 413
31 415
31 423
31 429
31 439
31 448
31 452
31 457
31 463
31 465
31 470
31 483
31 487
31 498
31 499
32 38
32 42
32 48
32 57
32 74
32 92
32 110
32 113
32 130
32 145
32 155
32 172
32 173
32 181
32 188
32 192
32 193
32 194
32 195
32 218
32 224
32 237
32 241
32 248
32 249
32 250
32 256
32 257
32 262
32 267
32 278
32 279
32 287
32 292
32 293
32 306
32 315
32 316
32 335
32 337
32 345
32 355
32 389
32 398
32 415
32 425
32 482
32 484
32 485
33 54
33 58
33 62
33 67
33 83
33 99
33 101
33 106
33 123
33 160
33 170
33 171
33 181
33 211
33 215
33 246
33 256
33 258
33 262
33 294
33 296
33 312
33 323
33 338
33 346
33 349
33 353
33 358
33 362
33 367
33 374
33 378
33 384
33 409
33 411
33 421
33 441
33 455
33 458
33 477
33 479
33 487
33 499
34 37
34 38
34 47
34 58
34 76
34 83
34 123
34 143
34 166
34 169
34 178
34 183
34 212
34 218
34 220
34 249
34 250
34 257
34 269
34 299
34 303
34 313
34 336
34 343
34 351
34 371
34 374
34 377
34 398
34 400
34 404
34 432
34 450
34 455
34 459
34 465
34 472
34 479
34 480
34 482
35 39
35 42
35 64
35 93
35 106
35 114
35 123
35 146
35 150
35 178
35 179
35 183
35 189
35 199
35 206
35 210
35 234
35 244
35 254
35 274
35 310
35 311
35 338
35 339
35 340
35 374
35 382
35 391
35 400
35 405
35 408
35 411
35 429
35 440
35 444
35 458
35 463
35 465
35 472
35 495
36 39
36 54
36 65
36 66
36 74
36 78
36 84
36 86
36 91
36 98
36 99
36 101
36 104
36 116
36 124
36 173
36 214
36 216
36 225
36 229
36 230
36 234
36 255
36 268
36 275
36 276
36 291
36 293
36 300
36 316
36 317
36 334
36 339
36 349
36 355
36 385
36 386
36 390
36 397
36 427
36 469
36 472
36 484
36 490
36 496
37 38
37 51
37 55
37 61
37 62
37 66
37 100
37 101
37 103
37 123
37 142
37 168
37 175
37 177
37 197
37 209
37 210
37 215
37 216
37 217
37 218
37 227
37 233
37 311
37 326
37 329
37 334
37 338
37 372
37 379
37 384
37 389
37 395
37 399
37 408
37 410
37 420
37 435
37 448
37 457
37 466
37 472
37 479
37 493
38 49
38 54
38 57
38 61
38 65
38 72
38 98
38 99
38 113
38 130
38 131
38 133
38 138
38 154
38 164
38 180
38 184
38 188
38 195
38 206
38 221
38 224
38 230
38 246
38 250
38 256
38 258
38 262
38 285
38 292
38 297
38 301
38 304
38 315
38 329
38 333
38 341
38 348
38 362
38 366
38 379
38 393
38 399
38 442
38 443
39 42
39 44
39 52
39 56
39 92
39 127
39 133
39 165
39 168
39 174
39 177
39 189
39 191
39 197
39 203
39 214
39 216
39 231
39 233
39 256
39 264
39 267
39 281
39 283
39 300
39 307
39 327
39 328
39 337
39 351
39 391
39 395
39 407
39 414
39 417
39 422
39 457
39 462
39 466
39 490
40 43
40 44
40 47
40 53
40 88
40 91
40 97
40 101
40 106
40 119
40 130
40 142
40 151
40 153
40 178
40 189
40 222
40 233
40 237
40 238
40 244
40 252
40 268
40 271
40 289
40 316
40 323
40 331
40 332
40 333
40 353
40 370
40 381
40 385
40 418
40 419
40 429
40 430
40 438
40 440
40 467
40 494
40 498
41 42
41 43
41 45
41 48
41 51
41 53
41 58
41 59
41 61
41 81
41 92
41 107
41 123
41 132
41 134
41 147
41 161
41 176
41 177
41 179
41 193
41 194
41 202
41 216
41 229
41 234
41 236
41 263
41 298
41 355
41 356
41 361
41 376
41 378
41 381
41 425
41 430
41 436
41 441
41 448
41 462
41 467
41 495
41 498
42 44
42 46
42 48
42 53
42 65
42 76
42 80
42 85
42 91
42 97
42 101
42 106
42 123
42 125
42 126
42 132
42 143
42 157
42 158
42 163
42 197
42 206
42 222
42 223
42 229
42 231
42 236
42 268
42 269
42 280
42 292
42 296
42 301
42 315
42 321
42 334
42 335
42 345
42 350
42 368
42 376
42 380
42 402
42 426
42 434
42 439
42 445
42 461
42 482
43 60
43 62
43 73
43 86
43 87
43 110
43 112
43 121
43 129
43 133
43 135
43 138
43 140
43 147
43 167
43 186
43 197
43 210
43 217
43 220
43 264
43 273
43 285
43 294
43 297
43 298
43 302
43 305
43 309
43 320
43 333
43 335
43 340
43 355
43 356
43 357
43 362
43 364
43 377
43 383
43 384
43 385
43 387
43 399
43 403
43 415
43 423
43 425
43 433
43 437
43 448
43 453
43 468
43 472
43 474
43 476
43 480
43 483
43 487
43 490
43 497
44 46
44 55
44 76
44 83
44 84
44 98
44 106
44 112
44 116
44 138
44 149
44 150
44 159
44 163
44 172
44 179
44 197
44 199
44 222
44 227
44 233
44 241
44 255
44 266
44 268
44 274
44 277
44 285
44 289
44 301
44 316
44 322
44 329
44 334
44 340
44 344
44 345
44 355
44 392
44 397
44 424
44 433
44 445
44 446
44 447
44 480
45 48
45 56
45 62
45 65
45 70
45 92
45 106
45 107
45 115
45 119
45 152
45 172
45 178
45 183
45 203
45 211
45 218
45 232
45 235
45 244
45 246
45 248
45 259
45 262
45 282
45 295
45 296
45 297
45 300
45 308
45 309
45 335
45 336
45 337
45 343
45 349
45 351
45 373
45 386
45 393
45 394
45 437
45 441
45 445
45 446
45 460
45 480
45 493
45 499
46 47
46 51
46 64
46 74
46 77
46 82
46 90
46 112
46 124
46 133
46 142
46 171
46 193
46 212
46 225
46 228
46 230
46 233
46 238
46 240
46 241
46 255
46 268
46 299
46 318
46 322
46 327
46 329
46 342
46 343
46 393
46 399
46 416
46 419
46 423
46 428
46 433
46 450
46 457
46 459
46 462
46 468
46 471
46 473
46 479
46 481
47 58
47 75
47 82
47 83
47 96
47 110
47 113
47 117
47 128
47 137
47 158
47 162
47 163
47 181
47 182
47 183
47 188
47 196
47 200
47 201
47 213
47 214
47 247
47 254
47 258
47 272
47 276
47 286
47 295
47 306
47 323
47 324
47 334
47 336
47 342
47 369
47 374
47 375
47 376
47 396
47 402
47 416
47 419
47 431
47 434
47 436
47 450
47 464
47 472
47 478
47 487
48 52
48 62
48 91
48 103
48 106
48 123
48 125
48 128
48 129
48 131
48 138
48 141
48 146
48 148
48 152
48 161
48 162
48 164
48 168
48 171
48 172
48 196
48 200
48 202
48 213
48 216
48 219
48 230
48 246
48 247
48 261
48 278
48 283
48 284
48 293
48 298
48 301
48 302
48 313
48 330
48 333
48 338
48 345
48 346
48 350
48 351
48 354
48 357
48 362
48 377
48 381
48 402
48 415
48 426
48 438
48 455
48 456
49 61
49 68
49 70
49 99
49 105
49 114
49 126
49 138
49 146
49 148
49 153
49 174
49 176
49 189
49 214
49 218
49 219
49 220
49 223
49 227
49 229
49 234
49 243
49 244
49 247
49 253
49 260
49 261
49 266
49 273
49 286
49 289
49 297
49 315
49 323
49 338
49 342
49 360
49 365
49 373
49 376
49 381
49 384
49 404
49 405
49 420
49 433
49 444
49 464
49 468
49 472
50 56
50 59
50 63
50 75
50 84
50 92
50 102
50 105
50 106
50 107
50 123
50 131
50 134
50 135
50 158
50 175
50 180
50 182
50 185
50 199
50 212
50 214
50 216
50 217
50 225
50 227
50 233
50 243
50 248
50 251
50 258
50 264
50 294
50 310
50 325
50 336
50 355
50 358
50 377
50 386
50 387
50 395
50 397
50 406
50 410
50 421
50 427
50 432
50 449
50 450
50 467
50 470
50 471
50 487
50 492
50 496
51 53
51 57
51 76
51 82
51 85
51 91
51 96
51 98
51 134
51 135
51 154
51 160
51 168
51 172
51 185
51 190
51 194
51 197
51 200
51 216
51 221
51 228
51 239
51 261
51 269
51 270
51 273
51 275
51 278
51 312
51 340
51 343
51 354
51 365
51 371
51 373
51 376
51 378
51 379
51 385
51 392
51 404
51 415
51 423
51 424
51 425
51 434
51 439
51 440
51 450
51 455
51 469
51 474
51 476
51 486
51 489
52 59
52 64
52 79
52 99
52 107
52 111
52 119
52 127
52 130
52 140
52 141
52 156
52 175
52 176
52 182
52 183
52 193
52 194
52 212
52 225
52 226
52 231
52 232
52 233
52 237
52 256
52 272
52 281
52 300
52 305
52 306
52 325
52 327
52 339
52 343
52 346
52 348
52 355
52 361
52 363
52 366
52 367
52 374
52 380
52 392
52 396
52 404
52 405
52 424
52 451
52 459
52 466
52 476
52 477
52 479
52 489
52 499
53 82
53 83
53 111
53 115
53 117
53 140
53 146
53 164
53 169
53 201
53 205
53 213
53 215
53 250
53 276
53 288
53 289
53 297
53 316
53 317
53 335
53 342
53 372
53 374
53 384
53 401
53 427
53 436
53 472
53 473
53 482
53 483
54 66
54 76
54 95
54 111
54 126
54 129
54 143
54 153
54 159
54 168
54 173
54 175
54 190
54 202
54 205
54 218
54 258
54 263
54 272
54 276
54 303
54 316
54 320
54 353
54 360
54 362
54 364
54 368
54 384
54 385
54 389
54 406
54 409
54 414
54 420
54 422
54 427
54 430
54 433
54 439
54 444
54 470
54 472
54 477
54 480
54 481
54 482
54 491
55 60
55 89
55 92
55 93
55 100
55 145
55 148
55 153
55 176
55 179
55 180
55 181
55 197
55 205
55 208
55 224
55 227
55 240
55 241
55 250
55 287
55 293
55 329
55 337
55 351
55 372
55 376
55 380
55 382
55 390
55 392
55 397
55 416
55 430
55 432
55 450
55 453
55 458
55 470
55 477
55 489
56 61
56 62
56 70
56 75
56 81
56 99
56 112
56 118
56 120
56 150
56 157
56 163
56 176
56 189
56 202
56 207
56 217
56 232
56 234
56 250
56 256
56 278
56 285
56 287
56 308
56 309
56 333
56 335
56 341
56 343
56 347
56 349
56 353
56 372
56 407
56 408
56 410
56 416
56 452
56 459
56 461
56 462
56 465
56 469
56 496
57 59
57 70
57 85
57 94
57 102
57 111
57 113
57 117
57 128
57 131
57 139
57 141
57 142
57 144
57 147
57 155
57 158
57 171
57 187
57 198
57 209
57 245
57 246
57 259
57 260
57 274
57 276
57 280
57 285
57 296
57 304
57 313
57 322
57 334
57 338
57 359
57 361
57 363
57 370
57 374
57 399
57 408
57 423
57 432
57 460
57 469
57 470
57 484
58 59
58 81
58 85
58 98
58 118
58 152
58 178
58 187
58 198
58 204
58 214
58 215
58 218
58 220
58 223
58 224
58 231
58 245
58 246
58 257
58 260
58 263
58 267
58 286
58 287
58 298
58 305
58 328
58 341
58 345
58 346
58 348
58 352
58 385
58 391
58 410
58 416
58 418
58 434
58 440
58 457
58 461
58 463
58 466
58 483
59 65
59 70
59 72
59 73
59 74
59 85
59 91
59 100
59 101
59 122
59 125
59 128
59 137
59 146
59 155
59 160
59 164
59 188
59 204
59 211
59 220
59 225
59 238
59 274
59 279
59 283
59 295
59 311
59 332
59 337
59 340
59 351
59 363
59 377
59 384
59 385
59 397
59 418
59 422
59 434
59 459
59 461
59 468
59 470
59 496
60 61
60 70
60 84
60 97
60 104
60 106
60 112
60 128
60 136
60 146
60 152
60 162
60 187
60 240
60 246
60 261
60 265
60 281
60 285
60 287
60 290
60 293
60 301
60 317
60 329
60 347
60 358
60 359
60 372
60 406
60 417
60 419
60 426
60 428
60 436
60 444
60 448
60 456
60 466
60 472
60 474
60 487
60 492
61 66
61 67
61 95
61 96
61 116
61 131
61 138
61 150
61 162
61 167
61 168
61 182
61 184
61 187
61 193
61 209
61 211
61 216
61 221
61 223
61 228
61 230
61 244
61 252
61 256
61 258
61 263
61 267
61 283
61 291
61 299
61 304
61 316
61 328
61 334
61 336
61 337
61 344
61 351
61 367
61 405
61 413
61 423
61 424
61 430
61 435
61 446
61 456
61 495
61 496
62 64
62 86
62 98
62 121
62 143
62 149
62 165
62 166
62 187
62 204
62 215
62 226
62 229
62 250
62 254
62 279
62 294
62 307
62 309
62 322
62 333
62 352
62 356
62 418
62 443
62 445
62 452
62 458
62 461
62 490
63 67
63 91
63 96
63 112
63 113
63 118
63 120
63 146
63 158
63 173
63 176
63 221
63 235
63 240
63 254
63 266
63 274
63 287
63 291
63 307
63 320
63 321
63 325
63 346
63 361
63 370
63 375
63 391
63 414
63 424
63 443
63 454
63 455
63 470
63 474
63 488
64 67
64 86
64 107
64 108
64 117
64 121
64 134
64 149
64 156
64 162
64 165
64 194
64 214
64 230
64 240
64 249
64 257
64 264
64 275
64 285
64 286
64 300
64 304
64 306
64 308
64 309
64 334
64 335
64 350
64 354
64 370
64 390
64 397
64 398
64 406
64 408
64 411
64 416
64 424
64 431
64 434
64 452
64 469
64 475
64 479
64 486
64 497
65 68
65 80
65 85
65 91
65 93
65 106
65 124
65 147
65 148
65 150
65 155
65 179
65 180
65 189
65 192
65 203
65 204
65 231
65 243
65 258
65 302
65 307
65 319
65 322
65 324
65 334
65 338
65 340
65 345
65 367
65 369
65 399
65 402
65 430
65 440
65 443
65 449
65 467
65 471
65 472
65 478
65 483
65 492
65 493
66 72
66 80
66 82
66 94
66 100
66 101
66 114
66 129
66 130
66 131
66 206
66 213
66 219
66 267
66 282
66 288
66 295
66 325
66 370
66 381
66 387
66 393
66 404
66 408
66 414
66 441
66 476
66 498
67 77
67 90
67 93
67 99
67 103
67 119
67 134
67 136
67 149
67 155
67 158
67 167
67 191
67 199
67 201
67 207
67 208
67 244
67 261
67 271
67 290
67 295
67 308
67 324
67 333
67 339
67 358
67 365
67 369
67 373
67 380
67 398
67 410
67 414
67 418
67 432
67 461
67 492
68 85
68 92
68 93
68 97
68 104
68 112
68 120
68 122
68 124
68 153
68 174
68 180
68 192
68 196
68 198
68 204
68 211
68 213
68 220
68 222
68 227
68 234
68 260
68 265
68 269
68 273
68 280
68 291
68 294
68 311
68 318
68 319
68 324
68 327
68 340
68 352
68 355
68 362
68 377
68 385
68 400
68 409
68 416
68 422
68 442
68 451
68 454
68 455
68 457
68 469
68 475
68 492
69 82
69 89
69 107
69 144
69 147
69 166
69 183
69 184
69 189
69 196
69 203
69 208
69 216
69 235
69 247
69 248
69 256
69 257
69 262
69 270
69 274
69 276
69 277
69 278
69 280
69 281
69 282
69 288
69 301
69 308
69 341
69 345
69 346
69 347
69 361
69 375
69 380
69 397
69 414
69 417
69 422
69 429
69 431
69 439
69 444
69 451
69 460
69 468
69 476
69 479
69 493
70 78
70 90
70 131
70 140
70 142
70 143
70 148
70 175
70 176
70 195
70 196
70 197
70 220
70 229
70 236
70 251
70 274
70 276
70 297
70 306
70 308
70 312
70 319
70 349
70 362
70 364
70 377
70 390
70 405
70 410
70 415
70 421
70 454
70 460
70 474
70 495
71 73
71 93
71 97
71 108
71 118
71 120
71 143
71 156
71 167
71 179
71 191
71 193
71 225
71 228
71 237
71 246
71 251
71 254
71 263
71 264
71 265
71 281
71 287
71 288
71 289
71 303
71 304
71 306
71 335
71 348
71 354
71 364
71 367
71 370
71 375
71 380
71 382
71 389
71 390
71 399
71 421
71 427
71 440
71 447
71 450
71 464
71 482
71 483
71 494
72 74
72 80
72 102
72 108
72 115
72 122
72 123
72 131
72 132
72 173
72 193
72 208
72 217
72 231
72 242
72 248
72 252
72 255
72 264
72 272
72 280
72 286
72 319
72 327
72 332
72 337
72 347
72 348
72 406
72 411
72 426
72 433
72 448
72 449
72 457
72 475
73 81
73 85
73 87
73 94
73 101
73 133
73 141
73 150
73 156
73 183
73 185
73 226
73 265
73 268
73 279
73 331
73 336
73 350
73 401
73 404
73 409
73 432
73 489
74 96
74 98
74 119
74 128
74 130
74 140
74 156
74 163
74 171
74 180
74 189
74 193
74 215
74 223
74 224
74 227
74 237
74 239
74 244
74 247
74 254
74 255
74 256
74 267
74 282
74 283
74 293
74 301
74 305
74 313
74 338
74 341
74 342
74 349
74 350
74 351
74 364
74 384
74 389
74 409
74 418
74 421
74 422
74 442
74 443
74 453
74 457
74 468
74 497
75 97
75 101
75 116
75 117
75 131
75 138
75 147
75 166
75 167
75 174
75 183
75 184
75 195
75 204
75 213
75 224
75 234
75 238
75 248
75 249
75 266
75 270
75 292
75 297
75 306
75 308
75 328
75 340
75 341
75 348
75 362
75 363
75 365
75 385
75 402
75 404
75 419
75 422
75 442
75 457
75 462
75 463
75 480
75 483
75 496
76 79
76 89
76 103
76 110
76 113
76 129
76 148
76 150
76 167
76 220
76 225
76 232
76 240
76 245
76 247
76 273
76 275
76 304
76 311
76 331
76 332
76 335
76 341
76 344
76 382
76 387
76 388
76 436
76 444
76 446
76 475
76 479
76 494
77 91
77 92
77 102
77 110
77 113
77 131
77 147
77 153
77 158
77 159
77 164
77 171
77 176
77 183
77 191
77 195
77 198
77 202
77 215
77 259
77 267
77 279
77 281
77 288
77 295
77 296
77 312
77 318
77 319
77 321
77 323
77 326
77 330
77 334
77 352
77 355
77 366
77 379
77 384
77 389
77 391
77 393
77 394
77 402
77 411
77 420
77 421
77 427
77 428
77 445
77 451
77 457
77 459
77 465
77 467
77 479
77 481
77 483
78 102
78 110
78 118
78 120
78 121
78 122
78 126
78 148
78 150
78 154
78 156
78 171
78 181
78 188
78 196
78 213
78 240
78 241
78 242
78 244
78 258
78 261
78 264
78 271
78 275
78 278
78 279
78 288
78 304
78 339
78 341
78 342
78 370
78 375
78 376
78 379
78 383
78 387
78 411
78 435
78 456
78 463
78 482
78 488
78 491
78 495
79 84
79 95
79 102
79 122
79 126
79 127
79 162
79 165
79 174
79 175
79 176
79 206
79 208
79 217
79 230
79 234
79 248
79 249
79 252
79 265
79 273
79 295
79 300
79 303
79 308
79 310
79 329
79 336
79 349
79 357
79 366
79 387
79 391
79 397
79 401
79 402
79 415
79 417
79 423
79 426
79 431
79 467
79 493
80 100
80 112
80 119
80 133
80 137
80 140
80 149
80 150
80 152
80 163
80 165
80 168
80 178
80 213
80 216
80 220
80 236
80 262
80 280
80 281
80 288
80 302
80 309
80 315
80 337
80 338
80 352
80 371
80 392
80 393
80 400
80 411
80 413
80 415
80 430
80 431
80 441
80 455
80 458
80 464
80 484
80 496
81 109
81 126
81 138
81 152
81 154
81 158
81 176
81 191
81 207
81 208
81 210
81 216
81 217
81 234
81 244
81 252
81 263
81 278
81 337
81 346
81 359
81 361
81 368
81 382
81 392
81 395
81 398
81 410
81 412
81 417
81 436
81 439
81 443
81 469
81 471
81 495
81 496
81 497
82 89
82 101
82 102
82 104
82 109
82 110
82 127
82 147
82 156
82 171
82 181
82 187
82 193
82 202
82 206
82 208
82 219
82 230
82 241
82 244
82 252
82 272
82 278
82 280
82 283
82 291
82 292
82 296
82 303
82 304
82 306
82 311
82 315
82 325
82 344
82 346
82 353
82 391
82 398
82 403
82 410
82 411
82 424
82 463
82 468
82 472
82 475
82 483
83 93
83 94
83 98
83 109
83 113
83 127
83 145
83 155
83 183
83 188
83 210
83 214
83 217
83 223
83 232
83 236
83 237
83 240
83 272
83 290
83 296
83 299
83 307
83 308
83 315
83 325
83 329
83 338
83 342
83 347
83 350
83 353
83 365
83 368
83 369
83 396
83 405
83 409
83 416
83 422
83 454
83 455
83 459
83 482
83 484
83 490
83 492
83 499
84 96
84 102
84 122
84 123
84 128
84 133
84 139
84 158
84 177
84 192
84 200
84 204
84 226
84 242
84 265
84 271
84 280
84 290
84 302
84 333
84 337
84 340
84 348
84 357
84 392
84 401
84 411
84 421
84 427
84 435
84 438
84 447
84 449
84 451
84 453
84 454
84 456
84 457
84 465
84 467
84 468
84 474
84 479
85 97
85 112
85 113
85 123
85 126
85 135
85 136
85 147
85 174
85 175
85 176
85 188
85 198
85 212
85 213
85 223
85 226
85 228
85 236
85 245
85 246
85 247
85 248
85 259
85 260
85 269
85 275
85 286
85 290
85 309
85 341
85 384
85 391
85 393
85 403
85 419
85 439
85 448
85 457
85 458
85 487
85 494
86 93
86 110
86 119
86 158
86 169
86 173
86 174
86 176
86 214
86 230
86 237
86 242
86 254
86 257
86 262
86 294
86 307
86 313
86 342
86 360
86 397
86 406
86 412
86 421
86 429
86 439
86 459
86 465
86 469
86 478
86 486
86 488
87 109
87 110
87 138
87 149
87 155
87 159
87 168
87 177
87 187
87 204
87 209
87 214
87 218
87 221
87 224
87 227
87 237
87 253
87 255
87 265
87 282
87 303
87 312
87 315
87 339
87 341
87 355
87 365
87 388
87 392
87 397
87 406
87 416
87 453
88 94
88 95
88 98
88 129
88 138
88 140
88 145
88 155
88 159
88 206
88 207
88 229
88 265
88 274
88 281
88 282
88 311
88 328
88 335
88 349
88 352
88 356
88 365
88 374
88 379
88 390
88 395
88 396
88 410
88 412
88 426
88 429
88 434
88 441
88 459
88 472
88 485
88 492
89 95
89 101
89 111
89 117
89 125
89 145
89 155
89 160
89 184
89 185
89 191
89 198
89 199
89 204
89 209
89 224
89 247
89 252
89 275
89 286
89 294
89 302
89 315
89 321
89 340
89 342
89 365
89 388
89 405
89 420
89 431
89 435
89 442
89 458
89 462
89 467
89 482
90 104
90 130
90 139
90 160
90 163
90 165
90 169
90 186
90 195
90 212
90 229
90 242
90 244
90 266
90 269
90 277
90 309
90 325
90 327
90 340
90 342
90 366
90 382
90 388
90 390
90 412
90 421
90 424
90 427
90 432
90 449
90 458
90 473
90 487
90 490
91 109
91 117
91 119
91 141
91 143
91 150
91 157
91 160
91 169
91 172
91 176
91 206
91 211
91 215
91 224
91 239
91 243
91 251
91 260
91 267
91 271
91 285
91 286
91 290
91 294
91 297
91 309
91 312
91 339
91 340
91 364
91 377
91 400
91 410
91 418
91 428
91 433
91 436
91 442
91 464
91 470
91 471
91 472
91 495
92 93
92 101
92 104
92 108
92 124
92 128
92 177
92 182
92 192
92 207
92 211
92 219
92 239
92 249
92 254
92 258
92 261
92 271
92 301
92 304
92 306
92 340
92 358
92 361
92 365
92 372
92 373
92 380
92 392
92 395
92 398
92 405
92 406
92 408
92 419
92 427
92 440
92 445
92 464
92 471
92 478
92 497
93 98
93 121
93 127
93 139
93 153
93 154
93 158
93 163
93 177
93 181
93 189
93 190
93 202
93 244
93 247
93 248
93 257
93 275
93 279
93 284
93 300
93 310
93 320
93 328
93 339
93 357
93 369
93 400
93 403
93 405
93 413
93 417
93 427
93 438
93 450
93 462
93 469
93 474
93 480
94 95
94 150
94 164
94 175
94 181
94 199
94 211
94 228
94 260
94 285
94 289
94 291
94 297
94 309
94 316
94 331
94 338
94 346
94 369
94 378
94 399
94 413
94 421
94 442
94 452
94 456
94 490
95 100
95 106
95 114
95 126
95 127
95 128
95 135
95 143
95 154
95 158
95 214
95 216
95 229
95 242
95 279
95 298
95 302
95 310
95 316
95 319
95 322
95 338
95 359
95 403
95 405
95 413
95 419
95 426
95 427
95 438
95 441
95 450
95 460
95 462
95 463
95 478
95 487
95 495
96 109
96 110
96 122
96 126
96 131
96 141
96 172
96 183
96 185
96 194
96 196
96 204
96 205
96 210
96 220
96 221
96 225
96 256
96 260
96 268
96 269
96 292
96 297
96 307
96 322
96 323
96 325
96 332
96 335
96 336
96 338
96 342
96 344
96 354
96 369
96 404
96 406
96 416
96 428
96 429
96 431
96 432
96 482
97 105
97 109
97 140
97 142
97 157
97 177
97 189
97 196
97 202
97 215
97 221
97 239
97 245
97 259
97 264
97 270
97 276
97 287
97 300
97 305
97 311
97 317
97 323
97 324
97 327
97 331
97 340
97 350
97 363
97 377
97 379
97 392
97 400
97 403
97 405
97 427
97 438
97 446
97 453
97 467
98 100
98 107
98 117
98 125
98 149
98 162
98 215
98 223
98 229
98 234
98 235
98 247
98 249
98 255
98 256
98 259
98 270
98 278
98 302
98 306
98 309
98 314
98 318
98 331
98 384
98 396
98 397
98 414
98 424
98 426
98 427
98 450
98 453
98 454
98 479
98 494
99 108
99 125
99 131
99 138
99 149
99 155
99 159
99 167
99 182
99 198
99 199
99 228
99 247
99 254
99 261
99 284
99 288
99 294
99 296
99 311
99 314
99 321
99 336
99 358
99 370
99 380
99 392
99 413
99 417
99 427
99 459
99 477
99 496
100 102
100 112
100 122
100 126
100 142
100 152
100 156
100 158
100 176
100 177
100 179
100 184
100 187
100 189
100 196
100 219
100 232
100 240
100 244
100 261
100 262
100 274
100 282
100 294
100 296
100 297
100 304
100 315
100 316
100 328
100 330
100 336
100 350
100 352
100 359
100 370
100 379
100 384
100 401
100 412
100 418
100 420
100 424
100 427
100 447
100 448
100 456
100 464
100 467
100 480
100 483
100 484
100 488
100 499
101 145
101 172
101 185
101 186
101 187
101 191
101 215
101 232
101 235
101 260
101 281
101 287
101 289
101 292
101 297
101 312
101 331
101 332
101 336
101 343
101 360
101 367
101 379
101 382
101 388
101 392
101 398
101 408
101 414
101 475
101 478
102 111
102 143
102 146
102 151
102 155
102 160
102 164
102 178
102 179
102 180
102 184
102 203
102 218
102 220
102 234
102 249
102 252
102 258
102 288
102 297
102 306
102 308
102 316
102 317
102 325
102 331
102 339
102 349
102 379
102 385
102 396
102 402
102 403
102 405
102 407
102 409
102 415
102 418
102 421
102 442
102 452
102 455
102 465
102 468
102 476
102 484
102 494
102 496
103 105
103 114
103 126
103 140
103 190
103 223
103 228
103 265
103 271
103 273
103 278
103 282
103 312
103 325
103 326
103 329
103 335
103 338
103 361
103 363
103 364
103 407
103 415
103 419
103 427
103 431
103 437
103 453
103 460
103 467
103 468
103 476
103 482
103 488
103 490
104 110
104 134
104 140
104 147
104 152
104 167
104 169
104 179
104 187
104 191
104 194
104 198
104 202
104 219
104 234
104 244
104 248
104 249
104 254
104 256
104 264
104 269
104 275
104 283
104 298
104 322
104 326
104 343
104 362
104 382
104 386
104 396
104 403
104 421
104 426
104 436
104 450
104 453
104 457
104 459
104 462
104 479
104 481
104 486
104 487
104 492
105 106
105 116
105 131
105 139
105 168
105 206
105 220
105 226
105 235
105 238
105 251
105 253
105 260
105 264
105 271
105 278
105 306
105 310
105 345
105 352
105 375
105 381
105 404
105 411
105 413
105 439
105 451
105 452
105 473
105 488
105 489
106 114
106 119
106 140
106 145
106 160
106 172
106 179
106 208
106 235
106 244
106 246
106 254
106 257
106 269
106 287
106 292
106 301
106 303
106 315
106 321
106 345
106 361
106 381
106 404
106 407
106 410
106 416
106 419
106 420
106 422
106 426
106 428
106 431
106 441
106 446
106 469
106 472
106 484
106 493
106 497
107 111
107 121
107 133
107 134
107 153
107 156
107 157
107 164
107 166
107 192
107 211
107 224
107 226
107 230
107 237
107 242
107 246
107 254
107 257
107 274
107 277
107 307
107 309
107 314
107 337
107 351
107 358
107 361
107 366
107 397
107 398
107 444
107 454
107 457
107 463
107 465
107 475
107 477
107 497
108 126
108 134
108 138
108 150
108 160
108 176
108 191
108 194
108 205
108 214
108 219
108 251
108 257
108 264
108 271
108 292
108 293
108 319
108 323
108 329
108 331
108 363
108 393
108 413
108 415
108 419
108 431
108 438
108 443
108 447
108 448
108 454
108 481
109 116
109 135
109 147
109 153
109 171
109 174
109 188
109 195
109 201
109 203
109 222
109 232
109 255
109 285
109 296
109 301
109 312
109 314
109 317
109 321
109 325
109 343
109 344
109 351
109 356
109 358
109 394
109 405
109 419
109 423
109 447
109 457
109 458
109 472
109 482
110 115
110 121
110 149
110 158
110 183
110 188
110 196
110 227
110 239
110 242
110 244
110 259
110 263
110 279
110 290
110 291
110 292
110 298
110 299
110 321
110 337
110 342
110 346
110 347
110 351
110 366
110 374
110 406
110 407
110 427
110 428
110 439
110 451
110 453
110 471
110 485
110 493
110 495
111 119
111 123
111 135
111 136
111 137
111 139
111 144
111 165
111 177
111 179
111 186
111 198
111 207
111 219
111 220
111 222
111 236
111 242
111 248
111 259
111 262
111 266
111 268
111 276
111 278
111 289
111 296
111 302
111 304
111 327
111 331
111 335
111 341
111 351
111 352
111 365
111 366
111 374
111 389
111 392
111 398
111 413
111 472
111 473
111 482
112 123
112 129
112 162
112 169
112 177
112 189
112 201
112 204
112 210
112 219
112 239
112 260
112 273
112 285
112 296
112 329
112 338
112 344
112 347
112 353
112 357
112 370
112 372
112 382
112 383
112 396
112 403
112 406
112 420
112 463
112 476
112 477
112 483
112 487
112 488
112 491
112 492
112 499
113 122
113 125
113 130
113 135
113 153
113 182
113 192
113 200
113 210
113 240
113 257
113 266
113 267
113 277
113 285
113 302
113 321
113 325
113 330
113 343
113 360
113 365
113 389
113 392
113 398
113 416
113 438
113 451
113 471
113 484
114 125
114 136
114 138
114 139
114 146
114 149
114 151
114 160
114 169
114 172
114 178
114 185
114 193
114 198
114 199
114 204
114 212
114 216
114 219
114 229
114 243
114 246
114 251
114 257
114 258
114 263
114 264
114 271
114 280
114 286
114 295
114 315
114 316
114 328
114 330
114 341
114 343
114 345
114 346
114 356
114 365
114 382
114 383
114 396
114 397
114 399
114 421
114 426
114 428
114 433
114 446
114 455
114 461
114 462
114 466
114 488
115 119
115 124
115 128
115 132
115 139
115 179
115 183
115 192
115 195
115 212
115 223
115 231
115 232
115 234
115 237
115 254
115 280
115 287
115 333
115 340
115 353
115 363
115 374
115 377
115 382
115 386
115 391
115 397
115 407
115 410
115 421
115 441
115 443
115 450
115 480
115 488
115 495
116 118
116 129
116 140
116 160
116 165
116 168
116 169
116 176
116 186
116 195
116 202
116 203
116 210
116 211
116 222
116 233
116 246
116 247
116 267
116 273
116 275
116 287
116 308
116 309
116 330
116 339
116 354
116 364
116 377
116 390
116 420
116 427
116 432
116 434
116 437
116 441
116 447
116 448
116 460
116 461
116 492
116 497
117 120
117 149
117 157
117 164
117 166
117 176
117 198
117 203
117 211
117 225
117 228
117 240
117 245
117 253
117 259
117 266
117 276
117 279
117 286
117 317
117 324
117 338
117 342
117 362
117 363
117 373
117 391
117 405
117 407
117 412
117 447
117 460
117 468
117 470
117 478
117 479
117 483
117 485
117 489
118 136
118 153
118 154
118 156
118 164
118 173
118 176
118 185
118 191
118 201
118 204
118 214
118 217
118 223
118 225
118 226
118 228
118 229
118 240
118 254
118 268
118 279
118 289
118 292
118 313
118 321
118 329
118 332
118 348
118 368
118 390
118 410
118 416
118 422
118 448
118 454
118 479
118 487
119 133
119 143
119 155
119 166
119 179
119 184
119 238
119 248
119 259
119 262
119 272
119 297
119 303
119 313
119 321
119 340
119 345
119 349
119 361
119 376
119 386
119 389
119 390
119 416
119 430
119 439
119 440
119 447
119 449
119 452
119 468
119 477
119 499
120 125
120 141
120 142
120 147
120 163
120 177
120 203
120 215
120 216
120 222
120 231
120 232
120 240
120 266
120 268
120 273
120 277
120 284
120 289
120 293
120 317
120 319
120 321
120 325
120 326
120 328
120 346
120 421
120 427
120 429
120 431
120 468
120 483
120 484
120 490
121 125
121 127
121 143
121 153
121 158
121 176
121 177
121 180
121 194
121 211
121 228
121 232
121 250
121 258
121 266
121 291
121 318
121 331
121 336
121 370
121 373
121 382
121 383
121 389
121 392
121 406
121 416
121 426
121 428
121 444
121 450
121 454
121 456
121 470
121 471
121 481
121 482
122 140
122 142
122 147
122 159
122 165
122 167
122 168
122 180
122 181
122 182
122 184
122 186
122 189
122 192
122 203
122 216
122 218
122 229
122 238
122 258
122 273
122 283
122 290
122 326
122 329
122 340
122 357
122 365
122 367
122 370
122 371
122 375
122 376
122 395
122 404
122 410
122 417
122 425
122 430
122 432
122 434
122 437
122 480
122 493
123 134
123 142
123 143
123 148
123 151
123 156
123 166
123 176
123 181
123 205
123 214
123 226
123 235
123 241
123 271
123 281
123 286
123 297
123 307
123 310
123 325
123 341
123 343
123 366
123 379
123 385
123 403
123 407
123 410
123 420
123 423
123 424
123 440
123 456
123 474
123 484
123 488
124 132
124 138
124 144
124 169
124 179
124 185
124 196
124 215
124 243
124 249
124 259
124 261
124 282
124 286
124 296
124 302
124 314
124 340
124 370
124 384
124 385
124 395
124 429
124 431
124 438
124 446
124 480
124 497
124 499
125 135
125 137
125 139
125 148
125 150
125 153
125 187
125 193
125 199
125 213
125 220
125 221
125 223
125 224
125 239
125 263
125 267
125 277
125 287
125 292
125 293
125 301
125 304
125 305
125 311
125 314
125 324
125 348
125 361
125 365
125 371
125 388
125 391
125 395
125 401
125 402
125 417
125 444
125 467
125 473
125 490
126 128
126 139
126 142
126 148
126 197
126 209
126 239
126 241
126 250
126 263
126 275
126 311
126 313
126 321
126 338
126 345
126 350
126 371
126 399
126 405
126 417
126 441
126 446
126 447
126 448
126 449
126 464
126 471
126 476
127 128
127 171
127 182
127 184
127 195
127 205
127 206
127 221
127 227
127 232
127 247
127 259
127 274
127 282
127 286
127 290
127 312
127 314
127 316
127 350
127 367
127 369
127 393
127 404
127 414
127 423
127 428
127 433
127 443
127 450
127 468
127 483
127 497
128 130
128 149
128 154
128 158
128 163
128 173
128 177
128 194
128 209
128 216
128 224
128 226
128 239
128 246
128 261
128 274
128 277
128 289
128 299
128 304
128 316
128 317
128 329
128 339
128 344
128 346
128 349
128 357
128 367
128 382
128 383
128 386
128 393
128 418
128 432
128 436
128 441
128 445
128 446
128 451
128 453
128 454
128 455
128 464
129 132
129 171
129 184
129 186
129 189
129 201
129 235
129 244
129 273
129 304
129 365
129 399
129 400
129 402
129 405
129 409
129 410
129 414
129 415
129 424
129 452
129 459
129 463
129 466
129 470
129 489
129 497
130 136
130 141
130 145
130 163
130 178
130 181
130 214
130 217
130 218
130 221
130 226
130 238
130 240
130 288
130 293
130 298
130 300
130 302
130 306
130 328
130 336
130 342
130 345
130 354
130 355
130 356
130 360
130 379
130 386
130 399
130 403
130 419
130 441
130 443
130 447
130 458
130 460
130 466
130 468
130 471
130 487
130 493
131 134
131 138
131 140
131 153
131 158
131 173
131 184
131 196
131 197
131 210
131 228
131 235
131 241
131 246
131 276
131 283
131 286
131 291
131 293
131 294
131 296
131 301
131 305
131 317
131 326
131 367
131 373
131 375
131 383
131 384
131 399
131 409
131 426
131 431
131 432
131 452
131 475
131 478
131 480
131 488
131 490
132 135
132 136
132 149
132 157
132 164
132 166
132 169
132 180
132 208
132 222
132 264
132 288
132 298
132 309
132 318
132 323
132 336
132 344
132 355
132 362
132 370
132 371
132 396
132 403
132 404
132 406
132 427
132 429
132 437
132 438
132 447
132 456
132 492
133 138
133 141
133 145
133 148
133 163
133 190
133 196
133 202
133 208
133 214
133 216
133 219
133 224
133 225
133 241
133 243
133 259
133 267
133 272
133 292
133 296
133 303
133 314
133 321
133 338
133 349
133 351
133 357
133 360
133 363
133 380
133 382
133 388
133 392
133 416
133 421
133 434
133 441
133 445
133 451
133 453
133 457
133 465
133 474
133 478
133 481
133 492
133 493
133 494
134 184
134 193
134 203
134 208
134 212
134 218
134 235
134 239
134 267
134 276
134 277
134 295
134 296
134 312
134 326
134 330
134 345
134 359
134 387
134 388
134 426
134 452
134 460
134 462
134 469
134 495
135 147
135 150
135 155
135 156
135 162
135 168
135 170
135 173
135 177
135 185
135 198
135 203
135 230
135 232
135 233
135 235
135 259
135 280
135 295
135 298
135 302
135 305
135 316
135 322
135 328
135 335
135 342
135 348
135 358
135 364
135 376
135 396
135 436
135 447
135 451
135 452
135 484
136 151
136 153
136 157
136 164
136 167
136 171
136 173
136 180
136 186
136 189
136 192
136 194
136 198
136 199
136 203
136 215
136 236
136 244
136 250
136 252
136 255
136 257
136 259
136 260
136 285
136 293
136 302
136 327
136 345
136 346
136 351
136 359
136 366
136 380
136 391
136 393
136 399
136 402
136 429
136 435
136 438
136 444
136 458
136 460
136 478
136 481
136 489
136 497
137 182
137 184
137 185
137 199
137 223
137 237
137 265
137 271
137 296
137 307
137 311
137 324
137 331
137 334
137 340
137 343
137 372
137 376
137 385
137 396
137 408
137 414
137 415
137 435
137 449
137 454
137 465
137 467
137 478
137 492
137 494
137 497
138 141
138 143
138 147
138 156
138 168
138 180
138 189
138 191
138 192
138 193
138 201
138 216
138 236
138 240
138 246
138 256
138 286
138 291
138 299
138 303
138 304
138 326
138 331
138 349
138 350
138 352
138 362
138 366
138 374
138 384
138 385
138 388
138 406
138 412
138 435
138 438
138 451
138 456
138 475
138 477
138 485
138 489
138 491
139 142
139 151
139 158
139 165
139 170
139 182
139 183
139 200
139 201
139 209
139 217
139 221
139 225
139 258
139 280
139 309
139 340
139 344
139 352
139 361
139 381
139 387
139 411
139 444
139 455
139 474
139 475
139 485
139 495
139 499
140 141
140 146
140 164
140 172
140 183
140 196
140 199
140 201
140 213
140 218
140 224
140 225
140 259
140 265
140 266
140 279
140 290
140 302
140 331
140 343
140 344
140 348
140 352
140 355
140 365
140 384
140 419
140 423
140 429
140 448
140 461
140 463
140 478
140 499
141 165
141 174
141 197
141 218
141 223
141 235
141 242
141 250
141 278
141 289
141 300
141 308
141 336
141 343
141 356
141 375
141 376
141 382
141 392
141 407
141 409
141 411
141 416
141 447
141 453
141 455
141 457
141 460
141 463
141 484
141 498
141 499
142 143
142 156
142 164
142 183
142 185
142 187
142 209
142 219
142 227
142 243
142 249
142 253
142 262
142 280
142 285
142 298
142 301
142 331
142 338
142 339
142 341
142 349
142 352
142 360
142 363
142 367
142 375
142 394
142 396
142 401
142 414
142 429
142 432
142 460
142 475
142 493
142 499
143 145
143 159
143 160
143 165
143 169
143 176
143 186
143 194
143 208
143 233
143 234
143 236
143 252
143 260
143 265
143 276
143 284
143 312
143 336
143 372
143 379
143 384
143 385
143 391
143 404
143 431
143 433
143 438
143 440
143 453
143 459
143 461
143 472
143 474
143 480
143 490
144 151
144 169
144 178
144 183
144 189
144 198
144 209
144 211
144 217
144 222
144 225
144 252
144 256
144 277
144 280
144 313
144 317
144 319
144 327
144 329
144 336
144 358
144 366
144 370
144 371
144 378
144 384
144 388
144 409
144 411
144 414
144 420
144 451
144 452
144 462
144 463
144 481
144 492
145 150
145 151
145 153
145 154
145 162
145 166
145 169
145 186
145 193
145 198
145 203
145 217
145 250
145 271
145 281
145 290
145 293
145 319
145 325
145 331
145 335
145 351
145 360
145 363
145 365
145 368
145 393
145 403
145 407
145 423
145 444
145 452
145 454
145 459
145 475
146 155
146 164
146 168
146 170
146 174
146 180
146 185
146 190
146 227
146 243
146 247
146 251
146 258
146 268
146 288
146 328
146 344
146 353
146 358
146 379
146 402
146 403
146 410
146 415
146 419
146 422
146 432
146 443
146 452
147 149
147 150
147 160
147 165
147 169
147 201
147 212
147 216
147 237
147 247
147 264
147 272
147 277
147 315
147 316
147 317
147 327
147 328
147 342
147 364
147 368
147 371
147 378
147 386
147 387
147 389
147 392
147 400
147 403
147 409
147 421
147 432
147 444
147 448
147 454
147 455
147 457
147 485
148 158
148 164
148 167
148 170
148 192
148 195
148 207
148 217
148 263
148 282
148 311
148 319
148 323
148 333
148 366
148 378
148 385
148 389
148 390
148 391
148 403
148 428
148 433
148 436
148 442
148 447
148 458
148 465
148 466
148 471
149 166
149 167
149 188
149 191
149 232
149 243
149 250
149 262
149 268
149 274
149 279
149 294
149 319
149 322
149 328
149 340
149 367
149 372
149 381
149 393
149 409
149 412
149 439
149 452
149 482
149 499
150 162
150 173
150 175
150 180
150 187
150 189
150 190
150 208
150 217
150 220
150 224
150 231
150 233
150 248
150 257
150 264
150 288
150 291
150 297
150 301
150 306
150 335
150 338
150 354
150 363
150 445
150 453
150 473
150 475
150 482
150 492
150 494
151 153
151 156
151 180
151 202
151 203
151 208
151 210
151 218
151 223
151 230
151 247
151 264
151 267
151 273
151 282
151 283
151 288
151 305
151 311
151 328
151 329
151 341
151 376
151 393
151 411
151 415
151 418
151 419
151 421
151 435
151 451
151 452
151 475
151 476
151 481
151 485
152 153
152 165
152 203
152 209
152 222
152 243
152 244
152 250
152 265
152 266
152 268
152 283
152 308
152 310
152 319
152 332
152 349
152 366
152 382
152 385
152 404
152 414
152 436
152 444
152 446
152 474
152 480
152 482
152 486
152 489
152 494
153 155
153 173
153 176
153 184
153 199
153 207
153 216
153 230
153 233
153 236
153 255
153 256
153 258
153 259
153 265
153 284
153 300
153 304
153 317
153 321
153 328
153 349
153 365
153 368
153 370
153 378
153 379
153 437
153 438
153 448
153 451
153 454
153 462
153 463
153 466
153 469
153 477
153 478
153 487
153 490
153 497
154 163
154 164
154 171
154 226
154 230
154 233
154 250
154 251
154 269
154 276
154 281
154 283
154 285
154 292
154 303
154 339
154 364
154 367
154 373
154 375
154 385
154 388
154 390
154 394
154 396
154 410
154 451
154 452
154 458
154 469
154 470
154 479
154 484
155 160
155 164
155 166
155 167
155 171
155 197
155 216
155 235
155 236
155 250
155 264
155 268
155 274
155 283
155 306
155 307
155 319
155 324
155 335
155 342
155 343
155 348
155 351
155 356
155 365
155 367
155 381
155 382
155 389
155 391
155 398
155 409
155 411
155 419
155 420
155 421
155 426
155 427
155 435
155 446
155 456
155 472
155 475
155 482
155 484
155 493
155 498
156 165
156 170
156 191
156 198
156 205
156 212
156 221
156 228
156 229
156 231
156 240
156 253
156 259
156 265
156 279
156 282
156 305
156 306
156 307
156 322
156 327
156 335
156 347
156 353
156 359
156 369
156 386
156 394
156 400
156 434
156 439
156 457
156 466
156 474
156 486
156 487
156 493
156 497
157 161
157 173
157 176
157 181
157 205
157 235
157 259
157 263
157 277
157 285
157 297
157 320
157 350
157 360
157 365
157 368
157 370
157 374
157 378
157 385
157 387
157 404
157 411
157 441
157 442
157 456
157 472
157 482
157 485
157 490
158 165
158 173
158 178
158 179
158 181
158 184
158 185
158 187
158 211
158 214
158 215
158 217
158 222
158 230
158 240
158 255
158 276
158 280
158 302
158 317
158 324
158 326
158 339
158 357
158 366
158 372
158 415
158 424
158 439
158 442
158 444
158 447
158 448
158 458
158 460
158 466
158 480
158 481
158 496
159 190
159 197
159 222
159 225
159 239
159 247
159 248
159 282
159 284
159 285
159 306
159 317
159 319
159 322
159 323
159 331
159 334
159 335
159 348
159 365
159 422
159 439
159 460
159 461
159 463
159 473
159 496
160 167
160 178
160 187
160 188
160 197
160 204
160 228
160 229
160 241
160 248
160 256
160 257
160 269
160 274
160 277
160 294
160 313
160 327
160 333
160 335
160 337
160 367
160 368
160 373
160 376
160 398
160 401
160 411
160 413
160 417
160 419
160 420
160 427
160 430
160 460
160 474
160 477
161 167
161 204
161 224
161 242
161 243
161 267
161 284
161 295
161 296
161 320
161 330
161 335
161 336
161 342
161 363
161 383
161 398
161 405
161 406
161 409
161 410
161 420
161 431
161 457
161 474
161 477
161 479
161 484
161 497
162 207
162 215
162 219
162 226
162 228
162 237
162 253
162 266
162 281
162 287
162 324
162 338
162 357
162 358
162 359
162 371
162 372
162 382
162 387
162 388
162 394
162 397
162 408
162 409
162 410
162 416
162 417
162 426
162 437
162 442
162 446
162 447
162 468
162 470
162 480
162 485
162 486
162 496
163 171
163 186
163 198
163 200
163 218
163 225
163 226
163 239
163 241
163 246
163 249
163 252
163 268
163 274
163 290
163 291
163 293
163 307
163 314
163 321
163 339
163 361
163 387
163 400
163 414
163 416
163 420
163 423
163 431
163 434
163 458
163 472
163 484
163 485
164 165
164 166
164 184
164 185
164 192
164 200
164 208
164 210
164 214
164 217
164 226
164 228
164 231
164 233
164 235
164 240
164 243
164 250
164 252
164 263
164 270
164 271
164 274
164 281
164 288
164 291
164 300
164 356
164 393
164 396
164 405
164 413
164 422
164 434
164 445
164 454
164 455
164 462
164 466
164 469
164 478
164 480
164 481
164 487
165 169
165 175
165 188
165 198
165 207
165 212
165 221
165 240
165 273
165 279
165 284
165 286
165 299
165 311
165 315
165 317
165 320
165 348
165 367
165 372
165 375
165 378
165 412
165 417
165 423
165 425
165 438
165 440
165 444
165 447
165 449
165 485
165 490
166 168
166 171
166 172
166 175
166 179
166 187
166 192
166 194
166 211
166 213
166 226
166 258
166 273
166 284
166 294
166 301
166 345
166 367
166 385
166 429
166 437
166 457
166 469
166 470
166 476
166 480
166 485
166 499
167 174
167 188
167 193
167 202
167 209
167 220
167 229
167 244
167 257
167 269
167 274
167 278
167 297
167 309
167 319
167 320
167 329
167 330
167 332
167 335
167 362
167 372
167 380
167 381
167 416
167 443
167 450
167 464
167 475
167 481
168 174
168 184
168 186
168 195
168 201
168 215
168 217
168 222
168 223
168 233
168 234
168 235
168 247
168 253
168 263
168 280
168 283
168 287
168 313
168 317
168 337
168 338
168 342
168 346
168 352
168 367
168 374
168 382
168 383
168 392
168 396
168 400
168 412
168 427
168 428
168 438
168 450
168 451
168 454
168 456
168 465
168 466
168 471
169 171
169 180
169 184
169 189
169 190
169 192
169 212
169 229
169 256
169 257
169 282
169 285
169 295
169 308
169 313
169 333
169 342
169 346
169 354
169 365
169 371
169 379
169 409
169 411
169 424
169 432
169 435
169 440
169 448
169 467
169 480
169 490
170 177
170 186
170 189
170 190
170 191
170 195
170 196
170 216
170 241
170 254
170 262
170 269
170 271
170 275
170 276
170 278
170 306
170 336
170 342
170 359
170 370
170 374
170 405
170 409
170 414
170 439
170 442
170 466
170 469
170 471
170 480
170 489
170 490
171 178
171 183
171 220
171 223
171 228
171 234
171 246
171 251
171 254
171 273
171 281
171 290
171 309
171 312
171 323
171 326
171 360
171 379
171 380
171 383
171 384
171 385
171 393
171 413
171 420
171 427
171 446
171 447
171 485
171 488
172 181
172 184
172 187
172 189
172 197
172 204
172 217
172 220
172 248
172 254
172 268
172 284
172 285
172 293
172 294
172 298
172 299
172 301
172 306
172 312
172 313
172 345
172 354
172 402
172 416
172 440
172 441
172 442
172 452
172 478
172 485
172 489
172 495
172 498
173 174
173 196
173 201
173 206
173 210
173 211
173 216
173 224
173 236
173 270
173 294
173 300
173 315
173 316
173 333
173 339
173 346
173 353
173 372
173 374
173 376
173 402
173 416
173 419
173 456
173 457
173 461
173 469
173 471
173 478
173 490
173 491
173 498
174 187
174 208
174 212
174 213
174 216
174 226
174 233
174 247
174 260
174 273
174 276
174 289
174 293
174 300
174 306
174 316
174 323
174 336
174 355
174 359
174 365
174 371
174 381
174 415
174 427
174 469
174 477
174 478
174 485
174 487
174 497
175 187
175 197
175 199
175 204
175 210
175 228
175 236
175 247
175 253
175 283
175 319
175 322
175 327
175 333
175 335
175 359
175 362
175 376
175 382
175 387
175 388
175 395
175 427
175 435
175 440
175 457
175 458
175 478
175 496
176 192
176 193
176 194
176 212
176 226
176 238
176 240
176 252
176 256
176 271
176 327
176 328
176 348
176 363
176 364
176 376
176 383
176 385
176 389
176 391
176 403
176 420
176 428
176 434
176 447
176 451
176 471
176 473
176 474
176 478
176 482
176 484
176 490
177 179
177 189
177 197
177 203
177 219
177 231
177 236
177 241
177 243
177 247
177 264
177 303
177 310
177 318
177 319
177 320
177 321
177 332
177 338
177 339
177 351
177 367
177 388
177 405
177 421
177 422
177 437
177 463
177 467
177 481
177 484
178 184
178 190
178 207
178 210
178 242
178 248
178 263
178 279
178 284
178 290
178 291
178 314
178 337
178 340
178 354
178 356
178 359
178 362
178 365
178 367
178 368
178 369
178 373
178 375
178 381
178 399
178 421
178 430
178 435
178 436
178 449
178 456
178 469
178 487
179 183
179 189
179 191
179 193
179 199
179 202
179 204
179 207
179 218
179 225
179 229
179 235
179 236
179 250
179 253
179 258
179 259
179 267
179 304
179 309
179 317
179 319
179 323
179 336
179 346
179 352
179 356
179 376
179 381
179 384
179 389
179 397
179 401
179 408
179 411
179 419
179 421
179 428
179 431
179 438
179 439
179 454
179 456
179 462
180 183
180 191
180 200
180 201
180 203
180 232
180 311
180 316
180 317
180 318
180 325
180 326
180 327
180 351
180 355
180 358
180 363
180 364
180 367
180 381
180 384
180 399
180 405
180 408
180 411
180 418
180 421
180 448
180 450
180 451
180 452
180 461
180 466
180 485
180 487
180 490
180 495
181 202
181 222
181 227
181 245
181 249
181 268
181 269
181 272
181 276
181 291
181 292
181 311
181 335
181 346
181 354
181 368
181 369
181 370
181 379
181 380
181 395
181 406
181 416
181 417
181 443
181 446
181 458
181 473
182 183
182 190
182 231
182 253
182 256
182 258
182 266
182 274
182 285
182 292
182 299
182 317
182 328
182 329
182 331
182 332
182 333
182 337
182 339
182 347
182 350
182 351
182 356
182 357
182 361
182 375
182 379
182 386
182 404
182 408
182 414
182 419
182 423
182 429
182 432
182 435
182 448
182 451
183 191
183 193
183 202
183 220
183 265
183 268
183 270
183 275
183 277
183 283
183 285
183 289
183 290
183 315
183 329
183 349
183 350
183 376
183 405
183 411
183 422
183 429
183 430
183 433
183 434
183 437
183 442
183 446
183 450
183 461
183 478
183 490
184 185
184 200
184 212
184 221
184 238
184 245
184 249
184 253
184 255
184 258
184 268
184 274
184 287
184 293
184 299
184 307
184 322
184 342
184 359
184 392
184 399
184 400
184 411
184 427
184 429
184 437
184 457
184 460
184 462
184 466
184 467
184 471
184 475
184 486
185 191
185 192
185 195
185 201
185 206
185 207
185 208
185 214
185 227
185 236
185 238
185 256
185 261
185 262
185 265
185 294
185 326
185 333
185 336
185 360
185 362
185 385
185 406
185 415
185 464
185 468
185 475
185 492
185 493
186 201
186 231
186 235
186 237
186 264
186 281
186 288
186 303
186 305
186 324
186 327
186 334
186 357
186 359
186 363
186 367
186 382
186 395
186 427
186 430
186 466
186 467
186 469
186 473
187 193
187 195
187 206
187 211
187 216
187 222
187 231
187 232
187 233
187 275
187 286
187 294
187 301
187 309
187 313
187 322
187 331
187 347
187 358
187 360
187 368
187 372
187 393
187 403
187 424
187 434
187 435
187 439
187 442
187 448
187 456
187 458
187 465
187 475
187 489
187 496
188 197
188 223
188 228
188 232
188 235
188 239
188 246
188 254
188 283
188 292
188 301
188 312
188 317
188 324
188 342
188 345
188 348
188 368
188 376
188 394
188 399
188 412
188 431
188 444
188 452
188 461
188 467
188 496
189 216
189 219
189 228
189 234
189 242
189 251
189 265
189 288
189 293
189 303
189 306
189 311
189 314
189 320
189 329
189 331
189 335
189 340
189 348
189 357
189 362
189 387
189 397
189 398
189 409
189 418
189 426
189 456
189 471
189 480
189 487
189 491
189 497
189 499
190 203
190 208
190 253
190 269
190 275
190 277
190 283
190 295
190 306
190 315
190 335
190 339
190 349
190 356
190 370
190 387
190 399
190 400
190 413
190 414
190 436
190 447
190 451
190 454
190 469
190 470
190 473
190 485
190 486
190 489
191 222
191 224
191 225
191 243
191 262
191 286
191 312
191 320
191 336
191 338
191 360
191 388
191 389
191 399
191 407
191 424
191 433
191 434
191 436
191 445
191 452
191 459
191 461
191 473
191 479
191 482
191 485
191 491
191 498
192 198
192 244
192 254
192 269
192 304
192 306
192 329
192 333
192 349
192 353
192 385
192 388
192 408
192 431
192 438
192 457
192 468
192 487
192 488
192 494
193 206
193 212
193 214
193 220
193 227
193 228
193 255
193 261
193 284
193 288
193 293
193 300
193 305
193 306
193 308
193 323
193 329
193 345
193 354
193 365
193 376
193 387
193 388
193 392
193 407
193 422
193 427
193 428
193 429
193 459
193 465
193 471
193 483
193 489
194 209
194 211
194 215
194 228
194 251
194 261
194 268
194 282
194 310
194 314
194 324
194 345
194 352
194 366
194 379
194 390
194 393
194 394
194 398
194 404
194 412
194 425
194 427
194 438
194 442
194 449
194 455
194 456
194 458
194 464
194 482
194 496
195 209
195 216
195 226
195 234
195 248
195 258
195 259
195 261
195 264
195 273
195 276
195 279
195 295
195 302
195 311
195 315
195 341
195 354
195 357
195 359
195 374
195 403
195 423
195 443
195 445
195 470
195 485
196 204
196 211
196 220
196 233
196 234
196 247
196 253
196 254
196 260
196 266
196 281
196 285
196 299
196 344
196 353
196 371
196 384
196 388
196 390
196 402
196 413
196 414
196 416
196 424
196 428
196 440
196 444
196 450
196 458
196 462
196 466
196 469
196 490
196 499
197 209
197 219
197 224
197 233
197 238
197 258
197 261
197 278
197 285
197 328
197 331
197 333
197 335
197 346
197 354
197 355
197 356
197 363
197 367
197 368
197 376
197 388
197 398
197 411
197 412
197 430
197 438
197 440
197 467
197 469
197 478
197 494
198 200
198 210
198 230
198 250
198 252
198 254
198 257
198 263
198 264
198 267
198 292
198 330
198 351
198 356
198 365
198 368
198 380
198 381
198 387
198 398
198 419
198 433
198 438
198 445
198 462
198 472
198 474
198 479
198 486
198 488
199 211
199 213
199 216
199 225
199 251
199 258
199 259
199 265
199 267
199 272
199 274
199 298
199 308
199 314
199 323
199 342
199 353
199 356
199 357
199 362
199 387
199 394
199 403
199 416
199 444
199 450
199 456
199 472
199 473
199 495
200 207
200 212
200 222
200 239
200 249
200 259
200 260
200 275
200 284
200 285
200 287
200 288
200 306
200 317
200 321
200 330
200 346
200 347
200 354
200 355
200 360
200 366
200 371
200 388
200 391
200 409
200 429
200 431
200 437
200 443
200 456
200 459
200 462
200 464
200 470
200 496
201 210
201 222
201 226
201 239
201 255
201 262
201 280
201 285
201 288
201 304
201 307
201 320
201 339
201 343
201 356
201 383
201 384
201 395
201 441
201 443
201 492
202 204
202 210
202 213
202 231
202 242
202 255
202 291
202 322
202 361
202 392
202 394
202 398
202 418
202 430
202 431
202 447
202 450
202 454
202 460
202 468
202 469
202 471
202 475
202 478
202 486
202 498
203 216
203 222
203 223
203 232
203 236
203 238
203 245
203 249
203 254
203 276
203 296
203 299
203 311
203 315
203 317
203 325
203 334
203 347
203 353
203 354
203 358
203 362
203 363
203 371
203 374
203 383
203 401
203 402
203 410
203 411
203 424
203 453
203 461
203 463
203 475
203 488
203 491
203 492
204 213
204 215
204 216
204 226
204 275
204 279
204 284
204 290
204 320
204 322
204 326
204 327
204 330
204 345
204 351
204 355
204 359
204 361
204 366
204 392
204 396
204 406
204 423
204 443
204 445
204 448
204 461
204 483
204 486
204 488
204 492
205 207
205 213
205 220
205 222
205 225
205 238
205 241
205 263
205 273
205 279
205 299
205 319
205 347
205 348
205 351
205 368
205 382
205 388
205 406
205 419
205 433
205 435
205 453
205 472
205 475
205 494
205 497
206 224
206 231
206 237
206 239
206 251
206 292
206 315
206 322
206 324
206 327
206 332
206 351
206 359
206 403
206 408
206 413
206 414
206 442
206 446
206 473
206 475
207 220
207 224
207 234
207 235
207 252
207 254
207 260
207 263
207 264
207 266
207 274
207 295
207 298
207 303
207 307
207 319
207 327
207 343
207 358
207 364
207 381
207 393
207 404
207 406
207 413
207 417
207 421
207 422
207 455
207 459
207 464
207 466
207 467
207 480
207 487
208 221
208 222
208 227
208 264
208 284
208 306
208 323
208 325
208 362
208 368
208 373
208 392
208 399
208 421
208 427
208 441
208 460
208 479
208 489
209 210
209 251
209 253
209 278
209 281
209 288
209 289
209 300
209 329
209 334
209 340
209 346
209 389
209 391
209 426
209 449
209 451
209 455
209 473
209 485
210 212
210 226
210 264
210 273
210 282
210 293
210 304
210 316
210 318
210 320
210 325
210 341
210 347
210 351
210 360
210 382
210 389
210 396
210 406
210 428
210 445
210 461
210 482
211 247
211 249
211 261
211 278
211 290
211 293
211 304
211 319
211 320
211 328
211 344
211 351
211 356
211 357
211 360
211 362
211 374
211 375
211 383
211 385
211 391
211 393
211 394
211 400
211 418
211 421
211 424
211 430
211 432
211 436
211 458
211 461
211 462
211 463
211 475
211 479
211 481
211 494
211 497
212 234
212 240
212 246
212 253
212 268
212 270
212 276
212 278
212 282
212 302
212 303
212 321
212 322
212 325
212 330
212 338
212 344
212 349
212 353
212 366
212 369
212 373
212 391
212 401
212 406
212 423
212 424
212 436
212 438
212 450
212 453
212 457
212 463
212 483
212 487
213 215
213 236
213 240
213 242
213 249
213 260
213 274
213 275
213 279
213 281
213 289
213 298
213 318
213 326
213 332
213 345
213 348
213 350
213 372
213 395
213 398
213 403
213 407
213 408
213 409
213 411
213 417
213 419
213 422
213 427
213 441
213 445
213 450
213 454
213 461
213 477
213 478
213 492
214 221
214 241
214 258
214 271
214 278
214 280
214 288
214 307
214 312
214 322
214 330
214 338
214 347
214 365
214 372
214 379
214 389
214 390
214 407
214 414
214 428
214 437
214 447
214 449
214 455
214 456
214 460
214 464
214 467
214 485
215 244
215 254
215 265
215 275
215 278
215 300
215 314
215 342
215 350
215 382
215 386
215 387
215 393
215 399
215 421
215 424
215 435
215 441
215 459
215 487
215 493
216 224
216 259
216 264
216 267
216 276
216 290
216 292
216 295
216 314
216 330
216 348
216 354
216 373
216 376
216 378
216 381
216 406
216 409
216 420
216 434
216 438
216 443
216 444
216 447
216 476
216 478
216 490
216 494
216 499
217 225
217 231
217 243
217 248
217 263
217 275
217 285
217 302
217 306
217 323
217 327
217 330
217 333
217 342
217 345
217 357
217 364
217 382
217 390
217 395
217 408
217 438
217 439
217 456
217 467
217 476
218 224
218 237
218 258
218 260
218 266
218 269
218 287
218 290
218 297
218 299
218 315
218 334
218 346
218 352
218 364
218 375
218 387
218 407
218 415
218 437
218 450
218 455
218 463
218 473
218 495
219 222
219 228
219 249
219 294
219 347
219 354
219 356
219 359
219 370
219 387
219 390
219 394
219 402
219 405
219 413
219 415
219 417
219 432
219 453
219 462
219 463
219 465
219 467
219 468
219 481
219 482
220 234
220 235
220 236
220 258
220 309
220 313
220 315
220 319
220 338
220 344
220 347
220 386
220 393
220 404
220 407
220 415
220 430
220 455
220 488
220 491
220 498
221 228
221 236
221 238
221 240
221 256
221 257
221 268
221 271
221 281
221 282
221 296
221 319
221 323
221 325
221 330
221 336
221 344
221 368
221 384
221 398
221 401
221 425
221 426
221 431
221 437
221 441
221 482
222 237
222 255
222 259
222 271
222 301
222 311
222 313
222 323
222 344
222 369
222 383
222 397
222 412
222 428
222 429
222 443
222 446
222 468
222 472
222 482
222 489
222 496
223 224
223 226
223 230
223 231
223 243
223 252
223 255
223 256
223 272
223 286
223 290
223 310
223 315
223 375
223 381
223 383
223 395
223 397
223 405
223 429
223 430
223 450
224 233
224 235
224 258
224 268
224 278
224 287
224 291
224 297
224 300
224 302
224 318
224 337
224 351
224 372
224 375
224 376
224 378
224 429
224 430
224 441
224 445
224 446
224 473
224 474
224 483
225 228
225 243
225 265
225 278
225 286
225 307
225 315
225 324
225 342
225 346
225 348
225 361
225 378
225 389
225 399
225 407
225 423
225 426
225 428
225 437
225 452
225 457
225 463
225 464
225 472
225 478
225 480
225 482
225 486
225 494
226 233
226 237
226 242
226 249
226 255
226 258
226 267
226 274
226 290
226 305
226 308
226 312
226 313
226 321
226 327
226 328
226 342
226 351
226 361
226 363
226 376
226 385
226 387
226 388
226 393
226 412
226 424
226 430
226 440
226 455
226 456
226 458
226 459
226 469
226 477
226 481
226 483
226 488
226 492
227 241
227 243
227 244
227 249
227 269
227 276
227 289
227 296
227 298
227 308
227 325
227 326
227 329
227 350
227 364
227 365
227 370
227 374
227 376
227 391
227 398
227 401
227 403
227 413
227 417
227 420
227 421
227 428
227 437
227 451
227 458
227 461
227 462
227 470
227 473
227 482
227 484
227 490
227 495
228 232
228 239
228 242
228 258
228 266
228 286
228 296
228 300
228 303
228 304
228 307
228 329
228 337
228 338
228 339
228 364
228 365
228 375
228 382
228 383
228 386
228 393
228 415
228 421
228 434
228 451
228 464
228 472
228 485
228 495
229 241
229 246
229 250
229 264
229 273
229 327
229 365
229 366
229 373
229 379
229 382
229 392
229 402
229 426
229 431
229 447
229 451
229 466
229 474
229 485
229 486
229 495
230 242
230 252
230 259
230 305
230 325
230 349
230 350
230 359
230 370
230 372
230 383
230 418
230 442
230 454
230 455
230 456
230 458
230 461
230 471
230 472
230 474
230 485
230 496
230 498
231 239
231 248
231 260
231 261
231 265
231 266
231 267
231 274
231 280
231 296
231 330
231 343
231 349
231 352
231 353
231 356
231 358
231 370
231 388
231 395
231 410
231 423
231 435
231 438
231 448
231 465
231 469
231 475
232 242
232 243
232 249
232 262
232 264
232 287
232 289
232 308
232 312
232 326
232 362
232 374
232 376
232 378
232 442
232 449
232 472
232 487
232 488
232 497
233 235
233 241
233 250
233 275
233 293
233 307
233 327
233 331
233 337
233 344
233 351
233 361
233 366
233 390
233 392
233 408
233 448
233 450
233 454
233 485
233 487
233 496
234 241
234 252
234 257
234 258
234 265
234 280
234 281
234 286
234 291
234 292
234 298
234 301
234 302
234 309
234 316
234 319
234 346
234 352
234 357
234 361
234 381
234 401
234 413
234 481
234 487
234 492
235 244
235 245
235 252
235 257
235 259
235 261
235 264
235 282
235 299
235 303
235 306
235 309
235 314
235 332
235 337
235 339
235 346
235 354
235 365
235 393
235 410
235 427
235 437
235 438
235 446
235 449
235 453
235 461
235 489
236 248
236 258
236 272
236 283
236 289
236 294
236 303
236 318
236 326
236 340
236 377
236 384
236 400
236 402
236 404
236 412
236 415
236 424
236 430
236 433
236 437
236 447
236 483
236 492
236 495
237 238
237 244
237 248
237 282
237 285
237 289
237 314
237 315
237 316
237 337
237 342
237 352
237 364
237 387
237 396
237 397
237 401
237 410
237 445
237 459
237 460
237 480
237 485
237 486
238 268
238 281
238 301
238 303
238 305
238 308
238 324
238 336
238 345
238 351
238 354
238 357
238 363
238 366
238 379
238 393
238 397
238 406
238 418
238 420
238 429
238 443
238 444
238 449
238 462
238 471
238 481
238 489
238 493
239 244
239 246
239 294
239 299
239 302
239 318
239 329
239 334
239 336
239 343
239 356
239 357
239 361
239 375
239 379
239 399
239 401
239 410
239 413
239 418
239 420
239 438
239 456
239 483
239 485
239 488
239 491
239 494
239 495
240 267
240 275
240 280
240 285
240 286
240 288
240 296
240 307
240 312
240 316
240 317
240 321
240 327
240 335
240 347
240 348
240 349
240 371
240 375
240 378
240 388
240 390
240 404
240 413
240 419
240 432
240 434
240 436
240 463
240 466
240 468
240 470
240 479
240 483
240 490
240 492
241 272
241 303
241 305
241 306
241 334
241 357
241 384
241 430
241 434
241 456
241 479
242 256
242 261
242 265
242 267
242 290
242 318
242 322
242 327
242 333
242 335
242 346
242 361
242 376
242 383
242 392
242 400
242 401
242 436
242 449
242 450
242 454
243 249
243 269
243 276
243 280
243 286
243 288
243 308
243 309
243 320
243 343
243 367
243 368
243 388
243 391
243 401
243 416
243 432
243 436
243 452
243 474
243 479
243 483
243 487
244 246
244 269
244 273
244 283
244 286
244 288
244 293
244 299
244 327
244 328
244 331
244 343
244 351
244 358
244 373
244 419
244 424
244 428
244 433
244 440
244 460
244 465
244 466
244 468
244 470
244 481
244 483
244 485
244 492
245 246
245 260
245 273
245 293
245 300
245 308
245 309
245 317
245 326
245 343
245 351
245 356
245 364
245 374
245 378
245 387
245 404
245 410
245 442
245 447
245 450
245 454
245 490
246 247
246 256
246 267
246 279
246 281
246 287
246 297
246 300
246 308
246 315
246 337
246 338
246 351
246 358
246 367
246 387
246 397
246 417
246 419
246 428
246 431
246 437
246 446
246 448
246 454
246 457
246 470
247 253
247 265
247 268
247 278
247 283
247 304
247 310
247 314
247 317
247 323
247 327
247 334
247 338
247 351
247 364
247 365
247 369
247 386
247 408
247 422
247 432
247 444
247 479
247 494
248 249
248 252
248 258
248 259
248 274
248 294
248 303
248 311
248 318
248 329
248 333
248 336
248 360
248 366
248 375
248 378
248 383
248 388
248 394
248 405
248 413
248 421
248 434
248 440
248 452
248 453
248 463
248 465
248 477
248 481
248 495
248 497
249 261
249 273
249 305
249 317
249 320
249 321
249 339
249 342
249 368
249 373
249 374
249 392
249 409
249 423
249 427
249 442
249 451
249 462
249 472
249 482
249 483
249 494
250 256
250 260
250 269
250 277
250 285
250 286
250 287
250 295
250 301
250 336
250 339
250 348
250 362
250 364
250 371
250 372
250 383
250 390
250 394
250 402
250 404
250 405
250 411
250 416
250 419
250 427
250 483
250 485
250 491
250 493
251 257
251 265
251 268
251 286
251 307
251 311
251 312
251 313
251 319
251 329
251 345
251 367
251 368
251 372
251 383
251 387
251 393
251 396
251 397
251 398
251 424
251 428
251 431
251 432
251 434
251 439
251 444
251 447
251 452
251 456
251 462
251 467
251 469
251 479
251 480
251 484
251 491
252 273
252 287
252 291
252 303
252 306
252 309
252 319
252 327
252 342
252 367
252 382
252 392
252 407
252 409
252 419
252 428
252 439
252 440
252 466
252 468
252 476
252 483
253 256
253 267
253 272
253 279
253 283
253 286
253 289
253 303
253 304
253 309
253 312
253 318
253 322
253 323
253 347
253 354
253 381
253 384
253 392
253 407
253 411
253 433
253 438
253 445
253 451
253 460
253 470
253 471
253 481
253 497
253 499
254 257
254 261
254 262
254 269
254 272
254 289
254 304
254 309
254 323
254 325
254 337
254 347
254 355
254 364
254 370
254 372
254 380
254 386
254 390
254 395
254 399
254 408
254 412
254 421
254 430
254 433
254 446
254 448
254 450
254 453
254 465
254 466
254 469
254 470
254 485
254 498
255 259
255 274
255 279
255 291
255 314
255 320
255 325
255 330
255 341
255 351
255 361
255 372
255 376
255 380
255 390
255 395
255 404
255 416
255 420
255 425
255 442
255 457
255 479
256 261
256 263
256 276
256 281
256 311
256 317
256 328
256 330
256 354
256 414
256 446
256 450
256 456
256 462
256 463
256 465
256 466
256 472
256 480
256 488
257 268
257 284
257 307
257 309
257 311
257 316
257 318
257 328
257 334
257 348
257 349
257 355
257 358
257 384
257 391
257 403
257 406
257 407
257 418
257 423
257 454
257 461
257 462
257 471
257 475
257 488
257 497
258 275
258 297
258 301
258 307
258 330
258 332
258 335
258 356
258 364
258 367
258 369
258 371
258 378
258 381
258 392
258 402
258 409
258 414
258 426
258 446
258 455
258 460
258 468
258 476
258 487
258 490
258 491
258 496
259 262
259 270
259 279
259 285
259 286
259 297
259 300
259 301
259 363
259 368
259 369
259 374
259 378
259 381
259 406
259 407
259 417
259 436
259 442
259 446
259 450
259 455
259 457
259 470
259 477
259 485
259 488
259 495
260 261
260 300
260 305
260 312
260 315
260 326
260 336
260 357
260 361
260 364
260 375
260 384
260 396
260 406
260 408
260 411
260 421
260 426
260 466
260 472
260 474
260 496
261 268
261 271
261 291
261 299
261 307
261 310
261 323
261 335
261 369
261 395
261 397
261 458
261 462
261 479
261 482
262 280
262 287
262 306
262 308
262 347
262 367
262 407
262 412
262 431
262 446
262 452
262 458
262 474
262 477
262 479
262 480
262 484
262 498
263 273
263 274
263 280
263 291
263 298
263 301
263 337
263 340
263 345
263 349
263 357
263 367
263 379
263 388
263 393
263 399
263 400
263 401
263 407
263 421
263 428
263 435
263 444
263 459
263 463
264 283
264 284
264 303
264 304
264 320
264 330
264 333
264 346
264 353
264 355
264 363
264 381
264 387
264 405
264 420
264 429
264 441
264 444
264 450
264 466
264 476
264 491
265 271
265 272
265 276
265 282
265 290
265 304
265 306
265 312
265 313
265 316
265 345
265 349
265 356
265 359
265 383
265 388
265 389
265 402
265 404
265 413
265 424
265 447
265 448
265 453
265 474
265 477
265 478
265 484
265 493
265 497
266 268
266 269
266 284
266 287
266 291
266 319
266 327
266 347
266 357
266 365
266 375
266 402
266 403
266 408
266 433
266 450
266 453
266 466
266 482
266 486
267 273
267 274
267 281
267 290
267 294
267 299
267 305
267 310
267 329
267 331
267 346
267 361
267 367
267 371
267 389
267 408
267 412
267 428
267 441
267 445
267 447
267 448
267 456
267 473
267 476
267 489
267 492
268 273
268 277
268 284
268 306
268 308
268 313
268 314
268 315
268 317
268 337
268 356
268 357
268 359
268 367
268 388
268 390
268 392
268 399
268 403
268 407
268 408
268 412
268 427
268 446
268 457
268 468
268 471
268 478
269 270
269 282
269 290
269 295
269 300
269 301
269 307
269 317
269 318
269 325
269 337
269 365
269 374
269 383
269 391
269 397
269 408
269 441
269 460
269 466
269 469
269 480
270 273
270 275
270 281
270 282
270 309
270 311
270 325
270 328
270 335
270 348
270 349
270 354
270 390
270 415
270 427
270 429
270 430
270 436
270 460
270 462
270 473
270 484
270 485
270 487
271 284
271 288
271 296
271 297
271 298
271 309
271 318
271 320
271 343
271 366
271 387
271 388
271 393
271 394
271 398
271 399
271 415
271 420
271 429
271 433
271 437
271 441
271 447
271 456
271 469
271 482
271 484
271 494
272 280
272 287
272 294
272 298
272 302
272 305
272 317
272 330
272 345
272 354
272 372
272 382
272 383
272 395
272 436
272 443
272 463
272 472
272 475
272 487
272 497
273 280
273 295
273 309
273 313
273 323
273 329
273 346
273 366
273 369
273 378
273 382
273 386
273 399
273 404
273 407
273 416
273 419
273 426
273 464
273 474
273 475
273 477
273 478
273 482
273 490
273 491
273 499
274 276
274 284
274 285
274 288
274 299
274 316
274 317
274 324
274 330
274 365
274 384
274 409
274 411
274 414
274 438
274 440
274 458
274 463
274 466
274 467
274 471
274 480
274 490
274 493
274 494
274 498
275 283
275 285
275 307
275 322
275 329
275 333
275 339
275 353
275 364
275 374
275 391
275 392
275 398
275 421
275 424
275 430
275 434
275 439
275 444
275 451
275 455
275 458
275 459
275 472
275 478
275 481
275 485
275 492
275 499
276 297
276 302
276 308
276 313
276 330
276 342
276 350
276 353
276 354
276 360
276 366
276 381
276 388
276 390
276 401
276 408
276 409
276 412
276 416
276 417
276 422
276 424
276 431
276 435
276 454
276 466
276 475
277 290
277 320
277 348
277 351
277 370
277 371
277 384
277 397
277 407
277 417
277 424
277 435
277 443
277 454
277 468
277 494
278 283
278 287
278 290
278 292
278 302
278 321
278 322
278 348
278 359
278 371
278 385
278 387
278 394
278 395
278 413
278 421
278 429
278 433
278 438
278 440
278 451
278 458
278 459
278 466
278 473
278 474
278 495
279 290
279 313
279 315
279 326
279 335
279 342
279 361
279 363
279 372
279 433
279 435
279 450
279 453
279 469
279 474
279 482
279 484
280 283
280 290
280 291
280 292
280 308
280 312
280 343
280 347
280 351
280 355
280 361
280 385
280 399
280 403
280 434
280 449
280 471
280 472
280 474
280 498
281 305
281 306
281 335
281 348
281 353
281 359
281 362
281 364
281 365
281 367
281 377
281 380
281 390
281 392
281 393
281 401
281 417
281 427
281 434
281 445
281 463
281 465
281 474
281 478
281 482
281 488
281 499
282 287
282 291
282 293
282 299
282 309
282 357
282 389
282 396
282 408
282 413
282 434
282 442
282 497
283 297
283 302
283 303
283 318
283 321
283 324
283 325
283 356
283 357
283 370
283 371
283 374
283 391
283 393
283 394
283 398
283 408
283 422
283 424
283 435
283 462
283 483
283 487
284 285
284 297
284 299
284 305
284 342
284 355
284 379
284 384
284 395
284 402
284 406
284 412
284 421
284 451
284 456
284 466
284 471
284 482
285 312
285 314
285 321
285 328
285 329
285 330
285 342
285 348
285 358
285 360
285 387
285 389
285 393
285 394
285 395
285 399
285 400
285 418
285 424
285 436
285 438
285 439
285 442
285 443
285 463
285 474
285 477
285 485
285 488
285 491
286 323
286 338
286 339
286 340
286 368
286 373
286 374
286 393
286 398
286 401
286 407
286 415
286 420
286 435
286 440
286 441
286 444
286 475
286 483
286 484
286 488
287 288
287 321
287 329
287 338
287 343
287 349
287 354
287 357
287 365
287 373
287 414
287 418
287 433
287 448
287 451
287 454
287 459
287 465
287 467
287 471
287 475
287 484
287 494
288 302
288 309
288 330
288 338
288 363
288 377
288 380
288 394
288 400
288 401
288 430
288 439
288 457
288 458
288 466
288 468
288 471
288 477
288 478
288 489
288 492
289 292
289 295
289 300
289 309
289 314
289 329
289 350
289 378
289 383
289 384
289 393
289 403
289 407
289 421
289 428
289 441
289 473
289 477
289 481
289 485
289 489
289 495
290 293
290 298
290 299
290 317
290 319
290 323
290 335
290 340
290 361
290 367
290 378
290 380
290 394
290 415
290 443
290 447
290 457
290 467
290 476
290 484
290 490
291 308
291 326
291 330
291 334
291 338
291 343
291 345
291 350
291 371
291 376
291 377
291 379
291 382
291 383
291 386
291 409
291 415
291 466
291 478
291 480
291 488
291 492
291 497
291 499
292 295
292 310
292 326
292 344
292 347
292 368
292 370
292 375
292 389
292 400
292 401
292 402
292 413
292 446
292 493
292 494
292 499
293 306
293 333
293 334
293 339
293 350
293 375
293 385
293 390
293 416
293 448
293 452
293 461
293 465
293 466
293 469
293 485
294 310
294 316
294 317
294 336
294 344
294 363
294 368
294 371
294 387
294 392
294 401
294 412
294 415
294 422
294 445
294 469
294 472
294 495
294 496
295 313
295 331
295 346
295 351
295 390
295 429
295 455
295 457
295 463
295 471
295 473
295 488
295 491
295 493
295 496
296 299
296 309
296 346
296 359
296 365
296 371
296 372
296 382
296 395
296 416
296 426
296 432
296 435
296 443
296 453
296 461
296 476
296 482
296 483
297 311
297 333
297 341
297 350
297 356
297 360
297 362
297 384
297 392
297 402
297 409
297 427
297 440
297 447
297 461
297 463
297 465
297 468
297 478
298 301
298 305
298 307
298 337
298 347
298 365
298 366
298 369
298 374
298 386
298 394
298 421
298 424
298 433
298 437
298 443
298 460
298 486
299 300
299 309
299 313
299 318
299 331
299 338
299 341
299 345
299 369
299 375
299 376
299 412
299 414
299 416
299 422
299 424
299 447
299 450
299 455
299 488
299 494
299 496
300 314
300 328
300 336
300 372
300 378
300 379
300 388
300 396
300 397
300 401
300 404
300 412
300 434
300 435
300 444
300 447
300 449
300 450
300 458
300 481
300 484
300 487
300 493
300 496
300 498
301 320
301 346
301 348
301 361
301 411
301 413
301 420
301 438
301 450
301 463
301 481
301 489
302 304
302 312
302 321
302 324
302 343
302 347
302 350
302 352
302 389
302 400
302 408
302 413
302 440
302 441
302 465
302 474
302 479
302 482
302 488
302 490
302 493
302 497
303 304
303 307
303 310
303 313
303 314
303 331
303 374
303 379
303 389
303 396
303 403
303 426
303 437
303 442
303 452
303 460
303 476
303 477
303 482
303 488
303 489
303 495
303 496
303 498
304 309
304 315
304 328
304 339
304 341
304 343
304 356
304 369
304 409
304 420
304 424
304 446
304 462
304 466
304 469
304 472
304 478
304 480
305 321
305 325
305 339
305 347
305 361
305 365
305 387
305 392
305 396
305 424
305 430
305 438
305 442
305 444
305 450
305 454
305 465
305 472
305 481
306 311
306 317
306 333
306 351
306 358
306 364
306 365
306 372
306 377
306 381
306 390
306 398
306 406
306 410
306 420
306 423
306 424
306 433
306 450
306 461
306 468
306 489
306 491
307 334
307 345
307 346
307 357
307 358
307 361
307 383
307 391
307 402
307 404
307 420
307 423
307 425
307 428
307 429
307 436
307 437
307 447
307 453
307 456
307 465
307 482
308 325
308 340
308 346
308 350
308 358
308 365
308 367
308 382
308 383
308 387
308 391
308 392
308 402
308 414
308 417
308 425
308 445
308 455
308 457
308 459
308 461
308 467
308 473
308 479
308 485
308 487
308 489
308 498
308 499
309 310
309 311
309 312
309 320
309 324
309 327
309 333
309 334
309 342
309 360
309 372
309 389
309 415
309 424
309 430
309 438
309 441
309 444
309 445
309 447
309 448
309 453
309 457
309 460
309 464
309 482
309 492
309 497
310 333
310 337
310 351
310 354
310 360
310 361
310 370
310 378
310 380
310 433
310 434
310 440
310 470
310 481
310 486
310 490
310 495
310 496
311 314
311 335
311 337
311 349
311 354
311 358
311 370
311 378
311 392
311 393
311 406
311 423
311 429
311 431
311 466
311 474
311 477
311 482
311 484
311 489
312 316
312 333
312 336
312 343
312 352
312 359
312 365
312 387
312 389
312 397
312 415
312 424
312 425
312 430
312 437
312 439
312 449
312 451
312 452
312 462
312 472
312 481
312 482
312 493
313 326
313 356
313 357
313 358
313 363
313 386
313 390
313 396
313 402
313 428
313 448
313 466
313 475
313 482
313 488
313 496
314 342
314 346
314 354
314 390
314 402
314 411
314 441
314 448
314 453
314 454
314 455
314 460
314 479
314 480
314 495
315 319
315 324
315 332
315 340
315 341
315 350
315 354
315 357
315 358
315 390
315 392
315 393
315 402
315 404
315 408
315 417
315 421
315 439
315 453
315 456
315 466
315 474
315 491
316 320
316 340
316 343
316 344
316 354
316 358
316 363
316 364
316 365
316 369
316 372
316 375
316 377
316 382
316 391
316 444
316 445
316 449
316 459
316 472
316 473
316 480
316 485
317 319
317 323
317 332
317 338
317 352
317 353
317 355
317 361
317 365
317 375
317 385
317 401
317 403
317 431
317 441
317 442
317 452
317 462
317 468
318 333
318 335
318 336
318 345
318 360
318 369
318 409
318 416
318 434
318 445
318 448
318 465
318 466
318 486
318 487
318 491
318 497
319 350
319 374
319 394
319 409
319 419
319 425
319 426
319 439
319 455
319 464
319 466
319 468
319 472
319 481
319 488
319 499
320 332
320 340
320 342
320 345
320 357
320 358
320 361
320 368
320 377
320 381
320 382
320 429
320 455
320 465
320 472
320 480
320 495
320 496
320 498
321 325
321 330
321 333
321 339
321 344
321 346
321 371
321 372
321 382
321 383
321 386
321 397
321 399
321 406
321 407
321 410
321 411
321 413
321 422
321 430
321 463
321 469
321 470
321 474
321 475
321 492
322 340
322 344
322 375
322 381
322 388
322 416
322 417
322 480
322 486
322 488
322 490
322 497
322 498
323 333
323 349
323 354
323 355
323 356
323 377
323 386
323 389
323 393
323 400
323 449
323 461
323 464
323 470
323 479
323 486
323 492
323 493
323 499
324 359
324 387
324 392
324 398
324 402
324 404
324 408
324 433
324 437
324 446
324 456
324 459
324 466
324 467
324 468
324 475
324 479
324 490
324 497
325 329
325 336
325 338
325 356
325 361
325 376
325 386
325 389
325 402
325 404
325 416
325 418
325 419
325 421
325 423
325 425
325 444
325 461
325 475
326 336
326 339
326 354
326 362
326 364
326 395
326 402
326 411
326 429
326 447
326 458
326 459
326 465
326 472
326 476
326 480
326 483
326 495
327 342
327 344
327 347
327 351
327 355
327 357
327 370
327 378
327 387
327 413
327 422
327 424
327 443
327 448
327 456
327 464
327 465
327 475
327 488
328 332
328 349
328 359
328 363
328 374
328 377
328 392
328 397
328 425
328 448
328 460
328 476
328 497
329 338
329 344
329 355
329 379
329 382
329 388
329 395
329 402
329 408
329 416
329 422
329 429
329 430
329 441
329 452
329 469
329 472
329 483
329 491
329 499
330 344
330 351
330 365
330 370
330 372
330 373
330 379
330 391
330 401
330 402
330 415
330 419
330 434
330 448
330 462
330 466
330 469
330 471
330 473
330 485
330 495
331 335
331 355
331 385
331 390
331 406
331 411
331 415
331 427
331 431
331 456
331 470
331 471
331 489
331 497
332 346
332 347
332 372
332 386
332 410
332 414
332 429
332 440
332 459
332 465
332 471
333 336
333 350
333 354
333 359
333 364
333 381
333 415
333 418
333 420
333 426
333 442
333 455
333 458
333 481
333 483
333 486
334 338
334 341
334 353
334 361
334 380
334 389
334 393
334 397
334 412
334 413
334 417
334 423
334 432
334 442
334 444
334 465
334 469
334 479
334 492
334 495
335 340
335 345
335 352
335 378
335 390
335 415
335 420
335 421
335 429
335 432
335 434
335 454
335 458
335 461
335 475
335 479
335 485
335 492
335 493
335 496
335 497
336 340
336 351
336 355
336 368
336 372
336 377
336 380
336 396
336 404
336 407
336 423
336 429
336 436
336 443
336 447
336 456
336 462
336 467
336 483
336 486
336 493
337 343
337 359
337 381
337 386
337 392
337 393
337 405
337 406
337 419
337 426
337 438
337 445
337 449
337 454
337 455
337 459
337 461
337 469
337 487
337 491
337 495
337 499
338 341
338 352
338 364
338 365
338 367
338 393
338 396
338 407
338 416
338 424
338 431
338 440
338 450
338 471
338 473
338 499
339 352
339 364
339 367
339 378
339 405
339 436
339 437
339 442
339 451
339 458
339 466
339 472
339 477
339 484
339 490
339 496
340 351
340 359
340 366
340 373
340 375
340 385
340 388
340 405
340 409
340 411
340 419
340 425
340 438
340 444
340 454
340 456
340 475
340 493
341 351
341 353
341 361
341 411
341 420
341 440
341 445
341 448
341 482
341 489
341 492
341 498
342 347
342 354
342 356
342 363
342 373
342 381
342 383
342 386
342 398
342 450
342 456
342 461
342 486
342 492
343 345
343 349
343 358
343 359
343 364
343 365
343 380
343 383
343 396
343 400
343 408
343 418
343 428
343 442
343 451
343 485
343 486
343 488
344 350
344 352
344 361
344 381
344 388
344 392
344 396
344 398
344 404
344 410
344 423
344 447
345 350
345 352
345 356
345 382
345 405
345 421
345 463
345 474
345 476
345 489
345 495
346 347
346 362
346 366
346 380
346 400
346 409
346 418
346 424
346 425
346 442
346 458
346 465
346 482
346 493
346 494
346 496
347 382
347 385
347 386
347 388
347 397
347 399
347 412
347 416
347 421
347 427
347 429
347 430
347 446
347 477
347 492
347 493
347 495
348 353
348 357
348 370
348 385
348 387
348 391
348 401
348 406
348 411
348 414
348 431
348 435
348 444
348 451
348 457
348 484
348 495
349 350
349 359
349 374
349 395
349 407
349 409
349 421
349 434
349 451
349 460
349 475
349 477
349 492
350 401
350 402
350 404
350 436
350 437
350 459
350 460
351 355
351 357
351 363
351 366
351 371
351 384
351 385
351 394
351 396
351 398
351 421
351 422
351 423
351 424
351 440
351 454
351 479
351 482
351 494
352 366
352 374
352 376
352 382
352 388
352 397
352 411
352 414
352 416
352 432
352 434
352 476
352 479
352 483
352 496
352 499
353 359
353 371
353 372
353 389
353 394
353 395
353 404
353 410
353 420
353 421
353 435
353 438
353 443
353 450
353 464
353 466
353 476
353 480
353 485
353 487
353 496
354 361
354 387
354 398
354 404
354 459
354 484
354 490
354 491
355 378
355 400
355 404
355 425
355 426
355 429
355 435
355 465
355 496
356 379
356 389
356 392
356 394
356 397
356 400
356 403
356 410
356 413
356 419
356 435
356 445
356 453
356 461
356 463
356 470
356 484
356 492
356 493
357 362
357 373
357 374
357 405
357 409
357 411
357 415
357 421
357 424
357 426
357 435
357 436
357 456
357 464
357 465
357 468
357 470
357 477
357 499
358 371
358 378
358 381
358 401
358 402
358 407
358 413
358 414
358 416
358 427
358 432
358 447
358 450
358 459
358 467
358 471
358 475
358 494
358 495
359 379
359 386
359 389
359 401
359 404
359 429
359 432
359 443
359 447
359 489
359 491
359 493
359 497
360 362
360 374
360 383
360 391
360 399
360 425
360 427
360 446
360 448
360 458
360 461
360 477
361 362
361 365
361 371
361 395
361 414
361 431
361 436
361 449
361 469
361 479
361 480
361 483
361 484
361 494
361 498
362 389
362 396
362 404
362 409
362 412
362 429
362 433
362 434
362 443
362 444
362 445
362 476
362 483
363 370
363 381
363 390
363 415
363 425
363 435
363 456
363 463
363 481
363 489
363 498
364 374
364 383
364 396
364 402
364 445
364 467
364 474
365 373
365 388
365 390
365 395
365 423
365 437
365 447
365 449
365 451
365 453
365 454
365 465
365 474
365 476
365 481
365 482
366 369
366 379
366 380
366 388
366 389
366 403
366 406
366 415
366 437
366 441
366 446
366 479
366 484
367 368
367 373
367 383
367 396
367 407
367 415
367 417
367 420
367 438
367 439
367 440
367 452
367 476
367 496
368 401
368 410
368 417
368 424
368 439
368 441
368 452
368 467
368 472
368 475
368 498
369 389
369 397
369 403
369 412
369 429
369 432
369 439
369 457
369 491
369 494
369 496
370 372
370 375
370 383
370 384
370 391
370 393
370 402
370 454
370 459
371 381
371 394
371 405
371 407
371 422
371 426
371 427
371 431
371 432
371 435
371 436
371 447
371 450
371 464
371 469
371 476
371 481
371 483
372 380
372 403
372 409
372 413
372 414
372 444
372 453
372 459
372 472
372 476
372 477
372 490
373 374
373 376
373 380
373 397
373 409
373 411
373 417
373 419
373 423
373 428
373 434
373 441
373 467
373 469
373 476
374 379
374 384
374 396
374 401
374 402
374 410
374 427
374 434
374 442
374 443
374 457
374 465
374 470
374 471
374 498
375 386
375 391
375 406
375 417
375 458
375 468
375 472
375 473
375 483
375 486
375 487
375 490
375 495
375 498
376 391
376 428
376 429
376 431
376 432
376 442
376 444
376 464
376 466
376 472
376 474
376 480
376 486
376 488
376 494
376 497
377 409
377 414
377 425
377 454
377 458
377 467
377 494
378 384
378 385
378 388
378 392
378 400
378 408
378 416
378 430
378 433
378 434
378 441
378 444
378 470
378 473
378 482
379 388
379 424
379 426
379 432
379 439
379 440
379 443
379 475
379 483
379 493
379 498
380 384
380 385
380 388
380 390
380 395
380 399
380 404
380 415
380 421
380 455
380 456
380 469
380 473
380 477
380 498
381 401
381 410
381 416
381 423
381 457
381 462
381 464
381 476
381 484
382 394
382 417
382 422
382 423
382 443
382 456
382 476
383 396
383 408
383 441
383 445
383 449
383 450
383 460
383 461
383 472
383 491
383 499
384 385
384 397
384 405
384 417
384 442
384 445
384 449
384 453
384 457
384 468
384 473
384 483
385 417
385 422
385 432
385 433
385 443
385 444
385 445
385 455
385 458
385 468
385 471
385 473
385 498
386 401
386 403
386 404
386 438
386 465
386 466
386 471
386 477
386 484
387 410
387 449
387 461
387 475
387 489
387 497
388 399
388 408
388 424
388 441
388 447
388 451
388 456
388 458
388 467
388 469
388 471
388 472
388 483
388 484
388 491
389 390
389 393
389 423
389 444
389 449
389 451
389 455
389 464
389 466
390 410
390 417
390 424
390 434
390 436
390 454
390 470
390 478
390 492
390 496
391 392
391 416
391 417
391 419
391 432
391 442
391 448
391 454
391 460
391 471
391 499
392 396
392 408
392 414
392 421
392 423
392 429
392 432
392 442
392 448
392 455
392 474
392 481
392 487
393 420
393 421
393 438
393 444
393 446
393 449
393 456
393 468
393 488
394 410
394 415
394 417
394 437
394 440
394 447
394 455
394 461
394 472
394 475
394 492
394 496
394 497
395 403
395 406
395 407
395 410
395 419
395 425
395 428
395 431
395 449
395 454
395 457
395 466
395 471
395 492
396 397
396 399
396 428
396 438
396 439
396 450
396 457
396 469
396 490
396 492
397 401
397 419
397 454
397 458
397 460
397 461
397 469
397 475
397 488
397 496
398 408
398 418
398 437
398 440
398 445
398 450
398 455
398 465
398 482
399 420
399 422
399 451
399 456
399 461
399 494
399 498
400 420
400 453
400 465
400 474
400 487
401 409
401 421
401 437
401 449
401 450
401 457
401 460
401 468
401 476
401 480
401 483
401 485
401 497
402 420
402 421
402 435
402 450
402 469
402 470
402 489
403 410
403 414
403 417
403 422
403 430
403 479
403 492
404 406
404 407
404 428
404 449
404 462
404 465
404 469
404 482
405 406
405 420
405 424
405 427
405 428
405 429
405 435
405 436
405 437
405 442
405 464
405 476
405 481
406 411
406 419
406 428
406 429
406 431
406 441
406 447
406 451
406 492
406 494
407 417
407 418
407 476
408 413
408 414
408 417
408 419
408 455
408 461
408 463
408 485
409 413
409 416
409 421
409 434
409 436
409 437
409 444
409 447
409 463
409 468
409 498
410 418
410 442
410 445
410 451
410 467
410 469
410 471
410 477
410 478
410 480
410 497
411 418
411 425
411 434
411 435
411 437
411 445
411 453
411 459
411 460
411 478
411 489
411 490
411 498
412 421
412 431
412 436
412 451
412 464
412 471
412 486
413 488
413 492
414 427
414 436
414 447
414 457
414 488
414 489
414 499
415 417
415 418
415 427
415 447
415 449
415 464
415 471
415 494
416 420
416 421
416 429
416 433
416 444
416 465
416 467
416 469
416 470
416 485
416 491
417 437
417 446
417 456
417 458
417 482
417 499
418 425
418 429
418 445
418 451
418 464
418 473
418 488
419 424
419 445
419 452
419 467
419 475
420 423
420 440
420 447
420 453
420 468
420 473
420 482
421 431
421 434
421 448
421 457
421 468
421 473
421 488
421 492
422 423
422 425
422 433
422 435
422 452
422 462
422 469
422 491
422 496
423 425
423 428
423 433
423 442
423 443
423 466
423 486
423 491
423 495
424 436
424 452
424 454
424 460
424 462
424 479
424 480
424 496
424 499
425 426
425 434
425 445
425 465
425 499
426 438
426 450
426 462
426 480
426 486
426 487
426 496
427 436
427 441
427 448
427 469
427 470
427 485
427 492
428 431
428 436
428 455
428 462
428 482
429 439
429 440
429 444
429 452
429 466
429 469
429 494
430 443
430 456
430 478
430 482
431 449
431 479
431 480
431 495
431 497
432 435
432 440
432 445
432 449
432 459
432 484
432 496
433 438
433 450
433 455
433 466
433 468
433 470
434 435
434 437
434 438
434 442
434 443
434 460
434 471
434 481
434 485
434 487
435 437
435 446
435 455
435 465
435 470
435 478
435 492
435 495
436 458
436 493
436 494
437 443
437 456
437 459
437 475
437 493
437 496
437 499
438 449
438 454
438 464
438 487
438 494
439 465
439 470
439 475
439 485
439 490
439 492
439 494
440 441
440 446
440 473
441 458
441 459
441 463
441 477
441 479
442 451
442 475
442 487
442 494
443 447
443 459
443 464
443 477
443 491
444 447
444 457
444 471
444 477
444 481
444 486
444 491
444 498
445 448
445 465
445 469
445 473
445 491
446 450
446 456
446 459
446 461
446 467
446 487
446 492
447 453
447 465
447 467
447 472
447 479
447 490
447 493
447 495
448 453
448 463
448 478
448 485
448 488
449 460
449 466
449 469
449 492
450 482
451 452
451 457
451 467
451 469
451 480
451 483
451 494
452 454
452 459
452 468
453 466
453 477
453 478
453 480
453 489
453 493
453 496
453 498
454 455
454 462
454 463
454 464
454 465
454 479
455 460
455 467
455 483
455 493
455 496
456 462
456 471
456 472
456 480
456 497
456 498
457 471
457 476
457 477
457 480
457 486
458 468
458 472
458 474
458 477
458 484
458 487
458 492
458 497
459 461
459 470
459 473
459 496
460 469
460 477
460 479
460 497
461 494
462 463
462 466
462 482
463 487
463 499
464 467
464 474
464 491
464 498
465 470
465 487
465 497
466 475
466 487
466 490
466 494
467 473
467 488
468 470
468 471
468 475
468 482
468 495
468 499
469 470
469 476
469 482
469 492
470 474
470 492
471 497
473 478
473 483
474 486
474 489
474 491
474 492
476 491
476 496
476 499
477 492
477 493
478 480
479 493
479 495
480 487
480 491
481 484
481 495
482 498
483 488
483 497
484 489
484 493
485 493
485 494
486 499
487 491
488 491
488 493
489 490
489 492
490 496
491 493
491 498
493 497
493 498
495 499
