0 298
0 367
0 450
1 112
1 249
1 320
2 142
2 149
2 194
2 223
2 258
3 66
3 138
3 166
3 218
3 281
3 418
4 50
4 198
4 254
5 99
5 197
5 257
5 286
5 299
5 407
6 193
6 211
6 390
6 463
6 472
7 118
7 263
7 270
8 64
8 211
8 402
9 134
9 182
9 216
9 272
9 349
10 254
10 257
10 344
10 386
10 430
11 157
11 175
11 178
11 253
11 274
13 78
13 206
13 375
13 455
13 475
14 36
14 71
14 97
14 165
14 213
14 335
15 38
15 67
15 158
15 193
15 449
15 457
16 76
16 95
16 186
16 237
16 297
16 390
17 78
17 173
17 444
18 166
18 226
18 276
18 285
18 318
18 340
18 480
19 68
19 133
19 217
19 249
19 283
19 347
19 444
20 88
20 180
20 206
20 253
20 310
20 331
20 461
21 255
22 173
22 303
23 67
23 72
23 91
23 176
23 262
23 341
23 359
23 424
24 176
24 252
24 429
25 44
25 126
25 321
26 78
26 81
26 126
26 419
27 285
27 291
27 370
28 63
29 167
29 308
30 97
30 140
30 153
30 208
30 248
30 261
30 375
30 465
31 92
31 166
31 345
31 347
31 411
31 475
32 237
32 296
33 57
33 190
33 269
33 396
34 56
34 200
34 249
34 473
35 52
35 217
35 312
35 345
35 487
36 356
37 86
37 112
37 113
38 40
38 222
38 253
38 299
38 325
38 421
38 453
39 49
39 142
39 152
39 215
39 224
39 346
39 378
39 382
39 404
40 97
40 153
40 169
40 368
41 179
41 313
41 329
41 341
41 440
41 465
41 473
42 462
43 185
44 170
44 184
44 258
44 444
44 454
45 195
45 211
45 379
45 433
46 69
46 99
46 376
47 67
47 111
47 122
47 128
47 201
47 350
47 400
48 58
48 351
48 488
49 216
49 239
49 416
50 211
51 102
51 259
51 330
51 463
52 293
52 490
53 294
53 327
53 452
54 119
54 158
54 165
54 259
55 141
55 216
55 276
56 182
56 343
56 352
56 422
57 111
57 219
57 491
58 63
58 182
58 212
58 254
58 328
58 461
58 463
59 119
59 266
59 307
59 347
60 82
60 94
60 321
60 335
60 377
61 185
61 209
61 212
61 287
61 335
61 401
62 229
62 415
62 448
62 481
63 208
63 320
63 341
63 398
63 419
64 97
64 123
64 416
65 161
65 250
65 253
65 272
66 226
66 287
66 417
67 68
67 111
67 202
67 225
67 323
67 333
67 406
68 201
68 259
68 264
68 363
69 127
69 164
69 291
69 355
70 75
70 303
70 368
70 369
71 129
71 168
71 376
71 433
71 467
72 192
72 239
72 269
72 283
73 88
73 165
73 363
73 386
74 86
74 355
75 103
75 139
75 145
75 154
75 331
75 395
75 396
75 468
76 91
76 157
76 189
76 200
76 280
76 282
77 92
77 474
78 276
78 301
78 346
78 374
78 485
79 137
79 217
79 288
79 296
79 342
79 467
79 474
80 159
80 343
80 349
80 389
81 104
81 123
81 126
81 135
81 162
81 165
81 173
81 366
81 493
82 89
82 92
82 346
82 415
83 430
83 467
83 482
84 95
84 224
84 285
84 399
85 91
85 160
85 298
85 339
85 386
86 131
86 293
86 314
86 440
87 193
87 293
88 200
88 205
88 254
89 120
89 157
89 181
89 220
89 252
89 293
89 362
89 389
89 490
90 103
90 467
91 209
91 341
91 391
92 220
92 254
92 310
92 337
92 406
92 419
92 436
93 158
93 226
93 448
94 171
94 235
94 271
94 290
94 329
94 466
95 103
95 126
95 179
95 230
95 406
95 445
96 164
96 166
96 311
96 432
97 138
97 142
97 198
97 280
98 234
98 240
98 416
99 335
99 432
100 233
101 274
101 285
101 311
102 187
102 243
102 288
102 482
103 140
103 185
103 250
103 287
103 294
103 341
103 373
104 140
104 239
104 414
104 474
105 126
105 163
105 307
106 129
106 210
106 266
106 408
106 461
107 270
107 288
107 346
107 402
107 432
107 470
108 170
108 348
109 172
109 338
109 342
109 361
109 426
110 141
110 147
110 209
110 424
112 255
112 479
113 365
114 347
114 348
114 355
114 422
114 427
114 457
114 463
114 471
115 227
115 388
115 409
116 170
116 203
116 357
116 455
117 292
118 141
118 397
118 480
119 199
119 213
119 420
119 471
119 492
120 146
120 163
120 393
120 428
120 468
120 470
120 485
121 254
121 310
121 427
121 448
121 458
121 493
122 141
122 302
122 361
122 389
122 493
123 161
123 340
123 392
123 393
124 181
124 306
124 372
124 415
124 418
125 225
125 374
126 170
126 218
126 318
126 358
126 368
126 448
126 462
126 494
127 172
127 178
127 193
127 371
127 445
129 150
129 237
129 316
130 158
130 326
130 355
130 448
131 165
131 214
131 269
132 226
132 238
132 314
133 165
133 236
133 256
133 329
133 398
134 385
134 402
134 416
135 323
135 456
136 204
136 226
136 270
136 418
137 210
137 271
137 356
137 499
138 178
138 285
138 298
138 313
138 387
139 219
139 230
139 332
139 398
139 420
139 456
140 313
140 366
141 433
142 440
142 484
144 355
144 390
144 431
144 486
145 247
145 453
146 484
147 276
147 278
147 383
147 469
148 197
148 283
148 358
149 192
149 309
149 319
149 320
150 165
150 329
150 367
150 426
151 195
151 204
151 217
151 273
151 332
151 419
151 468
153 163
153 369
153 401
154 293
154 297
154 426
154 436
155 340
156 161
156 293
156 294
156 341
156 377
157 200
157 208
157 249
157 314
157 360
158 302
158 328
158 333
158 383
158 405
158 442
158 477
159 187
159 321
160 441
160 446
161 174
161 409
161 438
161 475
161 494
162 398
162 400
162 408
162 430
162 472
163 179
163 458
164 271
164 473
164 499
165 203
165 216
165 218
165 231
165 411
166 195
166 345
166 346
166 401
166 427
167 216
167 254
167 289
168 213
168 233
168 259
168 282
168 363
168 419
168 428
169 179
169 193
169 430
170 187
170 273
170 468
170 485
171 253
171 270
171 423
171 460
171 462
172 222
172 251
172 273
172 366
172 393
172 417
173 174
173 206
173 221
173 352
173 433
173 452
174 195
174 264
174 389
176 244
176 262
176 286
176 328
176 412
177 445
178 466
179 295
180 236
180 426
181 182
181 234
181 357
181 369
181 418
181 467
181 480
182 196
182 372
182 395
182 454
182 476
183 218
183 488
184 389
184 496
185 201
185 247
185 254
185 313
185 429
187 209
187 245
187 342
187 362
188 339
190 200
190 382
190 459
191 232
191 421
191 475
192 215
192 239
192 441
192 453
193 212
193 254
193 275
193 371
193 397
194 235
194 333
194 382
195 464
196 257
196 293
197 212
197 240
197 242
197 304
197 387
197 388
197 391
197 412
197 477
198 287
198 484
199 422
199 444
200 213
200 228
200 235
200 474
201 210
201 270
201 278
201 415
201 499
202 424
202 426
202 452
202 471
203 318
203 433
203 448
204 400
204 458
205 267
205 482
205 491
207 341
207 490
208 261
208 275
208 345
208 371
209 483
211 216
211 323
211 338
211 416
211 488
212 226
212 302
212 388
212 423
213 265
213 414
213 446
213 450
214 226
214 229
214 249
214 360
214 472
215 256
215 298
215 450
216 222
216 402
216 441
216 490
217 235
217 283
218 329
219 245
219 291
219 352
220 259
220 287
220 419
221 341
222 239
222 435
222 460
223 345
223 433
223 493
224 333
224 368
224 410
225 248
225 297
225 430
226 350
227 350
227 388
227 499
228 273
228 317
228 460
229 467
230 426
230 430
231 273
231 344
231 412
232 250
232 353
232 439
233 365
233 447
234 236
234 267
235 354
235 373
235 446
235 468
236 372
236 392
236 444
236 448
237 299
238 294
238 407
238 419
238 475
239 254
240 262
240 389
241 452
242 315
243 307
243 315
243 333
243 499
244 276
244 359
244 483
246 255
247 387
247 454
248 261
248 291
248 362
249 305
249 346
249 486
250 302
250 354
251 275
251 278
251 350
251 353
251 451
251 471
252 325
252 336
252 467
253 494
254 342
254 367
255 423
256 317
256 328
257 305
257 346
258 479
259 273
259 277
259 431
259 475
260 352
260 406
260 447
260 488
261 319
261 387
261 423
261 472
262 305
262 365
262 496
263 355
263 369
263 422
264 339
264 395
264 447
264 449
265 300
265 326
265 330
265 399
265 413
265 469
266 390
267 376
267 403
267 482
268 287
268 289
269 358
270 421
270 423
270 446
270 495
271 387
272 297
273 312
273 363
274 412
274 433
275 314
275 395
276 302
277 333
277 370
277 486
278 293
279 283
279 451
280 315
280 476
281 404
281 495
282 302
282 474
283 325
284 391
284 445
285 334
285 389
285 464
286 344
286 418
286 447
286 475
287 295
287 300
287 376
287 433
288 300
288 485
289 319
289 427
289 441
290 342
290 428
291 303
291 330
291 370
292 309
292 329
292 406
292 425
293 313
293 343
293 366
293 465
293 496
294 316
294 319
294 325
294 412
294 424
294 432
295 415
295 420
295 471
295 482
296 451
296 492
297 303
297 401
297 424
298 316
299 311
300 329
300 449
302 326
302 369
303 347
303 350
303 369
303 494
305 390
306 333
307 330
307 351
308 412
308 422
308 432
309 444
310 382
310 391
311 467
312 348
313 434
314 328
314 404
315 355
316 461
317 389
317 454
317 499
318 368
318 442
319 352
319 414
320 433
320 455
321 400
321 452
321 474
322 370
322 389
322 418
323 457
323 477
323 491
324 347
324 424
325 397
325 403
327 465
328 427
329 346
329 447
330 334
330 424
331 384
332 424
332 493
332 494
333 372
334 338
334 377
334 380
334 498
335 452
336 473
337 413
338 360
338 409
338 493
340 474
340 490
342 402
343 440
343 481
344 375
344 462
345 453
345 454
347 462
348 429
349 481
353 383
354 490
355 379
355 394
356 375
356 407
357 421
358 473
359 373
360 415
360 492
361 370
361 425
361 479
361 485
361 498
362 410
362 425
363 472
365 372
365 389
365 455
366 375
367 442
368 445
369 479
370 407
371 404
372 473
372 476
375 432
375 488
376 387
377 423
377 447
378 433
381 434
386 428
387 469
388 459
388 469
389 457
389 461
390 392
391 482
392 474
393 459
393 474
393 486
394 435
394 475
396 442
396 450
397 419
397 428
398 489
399 421
399 448
399 452
400 401
400 498
402 480
403 415
403 441
403 482
405 484
406 467
406 498
407 481
408 470
409 471
410 456
410 486
411 485
411 492
414 446
414 497
415 434
415 453
415 472
415 492
416 449
416 473
417 479
419 474
420 434
422 486
424 439
424 447
425 440
427 466
429 475
429 480
431 445
431 453
432 496
433 458
433 468
433 479
433 493
436 457
436 498
437 454
441 453
442 474
442 478
442 479
442 496
445 467
447 478
448 461
448 471
449 453
456 462
457 466
459 480
462 465
466 499
469 490
471 478
474 495
479 482
