0 28
0 113
0 162
0 168
0 305
0 375
0 418
0 425
0 451
1 96
1 210
1 239
1 287
2 11
2 18
2 93
2 149
2 162
2 260
2 407
3 223
3 403
3 456
4 112
4 179
4 223
4 303
4 398
5 48
5 112
5 205
5 211
5 273
5 382
5 453
5 486
5 491
6 94
6 112
6 156
6 395
6 431
6 438
6 456
7 83
7 395
8 95
8 261
9 308
9 342
9 403
9 442
10 45
10 146
10 170
10 233
10 373
11 132
11 212
11 338
11 486
12 13
12 101
12 397
12 477
13 141
13 459
14 112
14 220
14 359
15 24
15 87
15 306
15 307
15 367
15 487
16 101
16 207
16 287
16 350
16 441
16 477
17 257
17 423
17 429
17 441
17 463
18 34
18 101
18 210
18 347
18 357
19 155
19 330
19 367
20 50
20 372
21 27
21 328
21 365
21 394
22 83
22 91
23 114
23 407
23 416
23 466
24 84
24 95
24 181
24 236
24 342
24 490
25 40
25 58
25 131
25 175
25 236
25 259
25 260
25 298
25 302
25 439
26 121
26 130
26 173
26 205
26 279
26 309
26 482
26 488
27 97
27 215
27 282
28 71
28 89
28 109
28 112
28 359
29 193
30 77
30 198
30 249
30 346
30 384
31 82
31 92
31 193
31 282
31 284
31 333
31 401
32 150
32 280
32 329
32 360
32 424
32 483
33 217
33 237
33 262
33 275
33 419
34 41
34 113
34 130
34 158
34 202
34 222
34 349
34 395
34 497
35 162
35 269
35 334
35 368
35 415
35 421
36 46
36 47
36 60
36 80
36 86
36 139
36 202
36 359
36 481
37 149
37 155
37 176
37 245
37 321
38 73
38 100
38 134
38 180
38 250
38 259
39 92
39 293
39 346
39 372
40 95
40 120
40 151
40 210
40 320
40 325
40 341
40 409
41 120
41 122
41 424
41 476
42 71
42 103
42 121
42 142
42 163
42 282
42 306
42 349
42 433
43 125
43 148
43 224
43 225
43 323
43 487
44 208
44 354
44 362
44 405
45 71
45 344
46 196
46 201
46 215
47 54
47 97
47 106
47 353
48 186
48 256
48 309
48 463
49 104
49 237
49 331
49 430
49 496
50 297
50 443
50 451
51 220
51 228
51 244
51 441
52 85
52 137
52 190
52 232
52 482
52 488
53 259
53 305
54 462
55 284
55 291
55 341
55 358
55 457
55 487
55 492
56 196
56 284
56 421
57 100
57 102
57 136
57 178
57 267
57 281
57 358
57 384
57 408
58 131
58 140
58 174
58 318
58 381
58 463
59 201
59 258
60 138
60 237
60 348
61 63
61 68
61 228
61 251
61 390
61 442
62 160
62 247
62 257
62 322
62 355
62 374
62 492
63 91
63 220
64 138
64 402
65 143
65 293
65 370
65 468
65 474
66 69
66 80
66 99
66 120
66 134
66 141
66 233
66 286
66 300
66 316
66 373
66 382
67 119
67 130
67 180
67 230
67 265
67 424
67 493
68 216
68 263
68 432
69 459
70 103
70 122
70 123
70 142
70 213
70 256
70 290
70 319
70 337
71 188
71 246
71 280
71 290
71 454
72 102
72 447
72 463
73 221
73 241
73 475
73 480
74 238
74 344
74 364
74 404
74 482
75 175
75 231
75 289
75 328
75 336
76 166
76 267
76 416
76 489
77 84
77 145
77 253
77 287
77 322
78 137
78 251
78 332
78 346
78 489
79 91
79 209
79 357
79 384
79 393
79 403
79 447
80 158
80 188
80 423
80 446
81 434
81 445
82 98
82 255
82 364
82 416
83 324
83 362
84 210
84 289
84 301
84 350
84 375
84 376
84 400
85 153
85 263
85 339
85 425
85 456
85 460
86 330
86 420
87 249
87 292
87 426
88 116
88 133
88 300
88 316
88 387
89 166
89 195
89 459
90 290
90 354
90 366
90 383
90 387
90 490
91 141
91 161
91 222
91 406
91 434
92 178
92 229
93 195
93 255
93 383
93 403
94 272
94 384
94 407
95 259
95 351
95 353
96 103
96 280
96 302
96 427
96 457
96 473
96 499
97 298
97 351
97 394
97 411
98 117
98 135
98 158
98 397
98 484
99 139
99 294
99 296
99 479
100 127
100 253
100 311
100 329
100 404
100 442
101 133
101 151
101 194
101 221
101 270
101 280
102 176
102 194
102 240
102 392
103 342
103 416
103 427
103 467
104 216
104 278
104 489
105 126
105 253
105 369
105 396
106 187
106 216
106 349
106 393
107 212
107 274
107 412
108 145
108 379
108 465
109 154
109 255
109 317
109 366
110 289
110 444
111 257
111 484
112 221
112 241
112 267
112 378
112 423
113 131
113 164
113 200
114 253
114 329
114 372
115 121
115 234
115 292
115 434
116 126
116 395
116 404
116 440
117 301
117 348
117 416
117 419
117 478
118 370
118 468
119 202
119 423
119 424
119 474
120 162
120 250
120 277
120 445
120 497
121 291
121 297
121 483
122 359
122 408
122 423
122 440
122 461
122 471
123 185
123 307
123 330
123 363
123 437
123 470
124 166
124 302
124 333
125 255
125 257
125 376
126 256
126 273
126 282
126 331
126 367
126 398
127 223
127 239
127 370
127 473
128 350
128 403
129 158
129 185
129 207
129 433
130 275
130 338
130 448
131 132
131 490
132 141
132 235
132 298
132 341
132 471
133 287
133 437
134 248
134 286
135 159
135 480
135 492
136 174
136 223
136 321
137 326
138 195
138 237
138 242
138 279
138 305
138 442
138 456
139 250
139 290
139 303
139 437
140 156
140 179
140 230
140 439
141 324
141 460
141 490
142 288
142 340
142 441
142 482
143 210
143 497
144 209
144 335
144 361
144 429
145 174
145 247
145 263
145 289
145 305
145 452
145 461
145 491
146 207
147 186
147 282
148 267
148 280
148 368
148 454
149 153
149 165
149 388
149 432
150 257
150 431
150 460
151 316
151 400
151 420
152 257
152 443
153 370
153 408
153 465
154 350
154 402
155 179
155 209
155 223
156 246
157 180
157 275
158 250
158 269
158 284
158 407
158 434
158 485
159 407
159 478
160 402
160 438
160 466
161 200
161 249
161 255
161 288
161 337
161 344
161 419
161 455
163 169
163 446
163 478
164 293
165 166
165 230
165 405
165 422
166 357
166 389
166 402
166 414
166 496
167 229
167 235
167 270
167 468
168 245
168 315
168 447
169 313
170 179
170 183
170 241
170 283
170 316
170 441
171 183
171 390
171 476
172 182
172 212
172 450
173 391
173 474
174 286
174 341
175 399
176 401
176 409
176 452
177 277
177 355
177 373
177 399
177 414
177 458
178 188
178 246
178 260
178 310
178 474
179 187
179 318
179 373
180 187
180 264
180 393
181 219
181 366
181 381
181 393
182 184
182 376
182 401
182 414
182 447
183 203
183 219
183 317
183 333
184 208
184 492
185 399
185 448
185 474
186 294
186 339
186 349
186 415
186 464
187 310
187 347
188 212
188 292
188 336
188 366
189 446
190 246
191 330
191 455
192 259
192 291
192 380
192 472
193 360
193 364
193 412
193 430
194 310
194 373
195 213
195 216
195 269
195 283
195 454
196 356
196 401
196 497
197 236
197 304
197 307
197 355
197 412
198 251
198 332
198 370
199 250
199 444
200 261
200 461
201 212
201 357
201 433
202 236
202 282
202 288
202 319
202 463
203 329
204 235
204 265
204 364
205 220
205 306
205 365
206 314
206 394
206 426
206 484
207 322
207 377
207 399
208 289
208 310
208 401
208 429
208 499
210 217
211 305
212 404
212 415
212 465
212 480
213 235
213 315
213 390
213 465
214 418
215 217
215 269
215 414
215 463
215 473
215 474
215 484
215 490
216 287
216 400
216 465
217 229
217 275
217 315
217 370
218 327
218 330
218 443
219 226
219 329
220 347
220 399
221 476
222 286
222 390
222 469
223 312
223 369
224 271
224 318
224 355
225 379
225 418
225 448
226 462
227 266
228 264
228 451
228 457
229 343
230 435
231 269
231 288
231 421
231 463
232 248
233 302
233 450
234 275
234 307
234 491
236 433
237 306
237 430
238 258
238 275
238 296
238 440
238 443
238 446
239 266
239 289
239 482
240 407
241 256
242 260
242 346
242 427
243 420
244 259
245 307
245 322
245 344
245 407
245 418
246 250
246 399
246 443
248 395
249 285
249 434
250 286
250 310
250 425
251 299
251 318
251 397
251 433
252 289
252 372
253 457
254 288
254 324
254 379
255 286
255 324
255 343
255 445
255 482
255 484
256 475
256 481
257 304
258 283
259 403
260 332
260 359
260 417
260 439
260 486
262 270
262 288
262 318
262 341
262 359
262 411
262 473
263 398
264 321
264 355
265 301
265 318
266 394
267 290
268 270
268 476
268 489
269 436
269 481
270 374
270 469
272 345
272 411
273 395
274 314
274 344
274 429
274 471
275 354
276 298
276 422
276 453
276 493
277 303
277 385
277 415
278 448
278 479
278 492
279 419
279 425
281 308
281 337
281 356
281 465
282 288
282 456
283 335
283 351
283 423
284 484
285 340
285 352
287 440
287 461
288 452
289 411
289 420
289 421
289 492
290 348
290 496
291 345
291 464
291 493
292 300
292 496
293 473
294 348
294 375
294 406
295 364
295 461
295 481
296 362
296 408
296 446
298 360
299 309
299 441
299 449
300 444
301 452
302 367
303 425
303 440
303 490
304 362
304 401
304 420
304 428
304 495
305 416
305 435
305 475
307 333
307 359
308 354
308 370
310 407
310 408
311 399
311 406
311 418
312 337
312 389
312 390
312 403
312 433
312 435
312 437
312 461
316 319
316 352
317 391
318 356
318 388
318 455
319 377
319 485
319 487
320 382
320 398
321 397
321 485
322 337
322 416
324 336
324 349
324 399
324 445
324 453
325 326
325 335
325 468
326 359
326 363
328 366
328 402
329 352
329 396
329 407
331 463
331 478
333 371
334 415
335 411
335 434
335 464
335 465
336 365
336 458
336 497
337 375
337 404
337 440
337 447
337 484
338 403
338 405
339 407
340 438
341 460
342 357
342 450
343 370
343 400
344 376
344 441
345 467
345 473
346 428
347 400
348 370
348 403
348 424
348 481
348 482
348 495
349 398
350 437
350 455
350 466
350 483
350 489
351 382
351 406
351 432
351 495
352 364
352 438
354 385
354 397
354 485
355 378
355 465
356 360
357 388
357 464
358 406
358 460
358 464
359 389
359 479
360 387
362 402
362 444
363 376
363 386
363 498
364 399
365 392
367 440
367 476
368 463
371 390
372 396
372 433
372 444
372 450
373 486
374 386
374 437
375 399
375 404
376 391
377 414
378 402
379 406
380 404
380 468
380 484
380 485
381 394
381 466
382 394
383 452
383 491
384 460
384 470
386 481
387 442
389 453
390 448
390 498
391 468
393 402
394 498
396 467
399 428
401 414
401 493
402 474
404 464
405 461
405 483
406 496
407 455
408 441
409 498
410 468
417 481
418 488
419 428
423 486
424 485
425 482
425 496
426 487
430 481
431 461
432 440
432 496
434 487
437 445
437 476
438 446
439 494
440 444
444 452
447 497
453 484
462 468
465 485
466 498
467 487
473 477
477 490
479 497
