0 4
0 28
0 64
0 75
0 82
0 99
1 4
1 5
1 16
1 36
1 57
1 67
1 68
1 76
1 81
1 97
2 47
2 48
2 54
2 55
2 59
2 65
2 75
3 14
3 29
3 38
3 60
3 69
4 18
4 24
4 36
4 40
4 48
4 90
4 96
5 18
5 25
5 48
5 53
5 67
5 69
5 76
5 77
5 89
5 95
5 97
6 8
6 20
6 23
6 43
6 82
6 89
6 90
6 95
7 8
7 24
7 54
7 78
7 87
7 91
8 31
8 56
8 72
8 89
8 98
9 10
9 12
10 25
10 36
10 59
10 67
10 70
10 73
10 83
11 17
11 20
11 37
11 42
11 75
11 76
12 29
12 31
12 40
12 41
12 45
12 57
12 68
12 76
12 80
13 15
13 17
13 25
13 34
13 42
13 44
13 49
13 65
13 69
13 83
13 96
14 23
14 33
14 54
14 56
14 61
14 62
14 69
14 82
14 85
14 90
15 23
15 32
15 38
15 53
15 74
15 83
15 85
15 93
15 99
16 40
16 50
16 55
16 63
16 73
16 76
16 83
16 98
16 99
17 31
17 37
17 41
17 48
17 63
17 69
17 86
17 88
17 92
17 95
18 35
18 46
18 81
18 82
18 89
18 99
19 32
19 38
19 70
19 72
19 77
19 78
19 85
19 89
19 92
19 99
20 38
20 50
20 52
20 66
20 72
20 86
20 89
20 95
21 33
21 41
21 52
21 61
21 64
21 71
21 95
21 97
22 27
22 35
22 36
22 40
22 79
22 82
22 84
22 94
23 25
23 44
23 50
23 60
23 61
23 84
23 86
24 35
24 36
24 37
24 39
24 58
24 69
24 74
24 75
24 93
25 35
25 44
25 45
25 48
25 57
25 69
25 77
25 85
26 28
26 37
26 38
26 47
26 55
26 69
26 71
26 73
27 44
27 45
27 47
27 53
27 55
27 56
27 59
27 63
27 72
28 55
28 57
28 61
28 63
28 69
28 72
28 77
28 82
28 85
29 39
29 47
29 61
29 62
29 66
29 77
29 90
30 38
30 41
30 46
30 50
30 60
30 74
31 39
31 45
31 49
31 55
31 57
31 76
31 77
31 80
31 95
32 33
32 45
32 51
32 63
32 65
32 66
32 78
32 86
32 90
33 34
33 37
33 49
33 50
33 52
33 55
33 69
33 79
33 82
33 85
33 86
33 90
33 92
34 35
34 55
34 64
34 85
34 93
35 38
35 46
35 54
35 55
35 76
36 39
36 53
36 57
36 70
36 94
36 95
37 46
37 49
37 52
37 63
37 73
37 81
38 40
38 90
38 94
39 43
39 44
39 57
39 78
39 80
39 85
40 48
40 51
40 53
40 61
40 63
40 68
40 72
40 80
40 83
40 89
41 42
41 49
41 56
41 60
41 89
41 93
42 49
42 58
42 72
42 79
42 81
42 88
43 51
43 53
43 56
43 57
43 64
43 93
44 46
44 79
44 86
45 51
45 77
45 87
45 97
45 98
46 56
46 59
46 70
46 86
46 91
47 49
47 61
47 63
47 87
48 50
48 59
48 63
48 79
48 81
48 96
48 97
49 62
49 69
49 85
49 96
50 59
50 65
50 76
50 77
50 82
50 84
50 85
50 87
50 88
50 89
50 93
50 95
51 65
51 72
51 73
52 67
52 71
52 91
52 94
53 61
53 63
53 66
53 90
54 84
54 88
54 98
55 61
55 89
56 58
56 84
56 88
57 60
57 68
57 81
57 82
57 99
58 64
58 72
58 79
58 85
59 63
59 76
59 81
59 94
60 88
60 95
61 79
61 80
61 96
62 83
62 88
62 89
62 94
63 75
63 77
63 82
63 92
63 96
64 75
64 76
64 77
64 88
64 93
64 94
65 72
65 89
65 95
66 78
66 98
67 77
67 95
67 97
68 69
68 74
68 78
68 88
69 76
69 91
70 80
70 82
70 94
71 73
71 74
71 93
71 96
72 77
72 84
72 97
73 80
73 92
74 79
74 98
75 81
75 87
75 89
77 86
77 94
78 88
78 89
78 93
80 82
80 83
81 86
81 92
82 85
82 99
83 86
83 99
85 98
86 95
86 99
88 89
88 90
88 98
89 91
90 95
91 92
91 97
92 98
96 97
97 99
