0 19
0 49
0 52
0 56
0 69
0 80
1 4
1 6
1 14
1 30
1 66
1 74
1 77
1 84
2 19
2 34
2 40
2 59
2 71
2 79
3 11
3 13
3 16
3 24
3 27
3 57
3 60
3 61
3 65
3 73
4 16
4 36
4 37
4 55
4 62
4 76
4 83
4 88
5 19
5 36
5 37
5 38
5 46
5 50
5 57
5 90
6 22
6 24
6 35
6 37
6 70
6 83
6 85
6 88
7 13
7 18
7 29
7 31
7 47
7 52
7 56
7 64
7 71
7 80
7 83
7 87
8 10
8 18
8 22
8 34
8 46
8 58
8 59
8 67
8 69
8 75
8 77
8 81
8 92
8 94
9 24
9 27
9 29
9 49
9 53
9 57
9 64
9 69
9 87
9 88
10 16
10 17
10 31
10 45
10 47
10 86
10 88
10 94
11 12
11 13
11 41
11 56
11 79
12 38
12 54
12 56
12 62
12 67
12 80
12 82
12 91
13 20
13 21
13 22
13 34
13 41
13 43
13 65
13 73
13 99
14 23
14 30
14 37
14 47
14 74
14 83
14 95
15 31
15 43
15 51
15 75
15 78
16 18
16 24
16 43
16 46
16 60
16 71
16 81
16 86
16 99
17 42
17 62
17 69
17 79
17 84
17 93
18 33
18 35
18 58
18 61
18 71
18 74
18 81
18 88
18 94
18 96
19 38
19 48
19 59
19 65
19 67
19 95
20 31
20 46
20 51
20 54
20 61
20 63
20 65
20 68
20 69
20 75
20 81
20 89
21 35
21 44
21 53
21 64
21 72
21 73
21 95
22 39
22 49
22 50
22 59
22 72
22 75
22 78
22 87
22 96
23 37
23 39
23 50
23 71
23 73
23 90
23 96
24 31
24 42
24 45
24 49
24 50
24 66
24 75
24 85
24 89
24 96
25 84
26 32
26 42
26 47
26 70
26 73
26 81
26 88
27 31
27 38
27 46
27 59
27 63
27 70
27 76
27 81
27 84
27 98
28 33
28 40
28 52
28 59
28 70
28 78
28 79
29 33
29 53
29 55
29 62
29 77
29 79
29 81
29 85
29 88
30 32
30 38
30 45
30 52
30 66
30 68
30 74
30 78
30 88
30 91
31 40
31 55
31 67
31 74
31 87
31 93
32 35
32 46
32 47
32 50
32 60
32 68
32 82
32 94
33 34
33 64
33 93
34 44
34 56
34 66
35 44
35 45
35 53
35 54
35 57
35 60
35 69
35 79
35 82
35 83
36 40
36 50
36 60
36 79
36 82
36 91
36 93
36 94
36 95
37 49
37 51
37 75
37 87
37 88
37 93
38 48
38 50
38 53
38 69
39 54
39 62
39 78
39 94
40 45
40 55
40 72
40 73
40 88
41 43
41 62
41 71
41 75
41 84
41 99
42 43
42 50
42 57
42 60
42 65
42 66
42 79
42 99
43 54
43 61
43 65
43 94
44 47
44 60
44 72
44 75
44 76
44 92
44 94
45 46
45 49
45 54
45 86
45 97
46 50
46 52
46 69
46 79
47 50
47 54
47 60
47 65
47 87
47 95
47 96
48 49
48 50
48 53
48 69
48 86
48 98
49 81
49 83
49 93
49 99
50 51
50 68
50 82
50 86
51 60
51 78
51 87
51 92
51 98
52 67
52 75
52 90
52 99
53 58
53 65
53 71
53 75
54 62
54 82
54 86
54 88
54 91
54 92
55 62
55 69
55 92
55 99
56 63
56 65
56 89
56 97
57 58
57 81
57 82
57 85
58 63
58 69
58 79
58 88
58 91
58 94
59 74
59 82
60 64
60 67
60 71
60 74
60 89
60 95
60 98
61 63
61 79
61 81
61 83
62 65
62 87
62 88
62 94
63 74
63 79
63 86
64 98
65 71
65 81
66 71
66 81
66 85
67 68
67 90
68 80
68 91
68 92
68 94
69 80
70 71
70 89
71 79
71 88
73 99
74 75
74 78
74 85
75 88
75 93
76 84
76 85
76 89
77 97
78 79
78 92
80 85
80 97
80 98
81 82
81 86
82 94
83 86
83 95
84 87
84 92
85 95
86 94
87 89
87 92
87 94
87 96
87 99
89 92
91 93
92 93
92 94
93 98
94 97
98 99
