0 5
0 254
0 312
0 374
0 386
0 592
0 697
0 754
0 849
1 308
1 334
1 629
1 760
2 155
2 285
2 718
2 739
2 786
2 801
2 886
3 25
3 104
3 133
3 202
3 213
3 577
3 624
3 650
3 692
3 720
3 722
3 829
4 14
4 18
4 52
4 190
4 194
4 206
4 272
4 331
4 426
4 468
4 560
4 705
5 6
5 93
5 169
5 328
5 335
5 377
5 385
5 411
5 650
6 298
6 356
6 468
6 511
6 535
6 957
6 975
7 26
7 84
7 109
7 121
7 181
7 382
7 397
7 601
7 753
7 758
7 793
7 860
7 867
7 952
8 121
8 262
8 311
8 493
8 531
8 546
8 579
8 737
8 780
9 36
9 67
9 134
9 151
9 170
9 442
9 539
9 740
9 784
9 817
9 834
9 871
10 356
10 498
10 807
10 886
10 962
11 128
11 240
11 284
11 285
11 403
11 761
11 779
11 955
11 970
11 977
12 105
12 285
12 293
12 393
12 647
12 710
12 724
12 781
13 47
13 97
13 110
13 275
13 281
13 465
13 469
13 485
13 635
13 764
13 854
13 873
14 27
14 29
14 268
14 298
14 369
14 566
14 567
14 759
14 992
15 55
15 108
15 143
15 227
15 318
15 370
15 380
15 401
15 544
15 666
15 771
15 836
15 886
15 984
15 998
16 30
16 71
16 188
16 403
16 707
16 904
16 988
17 241
17 296
17 340
17 380
17 386
17 626
17 890
17 934
18 34
18 94
18 97
18 133
18 224
18 361
18 367
18 432
18 481
18 521
18 581
18 594
18 616
18 626
18 827
18 854
19 126
19 130
19 138
19 181
19 286
19 415
19 617
19 646
19 751
19 903
20 23
20 120
20 260
20 312
20 535
20 712
20 729
21 60
21 69
21 140
21 218
21 369
21 434
21 521
21 526
21 719
21 747
22 180
22 258
22 276
22 297
22 450
22 671
23 166
23 218
23 288
23 312
23 319
23 397
23 540
23 574
23 579
23 672
23 680
23 862
23 907
24 90
24 286
24 300
24 302
24 406
24 463
24 593
24 609
24 638
24 754
24 993
25 70
25 77
25 233
25 265
25 290
25 348
25 371
25 412
25 448
25 745
25 993
26 182
26 201
26 248
26 312
26 400
26 415
26 519
26 653
26 786
26 885
27 55
27 169
27 180
27 225
27 340
27 431
27 686
27 743
27 757
27 892
28 59
28 344
28 416
28 615
28 627
28 644
28 959
29 236
29 247
29 786
29 802
29 864
29 997
30 112
30 151
30 239
30 372
30 515
30 564
30 651
30 856
30 968
30 989
31 129
31 160
31 197
31 331
31 376
31 386
31 416
31 425
31 436
31 475
31 933
31 989
32 75
32 187
32 190
32 237
32 336
32 364
32 556
32 610
32 629
32 928
32 931
33 168
33 230
33 372
33 437
33 451
33 492
33 674
33 678
33 784
33 835
33 925
34 120
34 139
34 172
34 251
34 588
34 701
34 735
34 979
35 152
35 398
35 402
35 502
35 529
35 687
35 730
35 828
35 861
35 927
36 86
36 91
36 160
36 163
36 211
36 303
36 330
36 673
36 687
36 750
36 838
37 121
37 175
37 225
37 228
37 292
37 611
37 628
37 675
37 676
37 816
37 850
37 896
38 123
38 196
38 435
38 715
38 770
38 801
38 922
38 932
38 935
39 172
39 204
39 295
39 321
39 338
39 409
39 415
39 545
39 568
39 713
39 810
39 942
40 106
40 166
40 236
40 240
40 309
40 318
40 448
40 460
40 611
40 741
40 799
40 829
40 863
40 869
40 871
41 58
41 291
41 473
41 496
41 506
41 717
41 895
42 154
42 207
42 429
42 450
42 535
42 601
43 180
43 317
43 498
43 652
43 726
43 748
43 873
43 927
43 947
43 990
44 123
44 236
44 395
44 445
44 526
44 705
44 858
45 283
45 401
45 518
45 640
45 819
45 830
45 973
46 129
46 147
46 150
46 275
46 447
46 621
46 783
46 807
46 817
46 840
46 846
46 923
47 87
47 118
47 154
47 169
47 417
47 456
47 696
47 725
48 145
48 157
48 540
48 744
48 825
48 941
49 50
49 90
49 375
49 514
49 680
49 743
50 57
50 70
50 123
50 137
50 168
50 362
50 365
50 447
50 460
50 530
50 657
50 708
50 898
51 77
51 302
51 367
51 578
51 616
51 709
51 791
51 851
51 874
51 881
52 369
52 390
52 463
52 480
52 489
52 506
52 600
52 647
52 727
52 763
52 882
53 58
53 63
53 171
53 391
53 536
53 754
53 818
53 842
54 292
54 403
54 444
54 561
54 614
54 700
54 729
54 937
55 248
55 299
55 375
55 380
55 408
55 508
55 770
55 911
56 116
56 230
56 270
56 354
56 423
56 503
56 506
56 551
56 994
57 117
57 179
57 213
57 391
57 519
57 540
57 563
57 569
57 581
57 616
57 962
58 112
58 235
58 393
58 400
58 668
58 735
58 757
59 78
59 89
59 134
59 269
59 419
59 711
59 809
59 817
59 962
60 331
60 361
60 421
60 515
60 596
60 703
60 756
60 909
60 910
60 919
60 958
61 78
61 175
61 189
61 281
61 319
61 433
61 527
61 571
61 712
61 778
61 876
61 986
61 988
62 107
62 110
62 167
62 172
62 189
62 212
62 314
62 452
62 469
62 541
62 547
62 564
62 576
62 700
62 795
62 907
62 910
63 118
63 204
63 302
63 333
63 376
63 554
63 590
63 683
63 791
63 926
63 929
64 112
64 132
64 199
64 212
64 341
64 405
64 413
64 493
64 720
64 795
64 847
64 884
64 904
64 931
64 945
64 977
65 295
65 388
65 458
65 485
65 494
65 537
65 595
65 712
65 732
65 929
65 966
66 123
66 134
66 223
66 236
66 261
66 481
66 488
66 491
66 512
66 657
66 659
66 702
66 792
66 830
67 90
67 130
67 234
67 694
67 786
67 842
67 852
68 147
68 258
68 266
68 476
68 523
68 685
68 727
68 787
68 971
69 146
69 247
69 739
69 748
69 754
69 862
70 118
70 122
70 191
70 314
70 394
70 658
70 760
70 956
71 145
71 165
71 206
71 416
71 421
71 499
71 758
71 820
72 122
72 160
72 178
72 251
72 485
72 500
72 625
72 791
72 902
72 916
73 107
73 185
73 199
73 275
73 309
73 370
73 492
73 494
73 513
73 580
73 648
73 727
73 729
73 758
73 858
73 916
74 250
74 413
74 433
74 480
74 516
74 523
74 750
74 908
74 922
75 202
75 224
75 542
76 153
76 266
76 307
76 532
76 630
76 744
76 919
77 375
77 528
77 639
77 773
77 878
77 943
77 996
77 998
78 107
78 232
78 345
78 353
78 362
78 420
78 470
78 565
78 581
78 623
78 660
78 681
78 707
78 834
78 923
79 127
79 161
79 278
79 390
79 565
79 927
79 953
79 997
80 290
80 365
80 416
80 452
80 454
80 485
80 525
80 592
80 749
80 759
81 168
81 216
81 217
81 257
81 330
81 366
81 441
81 568
81 693
81 858
81 935
81 946
82 88
82 228
82 234
82 278
82 367
82 422
82 423
82 440
82 647
82 653
82 753
82 754
82 778
82 883
82 953
82 975
82 976
83 112
83 189
83 198
83 441
83 502
83 550
83 685
83 939
84 86
84 249
84 273
84 318
84 356
84 675
84 779
84 898
84 939
84 989
85 117
85 154
85 229
85 329
85 588
85 679
85 716
85 727
85 735
85 775
85 979
86 460
86 463
86 520
86 748
86 853
86 862
87 296
87 300
87 310
87 341
87 413
87 498
87 771
87 772
87 792
87 922
87 948
88 130
88 573
88 809
88 882
89 404
89 653
89 920
89 961
89 997
90 131
90 379
90 392
90 461
90 527
90 704
90 797
90 940
90 975
91 114
91 131
91 384
91 412
91 463
91 709
91 970
92 95
92 97
92 322
92 338
92 499
92 795
92 840
92 847
92 878
93 317
93 542
93 694
93 744
93 963
94 199
94 238
94 355
94 396
94 523
94 633
94 815
94 823
94 826
95 235
95 297
95 461
95 637
95 639
95 700
95 768
95 856
95 918
95 926
95 996
96 467
96 538
96 562
96 672
96 812
97 111
97 385
97 523
97 530
97 619
97 693
97 734
97 881
97 917
97 958
98 222
98 288
98 527
98 583
98 659
98 693
98 729
98 847
98 899
99 117
99 178
99 472
99 479
99 635
99 653
99 711
99 797
99 938
100 155
100 383
100 538
100 557
100 610
100 705
100 804
100 937
101 107
101 137
101 178
101 342
101 363
101 383
101 437
101 472
101 476
101 502
101 659
101 912
101 939
102 127
102 140
102 257
102 401
102 493
102 541
102 547
102 557
102 563
102 648
102 714
102 817
102 832
102 858
103 221
103 270
103 651
103 678
103 764
103 780
103 848
103 928
104 196
104 240
104 354
104 409
104 557
104 716
104 759
104 871
104 891
105 347
105 475
105 524
105 573
105 616
105 706
105 845
106 183
106 317
106 335
106 368
106 401
106 467
106 516
106 565
106 668
106 834
106 844
106 951
107 115
107 327
107 355
107 375
107 426
107 483
107 519
107 545
107 679
107 745
107 843
107 859
107 862
107 912
108 175
108 274
108 391
108 487
108 497
108 522
108 589
108 595
108 691
108 734
108 832
109 147
109 359
109 378
109 465
109 699
109 757
110 245
110 343
110 354
110 617
110 902
110 910
110 984
111 241
111 244
111 355
111 478
111 509
111 602
111 690
111 863
111 866
112 244
112 280
112 296
112 375
112 455
112 466
112 694
112 731
112 740
112 820
112 854
112 877
112 960
113 142
113 144
113 167
113 212
113 261
113 275
113 487
113 539
113 579
113 781
113 926
114 406
114 506
114 668
114 696
114 776
114 803
114 861
115 116
115 236
115 357
115 359
115 477
115 482
115 512
115 517
115 596
115 619
115 644
115 701
115 718
115 933
115 949
115 958
116 119
116 157
116 179
116 240
116 272
116 282
116 394
116 520
116 528
116 560
116 744
116 773
116 797
116 860
117 132
117 309
117 366
117 464
117 773
117 846
117 866
117 905
117 921
117 956
117 958
118 128
118 274
118 297
118 413
118 667
118 762
118 819
118 977
119 152
119 157
119 239
119 368
119 418
119 557
119 592
119 769
119 800
120 345
120 423
120 703
120 818
120 819
120 884
121 181
121 428
121 578
121 662
121 748
121 818
122 179
122 248
122 484
122 727
122 792
123 407
123 472
123 505
123 511
123 693
123 835
123 859
123 933
123 935
124 129
124 140
124 233
124 317
124 370
124 464
124 906
124 960
125 182
125 255
125 403
125 409
125 484
125 514
125 562
125 576
125 635
125 753
125 765
125 898
126 129
126 170
126 359
126 469
126 477
126 511
126 543
126 587
126 603
126 671
126 700
126 808
126 840
126 927
127 239
127 255
127 270
127 745
127 756
128 234
128 275
128 353
128 416
128 457
128 614
128 635
128 761
128 781
128 809
128 979
129 168
129 188
129 250
129 319
129 345
129 570
129 637
129 681
129 777
129 861
129 884
130 163
130 439
130 516
130 607
130 823
130 901
131 137
131 251
131 340
131 529
131 675
131 721
132 433
132 683
132 729
132 813
132 934
132 967
133 169
133 185
133 321
133 346
133 384
133 405
133 435
133 580
133 676
133 879
133 899
134 338
134 490
134 491
134 663
134 692
134 875
134 888
135 165
135 253
135 273
135 383
135 487
135 613
135 689
135 748
135 806
135 842
135 936
136 146
136 263
136 274
136 384
136 391
136 511
136 863
136 913
137 315
137 333
137 388
137 465
137 575
137 782
137 821
137 867
137 903
138 170
138 226
138 300
138 484
138 643
138 694
138 773
138 802
138 906
138 982
139 328
139 533
139 603
139 611
139 692
139 788
139 815
139 823
139 846
139 892
140 160
140 451
140 593
140 603
140 621
140 699
140 700
140 815
140 820
140 887
141 277
141 294
141 407
141 474
141 476
141 486
141 494
141 574
141 803
141 833
141 854
141 916
141 966
142 181
142 218
142 429
142 560
142 568
142 597
142 711
142 762
142 805
142 819
143 276
143 351
143 392
143 647
143 684
143 786
143 925
143 975
144 310
144 516
144 648
144 765
144 791
144 879
144 889
145 299
145 487
145 583
145 677
145 850
145 871
145 899
146 148
146 199
146 453
146 503
146 615
146 726
147 154
147 225
147 457
147 693
147 741
147 867
147 967
148 404
148 561
148 562
148 596
148 600
148 780
148 844
148 871
148 976
149 171
149 374
149 388
149 563
149 704
149 725
149 805
149 827
150 201
150 304
150 463
150 601
150 634
150 793
151 248
151 389
151 390
151 404
151 518
151 655
151 675
151 907
151 984
152 240
152 271
152 272
152 282
152 416
152 665
153 302
153 305
153 352
153 662
153 709
153 721
153 749
153 779
153 898
153 933
154 186
154 217
154 285
154 291
154 503
154 625
154 659
154 693
154 777
154 792
154 829
154 845
154 882
154 948
155 201
155 232
155 251
155 348
155 404
155 543
155 757
155 774
155 784
155 847
155 941
156 318
156 324
156 513
156 520
156 736
157 266
157 290
157 388
157 395
157 702
157 790
158 165
158 315
158 333
158 371
158 431
158 444
158 601
158 900
158 940
158 954
159 281
159 343
159 511
159 603
159 629
159 731
159 774
159 854
159 885
159 965
159 990
159 994
160 231
160 248
160 346
160 608
160 786
160 942
161 202
161 293
161 381
161 458
161 502
161 658
161 849
161 952
162 174
162 290
162 481
162 503
162 557
162 588
162 651
162 754
162 942
162 943
162 952
162 998
163 304
163 597
163 610
163 663
163 670
163 891
163 925
164 205
164 263
164 390
164 627
164 630
164 804
164 815
164 909
165 403
165 452
165 511
165 627
165 653
165 746
165 779
165 948
165 996
166 258
166 502
166 585
166 748
166 890
167 296
167 324
167 632
167 636
167 678
167 906
167 985
168 298
168 334
168 398
168 706
168 727
168 761
168 820
168 875
168 991
169 170
169 233
169 440
169 551
169 567
169 618
169 688
169 732
169 840
169 850
169 888
169 901
169 973
170 198
170 362
170 503
170 546
170 569
170 718
170 722
170 727
170 799
170 811
170 888
171 431
171 455
171 534
171 664
171 773
171 829
171 845
172 443
172 756
172 778
172 814
172 873
172 961
173 251
173 310
173 480
173 498
173 635
173 671
173 727
173 789
173 815
173 886
174 240
174 246
174 249
174 334
174 420
174 658
174 699
174 701
174 750
174 910
175 500
175 575
175 580
175 780
175 850
175 968
175 986
176 362
176 606
176 633
176 665
176 933
177 197
177 239
177 258
177 314
177 443
177 529
177 578
177 601
177 662
177 715
177 771
177 833
177 844
177 866
178 326
178 497
178 748
178 773
178 865
178 982
179 185
179 287
179 292
179 434
180 263
180 288
180 365
180 567
180 644
180 717
180 773
180 823
180 877
181 246
181 413
181 491
181 690
181 767
181 869
181 877
181 922
181 954
181 986
182 189
182 366
182 432
182 668
182 766
182 852
182 923
182 934
182 962
182 987
183 254
183 428
183 446
183 482
183 522
183 643
183 805
183 840
183 851
183 895
184 192
184 200
184 210
184 284
184 400
184 413
184 476
184 498
184 605
184 709
184 778
184 782
184 790
184 860
184 986
185 195
185 300
185 389
185 598
185 612
185 747
185 804
186 288
186 384
186 529
186 531
186 543
186 642
186 760
186 763
186 818
186 821
186 919
187 192
187 244
187 355
187 444
187 505
187 517
187 546
187 702
187 819
187 972
187 983
188 212
188 234
188 404
188 421
188 635
188 735
188 757
188 813
188 965
189 202
189 207
189 309
189 373
189 432
189 540
189 591
189 672
189 682
189 760
189 799
189 958
189 969
189 986
190 212
190 426
190 451
190 453
190 505
190 545
190 643
190 762
190 831
190 874
191 220
191 338
191 349
191 539
191 623
191 662
191 805
191 814
191 837
191 951
192 455
192 509
192 510
192 569
192 631
192 649
192 780
192 892
192 942
192 983
193 337
193 388
193 411
193 424
193 427
193 504
193 577
193 651
194 558
194 576
194 689
194 816
194 846
194 878
194 924
194 990
195 255
195 274
195 299
195 361
195 421
195 581
195 690
195 728
195 988
196 249
196 323
196 369
196 456
196 502
196 552
196 582
196 637
196 743
196 831
197 227
197 331
197 355
197 386
197 470
197 551
197 672
197 702
197 758
197 842
197 980
198 306
198 361
198 447
198 535
198 680
198 758
198 836
198 851
198 868
198 969
199 475
199 588
199 664
199 672
199 690
199 761
199 988
200 267
200 474
200 571
200 575
200 617
200 849
200 968
201 212
201 398
201 407
201 594
201 606
201 665
202 508
202 543
202 588
202 655
202 705
202 721
202 823
202 894
202 928
202 930
203 595
203 680
203 703
203 728
203 739
203 817
204 304
204 420
204 527
204 593
204 655
204 787
204 819
205 229
205 303
205 570
205 786
205 804
205 878
205 910
205 989
206 430
206 432
206 518
206 769
206 770
206 825
206 914
207 217
207 240
207 275
207 332
207 497
207 517
207 535
207 681
207 752
207 895
208 336
208 664
208 680
208 879
208 976
209 352
209 369
209 419
209 526
209 630
209 793
209 996
210 221
210 298
210 428
210 595
210 699
210 721
210 952
211 251
211 413
211 492
211 744
211 849
211 922
211 953
212 253
212 467
212 473
212 668
213 404
213 824
213 999
214 323
214 419
214 499
214 579
214 592
214 947
214 971
214 990
215 359
215 630
215 742
215 793
215 834
215 920
216 245
216 368
216 436
216 459
216 463
216 489
216 670
216 948
216 991
217 346
217 360
217 415
217 470
217 621
217 670
217 734
217 833
217 915
218 234
218 237
218 437
218 453
218 576
218 664
218 710
218 749
218 834
218 875
218 886
218 975
219 246
219 292
219 294
219 655
219 719
219 754
219 772
219 810
219 954
220 293
220 337
220 435
220 589
220 730
221 280
221 294
221 385
221 468
221 652
221 862
221 874
221 920
221 953
222 256
222 416
222 538
222 788
222 867
223 228
223 236
223 333
223 513
223 648
223 829
224 379
224 413
224 667
224 706
224 851
225 321
225 423
225 442
225 603
226 259
226 467
226 501
226 514
226 547
226 549
226 604
226 656
226 685
226 692
226 740
226 765
226 908
226 916
226 919
227 253
227 277
227 278
227 367
227 386
227 459
227 498
227 556
227 608
227 675
228 348
228 471
228 558
228 625
228 646
228 673
228 674
228 879
228 944
229 266
229 478
229 637
229 701
229 743
229 834
230 294
230 787
231 273
231 391
231 469
231 621
231 636
231 776
231 798
231 944
232 379
232 391
232 412
232 567
232 855
232 903
232 979
233 443
233 444
233 826
233 914
233 964
234 272
234 304
234 372
234 469
234 706
234 767
234 904
234 941
235 423
235 579
235 620
235 680
235 768
235 823
235 829
236 271
236 272
236 408
236 725
236 775
236 807
236 843
237 273
237 336
237 362
237 556
237 579
237 611
237 685
237 729
237 799
237 814
237 894
237 931
237 932
238 246
238 413
238 564
238 573
238 673
238 771
238 784
238 798
239 292
239 317
239 320
239 377
239 471
239 537
239 620
239 759
239 793
239 868
239 891
239 909
239 981
240 352
240 370
240 425
240 561
240 615
240 899
240 901
240 929
240 931
240 986
240 994
241 407
241 727
241 832
241 956
241 985
242 489
242 557
242 865
242 937
242 955
242 974
242 995
243 506
243 529
243 599
243 838
244 274
244 317
244 492
244 579
244 857
244 878
244 962
245 435
245 688
246 636
246 693
246 749
247 296
247 378
247 414
247 510
247 611
247 740
247 832
247 986
247 996
248 301
248 379
248 410
248 422
248 573
248 587
248 657
248 847
249 279
249 316
249 402
249 545
249 547
249 646
249 748
249 750
249 818
249 875
250 332
250 369
250 770
250 992
251 364
251 422
251 640
251 649
251 728
252 564
252 623
252 703
252 727
252 874
252 983
253 291
253 429
253 484
253 570
253 737
253 866
253 891
254 290
254 415
254 453
254 495
254 727
254 797
254 878
254 906
254 998
255 275
255 340
255 343
255 354
255 585
255 630
255 650
255 999
256 264
256 339
256 386
256 473
256 500
256 508
256 866
257 410
257 538
257 612
257 673
258 384
258 433
258 509
258 510
258 576
258 584
258 764
258 803
259 301
259 350
259 540
259 621
259 655
259 773
259 794
260 347
260 509
260 582
260 713
261 577
261 610
261 675
261 739
261 772
261 863
261 900
262 330
262 342
262 801
262 839
262 870
262 880
263 336
263 424
263 561
263 717
263 734
263 869
264 352
264 827
264 921
265 654
266 456
266 500
266 674
266 682
266 710
266 775
266 781
266 931
266 981
267 287
267 464
267 505
267 583
267 679
267 772
267 809
267 843
268 446
268 651
268 716
268 798
268 913
268 921
269 347
269 502
269 597
269 638
269 663
269 809
269 892
270 476
270 519
270 660
270 695
270 710
270 857
271 465
271 528
271 723
271 793
271 949
271 987
272 293
272 334
272 365
272 454
272 542
272 664
272 801
272 864
272 918
272 919
273 458
273 593
273 619
273 665
273 875
274 314
274 360
274 444
274 527
274 628
274 642
274 680
274 748
274 753
275 481
275 732
275 745
275 947
276 294
276 456
276 616
276 747
276 788
276 797
277 296
277 371
277 399
277 426
277 489
277 529
277 640
277 687
277 770
277 793
277 825
277 838
277 907
277 952
278 473
278 512
278 514
278 539
278 550
278 726
278 941
279 307
279 523
279 731
279 739
280 592
280 640
280 678
280 752
280 791
280 798
280 812
280 899
280 981
281 348
281 362
281 552
281 557
281 923
281 936
282 370
282 383
282 413
282 523
282 546
282 794
282 826
282 869
283 315
283 353
283 547
283 687
283 748
283 832
283 977
284 448
284 471
284 472
284 526
284 691
285 332
285 402
285 422
285 519
285 591
285 618
285 619
285 708
285 770
285 865
285 869
286 322
286 348
286 440
286 672
286 709
286 806
286 848
286 871
286 891
286 952
287 453
287 509
287 704
287 726
287 766
287 780
287 807
287 894
287 987
288 363
288 493
288 616
288 637
288 760
288 855
288 930
289 458
289 807
289 825
289 925
289 983
290 307
290 410
290 504
290 510
290 562
290 706
290 865
290 907
291 302
291 325
291 468
291 565
291 613
291 799
291 997
292 301
292 482
292 611
292 830
292 960
293 541
293 766
294 375
294 381
294 526
294 550
294 562
294 770
294 852
295 317
295 348
295 687
295 722
295 743
295 838
295 856
295 993
296 354
296 436
296 538
296 555
296 642
296 692
296 713
297 378
297 404
297 488
297 503
297 522
297 602
297 653
298 360
298 415
298 465
298 766
298 820
298 869
298 998
299 634
299 672
299 715
299 751
299 774
299 787
299 867
299 877
299 895
300 327
300 392
300 541
300 611
300 711
300 826
300 846
300 878
300 984
301 612
301 729
301 779
301 790
301 863
301 981
301 996
302 322
302 376
302 400
302 442
302 608
302 649
302 658
302 711
302 908
303 412
303 709
303 725
303 851
303 864
303 938
304 420
304 449
304 459
304 604
304 761
304 824
304 825
304 857
304 919
304 991
305 360
305 612
305 688
305 789
305 847
305 996
306 417
306 439
306 554
306 589
306 633
306 686
306 704
306 839
307 338
307 550
307 628
307 708
307 735
307 824
307 859
307 867
308 428
308 531
308 588
308 649
308 812
308 815
308 822
308 891
308 940
308 984
308 985
309 337
309 346
309 364
309 372
309 380
309 743
309 782
309 800
309 838
309 902
309 976
310 396
310 542
310 743
310 874
310 878
311 421
311 488
311 741
311 917
312 471
312 652
312 661
312 670
312 724
312 741
312 777
312 887
312 901
313 458
313 489
313 650
313 696
313 706
313 711
313 978
314 319
314 443
314 468
314 498
314 723
314 777
314 955
314 972
314 984
315 459
315 730
315 736
315 774
315 928
316 440
316 633
316 704
317 472
317 507
317 530
317 590
317 601
317 634
317 696
317 798
317 985
318 523
318 529
318 647
318 781
318 808
318 875
319 357
319 722
319 961
319 969
320 410
320 545
320 570
320 629
320 711
321 381
321 427
321 484
321 607
321 615
321 738
321 814
321 851
321 857
321 859
321 868
321 909
321 928
321 993
322 496
322 537
322 624
322 633
322 654
322 667
322 807
322 830
322 993
323 402
323 487
323 559
323 602
323 620
323 907
324 413
324 451
324 582
324 958
325 416
325 453
325 617
325 656
325 860
325 875
326 544
326 760
326 867
326 930
327 412
327 467
327 471
327 574
327 616
327 627
327 648
327 758
327 972
328 517
328 753
328 789
328 897
328 948
328 963
329 406
329 547
329 677
329 736
329 775
329 833
329 924
330 345
330 624
330 662
330 734
330 753
330 829
330 871
330 923
330 934
330 953
330 980
331 408
331 484
331 530
331 606
331 672
331 686
331 864
331 947
332 355
332 391
332 450
332 473
332 479
332 581
332 608
332 636
333 526
333 556
333 585
333 729
333 772
333 980
334 376
334 410
334 445
334 580
334 590
335 420
335 449
335 634
335 739
335 987
336 475
336 650
336 805
337 340
337 395
337 423
337 654
337 835
337 937
337 990
338 399
338 471
338 525
338 528
338 685
338 806
338 815
338 817
338 819
339 488
339 536
339 687
340 357
340 393
340 401
340 445
340 466
340 564
341 434
341 686
341 793
341 923
341 986
342 396
342 397
342 477
342 606
342 611
342 922
342 995
343 713
343 714
343 901
344 376
344 426
344 658
344 814
345 401
345 681
345 726
345 739
345 755
345 771
345 804
345 989
346 553
346 950
347 364
347 383
347 423
347 440
347 517
347 742
347 865
348 369
348 518
348 627
348 870
348 877
348 928
348 997
349 440
349 613
349 717
349 740
350 418
350 785
350 793
350 940
350 946
351 389
351 721
351 741
351 749
351 858
351 874
351 922
352 764
352 816
353 498
353 576
353 625
353 692
353 996
354 378
354 420
354 459
354 547
354 713
354 770
355 469
355 524
355 551
355 681
355 767
355 777
355 878
355 939
356 387
356 403
356 630
356 796
356 808
356 845
356 961
356 963
357 463
357 523
357 635
357 676
357 847
358 533
358 562
358 608
358 781
358 810
358 907
358 995
359 510
359 534
359 635
359 647
359 650
359 667
359 695
359 912
359 935
360 455
360 523
360 531
360 626
360 761
360 995
360 997
361 381
361 452
361 460
361 469
361 513
361 568
361 576
361 732
361 798
361 910
361 972
362 574
362 841
362 864
363 374
363 391
363 529
363 631
363 938
364 463
364 547
364 659
364 678
364 738
364 743
364 791
364 886
364 931
364 972
365 396
365 429
365 480
365 530
365 585
365 740
365 762
365 831
366 444
366 611
366 632
366 651
366 684
366 837
366 860
366 865
367 399
367 581
367 582
367 893
367 942
367 987
367 994
368 568
368 626
369 612
369 685
370 443
370 587
370 630
370 712
370 761
370 851
371 566
371 586
371 740
371 894
372 560
372 663
372 683
372 696
372 741
372 774
372 841
372 848
373 451
373 513
373 524
373 655
373 715
373 765
373 773
373 777
374 489
374 713
374 912
375 537
375 895
375 905
375 916
376 395
376 441
376 628
376 656
376 657
376 889
376 998
377 410
377 415
377 641
377 820
377 890
378 404
378 639
378 871
378 978
378 987
379 469
379 531
379 584
379 587
379 687
379 698
379 709
380 550
380 558
380 607
380 737
380 766
380 810
380 861
380 983
381 626
381 690
381 700
381 719
381 985
381 991
382 569
382 813
382 972
383 493
383 495
383 543
383 664
383 702
383 723
383 991
384 550
384 774
385 446
385 525
385 573
385 588
385 770
385 811
385 877
385 911
386 444
386 505
386 533
386 541
386 630
386 686
386 725
386 917
387 388
387 646
387 893
387 992
388 412
388 485
388 605
388 766
388 921
389 563
389 815
389 842
390 431
390 449
390 501
390 673
390 717
390 856
390 889
391 532
391 553
391 836
391 951
392 459
392 466
392 473
392 712
393 426
393 694
393 736
393 916
394 440
394 534
394 573
394 589
394 618
394 675
394 881
394 887
394 930
394 995
395 574
395 580
395 582
395 583
395 601
395 637
395 841
395 964
396 408
396 481
396 599
396 725
396 756
396 808
396 833
396 834
396 925
396 935
396 995
397 404
397 539
397 595
397 644
397 683
397 781
397 818
397 887
397 996
398 618
398 770
398 821
398 978
399 468
400 432
400 589
400 710
400 727
400 796
400 869
401 542
401 631
401 750
401 772
401 813
401 946
401 993
402 473
402 478
402 495
402 549
402 562
402 655
402 706
402 710
402 778
402 896
402 989
403 422
403 571
403 576
403 781
403 922
403 984
404 434
404 904
405 408
405 455
405 621
405 655
405 727
405 860
405 905
405 926
406 414
406 417
406 484
406 667
406 679
406 839
406 848
406 969
407 541
407 781
407 830
407 834
408 451
408 812
408 836
408 863
408 935
408 974
409 466
409 482
409 511
409 603
409 612
409 772
409 859
409 865
409 943
409 985
410 606
410 685
410 845
411 503
411 548
411 559
411 591
411 688
411 749
411 892
411 899
411 907
412 417
412 490
412 569
412 580
412 604
412 609
412 736
412 755
412 773
412 788
412 875
413 508
413 571
413 666
413 778
413 938
414 446
414 659
414 977
414 990
415 507
415 559
415 597
415 816
415 910
416 429
416 448
416 571
416 614
416 665
417 443
417 494
417 710
417 769
417 843
417 867
417 925
417 940
418 427
418 509
418 513
419 572
419 691
419 886
419 896
420 465
420 607
420 659
420 678
421 622
421 684
421 773
421 950
422 497
422 557
422 642
422 739
422 787
422 801
423 564
423 608
423 693
423 758
423 761
423 766
423 867
423 888
423 910
424 432
424 435
424 517
424 528
424 807
425 458
425 476
425 529
425 644
425 685
426 518
426 520
426 551
426 556
426 769
426 817
426 988
427 444
427 458
427 540
427 652
427 696
427 781
427 849
427 997
428 653
428 685
428 771
428 819
428 844
428 914
429 434
429 486
429 578
429 698
429 728
429 760
429 814
429 959
429 967
429 975
429 989
430 443
430 546
430 737
431 759
431 856
431 858
431 868
432 501
432 568
432 675
432 715
432 731
432 763
432 825
432 847
432 891
433 449
433 947
434 499
434 718
434 793
435 522
435 539
435 550
435 569
435 573
435 574
435 659
435 860
435 939
435 958
436 442
436 549
436 599
436 762
436 937
436 982
436 983
437 796
437 961
438 555
438 795
438 860
438 984
439 473
439 854
439 862
439 938
440 447
440 459
440 532
440 593
440 615
440 747
440 861
440 921
440 949
440 985
441 630
441 875
441 884
442 707
442 788
442 815
443 495
443 498
443 503
443 526
443 566
443 683
443 689
443 735
443 788
443 897
443 988
444 473
444 549
444 565
444 580
444 639
444 665
444 814
444 909
444 933
445 607
445 891
445 937
445 955
446 842
446 959
447 614
447 625
447 635
447 685
447 702
447 708
448 532
448 572
448 595
448 671
448 732
448 842
448 986
449 523
449 645
449 691
449 789
450 510
450 572
450 632
450 646
450 706
450 721
450 804
450 874
450 983
451 510
451 526
451 569
451 706
451 789
451 918
451 922
451 958
452 509
452 833
453 483
453 772
453 839
453 865
454 525
454 708
454 794
454 798
454 873
454 914
455 468
455 553
455 635
455 667
456 506
456 551
456 576
456 669
456 725
456 993
457 598
457 780
458 464
458 465
458 589
458 641
458 798
458 904
459 537
459 687
459 707
459 890
459 964
460 463
460 578
460 655
460 669
460 679
460 785
461 596
461 748
462 852
462 966
463 589
463 642
463 727
463 827
463 897
464 685
464 963
465 559
465 617
465 657
465 731
466 480
466 517
466 637
466 784
466 879
466 924
466 949
467 512
467 556
467 587
467 885
467 903
468 524
468 637
468 809
468 848
469 497
469 587
469 638
469 825
469 849
469 990
470 497
471 593
471 609
471 626
471 692
471 767
472 600
472 618
472 631
472 703
473 499
473 557
473 598
473 687
473 732
473 826
473 834
473 842
473 865
473 876
473 891
474 547
474 579
474 675
474 689
474 775
474 782
474 998
475 538
475 602
475 674
475 737
475 738
475 741
475 784
475 934
476 514
476 521
476 634
476 755
476 761
476 832
476 855
476 872
477 597
477 748
477 775
477 849
477 935
477 978
477 989
478 595
478 621
478 723
478 821
478 905
479 775
479 784
479 796
479 894
480 487
480 720
480 794
480 891
480 892
480 908
481 543
481 861
481 865
482 508
482 572
482 660
482 801
482 875
482 908
482 916
483 536
483 602
483 775
484 831
484 930
484 987
485 576
485 621
485 661
485 703
485 707
485 748
485 917
485 925
486 527
486 564
486 645
486 703
486 887
486 922
487 715
487 763
487 801
487 814
487 894
488 554
488 696
488 877
488 934
488 936
489 501
489 506
489 512
489 514
489 781
490 717
490 993
491 502
491 529
491 536
491 539
491 613
491 686
491 764
492 662
492 885
492 961
493 654
493 657
493 669
493 763
493 764
493 780
493 868
494 604
494 741
495 660
495 873
495 938
496 520
496 811
497 520
497 686
497 704
497 851
498 545
498 702
499 507
499 527
499 599
499 699
499 786
499 944
500 548
500 729
500 809
500 873
500 996
501 529
501 551
501 658
501 695
501 737
501 822
502 522
502 741
502 889
502 899
502 935
502 964
503 679
503 734
503 778
503 852
503 855
504 602
504 642
504 960
505 644
505 686
505 724
505 739
505 917
505 955
506 518
506 722
506 874
506 952
507 609
507 646
507 762
507 778
507 812
507 895
507 898
507 957
508 553
508 760
508 959
509 738
509 866
510 588
510 683
510 719
510 936
510 940
511 618
511 728
511 772
512 557
512 582
512 615
512 743
512 867
512 978
513 577
513 678
513 751
513 766
513 859
513 867
513 983
514 599
514 675
514 823
514 917
515 573
515 648
515 747
516 560
516 737
516 855
516 868
517 685
517 785
517 998
518 630
518 658
518 660
518 926
519 972
520 570
520 624
520 744
520 781
520 807
520 977
521 651
521 769
521 775
521 816
521 909
522 654
522 722
522 800
522 927
523 553
523 651
523 711
524 696
524 914
525 574
525 906
525 966
526 627
526 787
526 872
526 966
527 586
527 595
527 704
527 783
528 742
528 770
528 799
528 822
528 859
528 880
528 943
529 744
529 755
529 779
529 791
529 856
529 882
529 971
530 627
530 695
530 716
530 859
530 987
531 686
531 824
531 915
531 961
532 591
532 783
532 952
533 707
533 753
533 776
533 872
534 600
534 606
534 609
534 613
534 730
534 745
534 893
534 993
535 644
535 710
536 556
536 642
536 675
537 618
537 711
537 816
538 585
538 641
538 860
538 959
539 599
539 704
539 763
539 818
539 878
539 891
539 893
539 898
539 967
540 561
540 651
540 767
540 907
540 942
540 957
540 958
541 543
541 841
541 848
542 563
542 564
542 572
542 673
542 984
543 669
543 722
543 895
543 905
543 908
544 600
544 682
544 746
544 808
544 902
544 985
545 671
545 816
545 865
545 961
546 572
546 655
546 666
546 683
546 694
546 748
546 787
547 625
547 653
547 684
547 942
548 667
548 694
548 726
548 775
549 640
549 703
549 719
549 751
549 780
549 826
549 925
550 564
550 663
550 912
550 938
551 751
551 761
551 764
551 875
551 949
551 954
552 599
552 631
552 897
552 922
553 562
553 583
553 591
553 598
553 734
553 744
553 848
553 938
553 963
554 603
554 636
554 644
554 725
554 769
554 858
554 876
555 576
555 690
555 887
555 909
555 950
555 993
556 612
556 665
556 675
556 779
556 856
556 922
556 999
557 887
557 940
558 695
558 812
558 831
559 564
559 586
559 655
559 788
560 656
560 739
560 791
560 884
561 603
561 708
561 743
561 771
561 935
562 792
562 960
562 986
563 631
563 697
563 711
563 810
563 833
564 841
564 875
565 702
565 942
566 690
566 735
566 746
568 677
568 819
568 831
569 595
569 713
569 726
569 882
569 995
570 750
570 786
570 899
570 935
571 625
571 656
571 701
571 718
571 816
571 824
571 852
572 675
572 687
572 721
572 778
572 920
573 583
573 607
573 870
573 902
573 967
573 969
574 766
575 667
575 818
575 847
576 846
576 864
577 701
577 815
577 831
578 620
578 695
578 833
579 594
579 632
580 622
580 734
580 862
580 937
580 945
580 950
580 972
581 592
581 620
581 709
581 765
581 789
582 618
582 644
582 694
582 733
582 802
582 805
582 808
582 869
582 906
582 922
583 586
583 731
583 738
583 808
583 892
584 616
584 671
584 682
584 855
584 873
584 950
585 684
585 817
585 937
586 599
586 802
586 914
587 661
587 666
587 790
587 885
587 899
588 652
588 686
588 840
588 899
589 597
589 693
589 751
589 926
589 978
590 743
590 946
591 645
591 681
591 783
591 856
591 995
592 692
592 709
592 739
592 822
592 927
593 666
593 698
593 729
593 751
593 771
593 785
593 789
594 718
594 739
594 838
594 858
595 665
595 784
595 867
595 999
596 832
596 887
597 654
597 689
597 708
597 762
597 852
597 974
598 670
598 790
598 840
598 909
598 954
600 603
600 750
600 779
600 822
600 930
600 950
600 962
601 704
601 853
601 921
602 631
602 771
603 666
603 747
603 748
603 883
603 920
603 932
603 943
604 689
604 754
604 759
604 881
604 926
604 936
605 683
605 685
605 884
605 969
606 728
606 733
606 828
606 869
607 717
607 933
607 950
608 688
608 790
608 995
609 611
609 613
609 662
609 821
609 993
610 613
610 627
610 683
610 785
610 871
610 947
610 958
611 646
611 663
611 888
612 861
612 938
612 944
613 662
613 702
613 713
613 768
613 922
613 950
614 824
614 828
614 859
614 951
614 970
614 980
615 646
615 688
615 718
615 916
615 950
616 775
616 933
616 951
616 968
617 716
617 903
617 945
618 737
618 761
618 808
618 887
619 823
620 638
620 676
620 686
620 889
620 911
621 684
621 824
621 995
622 902
622 945
623 780
623 785
623 874
623 887
624 737
624 813
624 846
624 905
624 923
625 755
625 827
626 635
626 718
626 820
626 824
627 699
627 870
627 922
627 931
627 949
627 968
628 643
628 709
628 878
628 894
628 921
630 779
630 808
630 832
631 663
631 891
631 993
631 994
632 641
632 678
632 710
632 993
633 712
633 836
633 962
634 732
634 879
634 914
634 950
635 706
635 736
635 798
635 812
636 804
636 843
636 889
637 680
637 798
637 888
638 648
638 682
638 739
638 740
638 828
638 886
638 897
638 939
638 941
639 789
639 803
639 946
640 740
640 793
640 840
640 989
641 669
641 692
641 732
641 875
641 976
642 860
642 906
643 933
644 756
644 898
645 810
645 888
645 995
646 717
646 924
647 877
647 970
648 905
648 997
649 732
649 744
649 798
649 955
649 979
650 782
650 784
650 790
650 959
651 729
651 742
651 745
651 805
651 882
651 949
651 965
651 990
652 680
652 817
652 829
653 678
653 734
653 827
654 772
654 850
654 993
655 710
655 746
655 748
655 782
656 732
656 795
656 833
656 965
656 978
657 681
657 864
658 665
658 707
658 763
658 831
658 861
658 949
658 972
659 696
659 811
660 696
660 894
661 720
661 914
662 721
662 771
662 842
662 928
663 737
663 997
664 669
664 685
664 690
664 721
664 796
664 917
664 959
665 703
666 678
666 713
666 754
666 841
666 934
667 707
667 877
668 723
668 737
668 913
668 966
669 696
669 802
669 819
669 858
669 865
670 902
671 760
671 792
671 944
672 770
672 822
672 830
672 835
672 914
672 915
672 978
672 984
673 947
674 951
676 724
676 757
676 764
676 839
677 757
677 932
677 993
678 773
678 778
678 827
680 725
680 898
680 930
680 998
681 752
681 925
681 980
683 696
683 973
684 914
684 944
684 950
685 708
685 828
685 847
686 717
686 733
686 764
687 819
687 855
687 856
688 820
688 955
688 973
689 767
689 796
689 853
689 961
690 887
691 799
692 708
692 765
692 784
692 875
692 957
693 769
693 960
693 976
694 697
694 875
694 964
696 787
696 834
696 908
696 998
697 738
697 793
697 949
697 955
697 984
697 987
698 714
698 914
698 930
699 876
699 916
699 986
700 798
700 883
700 903
700 961
701 761
701 930
702 731
702 788
702 812
703 719
703 760
703 874
703 878
704 793
704 837
704 863
704 920
704 992
705 796
705 837
705 985
706 833
706 839
706 853
706 935
707 725
707 876
707 929
707 951
707 971
708 896
709 877
710 777
710 802
710 805
710 898
710 935
710 978
711 994
712 926
712 988
713 774
713 908
713 992
714 737
714 819
714 951
714 954
714 996
715 802
715 871
715 915
716 829
716 857
716 959
716 966
717 718
717 886
717 888
717 980
718 794
718 885
720 798
720 821
720 825
720 865
720 882
720 997
722 828
722 963
722 965
722 981
723 738
723 844
723 861
724 748
724 866
724 920
725 819
725 831
725 951
726 782
726 883
726 949
727 787
727 968
728 765
729 819
729 862
729 889
729 955
730 757
730 837
730 963
732 891
732 921
733 796
733 867
734 843
734 905
735 782
735 886
735 888
735 963
736 800
736 865
736 877
736 903
736 972
737 759
737 836
737 838
737 914
737 929
737 939
738 777
738 855
738 878
738 947
739 741
740 894
740 967
741 848
741 867
741 959
741 972
741 991
743 753
743 858
743 987
744 863
744 907
745 847
745 853
745 928
746 772
746 773
746 951
746 967
747 874
747 925
747 992
748 809
749 885
750 853
751 760
751 835
751 866
752 769
752 777
752 793
752 935
753 818
753 943
753 967
753 974
754 824
754 861
755 955
756 800
756 813
756 814
757 801
757 950
759 992
760 963
761 925
761 946
762 911
762 982
764 881
764 893
764 919
765 849
765 885
765 901
766 823
766 894
767 808
767 880
767 941
767 965
769 926
769 953
769 968
770 830
770 917
771 998
772 972
772 975
773 777
773 806
773 812
773 818
773 842
774 893
774 914
775 913
776 806
777 873
778 879
778 972
779 843
779 934
779 970
780 794
780 892
781 832
781 841
783 858
783 936
783 940
784 790
784 955
785 796
785 843
785 931
785 965
788 884
788 888
788 900
788 943
788 999
789 944
789 954
789 984
790 830
790 891
790 944
791 961
792 933
793 802
793 983
794 832
794 892
794 947
795 911
796 948
797 936
798 896
798 944
800 895
800 918
801 803
801 869
801 901
801 983
801 987
803 827
803 852
805 875
806 817
806 826
808 848
809 938
809 939
809 968
810 870
812 855
812 930
812 995
813 866
813 882
813 913
813 914
813 943
813 968
814 983
816 863
816 905
816 978
817 912
817 957
818 926
818 979
819 825
819 856
819 905
820 895
820 944
821 840
822 858
823 971
823 981
824 831
824 890
827 835
827 850
827 998
828 845
828 959
829 868
830 897
831 901
831 932
831 950
833 965
834 896
834 984
835 944
835 947
836 946
837 868
837 871
837 934
838 839
838 936
838 955
838 999
840 854
841 885
842 862
843 866
843 971
844 889
844 975
846 968
846 969
847 971
849 898
849 907
850 873
850 998
851 984
852 930
852 960
853 861
853 877
853 909
854 886
854 926
855 926
855 938
856 904
856 956
856 981
858 903
860 945
861 984
863 909
864 900
864 929
865 880
865 881
865 907
865 923
865 994
866 985
869 921
870 888
870 957
871 899
873 938
874 919
874 964
874 965
875 912
876 922
876 943
877 901
877 982
878 922
880 960
881 899
881 957
882 961
883 988
884 913
884 985
885 961
885 963
886 963
888 920
888 965
890 993
892 982
893 948
893 975
894 917
894 924
894 957
894 966
894 969
894 995
897 921
899 939
900 903
902 963
904 977
906 912
906 922
906 963
906 970
909 964
909 980
910 989
911 991
912 955
913 924
913 929
913 946
914 925
914 930
915 922
915 941
918 956
922 956
923 951
923 980
925 928
925 946
925 958
927 971
927 976
928 973
931 985
932 943
932 956
932 998
934 970
935 992
937 947
937 972
937 981
938 945
940 968
942 999
943 958
943 984
951 964
953 972
958 970
959 991
960 994
961 963
961 995
963 997
966 993
967 990
973 999
980 982
985 986
985 988
