0 6
0 9
0 25
0 32
0 40
0 44
0 48
0 63
0 77
0 79
0 82
0 88
0 101
0 116
0 117
0 119
0 133
0 134
0 136
0 146
0 147
0 150
0 151
0 153
0 154
0 166
0 171
0 176
0 178
0 179
0 181
0 207
0 209
0 222
0 223
0 237
0 256
0 284
0 325
0 332
0 334
0 337
0 338
0 355
0 365
0 379
0 382
0 397
0 401
0 402
0 411
0 417
0 421
0 428
0 431
0 447
0 450
0 458
0 468
0 472
0 488
0 493
0 496
0 497
1 20
1 26
1 33
1 44
1 67
1 74
1 104
1 105
1 116
1 132
1 141
1 142
1 145
1 147
1 159
1 206
1 224
1 227
1 230
1 231
1 232
1 256
1 260
1 263
1 273
1 276
1 289
1 361
1 366
1 374
1 397
1 406
1 409
1 410
1 425
1 433
1 461
1 463
1 471
1 474
1 484
1 490
1 494
1 498
2 3
2 4
2 12
2 23
2 33
2 36
2 45
2 57
2 66
2 69
2 73
2 74
2 78
2 91
2 106
2 130
2 137
2 144
2 153
2 160
2 169
2 176
2 244
2 250
2 256
2 258
2 259
2 283
2 285
2 292
2 304
2 318
2 319
2 330
2 336
2 347
2 404
2 407
2 421
2 428
2 431
2 448
2 456
2 470
2 476
2 485
2 488
2 489
2 494
2 495
3 8
3 10
3 23
3 71
3 74
3 78
3 102
3 103
3 109
3 147
3 158
3 191
3 213
3 215
3 216
3 233
3 239
3 240
3 246
3 251
3 255
3 272
3 278
3 280
3 292
3 317
3 332
3 340
3 344
3 346
3 376
3 388
3 412
3 415
3 452
3 471
3 489
3 490
4 24
4 58
4 62
4 63
4 74
4 76
4 88
4 92
4 111
4 145
4 146
4 149
4 158
4 175
4 188
4 198
4 222
4 231
4 234
4 236
4 237
4 250
4 253
4 260
4 298
4 313
4 331
4 332
4 342
4 375
4 381
4 387
4 406
4 407
4 410
4 441
4 472
4 473
4 477
4 479
4 486
4 488
4 495
5 13
5 14
5 21
5 31
5 60
5 72
5 77
5 86
5 89
5 102
5 111
5 115
5 131
5 148
5 157
5 165
5 228
5 243
5 250
5 252
5 256
5 260
5 262
5 278
5 294
5 311
5 316
5 324
5 325
5 329
5 331
5 334
5 346
5 348
5 362
5 367
5 398
5 413
5 426
5 448
5 450
5 454
5 472
5 474
5 486
5 492
5 497
6 9
6 13
6 19
6 25
6 36
6 39
6 51
6 56
6 58
6 64
6 67
6 77
6 91
6 97
6 103
6 106
6 109
6 115
6 119
6 120
6 122
6 128
6 133
6 138
6 142
6 154
6 157
6 163
6 172
6 187
6 200
6 202
6 204
6 209
6 219
6 233
6 240
6 242
6 244
6 246
6 260
6 286
6 293
6 300
6 322
6 329
6 335
6 351
6 353
6 357
6 374
6 382
6 384
6 393
6 430
6 432
6 441
6 462
6 468
6 474
6 477
6 478
7 9
7 11
7 32
7 35
7 62
7 70
7 80
7 84
7 86
7 89
7 108
7 110
7 129
7 139
7 143
7 152
7 156
7 162
7 163
7 171
7 174
7 186
7 191
7 199
7 206
7 207
7 231
7 251
7 258
7 268
7 287
7 303
7 312
7 333
7 350
7 366
7 372
7 399
7 410
7 423
7 430
7 440
7 450
7 452
7 462
7 475
7 483
8 12
8 39
8 40
8 46
8 52
8 66
8 70
8 80
8 83
8 94
8 98
8 107
8 109
8 118
8 124
8 126
8 136
8 137
8 140
8 151
8 152
8 155
8 161
8 164
8 173
8 175
8 181
8 183
8 185
8 195
8 208
8 216
8 223
8 231
8 233
8 254
8 258
8 264
8 284
8 294
8 297
8 304
8 307
8 327
8 339
8 349
8 358
8 375
8 394
8 399
8 400
8 407
8 413
8 422
8 423
8 448
8 453
8 481
8 494
8 499
9 36
9 40
9 52
9 73
9 84
9 117
9 132
9 136
9 137
9 138
9 165
9 179
9 185
9 207
9 213
9 216
9 217
9 221
9 224
9 234
9 238
9 241
9 242
9 243
9 248
9 263
9 266
9 278
9 288
9 307
9 313
9 329
9 340
9 357
9 364
9 382
9 392
9 405
9 406
9 413
9 415
9 416
9 421
9 460
9 463
9 475
9 480
9 485
9 490
9 493
10 11
10 19
10 21
10 23
10 31
10 45
10 81
10 84
10 88
10 96
10 114
10 120
10 124
10 135
10 144
10 153
10 164
10 172
10 176
10 195
10 211
10 224
10 227
10 241
10 242
10 261
10 262
10 266
10 304
10 309
10 329
10 330
10 335
10 336
10 391
10 403
10 406
10 419
10 433
10 435
10 443
10 451
10 456
10 465
10 469
10 478
10 487
11 15
11 35
11 56
11 85
11 87
11 120
11 138
11 155
11 161
11 167
11 190
11 203
11 208
11 215
11 224
11 237
11 239
11 241
11 249
11 252
11 258
11 297
11 298
11 305
11 306
11 315
11 316
11 322
11 326
11 340
11 353
11 355
11 392
11 401
11 406
11 408
11 426
11 428
11 437
11 449
11 467
11 484
11 493
11 495
11 496
12 18
12 25
12 26
12 32
12 44
12 58
12 69
12 82
12 87
12 95
12 112
12 122
12 149
12 153
12 154
12 160
12 176
12 193
12 200
12 201
12 204
12 211
12 216
12 219
12 221
12 233
12 236
12 237
12 255
12 261
12 263
12 268
12 292
12 296
12 304
12 312
12 342
12 358
12 369
12 378
12 393
12 399
12 400
12 403
12 405
12 409
12 410
12 415
12 435
12 438
12 441
12 446
12 463
12 470
12 472
12 495
12 498
13 73
13 78
13 81
13 137
13 144
13 153
13 169
13 184
13 185
13 188
13 196
13 198
13 203
13 214
13 217
13 223
13 245
13 265
13 266
13 267
13 271
13 273
13 275
13 279
13 296
13 305
13 325
13 359
13 368
13 370
13 382
13 385
13 391
13 399
13 401
13 407
13 413
13 423
13 424
13 433
13 437
13 445
13 461
13 465
13 479
13 491
13 499
14 17
14 32
14 60
14 70
14 73
14 79
14 80
14 87
14 95
14 96
14 106
14 122
14 125
14 129
14 133
14 167
14 177
14 186
14 187
14 197
14 198
14 202
14 223
14 248
14 252
14 255
14 265
14 271
14 283
14 295
14 302
14 304
14 306
14 310
14 318
14 321
14 331
14 355
14 358
14 374
14 375
14 376
14 384
14 416
14 429
14 439
14 444
14 451
14 467
14 482
14 484
14 490
14 491
15 47
15 49
15 63
15 68
15 73
15 80
15 85
15 92
15 101
15 111
15 123
15 149
15 158
15 187
15 203
15 231
15 241
15 242
15 246
15 248
15 294
15 296
15 299
15 316
15 320
15 326
15 328
15 342
15 343
15 350
15 368
15 372
15 387
15 404
15 424
15 434
15 439
15 458
15 461
15 480
15 491
16 18
16 24
16 43
16 46
16 69
16 80
16 88
16 95
16 96
16 100
16 130
16 142
16 148
16 153
16 175
16 184
16 187
16 206
16 241
16 246
16 257
16 264
16 270
16 271
16 281
16 285
16 293
16 300
16 306
16 314
16 316
16 334
16 338
16 352
16 359
16 363
16 368
16 370
16 372
16 375
16 380
16 407
16 414
16 427
16 435
16 442
16 443
16 444
16 473
16 474
16 481
16 497
17 29
17 32
17 33
17 35
17 52
17 53
17 55
17 65
17 80
17 87
17 109
17 126
17 131
17 133
17 139
17 140
17 151
17 157
17 178
17 179
17 182
17 187
17 188
17 191
17 201
17 220
17 245
17 259
17 277
17 278
17 279
17 288
17 296
17 332
17 333
17 346
17 362
17 363
17 374
17 384
17 387
17 391
17 407
17 420
17 425
17 432
17 462
17 474
17 482
17 487
17 497
18 45
18 59
18 83
18 91
18 109
18 110
18 111
18 113
18 137
18 146
18 173
18 192
18 199
18 200
18 209
18 216
18 217
18 219
18 220
18 238
18 240
18 251
18 269
18 277
18 297
18 299
18 300
18 306
18 308
18 317
18 333
18 337
18 340
18 356
18 359
18 360
18 373
18 377
18 384
18 385
18 396
18 398
18 407
18 426
18 437
18 438
18 455
18 456
18 462
18 469
18 489
18 495
19 23
19 30
19 44
19 50
19 65
19 70
19 79
19 84
19 96
19 118
19 121
19 133
19 141
19 143
19 152
19 153
19 178
19 183
19 184
19 186
19 203
19 212
19 240
19 241
19 251
19 254
19 271
19 273
19 298
19 319
19 326
19 341
19 343
19 344
19 353
19 385
19 393
19 424
19 436
19 437
19 439
19 443
19 450
19 454
19 458
19 461
19 463
19 465
20 26
20 43
20 53
20 65
20 87
20 89
20 94
20 98
20 111
20 114
20 134
20 145
20 157
20 164
20 187
20 188
20 193
20 201
20 204
20 220
20 244
20 246
20 249
20 256
20 268
20 271
20 282
20 294
20 296
20 297
20 325
20 351
20 353
20 363
20 365
20 381
20 386
20 401
20 406
20 413
20 420
20 471
20 482
21 49
21 57
21 66
21 89
21 97
21 98
21 100
21 118
21 119
21 136
21 155
21 178
21 210
21 211
21 225
21 236
21 239
21 242
21 243
21 266
21 275
21 281
21 297
21 299
21 327
21 356
21 361
21 383
21 384
21 391
21 397
21 433
21 444
21 452
21 454
21 457
21 468
21 470
21 478
21 481
21 494
22 38
22 46
22 58
22 63
22 68
22 71
22 72
22 78
22 82
22 84
22 120
22 125
22 134
22 136
22 156
22 167
22 179
22 185
22 189
22 206
22 229
22 244
22 245
22 251
22 266
22 289
22 298
22 301
22 313
22 321
22 326
22 341
22 372
22 373
22 381
22 386
22 393
22 397
22 412
22 416
22 430
22 446
22 485
22 495
23 38
23 39
23 42
23 50
23 68
23 79
23 82
23 96
23 107
23 110
23 119
23 127
23 150
23 151
23 152
23 157
23 175
23 182
23 185
23 197
23 207
23 210
23 221
23 223
23 229
23 230
23 231
23 252
23 260
23 264
23 269
23 278
23 283
23 288
23 294
23 296
23 305
23 308
23 309
23 325
23 327
23 331
23 335
23 344
23 352
23 367
23 369
23 390
23 391
23 405
23 423
23 449
23 453
23 473
23 484
23 498
24 36
24 42
24 51
24 53
24 62
24 71
24 144
24 146
24 158
24 160
24 163
24 165
24 168
24 178
24 190
24 191
24 193
24 195
24 206
24 207
24 274
24 291
24 293
24 314
24 321
24 328
24 335
24 358
24 365
24 366
24 385
24 407
24 412
24 452
24 457
24 499
25 33
25 52
25 54
25 57
25 61
25 66
25 73
25 88
25 99
25 115
25 122
25 133
25 145
25 163
25 165
25 166
25 169
25 180
25 205
25 208
25 221
25 226
25 232
25 241
25 242
25 245
25 276
25 293
25 302
25 303
25 307
25 309
25 317
25 344
25 355
25 377
25 397
25 421
25 435
25 441
25 465
25 466
26 37
26 41
26 52
26 60
26 63
26 69
26 81
26 86
26 88
26 100
26 114
26 150
26 151
26 184
26 188
26 206
26 209
26 214
26 234
26 246
26 251
26 254
26 255
26 265
26 269
26 273
26 285
26 313
26 317
26 318
26 333
26 335
26 337
26 343
26 346
26 376
26 381
26 388
26 397
26 409
26 413
26 418
26 452
26 462
26 476
26 478
26 489
26 494
27 28
27 40
27 50
27 51
27 55
27 61
27 67
27 80
27 91
27 93
27 130
27 131
27 145
27 147
27 159
27 165
27 172
27 188
27 200
27 216
27 222
27 224
27 229
27 237
27 249
27 250
27 253
27 254
27 255
27 267
27 274
27 276
27 278
27 282
27 292
27 297
27 306
27 315
27 327
27 340
27 343
27 365
27 383
27 403
27 415
27 431
27 450
27 457
27 464
27 476
27 483
27 499
28 66
28 73
28 82
28 85
28 86
28 102
28 110
28 118
28 123
28 125
28 156
28 178
28 190
28 198
28 201
28 205
28 207
28 211
28 226
28 232
28 243
28 254
28 283
28 296
28 337
28 365
28 379
28 380
28 387
28 394
28 398
28 424
28 432
28 444
28 451
28 467
28 470
28 495
28 496
29 83
29 100
29 120
29 123
29 135
29 140
29 146
29 153
29 161
29 164
29 170
29 175
29 180
29 191
29 193
29 195
29 208
29 219
29 220
29 230
29 232
29 246
29 249
29 260
29 264
29 274
29 305
29 306
29 307
29 324
29 373
29 380
29 394
29 406
29 418
29 434
29 437
29 439
29 440
29 448
29 451
29 452
29 496
30 38
30 47
30 58
30 63
30 82
30 85
30 88
30 99
30 103
30 105
30 114
30 125
30 134
30 157
30 174
30 202
30 208
30 216
30 243
30 250
30 262
30 271
30 282
30 307
30 311
30 320
30 331
30 339
30 362
30 365
30 375
30 376
30 386
30 398
30 401
30 404
30 405
30 406
30 468
30 469
30 490
31 36
31 38
31 41
31 58
31 70
31 71
31 103
31 121
31 125
31 132
31 158
31 163
31 181
31 182
31 199
31 210
31 221
31 234
31 242
31 250
31 253
31 254
31 301
31 307
31 316
31 323
31 345
31 361
31 373
31 389
31 391
31 394
31 397
31 411
31 416
31 426
31 427
31 439
31 472
31 478
31 488
31 496
31 497
32 42
32 44
32 53
32 61
32 70
32 79
32 106
32 123
32 130
32 132
32 152
32 169
32 192
32 202
32 222
32 228
32 235
32 261
32 273
32 284
32 286
32 290
32 295
32 306
32 320
32 328
32 349
32 406
32 409
32 435
32 438
32 467
32 472
32 475
32 485
32 497
33 35
33 38
33 41
33 75
33 89
33 90
33 121
33 144
33 145
33 147
33 150
33 152
33 156
33 160
33 163
33 164
33 166
33 196
33 216
33 219
33 234
33 293
33 298
33 312
33 334
33 339
33 349
33 360
33 365
33 371
33 376
33 383
33 395
33 406
33 429
33 440
33 452
33 453
33 465
33 467
33 469
33 473
33 485
33 498
34 63
34 67
34 80
34 82
34 85
34 87
34 91
34 92
34 103
34 105
34 110
34 111
34 145
34 159
34 167
34 176
34 215
34 228
34 242
34 250
34 251
34 268
34 276
34 279
34 299
34 306
34 314
34 319
34 335
34 340
34 366
34 373
34 381
34 388
34 408
34 418
34 427
34 431
34 437
34 466
34 481
34 483
34 488
35 47
35 56
35 67
35 69
35 72
35 91
35 92
35 100
35 101
35 116
35 123
35 131
35 137
35 141
35 147
35 150
35 159
35 174
35 202
35 215
35 219
35 223
35 269
35 296
35 305
35 307
35 316
35 319
35 327
35 334
35 339
35 350
35 353
35 362
35 372
35 397
35 443
35 449
35 452
35 463
35 474
35 483
35 485
35 492
36 39
36 67
36 79
36 91
36 92
36 98
36 102
36 125
36 144
36 147
36 169
36 185
36 190
36 212
36 218
36 253
36 271
36 288
36 309
36 315
36 320
36 325
36 353
36 376
36 379
36 380
36 386
36 391
36 392
36 405
36 409
36 416
36 421
36 427
36 432
36 442
36 445
36 451
36 454
36 460
36 464
36 469
36 486
36 494
37 46
37 47
37 50
37 51
37 52
37 55
37 57
37 69
37 101
37 121
37 126
37 132
37 134
37 143
37 145
37 152
37 154
37 190
37 199
37 206
37 221
37 239
37 262
37 288
37 296
37 321
37 329
37 332
37 391
37 402
37 414
37 416
37 417
37 451
37 492
38 46
38 53
38 59
38 60
38 67
38 74
38 75
38 89
38 96
38 104
38 129
38 143
38 150
38 167
38 176
38 179
38 196
38 207
38 209
38 211
38 244
38 262
38 270
38 285
38 291
38 298
38 301
38 309
38 330
38 332
38 340
38 353
38 359
38 368
38 379
38 388
38 390
38 408
38 415
38 429
38 432
38 435
38 442
38 446
38 461
38 471
38 477
38 481
38 485
39 43
39 46
39 50
39 60
39 84
39 105
39 108
39 125
39 130
39 134
39 160
39 175
39 187
39 189
39 212
39 214
39 215
39 219
39 221
39 242
39 246
39 268
39 270
39 286
39 296
39 311
39 353
39 357
39 374
39 387
39 392
39 403
39 416
39 427
39 435
39 437
39 449
39 462
39 479
39 495
40 58
40 69
40 73
40 80
40 81
40 91
40 101
40 103
40 112
40 122
40 123
40 153
40 158
40 167
40 192
40 199
40 205
40 208
40 217
40 219
40 229
40 233
40 258
40 262
40 274
40 311
40 319
40 326
40 332
40 348
40 358
40 392
40 399
40 405
40 435
40 437
40 442
40 458
40 461
40 466
40 473
40 476
41 44
41 53
41 59
41 60
41 72
41 82
41 105
41 109
41 112
41 116
41 118
41 130
41 134
41 152
41 170
41 175
41 177
41 192
41 193
41 224
41 230
41 235
41 237
41 255
41 256
41 260
41 261
41 306
41 317
41 321
41 323
41 324
41 339
41 358
41 386
41 395
41 424
41 437
41 441
41 462
41 467
41 469
41 482
41 486
41 499
42 70
42 111
42 135
42 148
42 164
42 174
42 181
42 191
42 199
42 210
42 214
42 218
42 228
42 233
42 235
42 251
42 256
42 258
42 260
42 280
42 295
42 315
42 329
42 344
42 346
42 362
42 373
42 374
42 380
42 382
42 388
42 389
42 393
42 405
42 415
42 429
42 430
42 455
42 472
42 474
43 46
43 52
43 66
43 68
43 69
43 82
43 113
43 128
43 142
43 147
43 172
43 177
43 179
43 193
43 203
43 214
43 220
43 229
43 239
43 242
43 276
43 281
43 288
43 293
43 297
43 313
43 323
43 327
43 358
43 365
43 376
43 380
43 384
43 409
43 413
43 421
43 424
43 429
43 445
43 448
43 452
43 457
43 459
43 469
43 470
43 473
43 486
43 494
43 497
43 498
44 49
44 81
44 100
44 118
44 133
44 134
44 142
44 149
44 160
44 167
44 168
44 210
44 216
44 233
44 244
44 256
44 261
44 280
44 283
44 284
44 297
44 315
44 324
44 325
44 346
44 348
44 349
44 373
44 377
44 415
44 424
44 429
44 434
44 437
44 445
44 448
44 458
44 462
44 467
44 478
44 492
44 493
45 46
45 49
45 61
45 84
45 111
45 113
45 130
45 143
45 145
45 159
45 167
45 184
45 192
45 196
45 203
45 210
45 234
45 237
45 242
45 248
45 266
45 271
45 294
45 303
45 309
45 314
45 320
45 340
45 341
45 356
45 367
45 372
45 379
45 389
45 395
45 412
45 413
45 417
45 453
45 466
45 480
45 486
46 62
46 65
46 66
46 98
46 136
46 139
46 141
46 148
46 152
46 163
46 164
46 169
46 171
46 181
46 192
46 198
46 200
46 240
46 253
46 269
46 283
46 292
46 314
46 338
46 341
46 350
46 358
46 368
46 386
46 395
46 400
46 405
46 406
46 409
46 421
46 431
46 467
46 471
46 488
46 489
47 62
47 77
47 100
47 120
47 122
47 127
47 130
47 136
47 149
47 154
47 173
47 187
47 190
47 197
47 199
47 200
47 201
47 207
47 212
47 214
47 224
47 232
47 238
47 259
47 262
47 265
47 300
47 301
47 310
47 322
47 324
47 353
47 356
47 361
47 363
47 378
47 380
47 382
47 401
47 410
47 414
47 421
47 452
47 464
47 469
47 475
48 49
48 52
48 53
48 56
48 63
48 66
48 70
48 76
48 82
48 109
48 123
48 129
48 142
48 148
48 158
48 164
48 167
48 170
48 172
48 174
48 176
48 183
48 200
48 207
48 223
48 228
48 238
48 246
48 256
48 274
48 276
48 277
48 284
48 286
48 305
48 318
48 321
48 332
48 338
48 350
48 352
48 354
48 357
48 358
48 362
48 372
48 373
48 396
48 405
48 419
48 420
48 424
48 432
48 438
48 446
48 448
48 458
48 463
48 469
48 473
48 480
48 495
49 50
49 58
49 60
49 76
49 77
49 94
49 107
49 113
49 123
49 124
49 125
49 129
49 151
49 156
49 166
49 169
49 174
49 180
49 186
49 208
49 215
49 241
49 242
49 249
49 266
49 267
49 275
49 294
49 305
49 323
49 324
49 327
49 333
49 348
49 355
49 357
49 360
49 366
49 368
49 375
49 409
49 417
49 427
49 433
49 437
49 439
49 443
50 67
50 96
50 119
50 120
50 128
50 163
50 214
50 230
50 247
50 256
50 262
50 274
50 277
50 294
50 296
50 297
50 307
50 322
50 326
50 327
50 337
50 342
50 356
50 362
50 393
50 397
50 398
50 399
50 439
50 441
50 445
50 463
50 465
50 469
50 489
50 495
51 53
51 64
51 71
51 95
51 101
51 108
51 110
51 111
51 126
51 135
51 151
51 163
51 165
51 180
51 186
51 191
51 200
51 201
51 202
51 204
51 207
51 215
51 217
51 231
51 241
51 242
51 256
51 263
51 267
51 268
51 269
51 277
51 316
51 319
51 322
51 325
51 340
51 351
51 358
51 401
51 408
51 428
51 439
51 443
51 474
51 486
52 53
52 59
52 64
52 81
52 85
52 87
52 133
52 134
52 135
52 138
52 154
52 164
52 165
52 180
52 182
52 183
52 185
52 188
52 200
52 201
52 214
52 215
52 225
52 226
52 255
52 257
52 264
52 268
52 272
52 282
52 289
52 292
52 311
52 312
52 323
52 341
52 347
52 363
52 368
52 390
52 396
52 404
52 421
52 425
52 426
52 451
52 452
52 456
52 463
52 472
52 479
52 482
52 486
52 487
52 488
52 490
52 494
53 54
53 56
53 57
53 61
53 65
53 75
53 81
53 84
53 100
53 102
53 111
53 147
53 151
53 159
53 168
53 173
53 179
53 196
53 214
53 287
53 293
53 296
53 315
53 323
53 346
53 362
53 363
53 375
53 383
53 414
53 427
53 431
53 458
53 465
53 466
53 483
54 58
54 62
54 68
54 82
54 92
54 95
54 108
54 111
54 130
54 141
54 144
54 157
54 181
54 191
54 196
54 213
54 229
54 244
54 258
54 259
54 265
54 275
54 284
54 293
54 294
54 309
54 356
54 359
54 364
54 386
54 388
54 401
54 402
54 404
54 405
54 418
54 443
54 451
54 455
54 474
54 479
54 485
54 487
55 80
55 100
55 113
55 116
55 120
55 136
55 139
55 142
55 148
55 158
55 182
55 183
55 198
55 227
55 237
55 240
55 246
55 265
55 278
55 285
55 291
55 294
55 306
55 331
55 332
55 349
55 353
55 356
55 360
55 361
55 363
55 364
55 373
55 375
55 384
55 404
55 441
55 443
55 446
55 452
55 468
56 57
56 66
56 69
56 71
56 107
56 113
56 131
56 137
56 172
56 197
56 241
56 251
56 262
56 269
56 270
56 282
56 286
56 303
56 308
56 315
56 323
56 325
56 381
56 386
56 410
56 418
56 452
56 464
56 466
56 471
56 476
56 480
56 487
56 498
57 66
57 68
57 92
57 103
57 108
57 157
57 161
57 165
57 168
57 169
57 171
57 184
57 189
57 217
57 219
57 241
57 256
57 258
57 263
57 273
57 275
57 282
57 289
57 290
57 292
57 294
57 312
57 315
57 323
57 325
57 331
57 336
57 338
57 353
57 357
57 370
57 376
57 386
57 396
57 397
57 405
57 408
57 413
57 458
57 467
57 473
57 475
57 488
57 490
58 64
58 74
58 104
58 105
58 126
58 132
58 139
58 146
58 161
58 194
58 197
58 204
58 212
58 249
58 270
58 275
58 299
58 305
58 327
58 335
58 345
58 357
58 360
58 368
58 375
58 403
58 420
58 436
58 449
58 457
58 458
58 464
58 468
58 472
58 479
58 489
58 492
58 498
59 71
59 107
59 133
59 138
59 196
59 205
59 220
59 229
59 231
59 235
59 239
59 244
59 254
59 278
59 280
59 291
59 292
59 303
59 309
59 326
59 335
59 340
59 349
59 364
59 382
59 384
59 385
59 387
59 389
59 409
59 411
59 421
59 429
59 432
59 439
59 445
59 462
59 471
59 480
59 485
59 487
59 494
60 62
60 76
60 80
60 91
60 101
60 115
60 132
60 144
60 151
60 159
60 160
60 215
60 233
60 247
60 255
60 256
60 266
60 278
60 282
60 288
60 293
60 310
60 316
60 322
60 327
60 334
60 342
60 343
60 349
60 351
60 365
60 394
60 400
60 410
60 412
60 413
60 420
60 432
60 434
60 441
60 457
60 463
60 479
60 492
60 498
61 65
61 69
61 91
61 97
61 107
61 123
61 124
61 136
61 140
61 147
61 160
61 168
61 192
61 205
61 206
61 216
61 221
61 229
61 263
61 266
61 271
61 281
61 296
61 301
61 307
61 323
61 329
61 340
61 356
61 375
61 377
61 378
61 380
61 398
61 415
61 446
61 448
61 458
61 476
61 477
61 486
61 494
62 81
62 106
62 118
62 129
62 131
62 133
62 139
62 144
62 148
62 163
62 169
62 170
62 180
62 189
62 191
62 196
62 206
62 216
62 235
62 239
62 259
62 263
62 268
62 270
62 277
62 279
62 292
62 293
62 294
62 310
62 313
62 320
62 338
62 344
62 349
62 363
62 370
62 376
62 381
62 386
62 387
62 424
62 426
62 429
62 432
62 439
62 449
62 456
62 468
62 491
62 492
63 65
63 70
63 72
63 80
63 81
63 106
63 111
63 126
63 134
63 135
63 146
63 154
63 158
63 166
63 183
63 194
63 206
63 220
63 223
63 227
63 233
63 236
63 243
63 256
63 259
63 268
63 287
63 289
63 301
63 306
63 310
63 319
63 321
63 324
63 334
63 343
63 376
63 384
63 391
63 399
63 403
63 406
63 409
63 419
63 459
63 468
63 478
63 499
64 65
64 66
64 91
64 95
64 97
64 101
64 104
64 152
64 153
64 156
64 165
64 177
64 181
64 202
64 203
64 220
64 221
64 233
64 234
64 238
64 246
64 247
64 256
64 261
64 273
64 289
64 297
64 301
64 307
64 316
64 320
64 330
64 359
64 372
64 401
64 405
64 414
64 419
64 438
64 442
64 472
64 478
65 74
65 97
65 105
65 116
65 192
65 194
65 198
65 221
65 226
65 230
65 248
65 252
65 261
65 265
65 285
65 290
65 298
65 315
65 329
65 332
65 338
65 361
65 362
65 364
65 366
65 371
65 404
65 417
65 424
65 429
65 432
65 433
65 441
65 445
65 453
65 489
65 492
65 493
65 497
66 73
66 103
66 105
66 106
66 110
66 130
66 140
66 142
66 166
66 169
66 174
66 179
66 194
66 198
66 203
66 232
66 242
66 249
66 250
66 265
66 269
66 277
66 281
66 303
66 306
66 309
66 317
66 335
66 338
66 352
66 357
66 377
66 386
66 387
66 396
66 435
66 451
66 484
66 485
66 487
66 497
67 70
67 75
67 80
67 104
67 109
67 115
67 124
67 125
67 135
67 139
67 160
67 163
67 187
67 197
67 198
67 233
67 240
67 245
67 276
67 288
67 298
67 303
67 304
67 307
67 310
67 311
67 348
67 367
67 387
67 398
67 406
67 422
67 423
67 455
67 460
67 467
67 472
67 473
67 477
67 481
67 484
67 491
67 493
67 495
68 82
68 84
68 88
68 94
68 148
68 149
68 157
68 165
68 166
68 169
68 180
68 184
68 188
68 191
68 193
68 200
68 203
68 230
68 231
68 237
68 243
68 248
68 253
68 256
68 258
68 268
68 278
68 279
68 289
68 298
68 299
68 315
68 325
68 331
68 342
68 353
68 360
68 364
68 378
68 380
68 388
68 393
68 400
68 405
68 410
68 431
68 433
68 438
68 448
68 450
68 453
68 460
68 480
68 484
68 491
69 81
69 91
69 113
69 135
69 162
69 175
69 185
69 189
69 202
69 204
69 220
69 223
69 242
69 255
69 281
69 289
69 303
69 307
69 335
69 341
69 356
69 368
69 377
69 390
69 398
69 402
69 408
69 411
69 417
69 421
69 450
69 455
69 457
69 467
69 473
69 477
69 484
69 485
69 487
69 492
69 498
70 71
70 73
70 74
70 75
70 83
70 88
70 91
70 92
70 101
70 113
70 123
70 129
70 152
70 157
70 162
70 163
70 179
70 183
70 197
70 217
70 230
70 233
70 238
70 252
70 268
70 290
70 302
70 305
70 339
70 376
70 403
70 413
70 424
70 425
70 429
70 436
70 439
70 444
70 465
70 479
70 495
70 497
71 82
71 96
71 101
71 102
71 105
71 112
71 117
71 129
71 132
71 137
71 147
71 157
71 170
71 177
71 195
71 221
71 236
71 238
71 252
71 279
71 290
71 332
71 350
71 359
71 377
71 387
71 396
71 404
71 410
71 432
71 452
71 460
71 470
71 472
72 103
72 104
72 105
72 113
72 115
72 116
72 141
72 145
72 149
72 152
72 170
72 178
72 182
72 198
72 221
72 228
72 233
72 242
72 275
72 277
72 286
72 294
72 298
72 302
72 307
72 329
72 345
72 358
72 360
72 371
72 380
72 383
72 389
72 396
72 398
72 402
72 407
72 411
72 433
72 437
72 453
72 466
72 478
72 482
72 483
72 489
73 76
73 87
73 90
73 108
73 114
73 116
73 119
73 131
73 133
73 143
73 192
73 193
73 198
73 202
73 214
73 226
73 229
73 231
73 253
73 256
73 263
73 289
73 307
73 320
73 321
73 322
73 339
73 347
73 356
73 375
73 381
73 389
73 399
73 402
73 406
73 409
73 455
73 458
73 469
73 470
73 479
74 75
74 83
74 100
74 104
74 118
74 127
74 147
74 149
74 158
74 171
74 173
74 180
74 188
74 222
74 224
74 227
74 235
74 246
74 294
74 297
74 302
74 308
74 312
74 314
74 322
74 325
74 335
74 342
74 344
74 352
74 370
74 371
74 372
74 376
74 406
74 420
74 424
74 431
74 460
74 473
74 492
74 494
75 77
75 86
75 95
75 101
75 102
75 117
75 144
75 153
75 163
75 164
75 174
75 175
75 179
75 186
75 206
75 207
75 209
75 220
75 244
75 249
75 253
75 255
75 269
75 270
75 272
75 282
75 285
75 303
75 322
75 328
75 334
75 338
75 344
75 346
75 352
75 360
75 365
75 387
75 391
75 403
75 417
75 423
75 426
75 436
75 444
75 460
75 466
75 475
75 476
75 483
75 487
75 493
75 498
76 122
76 127
76 134
76 138
76 141
76 146
76 161
76 171
76 177
76 183
76 204
76 206
76 209
76 210
76 219
76 220
76 237
76 247
76 253
76 258
76 262
76 263
76 291
76 314
76 316
76 339
76 341
76 372
76 386
76 399
76 424
76 427
76 437
76 439
76 443
76 448
76 454
76 464
76 480
76 487
77 82
77 87
77 91
77 95
77 102
77 108
77 116
77 129
77 145
77 147
77 148
77 151
77 155
77 159
77 166
77 180
77 217
77 227
77 243
77 256
77 267
77 275
77 284
77 287
77 291
77 296
77 319
77 331
77 348
77 362
77 365
77 373
77 378
77 379
77 407
77 408
77 416
77 423
77 431
77 448
77 453
77 474
77 475
77 476
78 102
78 118
78 128
78 129
78 154
78 158
78 173
78 177
78 192
78 213
78 218
78 219
78 230
78 261
78 266
78 273
78 281
78 295
78 298
78 315
78 330
78 353
78 357
78 368
78 384
78 394
78 423
78 425
78 435
78 436
78 453
78 468
78 483
79 83
79 94
79 123
79 127
79 134
79 138
79 163
79 171
79 172
79 174
79 176
79 201
79 207
79 220
79 229
79 232
79 236
79 239
79 248
79 249
79 269
79 273
79 274
79 288
79 300
79 306
79 312
79 333
79 348
79 351
79 369
79 374
79 390
79 397
79 406
79 417
79 420
79 428
79 440
79 481
79 487
79 497
80 86
80 90
80 91
80 113
80 117
80 118
80 126
80 127
80 129
80 158
80 169
80 171
80 182
80 208
80 215
80 227
80 244
80 250
80 261
80 278
80 284
80 300
80 302
80 306
80 307
80 309
80 329
80 331
80 347
80 370
80 372
80 389
80 404
80 413
80 418
80 436
80 437
80 455
80 484
80 488
80 491
81 103
81 105
81 110
81 116
81 119
81 151
81 152
81 165
81 181
81 214
81 217
81 221
81 233
81 247
81 257
81 283
81 284
81 285
81 291
81 303
81 317
81 320
81 334
81 340
81 362
81 397
81 409
81 412
81 414
81 418
81 420
81 428
81 437
81 440
81 448
81 477
81 490
81 494
82 94
82 98
82 110
82 135
82 138
82 148
82 158
82 168
82 169
82 189
82 217
82 222
82 236
82 245
82 251
82 258
82 280
82 295
82 296
82 309
82 311
82 314
82 318
82 356
82 360
82 387
82 418
82 427
82 436
82 440
82 452
83 96
83 100
83 103
83 112
83 129
83 137
83 191
83 195
83 196
83 200
83 209
83 215
83 220
83 227
83 233
83 237
83 269
83 274
83 282
83 291
83 313
83 316
83 318
83 321
83 333
83 344
83 370
83 379
83 381
83 382
83 389
83 432
83 450
83 451
83 463
83 469
83 484
84 85
84 112
84 115
84 120
84 129
84 130
84 140
84 164
84 174
84 177
84 208
84 209
84 216
84 224
84 227
84 242
84 254
84 256
84 266
84 277
84 294
84 305
84 306
84 311
84 321
84 332
84 339
84 370
84 374
84 385
84 389
84 410
84 411
84 416
84 428
84 452
84 465
84 469
84 474
84 477
84 482
84 484
84 492
84 498
85 87
85 91
85 92
85 97
85 113
85 123
85 136
85 141
85 160
85 170
85 187
85 189
85 197
85 209
85 217
85 235
85 237
85 242
85 257
85 265
85 275
85 280
85 291
85 314
85 358
85 368
85 369
85 372
85 382
85 383
85 405
85 406
85 414
85 442
85 447
85 466
85 472
85 475
85 479
85 489
86 98
86 100
86 103
86 145
86 149
86 155
86 162
86 165
86 166
86 176
86 190
86 192
86 196
86 211
86 212
86 220
86 229
86 236
86 237
86 255
86 259
86 261
86 274
86 282
86 297
86 301
86 305
86 314
86 325
86 342
86 348
86 361
86 376
86 383
86 391
86 415
86 420
86 421
86 424
86 430
86 433
86 434
86 442
86 447
86 458
86 462
86 464
86 466
86 467
86 471
86 486
86 491
86 499
87 91
87 106
87 119
87 136
87 146
87 152
87 167
87 169
87 185
87 186
87 187
87 194
87 196
87 217
87 259
87 265
87 280
87 284
87 289
87 301
87 309
87 313
87 323
87 328
87 343
87 353
87 358
87 362
87 385
87 390
87 393
87 402
87 420
87 431
87 439
87 447
87 449
88 99
88 103
88 113
88 116
88 134
88 137
88 157
88 160
88 164
88 171
88 179
88 183
88 191
88 201
88 208
88 209
88 226
88 235
88 236
88 238
88 245
88 258
88 260
88 265
88 274
88 281
88 287
88 288
88 295
88 296
88 309
88 314
88 366
88 372
88 376
88 377
88 380
88 412
88 422
88 429
88 434
88 447
88 457
88 460
88 462
88 478
88 498
89 105
89 131
89 140
89 147
89 166
89 180
89 201
89 236
89 237
89 242
89 247
89 267
89 292
89 299
89 305
89 314
89 320
89 323
89 326
89 332
89 349
89 361
89 362
89 367
89 375
89 377
89 382
89 383
89 386
89 399
89 404
89 409
89 415
89 419
89 426
89 431
89 447
89 492
90 97
90 116
90 117
90 130
90 140
90 141
90 145
90 152
90 157
90 160
90 161
90 163
90 173
90 174
90 190
90 197
90 204
90 205
90 213
90 237
90 239
90 241
90 257
90 259
90 268
90 306
90 314
90 348
90 349
90 350
90 352
90 357
90 358
90 368
90 378
90 384
90 399
90 404
90 409
90 411
90 412
90 414
90 416
90 425
90 437
90 438
90 445
90 471
90 476
90 488
91 113
91 130
91 132
91 133
91 178
91 179
91 190
91 207
91 211
91 212
91 220
91 225
91 238
91 239
91 247
91 249
91 258
91 272
91 278
91 291
91 298
91 330
91 333
91 364
91 366
91 372
91 373
91 414
91 455
91 470
91 485
91 486
92 96
92 101
92 110
92 122
92 132
92 151
92 152
92 155
92 158
92 168
92 175
92 187
92 196
92 224
92 238
92 255
92 284
92 297
92 309
92 329
92 337
92 344
92 347
92 350
92 380
92 388
92 393
92 412
92 415
92 417
92 452
92 453
92 460
92 465
92 467
92 468
92 471
92 485
92 487
92 494
93 100
93 104
93 106
93 158
93 159
93 164
93 171
93 182
93 190
93 195
93 197
93 204
93 222
93 251
93 258
93 280
93 293
93 297
93 311
93 325
93 343
93 348
93 350
93 366
93 367
93 374
93 377
93 378
93 384
93 394
93 402
93 412
93 419
93 462
93 478
93 479
93 483
93 499
94 98
94 104
94 105
94 110
94 117
94 142
94 174
94 175
94 183
94 211
94 217
94 225
94 239
94 243
94 265
94 266
94 272
94 287
94 289
94 299
94 303
94 304
94 323
94 327
94 338
94 339
94 346
94 351
94 356
94 368
94 369
94 377
94 382
94 393
94 400
94 409
94 414
94 422
94 433
94 443
94 444
94 451
94 454
94 455
94 464
94 474
94 482
95 121
95 131
95 133
95 140
95 146
95 171
95 179
95 186
95 196
95 235
95 248
95 288
95 292
95 294
95 313
95 314
95 333
95 344
95 345
95 357
95 364
95 375
95 389
95 390
95 403
95 407
95 426
95 440
95 451
95 465
95 472
95 481
95 490
96 100
96 108
96 118
96 144
96 149
96 180
96 187
96 196
96 215
96 225
96 228
96 244
96 250
96 268
96 270
96 278
96 301
96 318
96 330
96 346
96 347
96 349
96 386
96 387
96 391
96 404
96 405
96 410
96 412
96 434
96 458
96 462
96 467
96 469
96 472
96 473
96 482
96 488
96 497
97 133
97 143
97 145
97 150
97 159
97 165
97 169
97 175
97 190
97 201
97 222
97 227
97 261
97 263
97 270
97 283
97 295
97 297
97 324
97 357
97 361
97 383
97 394
97 419
97 429
97 432
97 439
97 457
97 475
97 477
97 485
97 488
97 491
98 102
98 125
98 135
98 138
98 142
98 144
98 149
98 160
98 165
98 170
98 180
98 186
98 194
98 198
98 201
98 203
98 234
98 236
98 254
98 264
98 270
98 290
98 292
98 295
98 308
98 310
98 325
98 326
98 355
98 360
98 369
98 378
98 379
98 388
98 410
98 411
98 413
98 416
98 420
98 423
98 426
98 427
98 437
98 439
98 451
98 496
98 498
99 111
99 129
99 142
99 145
99 149
99 150
99 151
99 157
99 164
99 169
99 172
99 177
99 187
99 190
99 210
99 216
99 218
99 219
99 232
99 235
99 237
99 238
99 240
99 253
99 254
99 255
99 256
99 264
99 275
99 289
99 309
99 345
99 351
99 356
99 361
99 367
99 371
99 379
99 380
99 402
99 413
99 421
99 422
99 428
99 431
99 434
99 439
99 455
99 458
99 464
99 466
99 475
99 476
99 477
99 493
99 494
99 498
100 106
100 111
100 126
100 134
100 136
100 153
100 155
100 162
100 208
100 225
100 232
100 258
100 259
100 267
100 278
100 282
100 293
100 295
100 296
100 309
100 320
100 322
100 325
100 326
100 349
100 358
100 360
100 379
100 414
100 415
100 420
100 428
100 430
100 431
100 440
100 462
100 471
100 472
100 480
100 481
100 491
100 498
101 124
101 132
101 139
101 144
101 148
101 151
101 169
101 178
101 197
101 208
101 216
101 221
101 244
101 252
101 271
101 275
101 279
101 288
101 289
101 291
101 293
101 298
101 339
101 351
101 358
101 363
101 367
101 373
101 386
101 404
101 405
101 409
101 443
101 447
101 451
101 461
101 466
101 471
102 103
102 128
102 130
102 142
102 145
102 146
102 179
102 202
102 228
102 234
102 235
102 236
102 238
102 250
102 259
102 263
102 264
102 265
102 270
102 272
102 277
102 279
102 299
102 303
102 310
102 313
102 318
102 321
102 352
102 358
102 373
102 377
102 382
102 396
102 414
102 464
102 467
102 479
102 486
103 139
103 148
103 151
103 156
103 165
103 174
103 179
103 185
103 217
103 242
103 261
103 266
103 287
103 293
103 314
103 318
103 319
103 320
103 326
103 346
103 356
103 365
103 368
103 392
103 405
103 412
103 422
103 430
103 433
103 435
103 456
103 459
103 472
103 474
103 486
103 497
103 498
104 113
104 116
104 124
104 128
104 133
104 138
104 165
104 166
104 172
104 174
104 180
104 217
104 226
104 274
104 276
104 294
104 296
104 301
104 305
104 333
104 335
104 345
104 349
104 352
104 365
104 367
104 388
104 414
104 417
104 423
104 425
104 444
104 456
104 459
104 465
104 478
104 485
105 107
105 118
105 119
105 129
105 162
105 165
105 184
105 190
105 198
105 226
105 242
105 246
105 266
105 269
105 293
105 308
105 341
105 387
105 392
105 393
105 402
105 405
105 432
105 434
105 480
105 488
105 495
105 499
106 120
106 138
106 148
106 150
106 164
106 171
106 208
106 264
106 276
106 289
106 293
106 297
106 302
106 304
106 307
106 310
106 328
106 343
106 345
106 360
106 365
106 366
106 390
106 400
106 436
106 440
106 447
106 453
106 460
106 463
106 470
107 109
107 110
107 122
107 136
107 137
107 151
107 170
107 181
107 207
107 224
107 228
107 230
107 233
107 240
107 247
107 258
107 264
107 274
107 278
107 288
107 293
107 307
107 309
107 313
107 314
107 334
107 341
107 347
107 352
107 353
107 357
107 359
107 393
107 395
107 401
107 406
107 408
107 413
107 419
107 430
107 441
107 446
107 447
107 454
107 464
107 480
107 481
108 120
108 121
108 128
108 135
108 143
108 159
108 162
108 165
108 178
108 186
108 206
108 238
108 241
108 252
108 254
108 259
108 261
108 262
108 277
108 295
108 305
108 308
108 317
108 325
108 329
108 343
108 363
108 372
108 373
108 416
108 422
108 423
108 425
108 429
108 432
108 435
108 440
108 445
108 453
108 471
108 472
108 475
108 477
108 499
109 134
109 150
109 151
109 154
109 174
109 175
109 176
109 198
109 203
109 207
109 223
109 244
109 249
109 297
109 327
109 333
109 338
109 343
109 364
109 376
109 385
109 387
109 404
109 413
109 436
109 440
109 446
109 466
109 467
109 482
110 142
110 155
110 162
110 172
110 189
110 193
110 203
110 211
110 215
110 216
110 219
110 251
110 253
110 266
110 289
110 295
110 302
110 306
110 315
110 328
110 359
110 362
110 374
110 379
110 388
110 389
110 400
110 418
110 419
110 423
110 451
110 458
110 460
110 466
111 124
111 143
111 175
111 178
111 180
111 198
111 213
111 238
111 254
111 280
111 285
111 288
111 291
111 309
111 321
111 340
111 365
111 371
111 372
111 373
111 378
111 392
111 397
111 434
111 435
111 441
111 446
111 459
111 478
111 484
111 491
112 113
112 134
112 142
112 153
112 154
112 157
112 159
112 161
112 165
112 174
112 179
112 181
112 185
112 187
112 195
112 198
112 203
112 208
112 211
112 216
112 218
112 223
112 228
112 229
112 231
112 249
112 251
112 253
112 258
112 283
112 287
112 293
112 302
112 304
112 309
112 318
112 326
112 332
112 342
112 362
112 363
112 366
112 367
112 371
112 415
112 431
112 446
112 466
113 114
113 144
113 147
113 156
113 161
113 162
113 182
113 187
113 189
113 203
113 211
113 219
113 248
113 256
113 267
113 274
113 277
113 286
113 313
113 317
113 327
113 339
113 341
113 370
113 371
113 387
113 389
113 394
113 415
113 427
113 428
113 435
113 439
113 447
113 465
113 469
113 481
113 484
113 490
113 492
114 117
114 134
114 139
114 143
114 145
114 146
114 163
114 173
114 181
114 202
114 207
114 237
114 241
114 254
114 257
114 268
114 294
114 303
114 310
114 311
114 321
114 347
114 350
114 355
114 358
114 362
114 365
114 388
114 428
114 429
114 432
114 452
114 453
114 469
114 473
114 483
114 486
114 495
115 116
115 119
115 120
115 122
115 123
115 129
115 146
115 152
115 153
115 164
115 180
115 185
115 196
115 199
115 222
115 224
115 226
115 249
115 250
115 272
115 278
115 294
115 298
115 348
115 352
115 394
115 397
115 402
115 407
115 415
115 419
115 425
115 438
115 458
115 467
115 471
115 473
115 476
115 477
115 483
115 490
115 499
116 128
116 142
116 163
116 164
116 179
116 184
116 192
116 197
116 229
116 239
116 246
116 249
116 252
116 254
116 258
116 276
116 293
116 296
116 317
116 329
116 343
116 351
116 364
116 386
116 389
116 392
116 393
116 398
116 439
116 441
116 444
116 464
116 476
116 480
116 482
116 496
117 152
117 154
117 156
117 186
117 190
117 203
117 206
117 217
117 242
117 244
117 247
117 248
117 250
117 256
117 278
117 282
117 284
117 299
117 301
117 304
117 307
117 327
117 336
117 341
117 355
117 356
117 373
117 393
117 395
117 404
117 433
117 445
117 454
117 460
117 462
117 465
117 480
117 481
117 482
117 487
118 124
118 125
118 141
118 156
118 170
118 180
118 182
118 192
118 200
118 208
118 221
118 227
118 231
118 241
118 245
118 249
118 259
118 276
118 277
118 319
118 327
118 328
118 331
118 335
118 336
118 352
118 361
118 366
118 374
118 377
118 386
118 411
118 420
118 430
118 434
118 445
118 453
118 456
118 466
118 475
119 122
119 123
119 136
119 148
119 160
119 202
119 232
119 244
119 260
119 274
119 275
119 290
119 292
119 293
119 297
119 302
119 306
119 326
119 331
119 333
119 336
119 344
119 345
119 360
119 366
119 382
119 395
119 400
119 410
119 423
119 425
119 442
119 451
119 462
119 464
119 498
120 123
120 130
120 135
120 140
120 145
120 157
120 183
120 189
120 190
120 194
120 214
120 224
120 230
120 232
120 265
120 275
120 280
120 281
120 286
120 297
120 339
120 343
120 347
120 350
120 357
120 362
120 365
120 376
120 399
120 406
120 415
120 432
120 435
120 442
120 457
120 470
120 475
120 476
120 484
120 490
121 145
121 150
121 165
121 185
121 194
121 199
121 211
121 224
121 239
121 248
121 256
121 257
121 272
121 283
121 286
121 293
121 297
121 301
121 305
121 310
121 328
121 355
121 357
121 363
121 367
121 375
121 380
121 390
121 425
121 431
121 436
121 439
121 447
121 459
121 468
121 480
121 487
121 495
122 144
122 150
122 163
122 172
122 186
122 192
122 206
122 241
122 270
122 274
122 276
122 279
122 280
122 281
122 285
122 314
122 340
122 344
122 358
122 367
122 369
122 371
122 387
122 406
122 410
122 411
122 417
122 418
122 449
123 125
123 129
123 143
123 145
123 150
123 193
123 202
123 203
123 207
123 218
123 219
123 221
123 245
123 252
123 253
123 259
123 273
123 291
123 302
123 315
123 322
123 345
123 363
123 369
123 373
123 387
123 393
123 418
123 422
123 425
123 440
123 457
123 465
123 469
123 489
123 499
124 140
124 156
124 173
124 181
124 187
124 192
124 207
124 224
124 227
124 230
124 232
124 239
124 259
124 267
124 272
124 279
124 284
124 292
124 295
124 305
124 307
124 310
124 323
124 338
124 350
124 353
124 376
124 380
124 393
124 396
124 412
124 415
124 450
124 461
124 471
124 474
124 486
124 490
124 498
125 139
125 145
125 214
125 215
125 217
125 247
125 251
125 256
125 261
125 269
125 274
125 282
125 284
125 295
125 296
125 303
125 308
125 314
125 336
125 349
125 358
125 424
125 429
125 439
125 442
125 448
125 454
125 490
125 497
126 141
126 152
126 160
126 164
126 170
126 171
126 174
126 198
126 208
126 211
126 224
126 237
126 261
126 286
126 299
126 310
126 326
126 330
126 336
126 344
126 353
126 380
126 389
126 393
126 407
126 411
126 415
126 426
126 429
126 441
126 447
126 453
126 455
126 480
126 485
126 490
126 491
126 498
126 499
127 135
127 151
127 155
127 160
127 161
127 165
127 197
127 198
127 200
127 238
127 245
127 249
127 255
127 264
127 273
127 277
127 294
127 296
127 319
127 330
127 331
127 333
127 340
127 356
127 360
127 363
127 369
127 391
127 404
127 412
127 421
127 422
127 425
127 442
127 458
127 480
127 482
127 484
128 156
128 198
128 215
128 226
128 246
128 257
128 303
128 324
128 329
128 331
128 332
128 349
128 350
128 353
128 359
128 360
128 369
128 374
128 411
128 422
128 427
128 441
128 449
128 461
128 465
128 484
128 487
128 490
128 499
129 136
129 141
129 143
129 149
129 152
129 154
129 156
129 180
129 182
129 183
129 192
129 194
129 198
129 202
129 207
129 218
129 222
129 224
129 226
129 256
129 289
129 299
129 314
129 329
129 337
129 344
129 349
129 352
129 366
129 386
129 400
129 409
129 411
129 418
129 424
129 473
129 496
130 159
130 169
130 173
130 177
130 182
130 210
130 227
130 228
130 229
130 231
130 240
130 255
130 280
130 296
130 297
130 299
130 309
130 310
130 312
130 313
130 326
130 332
130 335
130 337
130 342
130 348
130 355
130 374
130 376
130 382
130 385
130 412
130 434
130 440
130 457
130 464
130 467
130 468
130 471
130 478
131 148
131 172
131 199
131 205
131 211
131 221
131 224
131 260
131 269
131 282
131 285
131 286
131 290
131 292
131 293
131 303
131 309
131 310
131 322
131 335
131 347
131 360
131 369
131 399
131 426
131 435
131 445
131 484
131 485
131 489
131 490
132 156
132 169
132 171
132 183
132 206
132 211
132 219
132 222
132 252
132 256
132 266
132 274
132 277
132 278
132 295
132 299
132 302
132 305
132 311
132 323
132 327
132 333
132 344
132 375
132 385
132 402
132 414
132 422
132 428
132 430
132 459
132 468
132 480
132 489
132 490
132 492
133 136
133 155
133 189
133 211
133 225
133 226
133 235
133 246
133 282
133 285
133 287
133 301
133 305
133 310
133 312
133 316
133 321
133 335
133 350
133 354
133 360
133 376
133 381
133 382
133 387
133 401
133 402
133 406
133 409
133 421
133 423
133 427
133 438
133 455
133 456
133 474
133 480
133 490
133 491
134 165
134 179
134 183
134 184
134 197
134 222
134 233
134 237
134 252
134 271
134 286
134 289
134 302
134 306
134 311
134 318
134 327
134 334
134 339
134 343
134 351
134 361
134 382
134 397
134 400
134 401
134 409
134 411
134 429
134 439
134 468
134 480
134 486
135 136
135 144
135 160
135 161
135 162
135 192
135 194
135 202
135 232
135 255
135 257
135 270
135 303
135 331
135 351
135 368
135 369
135 377
135 393
135 401
135 409
135 416
135 417
135 424
135 429
135 448
135 457
135 472
135 480
135 485
135 490
135 498
136 141
136 142
136 148
136 157
136 165
136 167
136 171
136 173
136 175
136 183
136 187
136 189
136 191
136 202
136 207
136 225
136 232
136 243
136 258
136 273
136 280
136 289
136 290
136 297
136 319
136 327
136 336
136 369
136 381
136 389
136 394
136 414
136 451
136 452
136 454
136 457
136 460
136 462
136 488
136 492
136 495
136 497
137 148
137 149
137 150
137 152
137 159
137 193
137 199
137 202
137 214
137 238
137 265
137 272
137 277
137 283
137 285
137 289
137 291
137 296
137 305
137 312
137 314
137 319
137 340
137 348
137 357
137 368
137 374
137 375
137 399
137 413
137 425
137 439
137 442
137 471
138 148
138 154
138 156
138 162
138 167
138 168
138 175
138 198
138 200
138 210
138 211
138 224
138 226
138 268
138 270
138 272
138 274
138 298
138 302
138 307
138 308
138 324
138 333
138 340
138 343
138 346
138 362
138 369
138 388
138 407
138 416
138 430
138 433
138 450
138 455
138 457
138 468
138 470
138 476
138 480
138 495
138 498
139 149
139 160
139 164
139 168
139 169
139 181
139 194
139 198
139 202
139 205
139 215
139 216
139 222
139 251
139 270
139 284
139 299
139 312
139 328
139 368
139 375
139 378
139 380
139 390
139 401
139 406
139 440
139 446
139 451
139 477
139 483
139 493
140 154
140 155
140 160
140 172
140 174
140 178
140 185
140 196
140 206
140 217
140 240
140 247
140 256
140 283
140 287
140 294
140 301
140 308
140 327
140 362
140 372
140 387
140 391
140 399
140 420
140 435
140 443
140 457
140 477
140 499
141 149
141 155
141 158
141 165
141 168
141 174
141 177
141 178
141 184
141 188
141 189
141 193
141 196
141 202
141 203
141 205
141 210
141 211
141 212
141 213
141 220
141 239
141 245
141 253
141 270
141 275
141 284
141 287
141 305
141 315
141 320
141 321
141 326
141 354
141 358
141 366
141 375
141 381
141 382
141 386
141 393
141 403
141 415
141 435
141 440
141 456
141 464
141 484
141 487
142 145
142 146
142 167
142 175
142 185
142 187
142 238
142 245
142 261
142 269
142 274
142 286
142 302
142 303
142 305
142 308
142 321
142 324
142 331
142 334
142 342
142 346
142 351
142 355
142 369
142 377
142 388
142 390
142 395
142 429
142 441
142 442
142 443
142 466
142 498
142 499
143 147
143 151
143 158
143 161
143 176
143 190
143 207
143 216
143 217
143 238
143 250
143 251
143 261
143 281
143 305
143 312
143 323
143 329
143 339
143 384
143 385
143 388
143 406
143 408
143 426
143 430
143 431
143 445
143 447
143 455
143 473
143 476
143 483
143 491
144 145
144 147
144 157
144 170
144 171
144 172
144 177
144 193
144 211
144 213
144 228
144 239
144 247
144 250
144 258
144 259
144 261
144 271
144 276
144 282
144 283
144 286
144 312
144 316
144 320
144 321
144 326
144 327
144 335
144 346
144 385
144 398
144 413
144 419
144 422
144 430
144 435
144 454
144 469
144 475
144 483
144 492
145 163
145 166
145 169
145 178
145 190
145 206
145 207
145 235
145 237
145 246
145 254
145 259
145 260
145 281
145 283
145 330
145 338
145 342
145 385
145 391
145 406
145 407
145 408
145 437
145 440
145 444
145 450
145 453
145 469
145 470
145 479
145 483
145 493
146 151
146 154
146 155
146 169
146 178
146 190
146 192
146 214
146 218
146 227
146 235
146 261
146 265
146 272
146 285
146 294
146 315
146 334
146 344
146 361
146 362
146 368
146 387
146 388
146 415
146 427
146 450
146 461
146 465
146 484
146 492
146 496
147 149
147 150
147 160
147 170
147 180
147 196
147 214
147 220
147 223
147 224
147 225
147 228
147 230
147 232
147 236
147 237
147 240
147 243
147 255
147 260
147 271
147 272
147 277
147 294
147 303
147 305
147 315
147 337
147 340
147 352
147 364
147 374
147 427
147 450
147 451
147 454
147 461
147 462
147 465
147 466
147 476
148 155
148 156
148 163
148 165
148 199
148 201
148 207
148 212
148 223
148 237
148 247
148 251
148 253
148 261
148 265
148 267
148 268
148 274
148 289
148 311
148 313
148 314
148 317
148 329
148 332
148 343
148 359
148 367
148 372
148 373
148 384
148 388
148 395
148 400
148 402
148 429
148 436
148 446
148 451
148 474
148 479
148 488
148 491
148 498
149 162
149 168
149 186
149 205
149 219
149 226
149 234
149 237
149 240
149 261
149 271
149 275
149 286
149 308
149 319
149 364
149 373
149 374
149 376
149 386
149 395
149 401
149 408
149 429
149 460
149 468
149 484
149 490
150 157
150 159
150 163
150 179
150 180
150 189
150 190
150 201
150 206
150 208
150 215
150 228
150 244
150 250
150 257
150 267
150 280
150 283
150 286
150 299
150 338
150 339
150 352
150 368
150 371
150 377
150 396
150 407
150 423
150 429
150 451
150 454
150 458
150 476
150 485
150 486
150 489
151 169
151 174
151 182
151 187
151 198
151 202
151 208
151 212
151 213
151 217
151 231
151 239
151 260
151 265
151 298
151 318
151 328
151 346
151 364
151 368
151 374
151 377
151 386
151 396
151 412
151 419
151 424
151 438
151 451
151 463
151 469
151 471
151 473
151 476
151 483
151 488
151 492
152 155
152 171
152 176
152 183
152 188
152 194
152 197
152 198
152 199
152 203
152 208
152 210
152 213
152 219
152 222
152 228
152 231
152 237
152 240
152 260
152 264
152 266
152 268
152 291
152 293
152 296
152 304
152 320
152 322
152 327
152 341
152 349
152 367
152 372
152 386
152 410
152 412
152 418
152 442
152 450
152 451
152 474
152 483
152 498
153 161
153 172
153 186
153 191
153 202
153 205
153 206
153 224
153 230
153 234
153 237
153 252
153 265
153 292
153 302
153 311
153 321
153 337
153 338
153 345
153 348
153 353
153 363
153 365
153 369
153 382
153 386
153 388
153 390
153 393
153 463
153 471
153 483
153 485
153 488
154 161
154 167
154 170
154 171
154 176
154 177
154 186
154 192
154 207
154 215
154 218
154 243
154 264
154 265
154 277
154 279
154 281
154 294
154 299
154 323
154 336
154 344
154 350
154 355
154 372
154 380
154 393
154 398
154 402
154 418
154 423
154 424
154 426
154 433
154 442
154 454
154 475
154 479
154 488
154 497
154 498
155 179
155 183
155 187
155 201
155 208
155 216
155 223
155 228
155 233
155 245
155 253
155 256
155 258
155 263
155 264
155 279
155 286
155 287
155 304
155 317
155 328
155 337
155 341
155 342
155 353
155 369
155 374
155 382
155 392
155 398
155 404
155 409
155 422
155 438
155 453
155 455
155 456
155 478
155 496
156 178
156 201
156 202
156 215
156 216
156 219
156 246
156 262
156 278
156 292
156 295
156 308
156 311
156 317
156 318
156 319
156 326
156 371
156 420
156 430
156 437
156 461
156 462
156 476
156 483
156 494
157 160
157 231
157 235
157 243
157 264
157 267
157 272
157 278
157 288
157 297
157 339
157 363
157 376
157 377
157 384
157 404
157 406
157 418
157 419
157 423
157 429
157 454
157 455
157 484
157 495
158 168
158 176
158 185
158 186
158 213
158 215
158 225
158 235
158 237
158 241
158 243
158 251
158 263
158 266
158 315
158 329
158 342
158 346
158 355
158 358
158 377
158 378
158 383
158 386
158 408
158 410
158 426
158 457
158 461
158 462
158 473
158 488
158 492
158 495
158 499
159 177
159 183
159 195
159 199
159 203
159 205
159 220
159 230
159 247
159 248
159 256
159 260
159 262
159 266
159 271
159 272
159 279
159 289
159 312
159 351
159 366
159 371
159 385
159 409
159 421
159 439
159 444
159 447
159 462
159 471
159 478
159 486
159 498
160 168
160 177
160 192
160 193
160 207
160 230
160 272
160 275
160 281
160 284
160 289
160 293
160 302
160 303
160 313
160 334
160 347
160 348
160 351
160 354
160 405
160 406
160 419
160 420
160 421
160 450
160 462
160 465
160 470
160 477
160 489
160 491
160 498
161 162
161 167
161 168
161 173
161 183
161 190
161 210
161 216
161 226
161 249
161 252
161 261
161 263
161 274
161 279
161 289
161 305
161 308
161 317
161 330
161 338
161 357
161 358
161 359
161 371
161 385
161 386
161 398
161 399
161 400
161 404
161 406
161 410
161 411
161 430
161 431
161 438
161 450
161 452
161 456
161 476
161 478
161 482
161 493
161 494
162 171
162 178
162 188
162 198
162 200
162 204
162 212
162 215
162 223
162 236
162 241
162 263
162 272
162 279
162 282
162 290
162 293
162 305
162 326
162 348
162 350
162 369
162 383
162 384
162 392
162 393
162 401
162 410
162 414
162 431
162 434
162 437
162 441
162 446
162 456
162 465
162 469
162 471
162 487
162 489
162 493
162 495
163 168
163 181
163 187
163 192
163 195
163 205
163 215
163 222
163 223
163 236
163 247
163 260
163 293
163 297
163 298
163 308
163 322
163 333
163 412
163 417
163 437
163 460
163 474
163 482
163 498
164 185
164 188
164 205
164 208
164 220
164 234
164 236
164 247
164 251
164 254
164 267
164 268
164 294
164 304
164 315
164 341
164 356
164 398
164 406
164 412
164 414
164 415
164 421
164 428
164 430
164 434
164 441
164 458
164 459
164 464
164 470
164 472
164 473
164 476
165 171
165 176
165 178
165 180
165 209
165 213
165 220
165 225
165 233
165 249
165 250
165 268
165 291
165 292
165 313
165 322
165 326
165 337
165 363
165 377
165 378
165 400
165 403
165 411
165 412
165 429
165 434
165 436
165 442
165 448
165 453
165 468
165 497
166 169
166 173
166 187
166 188
166 190
166 192
166 196
166 197
166 202
166 209
166 228
166 240
166 245
166 246
166 251
166 256
166 268
166 278
166 291
166 314
166 317
166 324
166 326
166 343
166 362
166 368
166 376
166 381
166 390
166 393
166 402
166 422
166 433
166 466
166 492
166 499
167 223
167 224
167 241
167 245
167 255
167 259
167 262
167 270
167 272
167 284
167 302
167 316
167 317
167 318
167 326
167 334
167 359
167 367
167 413
167 418
167 433
167 452
167 472
167 474
167 487
167 494
167 495
168 169
168 181
168 190
168 191
168 199
168 205
168 215
168 218
168 241
168 263
168 272
168 274
168 306
168 313
168 314
168 327
168 333
168 339
168 344
168 367
168 377
168 392
168 397
168 398
168 403
168 440
168 450
168 454
168 456
168 471
168 473
168 482
168 485
168 486
168 493
169 174
169 188
169 193
169 194
169 217
169 232
169 254
169 264
169 270
169 274
169 275
169 288
169 302
169 308
169 319
169 321
169 342
169 352
169 356
169 372
169 380
169 381
169 403
169 404
169 405
169 414
169 421
169 422
169 425
169 427
169 436
169 453
169 467
169 476
169 497
170 198
170 222
170 227
170 229
170 232
170 249
170 250
170 256
170 261
170 263
170 270
170 273
170 301
170 321
170 340
170 342
170 344
170 363
170 378
170 398
170 400
170 430
170 437
170 445
170 450
170 459
170 468
170 474
170 475
170 478
170 481
170 488
170 491
170 492
170 493
171 173
171 181
171 189
171 195
171 252
171 256
171 258
171 265
171 275
171 281
171 296
171 323
171 331
171 334
171 351
171 362
171 373
171 381
171 402
171 409
171 417
171 452
171 461
171 462
171 465
171 475
171 483
172 174
172 177
172 182
172 183
172 187
172 196
172 199
172 201
172 236
172 255
172 268
172 270
172 272
172 278
172 287
172 291
172 294
172 297
172 302
172 309
172 318
172 322
172 329
172 345
172 357
172 364
172 369
172 388
172 397
172 401
172 419
172 422
172 432
172 439
172 454
172 460
172 461
172 466
172 468
172 469
172 489
173 182
173 189
173 223
173 224
173 289
173 290
173 296
173 316
173 326
173 327
173 328
173 339
173 341
173 347
173 362
173 368
173 369
173 371
173 378
173 397
173 398
173 404
173 422
173 429
173 433
173 437
173 446
173 450
173 461
173 465
173 485
173 498
174 185
174 187
174 194
174 221
174 235
174 248
174 252
174 253
174 255
174 263
174 275
174 285
174 289
174 290
174 296
174 297
174 306
174 310
174 314
174 333
174 338
174 363
174 398
174 411
174 415
174 419
174 420
174 425
174 430
174 434
174 437
174 455
174 478
174 479
174 494
175 178
175 186
175 188
175 192
175 199
175 203
175 227
175 254
175 262
175 265
175 270
175 277
175 283
175 286
175 290
175 305
175 315
175 332
175 335
175 351
175 357
175 363
175 390
175 396
175 397
175 428
175 454
175 458
175 467
175 473
175 486
175 496
176 187
176 189
176 193
176 199
176 209
176 212
176 216
176 225
176 231
176 237
176 238
176 248
176 259
176 270
176 275
176 280
176 285
176 289
176 295
176 299
176 310
176 315
176 324
176 348
176 358
176 368
176 392
176 402
176 405
176 429
176 443
176 455
176 485
176 491
176 492
176 494
177 201
177 202
177 216
177 228
177 230
177 231
177 243
177 246
177 263
177 267
177 268
177 269
177 271
177 300
177 305
177 306
177 334
177 354
177 380
177 381
177 385
177 387
177 394
177 402
177 407
177 414
177 418
177 436
177 458
177 464
177 476
177 494
177 495
178 180
178 212
178 226
178 244
178 249
178 267
178 288
178 303
178 307
178 320
178 332
178 338
178 344
178 355
178 360
178 365
178 376
178 390
178 435
178 449
178 461
178 475
179 189
179 201
179 206
179 218
179 229
179 240
179 242
179 256
179 266
179 286
179 305
179 306
179 320
179 352
179 355
179 387
179 388
179 397
179 404
179 420
179 427
179 440
179 448
179 460
180 184
180 204
180 205
180 210
180 230
180 233
180 236
180 239
180 252
180 255
180 272
180 275
180 285
180 287
180 288
180 296
180 299
180 316
180 319
180 365
180 380
180 381
180 398
180 400
180 409
180 427
180 432
180 450
180 480
180 481
180 485
180 487
180 494
181 185
181 187
181 210
181 213
181 222
181 228
181 243
181 246
181 252
181 254
181 255
181 264
181 266
181 273
181 275
181 287
181 315
181 321
181 323
181 336
181 344
181 348
181 372
181 375
181 378
181 395
181 407
181 409
181 411
181 427
181 431
181 432
181 452
181 470
181 477
181 478
181 483
181 491
181 495
182 184
182 186
182 196
182 200
182 222
182 238
182 241
182 268
182 278
182 296
182 310
182 316
182 325
182 330
182 337
182 338
182 348
182 351
182 388
182 393
182 395
182 431
182 440
182 453
182 461
182 462
182 467
182 479
182 482
182 488
182 497
183 189
183 213
183 217
183 226
183 260
183 272
183 278
183 283
183 319
183 341
183 350
183 369
183 382
183 387
183 402
183 403
183 405
183 406
183 409
183 412
183 418
183 420
183 427
183 450
183 454
183 471
183 473
183 474
183 478
183 483
183 493
184 185
184 205
184 230
184 231
184 242
184 250
184 318
184 358
184 384
184 398
184 407
184 420
184 424
184 434
184 439
184 441
184 445
184 448
184 454
184 455
184 456
184 465
185 187
185 193
185 202
185 209
185 237
185 242
185 253
185 258
185 261
185 272
185 285
185 295
185 306
185 323
185 336
185 339
185 344
185 351
185 356
185 363
185 372
185 383
185 412
185 416
185 445
185 465
185 466
185 468
185 477
185 479
185 485
185 492
186 204
186 225
186 229
186 231
186 247
186 254
186 275
186 296
186 313
186 318
186 338
186 348
186 354
186 362
186 384
186 414
186 415
186 418
186 423
186 425
186 427
186 447
186 459
186 460
186 461
186 477
186 484
186 487
186 491
186 495
187 197
187 204
187 217
187 231
187 235
187 240
187 241
187 248
187 274
187 278
187 279
187 281
187 286
187 287
187 298
187 330
187 339
187 355
187 389
187 427
187 449
187 473
187 481
188 190
188 192
188 209
188 210
188 232
188 241
188 247
188 252
188 272
188 281
188 312
188 315
188 318
188 323
188 330
188 344
188 347
188 372
188 373
188 379
188 384
188 400
188 435
188 439
188 445
188 456
188 471
188 475
188 485
188 497
189 190
189 198
189 226
189 237
189 242
189 255
189 262
189 273
189 303
189 313
189 317
189 326
189 332
189 333
189 336
189 344
189 361
189 371
189 374
189 375
189 380
189 396
189 399
189 427
189 428
189 431
189 432
189 443
189 446
189 456
189 472
189 482
189 491
189 492
189 499
190 196
190 209
190 213
190 224
190 234
190 246
190 248
190 249
190 254
190 268
190 283
190 293
190 295
190 296
190 300
190 304
190 341
190 348
190 352
190 360
190 378
190 402
190 403
190 411
190 412
190 444
190 458
190 459
190 460
190 473
190 482
190 494
191 201
191 261
191 274
191 286
191 289
191 293
191 294
191 306
191 314
191 319
191 328
191 355
191 363
191 365
191 366
191 367
191 369
191 377
191 397
191 402
191 405
191 409
191 419
191 429
191 430
191 465
191 473
191 476
191 486
192 197
192 198
192 202
192 208
192 211
192 213
192 248
192 261
192 265
192 283
192 289
192 305
192 318
192 346
192 364
192 369
192 397
192 399
192 415
192 429
192 438
192 454
192 472
192 476
192 492
192 498
193 209
193 212
193 213
193 220
193 227
193 245
193 252
193 263
193 264
193 268
193 279
193 282
193 283
193 297
193 300
193 302
193 305
193 322
193 323
193 336
193 360
193 369
193 372
193 387
193 396
193 408
193 414
193 419
193 438
193 439
193 444
193 456
193 471
193 477
193 497
193 498
194 195
194 231
194 238
194 242
194 249
194 259
194 261
194 286
194 287
194 289
194 301
194 302
194 315
194 317
194 322
194 324
194 328
194 331
194 332
194 334
194 352
194 355
194 357
194 359
194 368
194 373
194 400
194 417
194 422
194 424
194 431
194 433
194 436
194 442
194 443
194 465
194 469
194 473
194 486
194 488
195 199
195 204
195 214
195 218
195 223
195 228
195 242
195 247
195 267
195 279
195 282
195 301
195 311
195 328
195 330
195 340
195 345
195 359
195 362
195 368
195 369
195 381
195 393
195 403
195 443
195 448
195 478
195 483
195 485
195 498
196 199
196 218
196 228
196 240
196 249
196 252
196 260
196 272
196 278
196 298
196 308
196 309
196 324
196 332
196 352
196 356
196 370
196 372
196 391
196 411
196 423
196 426
196 437
196 447
196 449
196 457
196 480
196 482
197 204
197 217
197 232
197 240
197 241
197 248
197 273
197 280
197 284
197 296
197 308
197 317
197 320
197 335
197 343
197 354
197 373
197 375
197 397
197 427
197 439
197 442
197 445
197 449
197 456
197 462
197 477
197 483
198 209
198 210
198 211
198 213
198 215
198 235
198 241
198 250
198 256
198 264
198 269
198 275
198 286
198 287
198 301
198 312
198 317
198 335
198 353
198 354
198 357
198 362
198 378
198 380
198 390
198 394
198 398
198 404
198 406
198 419
198 422
198 430
198 460
198 470
198 478
198 483
198 490
198 498
199 203
199 233
199 259
199 263
199 279
199 291
199 295
199 326
199 328
199 338
199 347
199 363
199 364
199 365
199 376
199 379
199 388
199 392
199 397
199 403
199 412
199 427
199 429
199 444
199 448
199 463
199 464
199 474
199 484
199 496
200 204
200 222
200 227
200 231
200 235
200 283
200 292
200 304
200 311
200 339
200 344
200 347
200 350
200 355
200 357
200 371
200 382
200 388
200 393
200 400
200 405
200 409
200 417
200 436
200 466
201 231
201 236
201 257
201 259
201 260
201 270
201 277
201 278
201 283
201 293
201 305
201 313
201 334
201 340
201 358
201 376
201 398
201 399
201 424
201 434
201 442
201 461
201 469
202 210
202 218
202 233
202 235
202 239
202 255
202 282
202 288
202 320
202 329
202 367
202 371
202 397
202 410
202 412
202 413
202 416
202 421
202 430
202 432
202 433
202 461
202 462
202 463
202 479
202 493
202 496
203 220
203 246
203 249
203 251
203 264
203 282
203 284
203 285
203 287
203 289
203 292
203 297
203 312
203 329
203 343
203 376
203 389
203 407
203 410
203 434
203 453
203 473
203 477
203 482
204 215
204 216
204 228
204 234
204 240
204 249
204 258
204 265
204 280
204 299
204 302
204 309
204 315
204 319
204 324
204 337
204 343
204 347
204 364
204 365
204 366
204 376
204 380
204 395
204 396
204 404
204 428
204 437
204 439
204 456
204 459
204 464
204 475
204 488
204 495
205 207
205 208
205 213
205 219
205 220
205 247
205 248
205 251
205 254
205 255
205 258
205 284
205 291
205 305
205 332
205 336
205 378
205 380
205 389
205 396
205 399
205 407
205 409
205 414
205 425
205 434
205 436
205 462
205 465
205 473
205 485
205 486
205 492
206 230
206 241
206 242
206 244
206 272
206 286
206 293
206 312
206 314
206 315
206 333
206 334
206 342
206 361
206 365
206 382
206 401
206 429
206 438
206 440
206 442
206 445
206 455
206 458
206 461
206 464
206 471
206 473
206 479
207 208
207 209
207 228
207 250
207 252
207 276
207 286
207 291
207 293
207 312
207 314
207 320
207 330
207 333
207 337
207 340
207 341
207 344
207 345
207 365
207 366
207 383
207 388
207 401
207 410
207 417
207 418
207 419
207 425
207 430
207 432
207 433
207 435
207 436
207 464
207 474
207 486
208 213
208 218
208 220
208 230
208 231
208 238
208 242
208 249
208 256
208 258
208 276
208 280
208 287
208 300
208 302
208 346
208 362
208 363
208 370
208 375
208 379
208 388
208 392
208 422
208 431
208 454
208 468
208 476
208 480
208 485
208 492
209 220
209 234
209 260
209 264
209 275
209 309
209 310
209 311
209 312
209 331
209 337
209 346
209 350
209 352
209 362
209 380
209 384
209 395
209 417
209 418
209 430
209 448
209 452
209 453
209 472
209 475
209 487
209 495
209 497
209 498
210 224
210 243
210 265
210 272
210 278
210 285
210 286
210 318
210 330
210 338
210 340
210 354
210 356
210 367
210 370
210 378
210 380
210 398
210 409
210 421
210 427
210 430
210 435
210 444
210 445
210 456
210 458
210 474
210 479
210 486
210 488
210 492
210 498
211 229
211 230
211 231
211 247
211 248
211 257
211 260
211 286
211 299
211 304
211 309
211 316
211 317
211 328
211 353
211 361
211 381
211 384
211 393
211 401
211 419
211 440
211 444
211 445
211 446
211 449
211 461
211 462
211 490
211 495
211 497
212 228
212 236
212 239
212 267
212 268
212 279
212 280
212 286
212 292
212 311
212 323
212 331
212 349
212 361
212 368
212 371
212 377
212 404
212 408
212 414
212 419
212 429
212 451
212 475
212 481
212 486
212 489
212 493
213 254
213 260
213 297
213 301
213 306
213 309
213 344
213 358
213 366
213 375
213 376
213 391
213 411
213 413
213 432
213 450
213 474
213 480
213 488
213 489
213 498
214 216
214 219
214 224
214 225
214 227
214 246
214 248
214 255
214 257
214 266
214 267
214 285
214 286
214 293
214 323
214 339
214 345
214 354
214 362
214 382
214 385
214 387
214 389
214 396
214 400
214 421
214 429
214 432
214 444
214 453
214 489
215 228
215 242
215 247
215 277
215 287
215 291
215 296
215 305
215 314
215 337
215 351
215 381
215 383
215 391
215 401
215 406
215 440
215 441
215 453
215 470
215 484
215 499
216 221
216 262
216 275
216 280
216 299
216 304
216 319
216 323
216 332
216 334
216 363
216 364
216 370
216 382
216 383
216 399
216 401
216 415
216 428
216 438
216 448
216 452
216 456
216 481
216 497
217 224
217 229
217 234
217 243
217 245
217 264
217 283
217 286
217 288
217 290
217 297
217 319
217 334
217 337
217 340
217 341
217 371
217 375
217 394
217 416
217 418
217 430
217 431
217 434
217 441
217 462
217 464
217 466
217 468
217 469
217 494
218 240
218 242
218 244
218 246
218 253
218 255
218 308
218 337
218 344
218 346
218 354
218 373
218 389
218 403
218 415
218 434
218 443
218 447
218 459
218 461
218 473
218 480
218 488
218 497
219 230
219 233
219 255
219 274
219 278
219 281
219 288
219 303
219 314
219 335
219 340
219 365
219 369
219 379
219 395
219 404
219 414
219 425
219 430
219 439
219 446
219 454
219 463
219 472
219 473
219 486
219 490
219 497
220 236
220 249
220 272
220 281
220 303
220 309
220 337
220 345
220 351
220 357
220 365
220 368
220 370
220 379
220 384
220 385
220 393
220 401
220 406
220 418
220 421
220 425
220 440
220 462
220 465
220 491
221 224
221 228
221 239
221 254
221 259
221 274
221 277
221 279
221 281
221 284
221 289
221 307
221 311
221 316
221 323
221 331
221 349
221 352
221 358
221 372
221 387
221 390
221 402
221 416
221 419
221 430
221 445
221 447
221 450
221 466
221 478
221 489
221 492
222 244
222 245
222 259
222 260
222 272
222 281
222 282
222 287
222 291
222 295
222 301
222 315
222 317
222 325
222 330
222 341
222 355
222 356
222 372
222 376
222 381
222 386
222 392
222 404
222 411
222 414
222 418
222 427
222 434
222 449
222 450
222 456
222 470
222 481
222 495
223 231
223 241
223 242
223 244
223 252
223 278
223 286
223 303
223 313
223 357
223 373
223 380
223 395
223 399
223 404
223 426
223 433
223 438
223 448
223 452
223 453
223 459
223 483
223 488
223 493
223 498
224 232
224 237
224 250
224 251
224 256
224 257
224 284
224 303
224 341
224 342
224 352
224 354
224 380
224 386
224 394
224 399
224 404
224 409
224 412
224 430
224 437
224 453
224 456
224 482
224 487
224 493
225 229
225 232
225 239
225 246
225 250
225 258
225 293
225 296
225 299
225 301
225 309
225 312
225 325
225 339
225 342
225 343
225 346
225 347
225 361
225 384
225 400
225 418
225 426
225 444
225 468
225 481
225 484
225 495
226 249
226 258
226 275
226 284
226 286
226 304
226 307
226 309
226 320
226 321
226 338
226 350
226 356
226 381
226 389
226 406
226 407
226 413
226 421
226 432
226 433
226 443
226 446
226 448
226 467
226 479
226 489
226 495
227 239
227 252
227 268
227 281
227 282
227 287
227 288
227 295
227 298
227 305
227 322
227 330
227 352
227 360
227 363
227 374
227 375
227 385
227 389
227 390
227 402
227 420
227 434
227 461
227 462
227 470
227 479
227 489
228 265
228 268
228 270
228 289
228 306
228 311
228 322
228 330
228 338
228 375
228 379
228 387
228 394
228 419
228 434
228 437
228 446
228 451
228 459
228 464
228 486
229 263
229 270
229 271
229 277
229 288
229 306
229 307
229 311
229 315
229 329
229 330
229 332
229 349
229 364
229 370
229 371
229 388
229 394
229 396
229 401
229 403
229 421
229 422
229 423
229 442
229 446
229 467
229 470
229 481
229 487
229 497
229 498
230 240
230 243
230 271
230 281
230 289
230 294
230 304
230 307
230 310
230 319
230 328
230 329
230 347
230 355
230 366
230 371
230 418
230 421
230 427
230 432
230 438
230 443
230 462
230 478
230 481
230 484
230 490
230 496
230 498
231 259
231 270
231 294
231 298
231 302
231 304
231 337
231 339
231 341
231 348
231 371
231 384
231 399
231 402
231 422
231 431
231 433
231 441
231 443
231 475
231 482
231 487
232 234
232 235
232 236
232 239
232 248
232 263
232 264
232 281
232 283
232 285
232 290
232 298
232 313
232 327
232 329
232 362
232 372
232 379
232 386
232 392
232 414
232 439
232 445
232 451
232 457
232 473
232 478
232 499
233 249
233 257
233 259
233 274
233 280
233 292
233 301
233 316
233 322
233 334
233 352
233 356
233 359
233 370
233 383
233 389
233 396
233 407
233 412
233 417
233 418
233 435
233 439
233 454
233 466
233 471
233 496
234 237
234 240
234 246
234 265
234 270
234 305
234 309
234 361
234 364
234 365
234 366
234 368
234 369
234 397
234 408
234 409
234 426
234 438
234 447
234 450
234 453
234 457
234 458
234 466
234 472
234 475
234 495
234 496
235 241
235 249
235 254
235 257
235 261
235 268
235 309
235 320
235 324
235 327
235 328
235 360
235 364
235 367
235 371
235 374
235 385
235 387
235 441
235 446
235 447
235 460
235 466
235 469
235 472
235 478
236 244
236 251
236 260
236 267
236 301
236 305
236 312
236 319
236 334
236 338
236 339
236 344
236 345
236 346
236 361
236 362
236 389
236 391
236 411
236 416
236 422
236 431
236 449
236 451
236 457
236 477
236 478
236 479
237 240
237 241
237 245
237 246
237 248
237 258
237 264
237 267
237 272
237 276
237 295
237 311
237 313
237 314
237 335
237 347
237 350
237 358
237 362
237 369
237 371
237 372
237 387
237 408
237 435
237 443
237 444
237 464
237 471
237 487
237 488
237 489
237 490
237 492
238 249
238 292
238 298
238 310
238 324
238 336
238 344
238 371
238 384
238 406
238 407
238 415
238 441
238 454
238 473
238 474
238 477
238 480
238 484
238 487
239 249
239 260
239 307
239 330
239 332
239 346
239 377
239 391
239 393
239 394
239 399
239 414
239 421
239 428
239 446
239 447
239 449
239 450
239 460
239 462
239 465
239 467
239 479
239 489
239 490
240 251
240 258
240 271
240 280
240 297
240 298
240 302
240 334
240 345
240 351
240 358
240 370
240 381
240 390
240 411
240 414
240 439
240 441
240 446
240 449
240 471
240 487
240 494
240 496
241 246
241 251
241 256
241 257
241 259
241 279
241 314
241 329
241 340
241 368
241 385
241 411
241 418
241 423
241 424
241 444
241 452
241 486
241 489
241 499
242 243
242 252
242 274
242 277
242 287
242 318
242 331
242 332
242 334
242 335
242 340
242 349
242 365
242 366
242 368
242 381
242 407
242 408
242 415
242 418
242 422
242 423
242 424
242 428
242 434
242 459
242 463
242 478
242 480
242 488
243 245
243 250
243 263
243 289
243 290
243 293
243 313
243 321
243 322
243 331
243 334
243 337
243 352
243 361
243 377
243 388
243 413
243 415
243 416
243 424
243 455
243 467
243 479
243 483
244 252
244 258
244 287
244 290
244 295
244 300
244 304
244 308
244 317
244 318
244 323
244 330
244 347
244 365
244 370
244 374
244 392
244 399
244 402
244 403
244 415
244 421
244 424
244 425
244 429
244 434
244 444
244 445
244 460
244 484
244 497
245 248
245 265
245 271
245 280
245 295
245 303
245 311
245 322
245 323
245 346
245 350
245 360
245 377
245 379
245 396
245 408
245 412
245 416
245 426
245 430
245 443
245 464
245 477
245 482
246 258
246 314
246 320
246 358
246 376
246 378
246 402
246 409
246 420
246 439
246 449
246 456
246 458
246 467
246 471
246 472
246 476
246 477
246 479
246 480
246 485
247 260
247 270
247 275
247 279
247 281
247 282
247 294
247 297
247 317
247 323
247 337
247 358
247 361
247 378
247 379
247 402
247 403
247 412
247 420
247 428
247 429
247 443
247 456
247 466
247 485
247 488
247 497
248 266
248 273
248 288
248 294
248 334
248 338
248 364
248 387
248 389
248 394
248 443
248 447
248 459
248 464
248 476
248 487
248 488
248 489
249 250
249 255
249 259
249 261
249 262
249 266
249 283
249 287
249 293
249 304
249 354
249 356
249 368
249 374
249 399
249 400
249 417
249 436
249 448
249 455
249 463
249 480
249 481
249 483
250 272
250 281
250 289
250 292
250 295
250 301
250 302
250 304
250 305
250 310
250 347
250 364
250 374
250 381
250 382
250 392
250 396
250 413
250 421
250 425
250 430
250 434
250 436
250 437
250 450
250 452
250 492
251 270
251 274
251 275
251 277
251 278
251 279
251 286
251 290
251 302
251 305
251 309
251 314
251 317
251 328
251 333
251 338
251 387
251 393
251 402
251 403
251 422
251 425
251 453
251 483
251 489
252 256
252 279
252 281
252 290
252 291
252 294
252 296
252 297
252 299
252 301
252 308
252 310
252 312
252 320
252 342
252 347
252 353
252 386
252 391
252 408
252 428
252 431
252 436
252 439
252 457
252 464
252 468
252 481
252 486
252 499
253 280
253 302
253 318
253 331
253 334
253 340
253 341
253 363
253 371
253 375
253 384
253 422
253 426
253 437
253 441
253 446
253 450
253 451
253 460
253 464
253 468
253 469
253 470
253 478
253 494
253 495
254 276
254 278
254 285
254 303
254 316
254 344
254 346
254 354
254 368
254 407
254 412
254 429
254 431
254 456
254 467
254 470
255 260
255 262
255 264
255 265
255 276
255 301
255 303
255 317
255 320
255 321
255 323
255 351
255 352
255 354
255 358
255 361
255 371
255 380
255 381
255 394
255 401
255 413
255 421
255 425
255 429
255 441
255 445
255 462
255 465
255 471
255 476
255 490
256 259
256 273
256 276
256 283
256 284
256 289
256 290
256 294
256 328
256 330
256 331
256 339
256 350
256 353
256 359
256 363
256 364
256 367
256 381
256 383
256 398
256 407
256 415
256 433
256 436
256 440
256 449
256 451
256 458
256 462
256 477
256 479
256 482
256 489
256 490
256 495
256 497
257 263
257 265
257 269
257 275
257 279
257 282
257 285
257 302
257 340
257 341
257 377
257 393
257 398
257 400
257 428
257 445
257 489
257 497
258 276
258 295
258 307
258 328
258 339
258 352
258 354
258 358
258 383
258 388
258 413
258 415
258 419
258 422
258 440
258 446
258 463
258 468
258 470
258 481
258 483
258 484
258 498
259 277
259 302
259 311
259 315
259 344
259 348
259 354
259 355
259 359
259 361
259 371
259 374
259 384
259 385
259 388
259 390
259 392
259 397
259 398
259 403
259 405
259 406
259 409
259 410
259 419
259 425
259 430
259 455
259 467
259 469
259 492
259 494
260 266
260 270
260 272
260 274
260 280
260 312
260 319
260 328
260 333
260 345
260 349
260 357
260 361
260 362
260 364
260 373
260 383
260 386
260 388
260 389
260 391
260 392
260 406
260 407
260 413
260 418
260 422
260 430
260 445
260 459
260 465
260 475
260 484
260 499
261 266
261 278
261 300
261 301
261 319
261 343
261 350
261 353
261 358
261 367
261 413
261 415
261 422
261 425
261 426
261 429
261 439
261 449
261 459
261 463
261 478
261 481
261 485
262 265
262 281
262 292
262 306
262 314
262 324
262 334
262 348
262 350
262 358
262 360
262 365
262 366
262 386
262 387
262 388
262 389
262 393
262 403
262 413
262 420
262 445
262 448
262 457
262 469
262 470
262 473
262 480
262 494
263 272
263 273
263 290
263 291
263 308
263 310
263 320
263 326
263 328
263 340
263 344
263 361
263 376
263 378
263 382
263 384
263 393
263 428
263 431
263 436
263 445
263 452
263 457
263 478
263 485
264 277
264 296
264 297
264 301
264 303
264 315
264 341
264 342
264 343
264 353
264 355
264 373
264 401
264 403
264 407
264 448
264 452
264 453
264 456
264 468
264 469
264 483
264 497
265 268
265 284
265 295
265 299
265 302
265 310
265 314
265 315
265 337
265 349
265 382
265 404
265 410
265 435
265 436
265 447
265 450
265 459
265 464
265 466
265 491
265 494
266 272
266 290
266 291
266 309
266 328
266 329
266 343
266 353
266 358
266 373
266 394
266 399
266 401
266 413
266 430
266 437
266 450
266 479
266 481
266 488
266 494
267 270
267 271
267 275
267 282
267 295
267 296
267 299
267 311
267 334
267 347
267 354
267 363
267 372
267 374
267 378
267 388
267 390
267 397
267 399
267 401
267 409
267 411
267 419
267 430
267 438
267 441
267 445
267 458
267 466
267 480
267 484
267 488
268 270
268 278
268 289
268 298
268 303
268 307
268 313
268 389
268 395
268 398
268 402
268 408
268 409
268 410
268 420
268 423
268 442
268 455
268 461
268 474
268 487
268 490
268 492
268 493
269 275
269 280
269 283
269 290
269 309
269 313
269 328
269 334
269 342
269 352
269 369
269 382
269 388
269 407
269 408
269 414
269 450
269 452
269 455
269 457
269 466
269 477
270 272
270 311
270 314
270 320
270 323
270 324
270 363
270 374
270 382
270 425
270 430
270 443
270 453
270 474
270 487
270 488
271 292
271 307
271 321
271 332
271 333
271 343
271 346
271 363
271 380
271 393
271 404
271 419
271 438
271 443
271 459
271 468
271 469
271 487
272 280
272 298
272 301
272 334
272 340
272 363
272 365
272 375
272 377
272 383
272 385
272 386
272 390
272 391
272 395
272 415
272 416
272 417
272 421
272 424
272 436
272 438
272 445
272 448
272 451
272 456
272 459
272 471
272 476
272 484
272 499
273 283
273 286
273 291
273 293
273 301
273 305
273 309
273 310
273 313
273 337
273 340
273 347
273 359
273 366
273 387
273 398
273 402
273 430
273 432
273 435
273 451
273 455
273 457
273 459
273 461
273 464
273 465
273 468
273 471
273 477
274 321
274 347
274 350
274 363
274 368
274 383
274 394
274 411
274 430
274 437
274 448
274 449
274 450
274 453
274 466
274 471
274 487
274 489
274 497
275 285
275 290
275 304
275 308
275 331
275 332
275 340
275 342
275 348
275 353
275 360
275 377
275 387
275 394
275 395
275 398
275 417
275 424
275 433
275 452
275 465
275 472
275 480
275 484
276 280
276 282
276 292
276 296
276 303
276 325
276 326
276 359
276 382
276 389
276 391
276 396
276 405
276 435
276 441
276 448
276 453
276 461
276 462
276 467
276 468
276 485
276 488
276 493
277 285
277 305
277 317
277 323
277 325
277 335
277 338
277 341
277 356
277 364
277 381
277 419
277 427
277 440
277 467
277 471
277 480
277 482
277 492
278 281
278 289
278 300
278 336
278 388
278 392
278 410
278 414
278 415
278 422
278 432
278 434
278 444
278 451
278 460
278 468
278 482
278 496
279 284
279 286
279 287
279 296
279 309
279 326
279 338
279 367
279 370
279 396
279 399
279 413
279 417
279 439
279 478
279 482
280 284
280 313
280 329
280 356
280 361
280 390
280 394
280 410
280 421
280 425
280 445
280 462
280 467
280 476
280 484
281 295
281 317
281 332
281 351
281 356
281 363
281 382
281 409
281 410
281 412
281 416
281 423
281 439
281 441
281 457
281 492
282 292
282 308
282 315
282 322
282 324
282 332
282 355
282 364
282 378
282 386
282 399
282 403
282 404
282 408
282 414
282 417
282 433
282 450
282 465
283 302
283 314
283 320
283 327
283 329
283 332
283 333
283 338
283 340
283 342
283 344
283 356
283 359
283 372
283 374
283 386
283 398
283 412
283 419
283 427
283 428
283 461
283 464
283 471
283 476
283 483
283 496
283 499
284 301
284 308
284 311
284 319
284 323
284 361
284 365
284 387
284 388
284 396
284 403
284 413
284 415
284 431
284 433
284 434
284 448
284 449
284 468
284 475
284 479
284 489
284 492
285 316
285 343
285 348
285 352
285 354
285 373
285 388
285 405
285 412
285 413
285 440
285 446
285 448
285 452
285 466
285 468
285 474
285 493
286 287
286 306
286 315
286 316
286 338
286 346
286 355
286 370
286 379
286 385
286 399
286 404
286 415
286 424
286 425
286 454
286 460
286 463
286 482
286 494
287 295
287 318
287 322
287 330
287 333
287 347
287 349
287 356
287 365
287 409
287 411
287 416
287 418
287 423
287 431
287 448
287 449
287 452
287 465
287 466
288 319
288 333
288 335
288 348
288 357
288 364
288 373
288 379
288 382
288 383
288 401
288 406
288 423
288 426
288 449
288 454
288 457
288 482
288 491
288 494
289 292
289 299
289 302
289 323
289 328
289 338
289 341
289 344
289 345
289 358
289 370
289 373
289 382
289 393
289 394
289 404
289 408
289 412
289 415
289 434
289 452
289 453
289 459
289 479
289 488
290 291
290 296
290 324
290 349
290 375
290 382
290 391
290 401
290 402
290 404
290 409
290 412
290 430
290 440
290 442
290 461
290 463
290 483
291 294
291 298
291 302
291 310
291 313
291 315
291 316
291 326
291 341
291 352
291 371
291 373
291 398
291 405
291 409
291 410
291 412
291 420
291 459
291 460
291 468
291 476
291 487
292 294
292 296
292 300
292 304
292 325
292 331
292 352
292 355
292 362
292 400
292 410
292 431
292 432
292 448
292 458
292 459
292 466
292 474
292 481
292 496
293 316
293 318
293 350
293 351
293 376
293 404
293 416
293 429
293 432
293 438
293 442
293 450
293 458
293 478
293 483
293 485
293 486
294 296
294 297
294 298
294 318
294 331
294 351
294 359
294 368
294 393
294 404
294 445
294 459
294 473
294 493
294 495
294 496
295 300
295 306
295 308
295 313
295 324
295 325
295 336
295 370
295 371
295 378
295 387
295 393
295 398
295 401
295 408
295 429
295 442
295 457
295 461
295 475
296 302
296 324
296 327
296 346
296 350
296 355
296 357
296 359
296 369
296 372
296 375
296 382
296 384
296 393
296 397
296 401
296 419
296 424
296 430
296 433
296 435
296 448
296 452
296 457
296 458
296 460
296 476
296 477
296 478
296 486
297 313
297 319
297 339
297 352
297 379
297 394
297 412
297 417
297 423
297 424
297 427
297 430
297 451
297 452
297 464
297 465
297 476
297 480
297 483
297 484
298 301
298 333
298 336
298 343
298 362
298 366
298 376
298 391
298 399
298 431
298 443
298 458
298 464
298 481
298 482
299 315
299 322
299 340
299 367
299 372
299 385
299 400
299 406
299 418
299 431
299 442
299 447
299 449
299 454
299 467
299 470
299 481
299 488
299 498
300 321
300 325
300 330
300 354
300 355
300 369
300 387
300 401
300 403
300 406
300 410
300 430
300 432
300 435
300 440
300 488
300 494
301 302
301 307
301 367
301 372
301 380
301 390
301 406
301 414
301 420
301 425
301 444
301 472
301 497
302 321
302 322
302 324
302 328
302 330
302 340
302 370
302 377
302 386
302 389
302 390
302 393
302 400
302 406
302 420
302 423
302 433
302 440
302 446
302 465
302 471
303 310
303 312
303 320
303 325
303 333
303 334
303 342
303 354
303 378
303 396
303 399
303 429
303 434
303 435
303 446
303 467
303 480
303 490
303 499
304 306
304 315
304 316
304 325
304 327
304 331
304 343
304 348
304 353
304 361
304 367
304 369
304 373
304 374
304 376
304 380
304 388
304 400
304 401
304 402
304 406
304 431
304 453
304 456
304 478
304 495
305 311
305 325
305 357
305 385
305 402
305 414
305 425
305 431
305 439
305 466
305 470
305 474
305 477
305 484
305 490
306 314
306 317
306 321
306 325
306 334
306 353
306 356
306 359
306 360
306 364
306 371
306 402
306 425
306 430
306 462
306 480
306 481
307 313
307 321
307 323
307 326
307 333
307 350
307 355
307 375
307 397
307 401
307 404
307 411
307 413
307 418
307 429
307 436
307 444
307 460
307 481
307 487
308 325
308 340
308 341
308 354
308 375
308 396
308 397
308 401
308 411
308 418
308 440
308 441
308 446
308 457
308 459
308 460
308 469
308 491
309 312
309 317
309 334
309 349
309 360
309 365
309 372
309 395
309 402
309 417
309 430
309 436
309 438
309 442
309 462
309 472
309 476
309 490
309 493
310 335
310 367
310 369
310 403
310 409
310 419
310 436
310 437
310 440
310 455
310 457
310 463
310 468
310 476
310 486
310 487
310 491
310 495
311 317
311 327
311 336
311 353
311 358
311 360
311 379
311 396
311 403
311 414
311 422
311 427
311 428
311 440
311 443
311 444
311 452
311 467
311 487
311 496
312 317
312 344
312 352
312 373
312 390
312 405
312 413
312 431
312 442
312 449
312 454
312 479
312 484
312 487
312 495
312 498
313 333
313 334
313 339
313 345
313 353
313 375
313 394
313 395
313 402
313 404
313 412
313 434
313 440
313 454
313 467
314 318
314 331
314 339
314 345
314 353
314 369
314 370
314 379
314 381
314 392
314 393
314 395
314 401
314 403
314 412
314 425
314 430
314 440
314 444
314 451
314 459
314 463
314 469
314 473
314 477
314 496
314 497
315 317
315 319
315 330
315 342
315 374
315 403
315 410
315 422
315 433
315 440
315 447
315 454
315 468
315 478
315 479
315 483
315 494
316 319
316 322
316 328
316 335
316 338
316 342
316 354
316 358
316 375
316 389
316 432
316 437
316 439
316 452
316 458
316 486
316 488
317 324
317 401
317 427
317 430
317 433
317 435
317 441
317 447
317 473
317 481
317 482
317 494
317 496
318 330
318 333
318 334
318 355
318 358
318 374
318 378
318 383
318 412
318 415
318 423
318 425
318 440
318 441
318 448
318 450
318 457
318 460
318 464
318 492
319 358
319 367
319 396
319 407
319 433
319 434
319 454
319 459
319 461
319 480
319 481
319 493
320 321
320 329
320 333
320 351
320 352
320 361
320 365
320 369
320 370
320 386
320 390
320 402
320 421
320 452
320 462
320 472
320 492
320 496
321 322
321 323
321 328
321 329
321 332
321 368
321 388
321 402
321 403
321 405
321 413
321 424
321 425
321 430
321 434
321 447
321 471
321 475
321 478
321 486
321 493
321 496
322 324
322 328
322 335
322 344
322 349
322 368
322 370
322 371
322 381
322 383
322 384
322 389
322 390
322 393
322 408
322 409
322 410
322 413
322 424
322 427
322 428
322 445
322 477
322 493
323 360
323 379
323 390
323 394
323 395
323 407
323 416
323 426
323 427
323 428
323 442
323 449
323 458
323 465
323 477
323 481
323 489
323 490
324 326
324 381
324 383
324 393
324 402
324 403
324 422
324 437
324 438
324 445
324 459
324 485
325 366
325 371
325 374
325 381
325 386
325 397
325 401
325 402
325 406
325 411
325 423
325 428
325 444
325 470
325 472
325 478
325 480
325 486
326 333
326 361
326 367
326 374
326 379
326 389
326 399
326 402
326 403
326 420
326 429
326 460
326 475
326 480
326 490
327 332
327 338
327 340
327 347
327 351
327 370
327 373
327 378
327 381
327 414
327 419
327 427
327 429
327 434
327 477
327 478
327 494
328 343
328 360
328 371
328 379
328 388
328 396
328 401
328 428
328 431
328 433
328 434
328 435
328 444
328 449
328 456
328 459
328 468
328 469
328 479
329 336
329 337
329 349
329 359
329 364
329 370
329 379
329 393
329 397
329 407
329 427
329 432
329 455
329 478
329 479
329 486
329 492
329 497
330 336
330 353
330 358
330 362
330 367
330 371
330 394
330 403
330 445
330 461
330 464
330 470
330 497
331 351
331 352
331 363
331 370
331 377
331 382
331 387
331 403
331 406
331 414
331 426
331 427
331 440
331 447
331 468
331 472
331 473
331 486
331 495
332 336
332 341
332 346
332 374
332 379
332 388
332 393
332 409
332 423
332 430
332 435
332 458
332 459
332 461
332 476
332 481
332 486
332 495
332 496
333 352
333 361
333 366
333 367
333 400
333 408
333 429
333 448
333 467
333 471
333 477
334 345
334 356
334 357
334 359
334 363
334 381
334 384
334 393
334 394
334 403
334 415
334 421
334 422
334 439
334 445
334 464
334 465
334 481
334 489
334 490
334 495
335 346
335 371
335 395
335 396
335 418
335 422
335 430
335 437
335 454
335 455
335 458
335 460
335 463
335 476
335 486
335 488
335 489
335 494
335 496
336 351
336 359
336 384
336 386
336 393
336 403
336 406
336 407
336 410
336 412
336 435
336 441
336 443
336 449
336 450
336 454
336 466
336 471
336 478
337 341
337 342
337 348
337 351
337 355
337 358
337 360
337 375
337 390
337 391
337 399
337 401
337 417
337 423
337 439
337 440
337 454
337 456
337 471
337 477
337 496
338 345
338 347
338 355
338 357
338 366
338 379
338 394
338 397
338 416
338 435
338 458
338 460
338 479
338 483
338 493
339 361
339 376
339 389
339 394
339 397
339 398
339 402
339 403
339 414
339 416
339 417
339 419
339 449
339 459
339 464
339 472
339 475
339 479
339 488
339 491
339 492
340 352
340 362
340 363
340 377
340 382
340 388
340 389
340 411
340 445
340 452
340 455
340 482
340 496
340 498
341 343
341 349
341 354
341 374
341 384
341 392
341 412
341 421
341 433
341 442
341 445
341 484
341 491
342 360
342 384
342 388
342 392
342 416
342 419
342 425
342 428
342 430
342 442
342 447
342 451
342 453
342 459
342 469
342 490
343 361
343 362
343 371
343 385
343 388
343 398
343 405
343 421
343 434
343 437
343 441
343 450
343 461
343 462
343 470
343 472
343 487
344 390
344 416
344 419
344 425
344 430
344 432
344 441
344 452
344 459
344 461
344 463
344 470
344 487
344 497
344 499
345 348
345 377
345 381
345 382
345 384
345 402
345 403
345 410
345 412
345 414
345 418
345 449
345 457
345 484
345 485
345 499
346 357
346 362
346 377
346 379
346 387
346 392
346 406
346 415
346 416
346 417
346 421
346 429
346 432
346 437
346 443
346 446
346 457
346 464
346 467
346 480
347 360
347 380
347 383
347 412
347 415
347 417
347 419
347 420
347 421
347 439
347 441
347 444
347 447
347 453
348 357
348 389
348 393
348 427
348 434
348 452
348 454
348 466
348 467
348 470
348 496
349 350
349 352
349 366
349 372
349 373
349 379
349 380
349 404
349 406
349 424
349 432
349 438
349 447
349 459
349 462
349 469
349 473
349 475
349 478
349 489
349 491
350 351
350 355
350 381
350 390
350 394
350 396
350 399
350 428
350 431
350 432
350 444
350 456
350 469
350 471
350 472
350 478
350 480
350 496
350 499
351 352
351 371
351 378
351 380
351 383
351 396
351 400
351 419
351 420
351 447
351 455
351 456
351 480
351 486
351 491
352 353
352 354
352 355
352 369
352 370
352 374
352 380
352 386
352 387
352 388
352 393
352 395
352 396
352 399
352 403
352 414
352 418
352 421
352 425
352 435
352 444
352 455
352 462
352 466
352 468
352 481
352 499
353 354
353 372
353 399
353 413
353 416
353 418
353 424
353 428
353 430
353 442
353 447
353 448
353 467
353 472
354 369
354 382
354 393
354 411
354 412
354 422
354 424
354 449
354 460
354 471
355 361
355 368
355 369
355 377
355 393
355 409
355 450
355 473
355 476
355 479
355 485
356 367
356 381
356 385
356 401
356 403
356 411
356 451
356 452
356 487
357 403
357 405
357 409
357 418
357 421
357 426
357 439
357 452
357 460
357 468
357 482
357 484
357 492
357 494
358 376
358 386
358 391
358 394
358 423
358 438
358 452
358 453
358 457
358 459
358 472
358 474
358 477
358 483
358 485
359 378
359 380
359 395
359 398
359 402
359 408
359 454
359 467
359 486
360 378
360 394
360 403
360 412
360 432
360 476
360 482
360 484
360 489
360 499
361 368
361 371
361 378
361 380
361 395
361 462
361 468
361 471
361 474
361 479
361 495
362 374
362 382
362 392
362 438
362 454
362 461
362 482
362 493
362 494
362 499
363 364
363 377
363 379
363 383
363 385
363 399
363 421
363 429
363 434
363 469
363 493
364 367
364 369
364 378
364 390
364 398
364 401
364 403
364 423
364 426
364 432
364 438
364 439
364 452
364 469
364 476
364 482
364 487
364 491
364 498
365 369
365 372
365 404
365 406
365 416
365 417
365 426
365 432
365 451
365 480
365 484
365 490
365 491
365 492
366 369
366 370
366 377
366 387
366 423
366 441
366 461
366 475
366 477
366 487
366 491
366 496
366 497
367 375
367 400
367 420
367 440
367 449
367 457
367 458
367 462
367 480
367 489
367 494
368 370
368 374
368 376
368 379
368 390
368 394
368 404
368 421
368 422
368 425
368 434
368 445
368 449
368 454
368 469
368 473
369 396
369 415
369 445
369 453
369 457
369 459
369 465
369 478
370 379
370 386
370 405
370 406
370 428
370 464
370 470
370 471
370 477
370 478
370 483
370 493
370 495
371 382
371 383
371 390
371 397
371 410
371 418
371 420
371 431
371 436
371 440
371 481
371 483
371 489
371 490
372 392
372 395
372 408
372 421
372 423
372 427
372 463
372 489
372 493
372 494
373 387
373 389
373 394
373 411
373 419
373 424
373 484
373 485
373 489
374 383
374 402
374 443
374 444
374 454
374 461
375 380
375 386
375 393
375 396
375 402
375 407
375 410
375 435
375 437
375 441
375 447
375 448
375 451
375 461
375 468
375 478
375 491
375 492
376 388
376 395
376 410
376 413
376 416
376 439
376 443
376 454
376 460
376 466
376 477
376 479
376 486
376 488
376 493
376 498
377 404
377 407
377 456
377 464
377 472
377 495
378 382
378 404
378 410
378 416
378 420
378 423
378 426
378 427
378 436
378 437
378 457
378 477
378 487
379 385
379 387
379 393
379 399
379 424
379 444
379 447
379 451
379 459
379 464
379 469
379 477
379 478
379 484
379 487
379 495
380 405
380 411
380 421
380 422
380 437
380 438
380 439
380 446
380 469
380 471
380 479
380 488
380 490
381 398
381 410
381 445
381 471
381 474
381 483
381 489
382 393
382 421
382 422
382 425
382 434
382 453
382 456
382 458
382 478
382 489
382 499
383 384
383 387
383 392
383 396
383 397
383 398
383 404
383 405
383 407
383 409
383 412
383 416
383 417
383 418
383 430
383 434
383 437
383 440
383 444
383 445
383 453
383 464
383 467
383 476
383 483
383 484
383 491
383 494
384 389
384 396
384 403
384 416
384 418
384 449
384 458
384 467
384 475
384 476
384 481
384 485
384 490
384 499
385 396
385 400
385 407
385 410
385 420
385 422
385 429
385 437
385 439
385 466
385 471
385 478
385 480
385 487
386 403
386 416
386 420
386 423
386 443
386 448
386 459
386 487
387 405
387 406
387 414
387 416
387 419
387 446
387 479
387 483
387 487
387 490
388 405
388 434
388 441
388 445
388 450
388 464
388 481
388 491
388 494
388 497
389 392
389 395
389 401
389 441
389 452
389 490
390 404
390 413
390 417
390 419
390 423
390 427
390 438
390 446
390 448
390 452
390 466
390 471
391 393
391 395
391 435
391 459
391 460
391 465
391 468
391 474
391 485
391 494
392 396
392 399
392 403
392 426
392 448
392 451
392 466
392 478
392 479
392 485
392 489
392 498
393 396
393 402
393 405
393 453
393 470
393 472
393 487
394 417
394 420
394 425
394 440
394 442
394 448
394 458
394 462
394 472
394 485
394 490
395 409
395 420
395 435
395 441
395 458
395 462
395 470
395 494
396 413
396 419
396 432
396 437
396 454
396 458
396 460
396 464
396 465
396 468
396 484
396 487
396 492
396 499
397 412
397 415
397 416
397 422
397 432
397 461
397 465
397 472
397 473
397 486
397 491
397 496
397 499
398 404
398 410
398 438
398 447
398 448
398 463
398 468
398 473
398 487
398 492
399 402
399 408
399 417
399 429
399 433
399 446
399 452
399 454
399 469
399 485
399 487
399 496
399 497
400 404
400 408
400 421
400 431
400 439
400 442
400 446
400 456
400 458
400 459
400 469
400 475
400 479
400 480
400 482
401 406
401 407
401 414
401 415
401 417
401 424
401 456
401 466
401 467
401 472
401 473
401 489
401 497
402 428
402 437
402 442
402 445
402 457
402 460
402 472
402 476
402 497
402 498
403 411
403 414
403 433
403 452
403 466
403 489
403 492
403 496
403 499
404 415
404 423
404 434
404 439
404 459
404 476
404 496
405 424
405 434
405 445
405 449
406 412
406 417
406 420
406 423
406 425
406 426
406 431
406 434
406 440
406 459
406 462
406 470
406 484
406 486
406 487
406 494
407 436
407 451
407 453
407 456
407 457
407 462
407 477
407 479
407 481
407 482
407 486
407 491
407 495
408 410
408 415
408 426
408 434
408 451
408 468
408 482
408 485
408 495
409 416
409 422
409 424
409 426
409 440
409 445
409 474
409 492
409 497
410 414
410 430
410 443
410 483
410 496
411 429
411 432
411 433
411 451
411 460
411 463
411 468
411 493
411 496
412 416
412 418
412 429
412 433
412 435
412 441
412 447
412 448
412 449
412 451
412 461
412 463
412 482
412 487
413 422
413 434
413 436
413 474
413 489
413 494
414 416
414 430
414 431
414 451
414 453
414 461
414 468
415 418
415 419
415 425
415 427
415 430
415 445
415 449
415 455
415 485
415 486
416 427
416 430
416 432
416 435
416 442
416 458
416 474
416 486
416 498
417 421
417 423
417 430
417 432
417 446
417 458
417 461
417 476
417 485
418 450
418 459
418 462
418 473
418 474
418 491
418 492
419 437
419 454
419 457
419 474
419 485
419 486
419 490
420 422
420 441
420 451
420 465
420 468
420 475
420 476
420 490
420 493
421 428
421 430
421 439
421 447
421 465
421 476
421 479
422 431
422 440
422 444
422 454
422 462
422 467
422 473
422 481
422 492
423 436
423 449
423 458
423 485
424 428
424 435
424 470
424 489
424 498
425 431
425 438
425 440
425 452
425 464
425 469
425 481
425 497
426 427
426 430
426 493
427 431
427 432
427 433
427 438
427 441
427 449
427 450
427 454
427 472
427 476
427 479
427 480
427 498
428 431
428 448
428 456
428 460
428 476
428 482
428 484
428 489
429 452
429 454
429 455
429 484
429 498
430 460
430 464
430 480
430 484
430 494
431 436
431 443
431 467
431 471
431 474
431 492
432 436
432 458
432 466
432 467
432 470
432 489
433 442
433 446
433 447
433 453
433 455
433 466
433 471
433 474
433 481
433 482
433 489
434 435
434 470
434 478
434 480
434 483
434 497
435 452
435 455
435 457
435 464
435 469
435 475
435 481
435 485
435 490
435 498
435 499
436 437
436 465
436 474
436 493
437 471
437 491
437 495
438 442
438 448
438 462
438 484
438 485
438 486
439 451
439 462
439 465
440 446
440 453
440 457
440 469
440 473
440 486
441 443
441 456
441 470
441 496
442 445
442 450
442 471
442 489
442 499
443 456
443 470
443 478
443 479
443 491
443 496
443 497
443 498
444 448
444 453
444 479
444 491
444 494
445 449
445 451
445 455
445 457
445 464
445 468
445 470
445 473
445 478
445 499
446 447
446 460
446 462
446 468
446 472
446 475
446 492
446 499
447 462
447 469
448 454
448 458
448 463
448 469
449 465
449 477
449 498
450 451
450 472
450 476
450 489
450 493
450 499
451 452
451 474
451 475
451 478
451 488
452 459
452 471
452 475
452 476
453 458
453 466
453 473
453 487
453 497
454 459
454 469
454 476
455 463
455 466
455 468
455 473
455 479
455 486
455 487
455 495
456 467
456 469
456 477
456 479
456 483
456 484
456 493
457 467
457 484
457 490
458 459
458 469
458 479
458 489
459 461
459 466
459 467
459 468
459 470
459 471
459 475
459 476
459 478
459 480
459 498
460 461
460 471
460 485
461 463
461 464
461 472
461 479
461 486
461 499
463 464
463 476
464 467
464 474
464 477
464 479
464 482
465 478
465 483
465 486
465 493
465 499
466 486
466 490
466 498
467 490
467 494
468 484
468 497
469 475
469 476
469 481
469 488
469 491
469 496
469 497
469 498
470 481
470 489
470 493
471 473
471 479
471 482
472 476
473 475
473 483
473 486
474 478
474 499
475 494
476 478
476 494
476 499
477 490
477 492
478 499
479 485
479 498
480 482
481 488
481 498
483 493
483 498
484 486
484 491
485 487
485 494
485 498
486 490
487 499
488 493
489 491
490 498
492 496
492 498
494 495
496 497
497 498
