0 3
0 7
0 30
0 31
0 51
0 58
0 66
0 84
0 92
1 11
1 18
1 22
1 37
1 58
1 66
1 69
1 72
1 77
1 84
2 19
2 39
2 57
2 62
2 68
2 72
2 77
2 84
2 89
2 90
2 97
3 7
3 34
3 36
3 46
3 57
3 61
3 63
3 64
3 72
3 81
3 83
3 87
4 14
4 47
4 61
4 66
4 70
4 88
5 15
5 19
5 25
5 35
5 38
5 85
5 93
5 95
6 24
6 50
6 57
6 64
6 67
7 8
7 18
7 24
7 27
7 50
7 51
7 58
7 63
7 70
7 75
7 79
7 91
7 93
7 94
7 98
8 20
8 30
8 32
8 35
8 45
8 55
8 77
8 79
8 80
8 96
8 98
8 99
9 28
9 35
9 44
9 49
9 56
9 60
9 68
9 74
10 31
10 73
10 78
10 83
10 86
10 89
10 93
10 99
11 14
11 22
11 27
11 28
11 41
11 46
11 48
11 54
11 56
11 62
11 74
11 76
11 91
11 93
12 24
12 44
12 55
12 63
12 74
12 75
12 76
12 79
12 98
12 99
13 15
13 20
13 47
13 63
13 69
13 90
13 97
14 21
14 41
14 44
14 52
14 54
14 60
14 65
14 66
14 82
15 16
15 19
15 29
15 32
15 49
15 64
15 67
16 24
16 54
16 58
16 61
16 64
16 69
16 79
16 85
16 93
16 94
17 18
17 40
17 45
17 48
17 53
17 70
17 87
17 95
17 98
18 26
18 28
18 30
18 37
18 48
18 49
18 50
18 67
18 68
18 74
18 84
18 87
18 92
19 33
19 40
19 43
19 69
19 70
19 76
19 78
19 89
19 90
20 31
20 41
20 43
20 46
20 51
20 61
20 64
20 94
20 95
21 27
21 37
21 39
21 44
21 77
22 27
22 34
22 76
22 81
22 83
23 30
23 35
23 47
23 56
23 74
23 75
23 76
23 84
23 86
23 91
23 99
24 60
24 75
24 76
24 95
24 96
24 99
25 39
25 47
25 48
25 64
25 71
26 39
26 64
26 71
26 76
26 79
26 85
26 93
27 35
27 36
27 56
27 69
27 76
27 85
27 92
27 93
27 97
28 38
28 50
28 66
28 72
28 81
28 83
28 97
29 38
29 40
29 43
29 85
29 87
29 90
29 91
30 32
30 39
30 41
30 54
30 67
30 71
30 72
30 76
30 80
30 85
31 45
31 49
31 53
31 61
31 63
31 90
31 95
32 39
32 42
32 66
32 67
32 83
32 85
32 96
32 98
33 68
33 71
33 77
33 99
34 36
34 45
34 56
34 60
34 64
34 87
34 88
35 52
35 56
35 58
35 72
35 73
35 87
35 95
36 37
36 39
36 62
36 70
36 85
36 91
37 38
37 39
37 53
37 61
37 67
37 79
37 81
37 87
38 39
38 41
38 43
38 45
38 52
38 73
38 85
38 89
38 91
39 40
39 57
39 92
40 41
40 42
40 66
40 81
40 88
40 90
40 95
41 42
41 48
41 49
41 50
41 92
41 97
42 53
42 59
42 76
42 82
42 94
43 73
43 88
44 49
44 63
44 71
44 86
45 47
45 48
45 50
45 57
45 60
45 81
45 90
46 51
46 64
46 84
46 93
46 97
46 98
47 49
47 58
47 92
47 95
48 57
48 82
48 91
48 94
48 95
49 63
49 76
49 97
50 62
50 64
50 73
50 84
50 98
51 53
51 72
51 75
51 92
52 57
52 63
52 75
52 95
52 96
53 54
53 56
53 58
53 59
53 60
53 73
53 79
53 83
54 56
54 58
54 63
54 71
54 75
54 76
55 61
55 69
55 70
55 83
55 85
55 91
55 94
56 63
56 67
56 82
56 84
56 92
57 72
57 74
57 77
57 84
57 88
57 90
58 61
59 83
59 86
59 88
59 94
59 97
60 66
60 71
60 75
60 97
60 98
61 63
61 78
61 91
62 63
62 72
62 74
63 79
63 81
63 90
64 74
64 83
64 94
64 98
65 68
65 77
65 85
66 79
66 84
66 85
66 90
66 93
66 95
67 74
67 80
67 82
68 69
68 88
69 73
70 73
70 77
70 81
70 84
70 88
70 89
71 82
71 99
72 81
72 98
73 88
74 90
76 77
76 85
77 82
77 87
77 88
78 90
79 80
80 82
80 88
80 92
81 90
84 94
84 99
85 89
85 92
86 91
86 93
86 94
87 90
87 91
87 96
87 98
89 94
91 94
93 96
94 96
94 98
97 98
