0 3
0 10
0 26
0 31
0 32
0 39
0 41
0 44
0 47
0 48
0 49
0 66
0 67
0 73
0 77
0 81
0 82
0 86
0 89
0 96
0 99
1 3
1 4
1 6
1 10
1 21
1 22
1 23
1 26
1 31
1 33
1 34
1 40
1 42
1 43
1 45
1 67
1 68
1 71
1 74
1 76
1 78
1 79
1 81
1 85
1 91
1 98
2 9
2 12
2 14
2 15
2 16
2 24
2 26
2 29
2 33
2 34
2 35
2 36
2 39
2 41
2 46
2 47
2 49
2 52
2 57
2 62
2 69
2 70
2 73
2 76
2 80
2 87
2 88
2 90
2 94
2 97
3 4
3 5
3 12
3 16
3 22
3 25
3 32
3 33
3 46
3 51
3 53
3 54
3 63
3 64
3 65
3 71
3 72
3 81
3 89
3 90
3 97
3 98
4 5
4 24
4 25
4 30
4 37
4 41
4 45
4 46
4 48
4 49
4 50
4 54
4 55
4 61
4 63
4 66
4 68
4 87
4 92
4 94
4 96
4 98
5 10
5 12
5 17
5 22
5 25
5 26
5 31
5 32
5 34
5 36
5 37
5 38
5 42
5 49
5 51
5 55
5 56
5 60
5 62
5 67
5 71
5 74
5 75
5 78
5 79
5 80
5 81
5 92
5 97
5 98
6 13
6 14
6 15
6 17
6 25
6 26
6 29
6 31
6 37
6 38
6 42
6 50
6 52
6 55
6 56
6 59
6 61
6 62
6 63
6 66
6 72
6 73
6 75
6 78
6 79
6 90
6 91
6 92
6 95
6 98
7 8
7 9
7 10
7 13
7 17
7 20
7 23
7 24
7 25
7 31
7 32
7 33
7 37
7 38
7 40
7 42
7 43
7 44
7 45
7 51
7 52
7 54
7 55
7 56
7 58
7 59
7 62
7 63
7 66
7 68
7 74
7 76
7 79
7 82
7 86
7 88
7 90
7 98
8 12
8 17
8 20
8 28
8 29
8 31
8 33
8 34
8 49
8 51
8 60
8 61
8 64
8 66
8 69
8 72
8 73
8 75
8 76
8 77
8 79
8 85
8 87
8 92
8 95
9 11
9 14
9 16
9 21
9 22
9 23
9 24
9 31
9 33
9 35
9 39
9 42
9 44
9 46
9 47
9 48
9 52
9 65
9 68
9 69
9 70
9 71
9 76
9 77
9 83
9 97
9 98
9 99
10 13
10 17
10 20
10 23
10 26
10 27
10 32
10 34
10 35
10 37
10 38
10 43
10 46
10 50
10 52
10 56
10 57
10 63
10 64
10 66
10 68
10 72
10 75
10 85
10 86
10 90
10 92
10 95
11 16
11 17
11 18
11 28
11 29
11 30
11 33
11 36
11 43
11 44
11 48
11 50
11 52
11 58
11 61
11 74
11 75
11 77
11 79
11 82
11 86
11 92
11 94
11 95
11 98
11 99
12 16
12 20
12 27
12 31
12 34
12 35
12 42
12 45
12 53
12 54
12 55
12 56
12 60
12 61
12 62
12 68
12 69
12 70
12 71
12 73
12 76
12 80
12 85
12 86
12 90
12 93
12 97
12 99
13 21
13 24
13 34
13 39
13 41
13 43
13 44
13 48
13 50
13 51
13 53
13 55
13 56
13 57
13 61
13 63
13 64
13 68
13 71
13 72
13 73
13 74
13 75
13 77
13 78
13 79
13 81
13 82
13 86
13 87
13 88
13 89
13 91
13 98
13 99
14 15
14 19
14 21
14 23
14 30
14 34
14 38
14 40
14 42
14 43
14 49
14 53
14 55
14 57
14 59
14 62
14 63
14 65
14 68
14 76
14 77
14 82
14 88
14 89
14 95
14 96
14 99
15 16
15 18
15 20
15 23
15 29
15 32
15 37
15 43
15 46
15 48
15 51
15 53
15 56
15 57
15 63
15 64
15 65
15 66
15 67
15 70
15 75
15 77
15 79
15 83
15 84
15 89
15 93
15 99
16 19
16 22
16 27
16 30
16 35
16 39
16 41
16 45
16 50
16 51
16 55
16 59
16 66
16 67
16 68
16 69
16 77
16 82
16 85
16 89
16 91
16 93
16 95
16 97
16 99
17 18
17 20
17 23
17 32
17 34
17 38
17 39
17 41
17 49
17 54
17 55
17 57
17 61
17 66
17 73
17 76
17 86
17 88
17 94
17 96
17 97
17 98
17 99
18 19
18 26
18 41
18 53
18 55
18 56
18 57
18 63
18 65
18 67
18 73
18 79
18 80
18 83
18 84
18 85
18 86
18 94
18 96
18 97
19 21
19 24
19 25
19 28
19 36
19 41
19 43
19 51
19 57
19 59
19 60
19 64
19 73
19 74
19 79
19 81
19 82
19 84
19 90
19 93
19 96
20 22
20 23
20 27
20 28
20 29
20 33
20 34
20 35
20 40
20 42
20 43
20 46
20 49
20 61
20 65
20 66
20 69
20 80
20 84
20 88
20 89
20 92
20 99
21 26
21 34
21 35
21 36
21 38
21 41
21 42
21 45
21 50
21 53
21 54
21 57
21 59
21 63
21 64
21 66
21 70
21 71
21 77
21 85
21 87
21 94
21 98
22 27
22 29
22 33
22 38
22 42
22 47
22 49
22 55
22 63
22 65
22 70
22 74
22 79
22 80
22 81
22 92
22 95
22 96
22 97
22 99
23 32
23 37
23 41
23 43
23 45
23 46
23 53
23 54
23 56
23 65
23 70
23 71
23 73
23 76
23 78
23 85
23 92
23 93
23 98
24 35
24 40
24 42
24 44
24 49
24 50
24 51
24 57
24 58
24 61
24 62
24 70
24 71
24 88
24 89
24 90
24 92
24 97
25 29
25 30
25 33
25 39
25 46
25 51
25 52
25 54
25 60
25 65
25 67
25 68
25 73
25 77
25 78
25 81
25 86
25 88
25 92
25 93
25 97
26 30
26 33
26 43
26 46
26 48
26 53
26 57
26 58
26 64
26 77
26 78
26 81
26 82
26 84
26 86
26 88
26 95
26 99
27 30
27 31
27 33
27 37
27 41
27 44
27 48
27 59
27 60
27 63
27 65
27 66
27 69
27 71
27 74
27 76
27 77
27 79
27 80
27 84
27 90
27 93
27 96
27 97
28 31
28 34
28 37
28 39
28 45
28 46
28 47
28 53
28 55
28 64
28 65
28 66
28 69
28 71
28 79
28 83
28 84
28 85
28 86
28 87
28 88
28 93
28 96
28 99
29 32
29 36
29 38
29 39
29 47
29 48
29 49
29 50
29 51
29 52
29 53
29 56
29 57
29 59
29 61
29 66
29 70
29 74
29 76
29 80
29 81
29 83
29 87
29 88
29 90
29 95
29 96
29 98
30 34
30 39
30 50
30 57
30 58
30 59
30 65
30 68
30 72
30 74
30 77
30 78
30 85
30 96
30 97
30 99
31 36
31 37
31 42
31 45
31 46
31 49
31 53
31 56
31 64
31 65
31 66
31 67
31 71
31 73
31 77
31 78
31 86
31 88
31 89
31 94
31 95
32 34
32 35
32 38
32 43
32 45
32 46
32 47
32 53
32 55
32 57
32 60
32 63
32 65
32 70
32 71
32 78
32 86
32 87
32 90
32 91
32 98
32 99
33 34
33 36
33 38
33 43
33 45
33 50
33 51
33 55
33 58
33 59
33 60
33 62
33 64
33 67
33 68
33 70
33 71
33 75
33 76
33 77
33 78
33 81
33 82
33 84
33 85
33 91
33 92
33 93
33 94
33 97
33 99
34 36
34 37
34 42
34 45
34 47
34 56
34 58
34 61
34 64
34 65
34 66
34 70
34 71
34 74
34 81
34 82
34 85
34 90
34 93
34 99
35 37
35 39
35 45
35 51
35 58
35 60
35 61
35 64
35 65
35 67
35 71
35 73
35 74
35 79
35 81
35 91
35 92
35 93
35 95
35 97
36 48
36 56
36 63
36 64
36 69
36 71
36 75
36 78
36 85
36 91
36 94
36 95
36 98
37 38
37 42
37 47
37 50
37 51
37 57
37 62
37 63
37 65
37 66
37 67
37 73
37 74
37 79
37 80
37 84
37 87
37 92
37 94
37 97
37 98
38 39
38 40
38 41
38 42
38 45
38 46
38 48
38 53
38 58
38 62
38 64
38 71
38 72
38 73
38 76
38 77
38 78
38 79
38 81
38 84
38 85
38 86
38 87
38 91
39 43
39 45
39 48
39 52
39 57
39 60
39 63
39 64
39 66
39 67
39 68
39 73
39 76
39 79
39 80
39 81
39 82
39 85
39 92
39 94
39 97
39 99
40 41
40 43
40 45
40 47
40 49
40 50
40 52
40 57
40 59
40 63
40 66
40 70
40 73
40 74
40 77
40 98
41 45
41 49
41 50
41 51
41 57
41 62
41 64
41 65
41 66
41 67
41 74
41 75
41 76
41 78
41 79
41 85
41 87
41 89
41 98
42 44
42 46
42 54
42 57
42 58
42 59
42 63
42 72
42 76
42 78
42 79
42 83
42 84
42 87
42 91
43 45
43 47
43 48
43 52
43 57
43 58
43 59
43 60
43 62
43 65
43 66
43 67
43 69
43 70
43 73
43 74
43 80
43 82
43 87
43 89
43 91
43 95
43 96
43 97
44 47
44 48
44 51
44 54
44 56
44 60
44 64
44 66
44 70
44 71
44 74
44 77
44 81
44 82
44 88
44 91
44 94
44 96
44 97
44 99
45 48
45 52
45 54
45 55
45 56
45 60
45 62
45 67
45 68
45 71
45 74
45 77
45 80
45 86
45 87
45 88
45 93
45 94
45 96
45 98
46 51
46 53
46 55
46 56
46 58
46 63
46 64
46 65
46 66
46 70
46 76
46 80
46 84
46 93
46 96
47 50
47 51
47 52
47 55
47 63
47 68
47 69
47 71
47 75
47 77
47 78
47 80
47 91
47 92
48 50
48 52
48 55
48 57
48 67
48 68
48 69
48 74
48 77
48 81
48 85
48 88
49 51
49 56
49 58
49 64
49 66
49 67
49 75
49 77
49 78
49 81
49 83
49 85
49 86
49 87
49 88
49 89
49 91
49 92
49 93
49 96
49 98
49 99
50 52
50 55
50 60
50 71
50 74
50 75
50 86
50 89
50 90
50 93
50 94
51 52
51 57
51 58
51 59
51 64
51 72
51 74
51 76
51 86
51 87
51 88
51 89
51 97
52 53
52 55
52 58
52 62
52 65
52 72
52 75
52 77
52 80
52 83
52 84
52 90
52 92
52 94
52 95
52 97
52 99
53 54
53 57
53 61
53 62
53 74
53 77
53 79
53 80
53 81
53 82
53 85
53 87
53 89
53 90
53 91
53 94
53 95
53 97
53 99
54 55
54 57
54 63
54 71
54 74
54 75
54 82
54 89
54 91
54 93
54 99
55 59
55 62
55 64
55 65
55 68
55 70
55 75
55 80
55 84
55 89
55 93
55 94
55 97
56 63
56 67
56 71
56 72
56 73
56 80
56 83
56 87
56 89
56 91
56 93
56 94
56 98
57 60
57 62
57 65
57 70
57 75
57 80
57 83
57 84
57 86
57 88
57 90
57 93
58 62
58 63
58 69
58 71
58 72
58 76
58 77
58 79
58 80
58 83
58 85
58 88
58 89
59 60
59 63
59 71
59 73
59 77
59 78
59 79
59 82
59 86
59 92
59 96
60 68
60 72
60 85
60 91
60 92
60 93
60 95
60 96
60 97
60 98
61 66
61 68
61 75
61 79
62 64
62 74
62 81
62 84
62 92
63 64
63 66
63 70
63 72
63 77
63 81
63 86
63 88
63 89
63 92
63 94
63 96
64 71
64 78
64 86
64 90
65 68
65 71
65 72
65 75
65 83
65 87
65 91
65 94
65 96
66 69
66 73
66 79
66 80
66 81
66 82
66 83
66 88
66 95
66 98
67 73
67 81
67 82
67 83
67 87
67 97
67 98
67 99
68 73
68 78
68 80
68 81
68 83
68 86
68 88
68 92
68 98
68 99
69 71
69 73
69 75
69 76
69 81
69 92
69 93
69 96
69 97
69 98
69 99
70 71
70 74
70 79
70 83
70 84
70 85
70 90
70 95
70 98
71 79
71 80
71 83
71 86
71 87
71 90
71 92
71 95
71 99
72 77
72 85
72 87
72 90
72 94
72 97
72 98
73 75
73 76
73 82
73 83
73 92
73 98
73 99
74 75
74 76
74 77
74 78
74 88
74 89
74 93
74 94
74 97
75 77
75 81
75 85
75 90
75 94
75 95
75 96
75 97
75 99
76 81
76 88
76 95
76 97
77 82
77 84
77 85
77 89
77 95
78 79
78 80
78 81
78 85
78 87
78 98
78 99
79 81
79 83
79 84
79 87
79 90
79 92
79 95
80 87
80 91
80 95
80 96
80 97
81 84
81 90
81 91
81 95
82 90
82 91
82 92
82 94
83 84
83 85
83 92
83 95
83 96
84 86
84 92
85 93
86 88
86 89
86 92
86 96
86 99
87 88
87 89
87 91
87 94
87 99
88 90
88 93
88 94
89 93
89 94
91 92
91 94
91 95
91 97
92 94
92 96
92 97
92 98
93 94
93 95
93 96
94 95
94 97
96 97
96 98
