0 1
0 5
0 12
0 20
0 24
0 26
0 28
0 33
0 36
0 40
0 52
0 68
0 72
0 80
0 83
0 87
0 88
0 92
0 93
0 94
1 2
1 6
1 8
1 10
1 21
1 22
1 26
1 28
1 44
1 56
1 57
1 59
1 60
1 61
1 63
1 67
1 68
1 70
1 71
1 72
1 73
1 76
1 77
1 82
1 83
1 84
1 86
1 88
1 91
1 93
1 94
2 4
2 6
2 19
2 21
2 22
2 25
2 27
2 33
2 35
2 38
2 40
2 41
2 43
2 47
2 49
2 51
2 53
2 60
2 65
2 67
2 68
2 69
2 72
2 74
2 76
2 86
2 90
2 91
2 93
2 99
3 5
3 10
3 11
3 14
3 30
3 31
3 32
3 35
3 38
3 42
3 43
3 48
3 50
3 53
3 55
3 63
3 67
3 69
3 70
3 72
3 77
3 78
3 81
3 90
3 93
3 94
3 97
3 99
4 5
4 7
4 12
4 17
4 21
4 22
4 25
4 29
4 31
4 37
4 40
4 42
4 43
4 45
4 47
4 50
4 53
4 57
4 65
4 72
4 76
4 78
4 82
4 84
4 85
4 90
4 94
4 95
4 97
4 99
5 9
5 10
5 15
5 17
5 24
5 29
5 40
5 41
5 43
5 44
5 46
5 47
5 56
5 58
5 60
5 66
5 67
5 72
5 73
5 74
5 78
5 79
5 80
5 81
5 83
5 86
5 95
5 97
6 13
6 14
6 16
6 21
6 22
6 23
6 24
6 25
6 27
6 32
6 33
6 34
6 37
6 38
6 39
6 42
6 48
6 50
6 53
6 55
6 57
6 60
6 64
6 65
6 70
6 71
6 72
6 74
6 77
6 87
6 91
6 95
6 97
6 98
7 17
7 19
7 22
7 28
7 29
7 34
7 37
7 38
7 39
7 40
7 41
7 43
7 44
7 45
7 46
7 52
7 57
7 59
7 64
7 65
7 77
7 78
7 79
7 80
7 88
7 90
7 91
7 92
8 12
8 23
8 28
8 30
8 31
8 37
8 41
8 45
8 46
8 50
8 52
8 53
8 55
8 56
8 57
8 61
8 64
8 66
8 68
8 69
8 74
8 77
8 81
8 82
8 87
8 92
8 93
8 94
9 13
9 31
9 39
9 40
9 47
9 49
9 50
9 51
9 53
9 55
9 56
9 58
9 60
9 62
9 63
9 66
9 68
9 73
9 74
9 75
9 79
9 80
9 84
9 93
9 96
10 11
10 12
10 13
10 16
10 27
10 28
10 29
10 32
10 33
10 50
10 64
10 66
10 71
10 73
10 75
10 80
10 82
10 83
10 84
10 91
10 94
10 97
10 98
11 15
11 19
11 23
11 24
11 26
11 28
11 34
11 36
11 38
11 42
11 45
11 46
11 49
11 55
11 56
11 61
11 63
11 66
11 69
11 70
11 73
11 76
11 78
11 79
11 83
11 84
11 85
11 86
11 89
11 99
12 15
12 17
12 19
12 23
12 30
12 32
12 33
12 37
12 43
12 44
12 45
12 47
12 48
12 52
12 54
12 58
12 64
12 66
12 68
12 70
12 72
12 74
12 76
12 78
12 79
12 82
12 85
12 89
12 90
12 94
12 95
12 98
12 99
13 16
13 25
13 32
13 37
13 40
13 44
13 47
13 54
13 57
13 61
13 62
13 64
13 67
13 71
13 79
13 80
13 81
13 87
13 92
13 98
14 16
14 18
14 19
14 30
14 31
14 32
14 36
14 43
14 45
14 46
14 50
14 55
14 58
14 60
14 62
14 69
14 73
14 74
14 77
14 79
14 80
14 87
14 89
14 93
14 94
14 95
14 96
14 99
15 22
15 23
15 24
15 29
15 33
15 34
15 41
15 42
15 45
15 50
15 54
15 55
15 66
15 68
15 72
15 74
15 80
15 84
15 89
15 90
15 91
15 93
16 17
16 19
16 22
16 25
16 28
16 29
16 31
16 32
16 33
16 34
16 36
16 38
16 39
16 42
16 47
16 52
16 56
16 58
16 59
16 62
16 64
16 69
16 70
16 71
16 75
16 77
16 79
16 83
16 86
16 91
16 94
17 19
17 21
17 25
17 31
17 32
17 40
17 42
17 51
17 52
17 55
17 61
17 63
17 64
17 65
17 69
17 72
17 75
17 77
17 79
17 82
17 85
17 95
18 22
18 23
18 26
18 28
18 29
18 34
18 36
18 37
18 39
18 45
18 46
18 55
18 57
18 58
18 59
18 61
18 62
18 63
18 70
18 71
18 74
18 77
18 81
18 82
18 84
18 86
18 90
18 94
18 95
18 97
18 99
19 21
19 24
19 36
19 41
19 45
19 47
19 48
19 51
19 53
19 58
19 60
19 61
19 62
19 64
19 66
19 70
19 76
19 83
19 84
19 85
19 87
19 88
19 89
19 92
19 93
20 30
20 35
20 36
20 38
20 39
20 40
20 41
20 42
20 45
20 55
20 60
20 64
20 67
20 71
20 75
20 77
20 78
20 81
20 83
20 84
20 85
20 91
20 95
20 97
20 99
21 24
21 26
21 30
21 31
21 39
21 42
21 45
21 48
21 60
21 61
21 63
21 68
21 69
21 71
21 86
21 89
22 25
22 31
22 34
22 36
22 40
22 41
22 43
22 44
22 52
22 55
22 63
22 64
22 65
22 70
22 71
22 72
22 74
22 75
22 81
22 91
22 98
23 25
23 35
23 44
23 59
23 63
23 67
23 69
23 71
23 72
23 75
23 76
23 77
23 83
23 86
23 91
23 92
24 25
24 31
24 33
24 36
24 39
24 43
24 45
24 46
24 47
24 50
24 53
24 69
24 78
24 81
24 85
24 86
24 89
24 92
24 93
24 96
25 26
25 27
25 28
25 36
25 39
25 41
25 43
25 49
25 52
25 55
25 59
25 60
25 61
25 62
25 68
25 70
25 71
25 76
25 77
25 83
25 84
25 88
25 89
25 92
25 99
26 35
26 39
26 41
26 43
26 47
26 50
26 51
26 62
26 64
26 66
26 73
26 74
26 77
26 82
26 83
26 93
26 95
27 31
27 34
27 39
27 45
27 47
27 50
27 53
27 55
27 61
27 65
27 68
27 69
27 73
27 74
27 75
27 81
27 83
27 84
27 85
27 86
27 91
27 93
27 96
27 99
28 34
28 38
28 43
28 48
28 51
28 52
28 55
28 64
28 68
28 69
28 72
28 74
28 76
28 78
28 80
28 81
28 91
28 93
28 98
29 33
29 34
29 38
29 39
29 44
29 47
29 54
29 55
29 57
29 58
29 60
29 63
29 64
29 65
29 66
29 68
29 69
29 70
29 71
29 72
29 74
29 83
29 85
29 86
29 90
29 92
29 95
30 33
30 36
30 37
30 51
30 53
30 54
30 63
30 65
30 69
30 75
30 76
30 77
30 84
30 85
30 87
30 90
30 91
30 92
30 93
30 96
30 99
31 33
31 38
31 40
31 41
31 44
31 45
31 48
31 49
31 53
31 61
31 65
31 70
31 74
31 76
31 78
31 83
31 90
31 99
32 34
32 35
32 40
32 43
32 44
32 49
32 52
32 53
32 54
32 61
32 62
32 65
32 66
32 68
32 69
32 73
32 77
32 78
32 82
32 88
32 91
32 97
33 34
33 37
33 39
33 42
33 43
33 48
33 54
33 56
33 60
33 62
33 68
33 71
33 74
33 76
33 78
33 88
33 92
33 95
34 35
34 36
34 37
34 43
34 46
34 47
34 50
34 51
34 53
34 54
34 60
34 61
34 67
34 69
34 71
34 72
34 74
34 77
34 79
34 91
34 92
34 95
34 99
35 43
35 46
35 53
35 55
35 56
35 62
35 64
35 67
35 68
35 70
35 76
35 82
35 84
35 85
35 92
35 93
35 94
35 95
35 99
36 38
36 39
36 41
36 42
36 48
36 49
36 54
36 61
36 62
36 67
36 68
36 69
36 70
36 76
36 85
36 88
36 93
36 94
37 54
37 57
37 60
37 62
37 67
37 68
37 70
37 71
37 73
37 74
37 77
37 79
37 80
37 82
37 84
37 85
37 86
37 87
37 88
37 89
37 91
38 41
38 44
38 55
38 57
38 61
38 64
38 67
38 75
38 77
38 78
38 79
38 81
38 82
38 83
38 85
38 86
38 96
39 48
39 51
39 56
39 64
39 68
39 84
39 85
39 88
39 91
39 94
39 99
40 41
40 42
40 46
40 49
40 53
40 55
40 63
40 64
40 68
40 73
40 77
40 86
40 88
40 93
40 94
40 96
41 42
41 44
41 45
41 50
41 53
41 57
41 59
41 60
41 62
41 64
41 65
41 66
41 67
41 77
41 82
41 84
41 86
41 87
41 89
41 93
42 46
42 47
42 61
42 63
42 64
42 66
42 68
42 72
42 76
42 79
42 83
42 88
42 91
42 95
42 98
43 48
43 49
43 53
43 57
43 61
43 64
43 66
43 69
43 73
43 74
43 76
43 80
43 86
43 87
43 88
43 90
43 94
43 98
44 45
44 48
44 49
44 50
44 54
44 56
44 57
44 64
44 74
44 75
44 76
44 77
44 84
44 85
44 88
44 89
44 99
45 62
45 63
45 65
45 66
45 67
45 72
45 73
45 77
45 81
45 84
45 85
45 88
46 50
46 56
46 57
46 58
46 62
46 65
46 69
46 70
46 73
46 74
46 80
46 85
46 87
46 89
46 90
46 94
46 96
47 48
47 50
47 51
47 56
47 60
47 61
47 66
47 71
47 73
47 82
47 86
47 88
47 89
47 95
47 98
48 49
48 54
48 57
48 59
48 63
48 64
48 66
48 67
48 70
48 72
48 74
48 80
48 81
48 84
48 85
48 89
48 91
48 94
48 95
48 98
48 99
49 50
49 52
49 54
49 56
49 58
49 60
49 61
49 65
49 66
49 68
49 74
49 80
49 83
49 84
49 85
49 86
49 87
49 88
49 89
49 95
49 96
50 57
50 59
50 60
50 62
50 70
50 75
50 77
50 78
50 86
50 94
51 52
51 59
51 61
51 63
51 65
51 66
51 67
51 72
51 73
51 79
51 80
51 81
51 85
51 86
51 93
51 96
51 97
52 59
52 61
52 73
52 74
52 80
52 81
52 87
52 92
52 93
52 96
52 97
53 59
53 64
53 71
53 82
53 83
53 88
53 89
53 94
53 98
54 58
54 59
54 60
54 61
54 64
54 65
54 69
54 70
54 74
54 78
54 81
54 86
54 91
54 93
55 57
55 59
55 63
55 65
55 67
55 68
55 71
55 74
55 81
55 87
55 91
55 93
55 94
55 96
55 98
56 57
56 60
56 64
56 66
56 69
56 72
56 80
56 82
56 83
56 84
56 87
56 92
56 94
56 96
56 98
57 65
57 70
57 75
57 76
57 86
57 94
57 95
57 98
58 59
58 62
58 64
58 66
58 69
58 70
58 71
58 76
58 82
58 84
58 85
58 86
58 87
58 89
58 94
58 99
59 61
59 68
59 70
59 71
59 75
59 76
59 79
59 80
59 84
59 91
59 94
59 95
59 97
60 63
60 65
60 70
60 73
60 83
60 88
60 89
60 90
60 91
60 93
60 95
60 96
60 97
61 64
61 66
61 70
61 73
61 74
61 76
61 77
61 81
61 86
61 92
62 63
62 66
62 73
62 83
62 85
62 87
62 88
62 92
62 96
62 97
62 99
63 65
63 73
63 79
63 85
63 89
63 98
64 65
64 67
64 69
64 72
64 74
64 78
64 80
64 83
64 87
64 93
64 96
65 70
65 78
65 79
65 81
65 82
65 84
65 87
65 89
65 94
65 96
66 67
66 70
66 75
66 79
66 80
66 83
66 86
66 87
66 96
67 68
67 69
67 70
67 73
67 74
67 78
67 80
67 84
67 87
67 95
68 71
68 75
68 77
68 79
68 80
68 82
68 84
68 86
68 90
68 93
68 96
68 98
68 99
69 72
69 73
69 76
69 77
69 87
69 88
69 92
69 96
69 97
69 98
70 73
70 74
70 75
70 76
70 84
70 89
70 91
70 94
70 97
70 99
71 73
71 75
71 76
71 77
71 79
71 82
71 84
71 94
71 98
72 80
72 84
72 90
72 91
72 98
72 99
73 74
73 81
73 82
73 86
73 87
73 93
74 75
74 76
74 79
74 80
74 81
74 83
74 84
74 86
74 88
74 89
74 93
74 94
74 97
75 76
75 87
75 88
75 89
75 92
75 99
76 79
76 81
76 84
76 86
76 88
76 91
76 94
77 78
77 79
77 81
77 82
77 84
77 95
78 84
78 88
78 91
78 96
79 82
79 86
79 92
79 94
79 95
79 97
79 98
79 99
80 83
80 88
80 93
80 94
80 96
80 97
81 88
81 89
81 98
82 86
82 87
82 89
82 90
82 91
82 92
82 94
82 95
82 98
82 99
83 87
83 93
83 94
83 96
84 86
84 90
84 95
84 96
84 99
85 86
85 87
85 89
85 96
85 99
86 89
86 93
86 94
86 95
87 91
87 92
87 96
88 89
88 97
89 90
89 92
89 94
89 95
89 98
89 99
90 92
90 96
90 99
91 92
91 95
92 93
92 95
92 96
92 97
93 97
94 96
97 98
98 99
