0 76
0 325
0 511
0 629
0 792
0 886
0 895
1 5
1 16
1 74
1 76
1 91
1 92
1 99
1 137
1 170
1 283
1 333
1 357
1 362
1 386
1 397
1 399
1 416
1 459
1 612
1 645
1 656
1 672
1 677
1 701
1 790
1 794
1 807
1 827
1 841
1 844
1 845
1 851
1 868
1 958
1 971
2 12
2 27
2 76
2 103
2 143
2 245
2 253
2 268
2 309
2 345
2 394
2 408
2 422
2 425
2 431
2 435
2 521
2 553
2 629
2 647
2 789
2 843
2 966
3 18
3 48
3 106
3 157
3 369
3 495
3 612
3 777
3 914
3 962
4 81
4 159
4 226
4 237
4 470
4 592
4 717
5 40
5 59
5 67
5 75
5 119
5 130
5 139
5 160
5 172
5 176
5 183
5 186
5 198
5 201
5 210
5 218
5 270
5 279
5 288
5 291
5 296
5 303
5 331
5 340
5 353
5 368
5 380
5 388
5 390
5 391
5 396
5 414
5 415
5 416
5 438
5 452
5 463
5 480
5 486
5 487
5 503
5 504
5 512
5 522
5 542
5 570
5 575
5 587
5 598
5 606
5 611
5 621
5 626
5 646
5 648
5 669
5 681
5 703
5 708
5 733
5 743
5 771
5 773
5 776
5 826
5 828
5 862
5 866
5 891
5 898
5 900
5 927
5 949
5 954
5 956
5 969
5 978
5 985
6 49
6 87
6 379
6 792
6 963
7 58
7 208
7 471
7 622
7 751
7 982
8 369
8 654
8 891
8 945
9 246
9 361
9 418
9 609
9 615
9 688
9 872
10 233
10 591
10 597
10 613
10 702
10 742
10 800
10 844
11 12
11 267
11 307
11 336
11 340
11 398
11 511
11 798
12 18
12 19
12 20
12 25
12 29
12 39
12 43
12 76
12 110
12 114
12 123
12 148
12 159
12 160
12 162
12 165
12 208
12 237
12 245
12 256
12 281
12 325
12 332
12 339
12 345
12 346
12 360
12 362
12 400
12 434
12 445
12 446
12 449
12 457
12 459
12 477
12 483
12 500
12 510
12 511
12 517
12 521
12 522
12 525
12 551
12 556
12 562
12 580
12 591
12 598
12 613
12 615
12 629
12 631
12 640
12 659
12 661
12 664
12 668
12 671
12 680
12 682
12 696
12 716
12 717
12 725
12 756
12 780
12 782
12 783
12 791
12 798
12 799
12 822
12 837
12 849
12 851
12 852
12 868
12 879
12 895
12 903
12 905
12 911
12 924
12 956
12 986
12 987
12 988
12 996
13 130
13 386
13 516
13 768
13 799
14 255
14 423
14 502
14 676
14 730
14 746
14 769
14 809
14 877
14 880
14 902
15 93
15 548
15 974
16 20
16 94
16 111
16 121
16 136
16 229
16 356
16 387
16 695
16 755
16 869
16 898
17 225
17 253
17 423
17 564
17 624
17 888
17 952
18 23
18 67
18 131
18 171
18 258
18 340
18 362
18 457
18 690
18 738
18 770
18 790
18 793
18 922
19 73
19 139
19 359
19 423
19 435
19 456
19 502
19 633
19 765
19 772
20 43
20 76
20 276
20 297
20 400
20 412
20 447
20 525
20 580
20 615
20 837
20 934
20 956
21 161
21 484
21 921
22 23
22 78
22 613
22 618
22 765
22 828
23 47
23 48
23 59
23 78
23 88
23 92
23 94
23 110
23 166
23 220
23 278
23 287
23 312
23 352
23 362
23 371
23 383
23 386
23 486
23 522
23 530
23 537
23 582
23 591
23 618
23 634
23 648
23 664
23 767
23 782
23 831
23 933
23 959
24 39
24 133
24 332
24 336
24 462
24 859
25 554
25 791
25 924
26 101
26 148
26 253
26 425
26 435
26 808
26 899
26 966
27 200
27 276
27 467
27 522
27 557
27 694
27 792
27 956
28 29
28 34
28 113
28 486
28 495
28 613
28 809
28 962
29 89
29 127
29 371
29 395
29 532
29 570
29 634
29 663
29 701
29 764
29 980
30 107
30 123
30 362
30 497
30 625
30 848
31 55
31 204
31 315
31 374
31 424
31 535
31 810
31 892
31 903
32 58
32 171
32 279
32 329
32 415
32 416
32 504
32 528
32 570
32 788
32 850
32 921
32 960
32 985
32 994
33 151
33 342
33 390
33 399
33 416
33 698
33 710
33 841
33 869
34 67
34 138
34 236
34 416
34 495
34 551
34 768
34 799
34 802
34 827
34 952
35 424
35 641
35 728
35 773
35 977
36 53
36 55
36 57
36 115
36 293
36 423
36 462
37 123
37 180
37 468
37 539
37 632
37 729
37 873
37 903
37 983
38 172
38 228
38 429
38 497
38 576
38 611
38 653
38 948
39 47
39 74
39 109
39 256
39 295
39 524
39 546
39 597
39 608
39 633
39 783
39 986
40 296
40 392
40 442
40 585
40 685
40 709
40 741
41 58
41 68
41 176
41 322
41 386
41 390
41 495
41 845
41 925
42 58
42 138
42 591
42 856
43 58
43 76
43 81
43 92
43 116
43 170
43 204
43 250
43 267
43 275
43 336
43 339
43 352
43 379
43 390
43 393
43 423
43 427
43 445
43 449
43 453
43 498
43 511
43 512
43 517
43 520
43 525
43 598
43 613
43 615
43 621
43 661
43 680
43 792
43 816
43 837
43 849
43 886
43 905
43 907
43 928
43 974
44 76
44 114
44 165
44 276
44 293
44 445
44 467
44 511
44 544
45 68
45 76
45 163
45 192
45 221
45 262
45 270
45 377
45 378
45 497
45 576
45 685
45 747
45 758
45 765
45 808
46 57
46 162
46 283
46 288
46 372
46 416
46 423
46 462
46 473
46 646
46 717
46 719
46 753
46 796
46 887
47 524
47 664
47 723
47 918
48 115
48 263
48 379
48 495
48 629
48 691
48 817
48 843
48 874
48 881
49 363
49 419
49 570
49 949
49 968
50 187
50 239
50 507
50 858
50 933
51 58
51 396
51 415
51 512
51 542
51 575
51 718
52 58
52 68
52 439
52 757
52 825
52 917
52 927
52 942
53 79
53 382
53 405
53 423
53 491
53 910
53 915
54 62
54 87
54 153
54 198
54 222
54 404
54 539
54 563
54 680
54 715
55 223
55 502
55 563
56 58
56 90
56 166
56 259
56 378
56 388
56 390
56 621
56 719
56 725
56 727
56 733
56 773
56 802
56 845
56 960
56 975
57 118
57 217
57 423
57 825
57 887
58 72
58 75
58 82
58 85
58 98
58 113
58 139
58 155
58 160
58 162
58 171
58 183
58 196
58 198
58 199
58 201
58 210
58 218
58 251
58 253
58 261
58 273
58 279
58 313
58 315
58 317
58 320
58 329
58 337
58 339
58 361
58 392
58 438
58 439
58 440
58 446
58 448
58 452
58 463
58 466
58 477
58 479
58 486
58 503
58 520
58 522
58 528
58 534
58 552
58 575
58 576
58 607
58 622
58 623
58 625
58 635
58 643
58 654
58 681
58 685
58 699
58 704
58 708
58 709
58 714
58 720
58 733
58 737
58 747
58 755
58 760
58 806
58 808
58 809
58 823
58 828
58 845
58 855
58 862
58 865
58 900
58 917
58 920
58 927
58 930
58 954
58 960
58 967
58 973
58 982
58 988
58 994
59 61
59 300
59 617
59 648
59 767
59 959
60 79
60 123
60 217
60 423
60 616
60 621
60 671
60 694
60 777
60 815
60 837
60 848
60 858
60 887
61 220
61 281
61 412
61 511
61 598
61 608
61 648
61 664
61 974
62 115
62 758
62 976
63 186
63 236
63 365
63 464
63 583
63 914
64 137
64 333
64 844
65 251
65 665
65 778
66 159
66 346
66 544
66 788
66 924
66 928
67 141
67 155
67 175
67 235
67 293
67 335
67 412
67 601
67 691
67 864
67 870
67 894
67 900
67 999
68 380
68 448
68 454
68 516
68 552
68 746
68 755
68 757
68 763
68 927
68 942
69 71
69 176
69 234
69 653
69 837
70 165
70 217
70 305
70 342
70 367
70 377
70 390
70 515
70 611
71 176
71 332
71 386
71 416
71 459
71 467
71 804
71 957
72 77
72 84
72 281
72 288
72 305
72 373
72 595
72 800
72 892
73 200
73 312
73 472
73 473
73 523
73 822
73 970
74 79
74 88
74 92
74 138
74 193
74 272
74 335
74 416
74 516
74 532
74 604
74 613
74 656
74 767
74 804
74 807
75 183
75 218
75 337
75 353
75 575
75 626
75 689
75 948
75 978
76 93
76 154
76 169
76 217
76 219
76 221
76 267
76 336
76 339
76 347
76 358
76 389
76 419
76 423
76 449
76 483
76 510
76 511
76 524
76 544
76 557
76 615
76 652
76 677
76 680
76 682
76 712
76 716
76 745
76 791
76 798
76 803
76 837
76 852
76 956
76 986
77 153
77 295
77 384
77 595
77 611
77 709
77 830
77 970
78 229
78 266
78 272
78 397
78 416
78 420
78 516
78 613
78 663
78 778
78 843
79 253
79 374
79 379
79 423
79 447
79 473
79 616
79 627
79 792
79 809
79 821
79 895
79 956
79 970
80 133
80 217
80 684
81 346
81 379
81 408
81 557
81 592
81 695
81 717
81 759
81 881
81 905
81 924
81 956
82 270
82 355
82 417
82 621
82 709
83 301
83 423
83 596
83 911
84 94
84 99
84 121
84 151
84 215
84 283
84 390
84 653
84 666
84 844
84 869
84 885
84 897
84 983
85 295
85 424
85 432
85 469
85 713
85 736
86 401
86 732
86 781
87 423
87 643
87 971
88 128
88 276
88 395
88 648
89 127
89 281
89 300
89 371
89 376
89 409
89 459
89 532
89 560
89 618
89 845
89 878
90 155
90 217
90 244
90 344
90 365
90 370
90 416
90 460
90 565
90 590
90 630
90 673
90 774
90 778
90 870
90 882
90 996
91 280
91 357
91 464
91 606
92 117
92 399
92 483
92 578
92 606
92 645
92 710
92 794
92 841
92 869
92 897
92 906
92 956
93 156
93 169
93 219
93 408
93 412
93 434
93 559
93 591
93 613
93 742
93 874
93 974
94 125
94 175
94 272
94 332
94 371
94 406
94 451
94 535
94 582
94 634
94 720
94 849
94 885
94 922
94 952
95 115
95 264
95 446
95 519
95 556
95 623
95 691
95 719
95 753
95 825
96 159
96 219
96 546
96 648
96 876
96 905
96 928
97 253
97 305
97 373
97 423
97 624
97 716
97 810
97 840
98 177
98 253
98 309
98 557
98 781
99 151
99 390
99 416
99 636
99 841
99 869
99 897
99 904
99 918
100 102
100 282
100 467
100 470
100 496
100 507
100 596
100 617
100 694
100 792
100 847
101 108
101 143
101 268
101 325
101 362
101 434
101 786
101 956
102 245
102 282
102 557
102 792
102 858
102 879
103 128
103 293
103 418
103 424
103 578
103 761
103 890
103 956
103 966
104 179
104 376
104 451
104 457
104 532
104 583
104 603
104 613
104 701
104 886
104 997
105 288
105 359
105 377
105 475
105 502
105 545
105 559
105 807
105 822
105 929
105 993
106 109
106 265
106 625
106 827
107 226
107 276
107 477
108 114
108 237
108 379
108 398
108 408
108 544
108 554
108 570
108 632
108 801
108 952
109 452
109 464
109 479
109 558
109 583
109 625
109 999
110 179
110 320
110 423
110 447
110 490
110 511
110 535
110 582
110 618
110 754
110 764
110 767
110 886
110 904
110 948
110 958
110 974
111 175
111 229
111 267
111 334
111 485
111 569
111 603
111 627
111 850
111 972
112 214
112 222
112 251
112 568
112 967
113 120
113 343
113 416
113 464
113 495
113 611
113 614
113 885
113 906
113 947
113 962
114 412
114 430
114 445
114 511
114 682
115 122
115 129
115 134
115 162
115 208
115 224
115 288
115 301
115 330
115 340
115 343
115 368
115 370
115 381
115 382
115 401
115 423
115 431
115 446
115 449
115 473
115 491
115 505
115 519
115 524
115 643
115 716
115 717
115 719
115 758
115 766
115 795
115 796
115 815
115 825
115 861
115 873
115 892
115 910
115 913
115 919
115 935
115 956
115 964
115 986
116 359
116 484
116 539
116 563
116 570
116 598
116 800
117 121
117 234
117 247
117 326
117 390
117 612
117 636
117 778
117 804
117 844
117 906
118 185
118 322
118 347
118 421
119 391
119 492
119 714
120 168
120 254
120 289
120 390
120 536
120 560
120 615
120 628
120 683
120 710
120 804
120 827
120 831
120 844
120 944
121 516
121 535
121 555
121 682
121 690
121 845
122 153
122 305
122 353
122 404
122 506
122 684
122 873
122 877
122 929
122 965
123 423
123 719
123 983
124 164
124 326
124 583
124 611
124 739
124 806
124 809
125 166
125 175
125 205
125 406
125 512
126 270
126 350
126 367
126 576
126 736
126 746
126 765
126 812
126 900
126 920
126 965
127 179
127 184
127 278
127 385
127 582
127 811
127 886
128 148
128 219
128 226
128 239
128 245
128 389
128 511
128 521
128 629
128 631
128 679
128 700
128 717
128 787
128 792
128 845
128 871
128 925
128 956
128 996
129 155
129 621
130 210
130 380
130 528
130 562
130 642
130 944
131 181
131 280
131 411
131 491
132 215
132 254
132 335
132 474
132 500
132 583
132 870
132 908
132 928
132 999
133 252
133 389
133 445
133 597
133 723
133 780
133 878
134 363
134 382
134 446
134 691
134 719
134 732
134 815
134 903
134 956
135 243
135 611
135 713
135 769
135 951
136 257
136 416
136 434
136 488
136 613
136 672
136 996
137 247
137 390
137 658
137 906
137 992
138 653
138 768
138 894
139 384
139 423
139 434
139 443
139 691
139 716
139 856
139 892
139 967
140 226
140 445
140 791
140 849
141 773
142 445
142 485
142 511
142 601
142 682
142 733
142 852
142 874
143 148
143 149
143 253
143 434
143 623
143 925
143 956
144 161
144 182
144 188
144 195
144 211
144 257
144 420
144 655
144 691
144 903
145 253
145 652
145 684
145 839
146 211
146 302
146 384
146 595
146 716
147 217
147 278
147 613
148 245
148 253
148 298
148 401
148 423
148 521
148 625
148 631
148 647
148 679
148 758
148 787
148 792
148 808
148 836
148 956
148 966
148 998
149 263
149 551
149 777
149 924
149 938
149 966
150 188
150 317
150 674
150 716
150 744
150 772
150 812
151 518
151 740
151 869
151 906
152 195
152 355
152 457
152 576
152 650
152 755
152 863
153 209
153 288
153 504
153 873
153 903
153 965
154 169
154 393
154 655
154 723
155 365
155 460
155 565
155 870
155 945
156 393
156 415
156 447
156 524
156 780
157 168
157 280
157 321
157 460
157 522
157 773
157 774
157 945
157 999
158 166
158 189
158 203
158 206
158 261
158 294
158 319
158 432
158 465
158 471
158 503
158 533
158 584
158 621
158 659
158 709
158 936
158 939
158 942
158 943
158 965
159 165
159 346
159 461
159 462
159 750
159 924
160 319
160 565
160 912
161 318
161 331
161 367
161 527
161 718
161 767
161 772
161 982
162 170
162 369
162 459
163 172
163 378
163 383
163 423
163 576
163 615
163 709
163 765
164 230
164 341
164 474
164 585
164 602
164 611
164 739
164 744
164 842
165 255
165 325
165 445
165 517
165 591
165 608
165 615
165 700
165 712
165 893
165 895
165 928
166 203
166 206
166 228
166 294
166 415
166 432
166 469
166 471
166 529
166 553
166 584
166 659
166 709
166 739
166 755
166 771
166 809
166 850
166 870
166 931
166 965
166 973
167 414
167 487
167 548
167 570
167 621
167 862
167 973
168 236
168 641
168 778
169 304
169 615
169 749
169 905
170 191
170 250
170 256
170 597
170 731
170 853
170 903
171 243
171 329
171 405
171 415
171 416
171 463
171 489
171 542
171 570
171 637
171 755
171 891
171 917
171 973
171 985
172 246
172 288
172 442
172 570
172 576
172 650
172 765
172 900
172 942
173 299
173 326
173 423
173 511
173 752
174 648
174 749
174 954
175 179
175 300
175 362
175 416
175 556
175 613
175 634
175 669
175 756
175 764
175 934
175 952
175 965
175 972
176 186
176 280
176 357
176 386
176 484
176 636
177 216
177 519
177 578
177 675
177 755
177 762
177 781
177 934
178 209
178 230
178 423
178 448
178 571
178 647
178 867
179 347
179 349
179 488
179 532
179 573
179 886
179 974
180 204
180 382
180 404
180 903
181 390
181 588
181 768
181 804
181 841
182 214
182 527
182 642
183 218
183 296
183 708
184 435
184 511
184 535
184 613
184 924
184 980
185 201
185 266
185 322
185 390
185 904
185 941
186 392
186 416
186 660
186 827
187 450
187 657
188 392
188 420
188 484
188 527
188 529
188 814
188 834
189 269
189 294
189 458
189 466
189 559
189 574
189 667
189 670
189 730
189 809
189 814
190 421
190 641
190 728
190 773
190 785
190 875
190 995
191 389
191 597
191 664
191 731
191 845
192 346
192 439
192 621
193 214
193 681
193 794
193 845
193 884
194 343
194 382
194 472
194 719
194 845
194 861
194 935
195 370
195 513
195 514
195 538
195 593
195 594
195 607
195 707
195 718
195 744
195 745
195 769
195 838
195 926
196 480
196 575
197 383
197 402
197 736
197 746
197 825
197 950
198 218
198 220
198 388
198 389
198 438
198 567
198 714
198 900
199 201
199 212
199 258
199 296
199 387
199 453
199 541
199 570
199 651
199 674
199 684
199 709
199 974
200 232
200 253
200 301
200 596
200 655
200 792
201 273
201 439
201 917
202 493
202 598
202 819
203 207
203 295
203 328
203 363
203 387
203 476
203 578
203 585
203 621
203 709
203 763
203 774
203 880
203 939
204 245
204 307
204 338
204 362
204 403
204 408
204 423
204 470
204 503
204 544
204 596
204 599
204 687
204 717
204 808
204 876
204 924
204 956
205 293
205 331
205 406
205 599
205 754
205 793
206 354
206 593
206 716
206 755
207 296
207 327
207 659
207 698
207 709
207 736
207 879
207 902
208 209
208 359
208 539
208 738
208 800
208 809
208 900
208 929
209 230
209 277
209 331
209 434
209 571
209 579
209 609
209 772
209 892
209 967
210 218
210 342
210 462
210 487
210 528
210 537
211 255
211 354
211 458
211 533
211 549
211 594
211 607
211 692
211 921
211 973
212 564
212 569
212 708
212 755
213 423
213 825
213 929
213 949
214 515
214 674
214 688
214 982
214 988
215 335
215 369
215 386
215 416
215 464
215 500
215 566
215 914
215 923
215 978
216 525
216 578
216 684
216 888
217 241
217 308
217 364
217 382
217 423
217 490
217 558
217 564
217 577
217 578
217 624
217 684
217 732
217 772
217 832
217 839
217 888
217 965
217 985
218 353
218 415
218 575
218 622
218 650
218 799
218 898
218 912
218 940
218 985
219 325
219 346
219 524
219 632
219 640
219 717
219 793
219 818
219 896
219 905
220 392
220 681
220 959
221 243
221 424
221 429
221 509
221 541
221 621
221 746
221 755
221 900
222 230
222 571
222 579
222 716
222 833
222 953
222 967
223 340
223 688
224 288
224 368
224 423
224 472
224 502
224 539
224 545
224 691
224 693
224 748
224 753
224 766
224 800
224 861
224 993
225 253
225 509
225 556
225 564
225 578
225 893
226 455
226 493
226 496
226 644
226 687
226 777
226 816
226 841
226 879
227 278
227 457
227 494
227 597
227 601
228 248
228 331
228 621
228 659
228 700
228 825
228 850
228 947
228 949
229 568
229 603
229 959
230 246
230 366
230 399
230 515
230 571
230 766
230 797
230 867
231 251
231 331
231 361
231 699
231 734
231 805
232 253
232 431
232 858
233 265
233 390
233 392
233 416
233 433
233 434
233 440
233 479
233 504
233 519
233 657
233 702
233 895
233 923
233 999
234 447
234 738
234 884
234 958
235 335
235 658
235 673
235 809
235 908
235 945
236 369
236 649
236 683
236 908
236 962
236 999
237 408
237 677
237 686
237 777
237 876
237 956
238 253
238 450
238 495
238 845
239 253
239 348
239 368
239 419
239 450
239 462
239 737
239 781
239 858
240 268
240 299
240 403
240 418
240 435
240 496
240 519
240 627
240 762
240 786
240 792
240 808
240 863
241 261
241 309
241 423
241 752
241 839
242 349
242 630
242 996
243 341
243 354
243 386
243 391
243 428
243 481
243 546
243 569
243 590
243 593
243 611
243 651
243 698
243 709
243 713
243 766
243 809
243 810
243 867
243 892
243 896
243 933
243 959
243 998
244 560
244 738
245 309
245 625
245 721
245 843
245 874
245 966
246 329
246 331
246 373
246 506
246 523
246 568
246 609
246 727
246 737
246 887
246 967
247 314
247 645
247 690
247 710
247 804
247 844
248 294
248 621
248 936
249 409
249 537
249 570
249 613
249 634
249 767
249 793
249 959
250 845
251 562
251 892
252 281
252 561
252 824
252 878
252 918
253 293
253 299
253 309
253 315
253 331
253 348
253 382
253 419
253 423
253 450
253 479
253 509
253 547
253 556
253 564
253 576
253 578
253 605
253 621
253 624
253 627
253 647
253 653
253 671
253 675
253 700
253 719
253 762
253 769
253 792
253 800
253 808
253 816
253 837
253 847
253 858
253 887
253 888
253 933
253 965
253 997
254 464
254 495
254 583
254 962
255 354
255 370
255 428
255 469
255 484
255 549
255 594
255 670
255 692
255 706
255 713
255 748
255 774
255 842
256 389
256 511
256 641
256 731
256 893
257 357
257 634
257 657
257 672
257 681
257 807
257 845
258 284
258 352
258 390
258 755
258 831
258 941
259 558
259 665
259 774
260 892
260 917
261 277
261 295
261 341
261 354
261 499
261 553
261 573
261 589
261 590
261 602
261 646
261 651
261 709
261 736
261 739
261 743
261 809
261 861
262 294
262 685
262 741
262 746
262 958
263 634
263 640
263 704
263 777
263 792
263 938
264 278
264 383
264 444
264 469
264 559
264 598
264 771
264 880
265 908
265 914
265 999
266 300
266 451
266 479
266 494
266 648
267 339
267 393
267 653
268 348
268 679
268 811
268 821
268 956
269 326
269 402
269 523
269 611
269 626
269 696
269 877
269 921
270 341
270 355
270 377
270 424
270 432
270 439
270 442
270 585
270 621
270 709
270 749
270 755
270 845
270 979
271 350
271 355
271 446
271 465
271 507
271 552
271 576
271 621
271 900
272 452
272 572
272 603
272 764
272 831
273 303
273 387
273 570
273 621
273 708
273 973
274 295
274 558
274 736
275 427
275 449
275 924
276 287
276 319
276 325
276 364
276 427
276 436
276 449
276 510
276 511
276 525
276 554
276 580
276 849
276 874
276 895
276 903
276 961
276 987
277 443
277 653
277 691
277 833
277 845
277 984
277 995
278 280
278 572
278 648
278 740
278 770
278 898
279 354
279 421
279 503
279 504
279 865
279 912
280 334
280 371
280 411
280 516
280 682
281 283
281 376
281 427
281 516
281 543
281 654
281 677
281 711
281 716
281 747
281 791
281 794
281 807
281 914
281 928
281 958
281 980
281 992
282 423
282 437
282 467
282 613
282 709
282 761
282 792
282 808
283 316
283 390
283 516
283 681
283 804
283 841
283 869
284 710
284 841
284 871
284 996
285 294
285 383
285 478
285 503
285 581
285 613
286 484
286 812
287 831
288 359
288 381
288 446
288 449
288 705
288 752
288 758
288 800
288 924
288 929
288 964
289 392
289 416
289 464
289 495
289 614
289 628
289 660
289 709
289 746
289 827
289 916
290 440
290 666
290 799
290 923
290 999
291 469
291 570
291 577
291 708
291 755
291 862
292 597
292 934
292 974
293 394
293 408
293 496
293 505
293 578
293 621
293 708
293 787
293 792
293 808
293 874
293 956
294 471
294 584
294 621
295 313
295 341
295 476
295 499
295 573
295 635
295 698
295 751
295 809
295 900
296 323
296 415
296 423
296 541
296 866
296 930
297 379
297 777
297 876
298 522
298 760
298 944
298 954
298 957
299 305
299 390
299 423
299 446
299 555
299 564
299 657
299 737
299 832
299 858
299 956
300 618
300 648
300 999
301 434
301 462
301 596
301 627
301 694
301 701
301 802
301 808
301 958
302 361
302 506
302 607
302 856
303 387
303 541
303 570
304 334
304 409
304 449
304 520
304 723
304 786
304 794
304 895
304 905
304 928
304 936
305 315
305 331
305 373
305 383
305 481
305 531
305 533
305 581
305 603
305 716
305 724
305 753
305 805
305 903
305 913
305 956
305 993
306 362
306 430
306 580
306 613
306 783
307 336
307 445
307 449
307 511
308 381
308 382
308 446
308 456
308 586
308 587
308 633
308 753
308 913
308 943
308 965
309 345
309 435
309 605
309 631
309 652
309 786
309 787
309 925
309 956
309 966
310 422
310 607
310 691
310 820
310 848
311 350
311 465
311 588
311 674
311 778
311 804
311 855
311 960
312 320
312 333
312 409
312 617
312 648
312 754
312 793
313 545
313 623
313 627
313 795
313 955
314 607
314 610
314 691
314 708
314 860
315 709
315 795
315 892
316 335
316 593
316 662
316 728
317 484
317 691
317 716
317 736
318 691
318 905
319 465
319 514
319 646
320 607
320 727
321 388
321 641
321 773
322 449
322 666
322 869
323 363
323 503
323 764
324 518
324 613
324 742
324 878
325 347
325 358
325 362
325 398
325 400
325 408
325 445
325 511
325 613
325 682
325 691
325 721
325 791
325 905
326 413
326 501
326 590
326 701
326 806
327 573
327 590
327 593
327 611
327 627
327 698
327 707
327 809
327 956
328 653
328 878
329 396
329 512
329 522
329 542
329 570
329 621
329 626
329 691
329 747
329 755
329 760
329 789
329 914
329 969
330 382
330 423
330 519
330 895
331 366
331 382
331 390
331 420
331 424
331 490
331 571
331 578
331 579
331 688
331 699
331 723
331 867
331 921
331 953
331 964
332 389
332 597
332 664
332 878
332 940
333 397
333 486
333 599
333 606
333 612
333 613
333 660
333 904
334 516
334 603
334 958
335 500
335 630
335 673
335 755
335 760
335 778
335 880
335 891
335 894
335 919
335 923
335 939
335 945
335 999
336 339
336 358
336 398
336 445
336 449
336 486
336 511
336 617
336 681
336 798
336 910
336 924
337 575
337 619
337 755
337 789
337 989
338 449
338 632
338 723
338 849
338 924
339 423
339 632
339 712
340 362
340 368
340 423
340 433
340 456
340 478
340 502
340 523
340 531
340 595
340 691
340 746
340 812
340 846
340 900
340 903
340 916
340 965
340 970
341 553
341 590
341 593
341 616
341 691
341 809
341 823
341 919
341 965
342 510
343 372
343 373
343 374
343 382
343 405
343 423
343 469
343 491
343 519
343 526
343 578
343 590
343 633
343 671
343 719
343 819
343 913
343 932
343 935
343 949
343 990
344 549
344 774
344 891
345 621
345 758
345 761
345 925
346 389
346 393
346 403
346 425
346 475
346 483
346 544
346 546
346 750
346 777
346 809
346 817
346 964
347 390
347 588
347 613
347 799
347 802
347 886
348 423
348 437
348 509
348 543
348 564
348 627
348 675
348 968
348 986
349 723
349 922
349 958
350 355
350 621
350 653
350 743
350 755
350 771
350 835
351 713
352 395
352 555
353 570
353 575
353 789
354 402
354 417
354 423
354 465
354 484
354 496
354 513
354 549
354 590
354 621
354 667
354 670
354 736
354 744
354 794
354 813
354 822
354 877
354 883
354 889
354 921
355 465
355 467
355 528
355 534
355 544
355 621
355 638
355 698
355 709
355 859
356 485
356 494
356 582
356 962
357 395
357 416
357 423
357 500
357 639
357 738
357 841
357 845
358 389
358 625
358 661
358 798
358 872
358 946
358 961
359 475
359 929
360 410
360 938
361 448
361 508
361 559
361 672
361 691
361 699
361 953
361 967
362 371
362 393
362 400
362 430
362 511
362 520
362 613
362 668
362 712
362 723
362 773
362 780
362 848
362 851
362 853
362 905
362 928
362 956
362 958
362 967
362 996
363 372
363 446
363 514
363 647
363 745
363 903
363 964
363 965
364 423
364 657
364 858
364 956
365 630
365 945
366 485
366 867
367 638
367 989
368 502
368 523
368 675
368 709
368 719
368 844
368 875
368 887
368 892
368 903
368 929
368 963
368 993
369 648
369 708
370 688
370 921
371 414
371 423
371 535
371 570
371 603
371 630
371 824
371 886
372 423
372 723
372 919
372 932
372 949
372 990
373 892
374 404
374 439
374 806
374 887
374 963
375 384
375 481
375 489
375 508
375 553
375 559
375 571
376 451
376 613
376 824
376 941
376 952
377 415
377 439
377 474
377 621
377 642
377 755
377 835
377 844
377 967
377 989
378 382
378 515
378 727
378 745
378 755
378 857
379 554
379 702
379 725
379 759
379 792
379 849
379 904
379 924
380 388
380 486
380 503
380 514
380 528
380 588
380 746
380 832
380 865
381 382
381 623
381 633
381 735
381 796
381 919
381 935
381 965
382 477
382 478
382 505
382 511
382 535
382 539
382 570
382 586
382 633
382 719
382 732
382 735
382 758
382 887
382 932
382 963
382 964
382 965
382 976
382 983
382 989
383 444
383 646
383 709
383 730
383 792
383 845
384 441
384 489
384 506
384 567
384 700
384 716
384 836
384 903
385 555
385 648
386 406
386 416
386 540
386 565
386 768
386 826
386 894
386 904
386 941
387 423
387 575
387 622
387 674
387 942
388 562
388 672
388 726
389 533
389 680
389 686
389 731
389 852
390 421
390 446
390 479
390 613
390 660
390 725
390 740
390 778
390 792
390 804
390 824
390 869
390 893
390 898
390 903
390 906
390 920
390 958
390 974
390 992
391 415
391 486
391 570
391 637
391 641
391 954
391 978
392 625
393 400
393 412
393 701
393 803
393 848
393 986
394 624
394 627
394 629
394 657
394 762
394 791
394 924
395 494
395 690
395 950
395 997
396 646
396 747
396 939
397 588
397 612
397 740
397 807
397 845
398 648
398 682
398 956
398 958
399 432
399 636
399 648
399 740
399 845
399 897
399 906
400 525
400 776
400 803
400 851
400 895
400 905
400 928
401 445
401 525
401 725
401 925
402 573
402 739
402 995
403 647
403 808
404 903
404 964
404 965
405 705
405 765
406 459
406 634
406 724
406 725
406 885
406 996
407 423
407 507
408 425
408 493
408 592
408 684
408 717
408 798
408 800
408 816
408 876
409 494
409 618
409 775
409 779
410 423
410 511
410 852
410 924
411 446
411 572
411 991
412 449
412 613
412 633
412 987
413 708
413 989
414 480
414 570
414 965
415 558
415 570
415 637
415 826
415 985
416 452
416 473
416 495
416 569
416 591
416 613
416 625
416 626
416 639
416 662
416 674
416 725
416 768
416 771
416 799
416 802
416 821
416 827
416 871
416 884
416 897
416 914
416 921
416 939
416 944
416 965
417 609
417 621
417 709
417 736
417 939
418 437
418 543
418 564
418 691
418 792
418 981
419 507
419 564
419 647
419 694
419 849
419 858
419 924
419 956
420 502
420 691
420 736
420 744
420 860
421 449
421 495
421 768
421 820
421 845
421 869
422 576
422 590
422 601
422 730
422 895
422 962
422 999
423 431
423 456
423 462
423 482
423 484
423 507
423 508
423 509
423 510
423 533
423 538
423 540
423 541
423 543
423 557
423 563
423 567
423 570
423 571
423 578
423 580
423 583
423 616
423 620
423 621
423 624
423 633
423 634
423 643
423 644
423 646
423 676
423 679
423 704
423 705
423 706
423 711
423 717
423 719
423 737
423 752
423 792
423 795
423 803
423 833
423 836
423 839
423 843
423 847
423 858
423 887
423 890
423 895
423 901
423 903
423 905
423 910
423 915
423 943
423 944
423 949
423 965
423 968
423 971
423 990
423 993
424 570
424 573
424 576
424 621
424 662
424 698
424 709
424 786
424 850
424 936
424 999
425 435
425 761
425 792
426 447
426 646
426 811
426 892
427 520
427 723
427 780
427 848
427 851
427 868
427 928
428 466
428 574
428 651
428 667
428 670
428 732
428 921
428 951
429 497
429 576
429 612
429 621
429 835
430 780
430 946
431 441
431 623
431 815
431 825
432 541
432 576
432 621
432 638
432 900
432 967
433 452
433 654
433 683
434 483
434 511
434 544
434 756
434 773
434 934
435 496
435 615
435 626
435 629
435 762
435 899
435 914
435 956
436 598
436 837
436 849
436 961
437 627
437 792
437 847
437 979
438 480
438 575
438 774
439 474
439 746
439 921
440 446
440 503
440 566
440 601
440 647
440 654
440 702
440 727
440 767
440 820
440 830
440 871
440 923
440 999
441 556
441 716
441 758
441 825
441 887
442 497
442 542
442 576
442 708
442 709
442 741
442 832
442 912
442 931
443 609
443 775
443 805
443 833
443 937
444 469
444 553
444 626
445 680
445 682
445 791
445 849
445 999
446 511
446 526
446 586
446 605
446 646
446 684
446 693
446 732
446 758
446 860
446 913
446 929
446 935
446 965
446 976
447 498
447 608
447 886
447 958
448 775
448 860
449 517
449 525
449 578
449 598
449 668
449 682
449 712
449 791
449 798
449 849
449 852
449 857
449 859
449 886
449 946
449 961
449 997
450 940
450 958
451 459
451 613
451 922
451 952
451 958
451 974
452 464
452 500
452 550
452 774
452 862
452 914
452 973
453 686
453 712
453 837
453 849
453 879
453 895
454 709
454 829
455 687
455 817
456 478
456 486
456 531
457 494
457 603
457 764
457 972
458 646
458 769
458 809
458 931
459 580
459 597
459 648
459 664
459 711
459 723
459 738
459 952
460 565
460 621
460 870
460 945
460 962
461 640
461 694
461 811
461 818
461 895
462 467
462 507
462 540
462 620
462 676
462 741
462 792
463 480
463 528
463 866
464 500
464 550
464 560
464 566
464 583
464 649
464 801
464 845
464 891
464 914
465 646
465 736
465 892
466 484
466 621
466 653
466 809
466 813
466 814
467 557
467 578
467 679
467 792
467 924
468 611
468 903
468 965
469 585
469 659
469 771
469 808
469 869
470 924
471 544
471 746
472 533
472 586
472 693
472 732
472 916
473 526
473 559
473 586
473 604
473 671
473 825
473 887
473 903
474 522
474 576
474 650
474 746
474 755
475 502
475 521
475 539
475 552
475 653
475 800
475 929
475 993
477 491
477 519
477 932
477 949
478 856
478 929
478 970
479 500
480 570
480 575
480 621
480 978
481 533
481 595
481 896
482 501
482 531
482 838
482 892
482 924
482 964
484 650
484 691
484 712
484 772
484 834
484 875
484 880
485 952
486 503
486 570
486 660
486 755
486 760
486 842
486 891
487 503
487 549
487 746
487 747
487 978
487 980
488 511
488 672
488 996
489 659
489 699
489 795
489 797
490 507
490 577
490 624
490 652
490 849
490 937
490 943
491 505
491 519
491 526
491 705
491 719
491 819
491 825
491 887
491 919
491 921
491 932
491 935
491 949
491 990
492 504
492 531
492 570
493 644
493 727
493 938
494 555
494 560
495 587
495 603
495 612
495 613
495 617
495 646
495 844
495 886
495 908
495 957
496 691
496 781
496 792
496 847
497 549
497 570
497 621
497 650
497 685
497 709
497 736
497 855
498 524
498 546
498 597
498 608
498 634
498 821
498 845
498 987
499 619
499 699
500 566
500 583
500 683
500 754
500 809
500 882
501 880
501 921
502 545
502 633
502 810
502 875
503 504
503 522
503 545
503 689
503 692
503 862
503 894
503 944
503 969
503 985
503 987
504 592
504 634
504 923
505 519
505 633
505 758
505 825
505 903
505 965
505 983
506 784
506 836
507 627
507 676
507 774
507 781
507 825
507 933
507 949
507 971
508 571
508 734
508 909
509 547
509 557
509 564
509 578
509 675
510 517
510 695
510 719
510 837
510 895
511 513
511 516
511 544
511 547
511 577
511 578
511 583
511 597
511 609
511 613
511 661
511 682
511 687
511 700
511 723
511 794
511 816
511 837
511 849
511 852
511 864
511 893
511 913
511 956
512 541
512 542
512 621
512 626
512 747
512 778
512 969
512 973
513 570
513 692
513 830
513 895
513 912
513 915
514 522
514 549
514 691
514 744
514 745
515 691
515 692
515 708
515 718
515 769
515 792
515 812
515 878
516 533
516 559
516 597
516 654
516 794
516 858
516 884
516 895
516 941
517 525
517 615
517 837
519 932
519 935
519 965
519 990
520 668
520 687
520 777
520 792
520 851
520 879
520 895
520 928
521 543
521 606
521 647
521 679
521 924
522 570
522 809
522 865
523 716
524 546
525 598
525 680
525 701
525 837
525 895
525 928
526 901
526 903
526 932
526 937
526 990
527 716
527 809
527 815
527 889
528 703
529 590
529 812
530 672
530 690
530 724
530 941
531 579
531 949
531 970
532 570
532 613
532 701
532 972
533 549
533 593
533 602
533 607
533 653
533 667
533 709
533 718
533 769
533 809
533 857
533 877
533 880
533 902
533 921
533 953
534 568
534 611
534 696
534 813
534 836
534 838
534 880
534 988
535 561
535 613
535 634
535 720
535 764
535 952
536 689
536 827
536 962
537 682
537 722
537 779
537 793
539 545
539 623
539 657
539 674
539 800
539 822
539 903
539 955
539 956
539 993
540 577
540 656
540 937
541 552
541 569
541 708
541 835
541 900
542 570
542 957
543 655
543 709
543 781
543 786
543 899
543 979
544 570
544 668
544 682
544 717
544 756
544 818
544 938
545 595
545 693
545 729
545 875
545 903
545 929
545 970
546 627
546 958
547 675
547 792
547 794
547 811
547 858
547 888
547 890
548 559
548 604
548 690
548 941
549 568
549 594
549 769
549 809
549 967
549 985
550 648
550 658
550 749
550 959
551 750
551 924
551 949
551 966
552 733
553 646
553 900
553 958
554 719
555 648
555 870
555 920
555 956
555 996
556 736
556 856
556 887
556 903
556 905
556 952
556 965
557 605
557 632
557 811
557 924
557 934
557 956
558 665
558 882
558 891
559 697
559 715
559 716
559 818
559 854
559 873
559 984
559 993
560 648
560 724
560 790
560 827
560 841
560 904
561 613
561 958
563 732
563 810
563 892
563 993
564 578
564 627
564 675
564 779
564 981
565 870
565 886
566 583
566 673
567 693
567 716
568 595
568 609
568 775
568 784
568 814
568 815
568 833
569 570
569 621
569 622
569 708
569 709
569 808
569 846
569 897
569 917
569 977
570 575
570 621
570 630
570 637
570 642
570 654
570 674
570 709
570 723
570 747
570 757
570 760
570 823
570 824
570 826
570 829
570 849
570 850
570 855
570 894
570 895
570 900
570 921
570 929
570 944
570 949
570 973
570 978
570 985
570 995
571 590
571 621
571 627
571 697
571 929
571 995
572 613
573 691
573 736
574 619
574 854
576 594
576 670
576 697
576 709
576 736
576 835
576 863
576 900
576 912
576 950
577 624
577 937
578 652
578 665
578 683
578 694
578 848
578 888
578 911
578 924
578 956
578 971
580 649
580 664
580 918
580 940
580 987
581 707
581 810
581 822
581 875
581 892
582 634
582 764
582 779
582 972
583 849
583 869
583 908
584 621
584 659
584 809
585 685
585 743
585 830
585 931
585 948
586 747
586 825
586 903
586 965
587 747
587 778
587 862
587 978
588 646
588 897
589 713
589 748
589 809
589 877
589 921
590 709
590 736
590 750
590 765
590 806
590 809
590 877
590 921
590 999
591 613
591 632
591 742
591 849
591 999
592 611
592 644
592 717
592 876
592 924
593 611
593 698
593 809
593 912
594 670
594 692
594 718
594 769
594 915
594 951
595 627
595 633
595 782
595 825
595 925
595 970
595 973
596 808
597 603
597 615
597 664
597 716
597 864
597 878
597 886
597 895
597 940
597 946
598 668
598 728
598 849
598 959
599 613
599 664
599 723
599 851
600 671
600 679
601 636
601 647
601 666
601 773
601 897
601 962
602 611
602 736
602 739
602 806
602 883
603 604
603 634
603 648
603 886
603 905
604 956
605 704
605 934
606 645
606 958
607 718
607 769
607 951
607 982
609 621
609 699
609 709
609 872
609 892
609 909
609 967
610 745
610 769
610 921
610 951
611 696
611 830
611 880
611 898
611 900
611 902
611 921
612 645
612 869
612 904
613 618
613 750
613 764
613 791
613 793
613 824
613 886
613 922
613 952
613 974
613 986
613 997
613 999
614 618
614 621
614 653
614 802
614 869
614 958
615 679
615 680
615 723
615 792
615 837
615 940
615 974
616 903
616 910
617 722
618 621
618 634
618 648
618 720
619 638
619 653
620 639
620 676
620 696
621 622
621 638
621 659
621 674
621 685
621 691
621 709
621 739
621 741
621 745
621 757
621 758
621 771
621 772
621 774
621 819
621 867
621 889
621 912
621 924
621 926
621 936
621 973
621 988
622 788
622 789
622 917
622 926
622 928
623 903
624 887
624 996
624 997
625 656
625 660
625 708
625 799
625 869
625 962
625 995
626 635
626 674
626 708
626 746
626 751
626 810
626 917
626 999
627 675
627 798
627 858
627 887
627 888
628 660
628 809
629 647
629 925
630 891
630 894
630 945
631 668
631 671
631 700
631 787
631 866
632 640
632 679
632 725
632 756
632 791
633 718
633 815
633 913
634 678
634 682
634 708
634 764
634 824
634 940
634 974
634 980
634 997
635 642
635 674
635 816
635 917
635 926
635 973
636 844
637 747
637 826
637 880
637 921
637 994
638 766
638 817
638 850
638 926
639 792
639 966
639 999
640 717
640 818
641 708
641 773
641 928
642 755
643 795
643 819
643 925
643 963
644 816
644 879
644 881
644 924
645 708
645 790
645 869
645 880
645 894
645 908
646 667
646 709
646 736
646 845
646 855
646 880
647 808
647 899
647 933
647 964
647 979
648 710
648 722
648 767
648 878
648 905
648 959
648 974
649 914
650 652
650 708
650 755
650 757
650 927
650 959
651 653
651 659
651 769
651 854
651 921
651 927
652 679
653 678
653 735
653 748
653 809
653 854
654 673
654 745
654 870
654 908
654 999
655 858
655 946
656 707
656 790
656 897
657 832
657 995
658 749
658 760
659 708
659 771
659 841
659 921
659 926
660 900
660 914
661 798
661 849
661 922
661 996
662 724
663 723
663 783
663 868
664 918
664 987
665 837
665 863
666 804
666 869
667 748
667 862
668 819
668 928
669 802
670 995
671 887
672 695
672 731
672 891
672 996
673 870
673 999
674 760
674 912
675 691
676 684
676 746
679 956
680 837
681 695
681 714
681 724
681 794
681 801
682 723
682 777
682 780
682 852
682 946
682 968
684 795
684 839
684 887
684 926
684 956
685 708
685 723
685 741
685 743
685 863
685 900
685 931
685 948
686 905
688 833
688 950
689 708
690 904
690 908
690 941
691 772
691 797
691 842
691 860
691 892
691 903
691 982
692 772
693 800
693 840
693 970
695 724
695 770
696 902
696 921
697 716
697 836
698 732
698 889
698 921
699 734
699 805
699 840
700 874
700 925
701 952
703 874
704 786
705 756
705 910
706 721
706 915
707 928
708 709
708 733
708 741
708 744
708 746
708 755
708 760
708 763
708 912
708 921
708 927
708 985
708 988
709 785
709 830
709 872
709 900
709 906
709 939
711 792
711 974
713 774
713 877
713 880
713 921
713 973
714 791
714 917
716 785
716 800
716 836
716 872
716 974
716 984
717 924
718 769
718 939
718 951
718 971
719 735
719 769
719 815
719 903
719 949
719 965
719 976
719 978
720 764
721 786
721 925
721 956
722 767
722 779
723 859
723 868
723 905
723 949
724 904
725 769
725 820
726 865
727 773
727 869
728 805
728 922
728 927
728 977
731 878
731 928
732 746
732 758
732 796
732 903
732 913
733 741
733 763
733 769
733 850
733 912
733 960
734 805
735 965
736 739
736 882
736 936
737 792
737 815
737 825
737 832
737 839
737 858
737 903
737 976
738 941
740 841
740 844
740 869
740 897
740 992
741 921
741 947
742 905
743 863
743 900
743 931
744 809
744 842
745 765
745 769
745 866
745 951
745 967
745 998
746 833
746 835
746 900
747 870
747 954
747 969
747 973
748 769
748 809
748 812
748 828
748 877
748 880
748 921
748 939
749 906
750 756
750 818
750 893
751 788
751 789
751 830
752 839
752 903
753 791
753 858
753 903
754 779
754 886
754 997
755 760
755 788
755 809
755 830
755 881
755 975
755 984
755 999
757 763
758 795
758 815
758 887
758 913
758 932
762 777
762 888
762 899
763 900
763 988
764 879
765 850
765 900
766 775
766 833
767 831
767 940
767 958
767 959
768 802
768 869
768 871
769 806
769 842
769 950
769 951
769 958
771 809
771 903
773 870
773 892
774 882
774 891
774 985
775 983
776 803
776 851
776 986
777 936
778 939
779 886
779 905
779 930
779 964
779 965
780 783
780 868
780 895
781 795
781 847
782 905
783 895
783 905
784 867
786 808
786 847
786 881
787 956
788 823
788 856
788 866
788 974
790 845
790 920
790 925
790 956
791 808
791 818
791 853
791 887
791 893
791 895
792 808
792 815
792 830
792 838
792 843
792 896
792 904
792 924
792 943
792 966
792 979
794 841
795 963
795 968
795 990
796 849
796 913
797 845
797 867
798 837
798 946
799 802
799 869
799 870
800 892
800 901
800 903
800 929
800 993
803 928
804 845
805 838
805 858
805 966
805 967
806 880
806 902
807 845
807 986
808 899
809 828
809 835
809 845
809 857
809 877
809 880
809 892
809 900
810 839
810 892
810 970
811 959
812 951
813 839
813 844
813 880
813 883
813 921
814 921
816 879
816 881
816 956
818 895
818 905
819 919
819 935
819 949
819 964
820 894
820 923
822 834
822 916
822 965
824 952
824 996
824 997
825 872
825 913
825 955
825 963
825 965
825 981
825 990
828 944
829 912
833 867
833 892
836 840
837 928
838 856
838 860
839 995
841 851
841 906
843 956
844 845
844 897
844 996
845 869
845 972
845 992
846 850
846 936
846 967
848 895
848 905
849 868
849 905
849 922
849 974
849 986
850 929
850 936
851 895
851 905
851 915
852 946
852 956
852 961
853 905
853 922
855 957
858 910
858 981
859 878
862 912
863 927
864 878
864 887
864 918
864 974
866 917
867 970
868 895
868 986
869 906
870 891
872 953
872 958
872 967
873 892
873 903
874 881
874 955
876 898
876 961
878 895
878 905
878 928
878 987
878 997
879 966
880 902
880 921
880 965
880 985
881 956
885 974
885 980
886 922
886 958
886 997
887 895
887 919
887 949
887 974
887 985
888 943
888 956
888 964
891 954
892 962
892 983
895 905
895 974
897 906
899 938
900 982
900 999
902 905
902 921
903 913
903 929
903 964
903 967
903 968
903 983
903 984
905 928
905 956
906 999
908 914
908 923
908 993
910 976
910 983
911 933
912 927
912 931
913 965
913 983
917 989
918 928
919 949
919 990
921 967
924 956
925 943
925 956
931 950
932 935
932 990
941 991
943 956
946 955
948 989
949 968
949 990
952 958
952 997
957 994
958 974
960 996
963 964
963 965
963 990
964 993
965 983
965 990
967 976
969 988
974 980
974 999
976 990
