0 26
0 145
0 171
0 467
0 485
0 487
0 732
0 757
0 894
0 917
0 971
1 60
1 182
1 321
1 326
1 532
1 560
1 570
1 626
1 701
1 868
2 89
2 540
2 547
2 622
2 676
2 697
2 701
2 850
2 870
3 408
3 414
3 660
3 716
4 94
4 604
4 685
4 732
5 7
5 102
5 225
5 315
5 318
5 380
5 482
5 611
5 714
5 749
5 871
5 978
6 56
6 155
6 283
6 425
6 493
6 738
7 61
7 269
7 380
7 472
7 478
7 539
7 773
7 845
7 889
8 56
8 116
8 168
8 404
8 464
8 518
8 525
8 532
8 537
8 647
8 890
8 972
8 982
9 61
9 223
9 254
9 311
9 517
9 558
9 794
9 901
10 86
10 193
10 374
10 496
10 737
10 792
10 797
11 17
11 660
11 695
11 816
11 992
12 15
12 55
12 122
12 200
12 222
12 347
12 374
12 389
12 614
12 707
12 831
12 881
12 883
12 920
12 934
12 935
13 449
13 589
13 681
13 727
14 38
14 56
14 407
14 493
14 823
15 55
15 177
15 185
15 200
15 389
15 614
15 707
15 883
15 935
16 101
16 180
16 206
16 295
16 333
16 467
16 522
16 589
16 650
16 784
16 851
16 906
16 941
17 117
17 356
17 357
17 374
17 397
17 414
17 436
17 486
17 623
17 660
17 695
17 816
18 94
18 164
18 180
18 238
18 270
18 438
18 776
18 784
18 894
18 941
19 41
19 146
19 193
19 250
19 357
19 462
19 494
19 528
19 589
19 591
19 660
19 669
19 671
19 742
19 805
19 911
19 927
20 94
20 119
20 509
20 521
20 603
20 604
20 828
21 97
21 357
21 372
21 394
21 402
21 571
21 660
21 755
21 927
22 56
22 294
22 464
22 525
22 589
22 865
22 982
23 59
23 86
23 193
23 243
23 251
23 263
23 281
23 337
23 374
23 415
23 516
23 542
23 599
23 632
23 649
23 660
23 707
23 717
23 723
23 800
23 841
24 94
24 521
24 603
24 604
24 810
24 893
25 378
25 762
25 864
25 962
26 94
26 145
26 334
26 485
26 487
26 757
26 917
27 87
27 131
27 169
27 186
27 303
27 322
27 396
27 564
27 645
27 654
27 775
27 977
28 72
28 73
28 298
28 693
29 91
29 97
29 161
29 249
29 372
29 394
29 402
29 571
29 755
29 927
29 953
30 126
30 170
30 406
30 420
30 424
30 586
30 701
30 860
31 72
31 193
31 214
31 357
31 554
31 669
31 816
31 927
31 993
32 589
32 727
33 180
33 270
33 287
33 295
33 429
33 610
33 654
33 711
33 894
33 995
34 48
34 57
34 94
34 328
34 369
34 466
34 521
34 613
34 971
35 61
35 135
35 152
35 188
35 244
35 278
35 282
35 999
36 56
36 262
36 275
36 493
36 736
36 771
36 880
37 56
37 114
37 150
37 168
37 404
37 412
37 483
37 705
37 771
37 852
37 982
38 56
38 65
38 77
38 92
38 114
38 142
38 294
38 365
38 370
38 412
38 467
38 493
38 521
38 567
38 771
38 834
38 982
38 999
39 55
39 71
39 149
39 177
39 178
39 185
39 200
39 297
39 347
39 360
39 375
39 389
39 411
39 431
39 701
39 747
39 831
39 881
39 883
39 920
39 935
40 70
40 96
40 166
40 198
40 264
40 311
40 701
40 772
40 936
40 957
41 357
41 366
41 528
41 660
41 894
41 927
42 70
42 174
42 448
42 553
42 768
42 798
43 56
43 150
43 400
43 412
43 483
43 559
43 705
43 726
43 834
43 972
44 151
44 249
44 313
44 591
44 804
44 894
44 896
45 126
45 185
45 280
45 463
45 469
45 491
45 658
45 701
45 994
46 56
46 82
46 94
46 98
46 107
46 112
46 152
46 159
46 179
46 196
46 197
46 205
46 221
46 225
46 230
46 256
46 273
46 282
46 288
46 311
46 314
46 344
46 357
46 416
46 475
46 484
46 493
46 510
46 552
46 555
46 562
46 608
46 618
46 633
46 652
46 661
46 670
46 683
46 700
46 706
46 738
46 779
46 809
46 844
46 845
46 855
46 875
46 884
46 894
46 919
46 937
46 959
46 972
46 997
46 999
47 136
47 191
47 290
47 355
47 477
47 630
47 820
47 998
48 56
48 57
48 369
48 417
48 521
48 607
49 198
49 239
49 337
50 56
50 493
50 880
51 83
51 97
51 161
51 357
51 374
51 402
51 589
51 660
51 698
51 953
52 94
52 328
52 387
52 395
52 521
52 613
52 675
52 744
52 894
52 925
53 390
53 404
53 519
53 982
54 72
54 78
54 193
54 199
54 227
54 298
54 374
54 572
54 599
54 600
54 644
54 660
54 814
54 816
54 873
54 886
54 894
54 927
55 71
55 79
55 149
55 177
55 185
55 193
55 200
55 210
55 272
55 289
55 297
55 311
55 325
55 389
55 431
55 457
55 589
55 614
55 658
55 701
55 707
55 723
55 798
55 839
55 841
55 872
55 881
55 883
55 895
55 920
55 924
55 934
55 935
56 57
56 62
56 65
56 67
56 75
56 77
56 81
56 93
56 94
56 95
56 100
56 110
56 114
56 116
56 119
56 121
56 132
56 139
56 142
56 150
56 152
56 166
56 168
56 181
56 193
56 211
56 244
56 254
56 262
56 265
56 270
56 275
56 282
56 283
56 290
56 294
56 311
56 319
56 328
56 341
56 344
56 357
56 359
56 365
56 370
56 374
56 390
56 396
56 400
56 404
56 407
56 409
56 412
56 417
56 423
56 425
56 431
56 433
56 447
56 475
56 482
56 493
56 517
56 518
56 519
56 521
56 525
56 532
56 543
56 544
56 550
56 567
56 568
56 583
56 589
56 592
56 595
56 603
56 604
56 607
56 613
56 619
56 628
56 641
56 647
56 655
56 656
56 692
56 701
56 705
56 706
56 713
56 720
56 722
56 728
56 736
56 738
56 751
56 759
56 771
56 780
56 781
56 782
56 813
56 823
56 834
56 843
56 852
56 861
56 865
56 869
56 880
56 885
56 891
56 894
56 899
56 907
56 916
56 917
56 927
56 941
56 961
56 963
56 972
56 982
56 988
56 999
57 90
57 521
58 70
58 149
58 157
58 177
58 193
58 210
58 253
58 255
58 261
58 264
58 289
58 297
58 299
58 300
58 317
58 374
58 389
58 431
58 457
58 497
58 502
58 507
58 523
58 529
58 545
58 602
58 678
58 696
58 701
58 712
58 721
58 795
59 76
60 94
60 96
60 127
60 152
60 166
60 174
60 193
60 282
60 302
60 305
60 311
60 321
60 326
60 330
60 337
60 338
60 339
60 340
60 344
60 374
60 386
60 416
60 435
60 441
60 446
60 457
60 460
60 480
60 482
60 490
60 493
60 512
60 523
60 536
60 540
60 547
60 549
60 556
60 560
60 565
60 569
60 570
60 574
60 589
60 626
60 657
60 659
60 665
60 676
60 677
60 697
60 701
60 714
60 725
60 756
60 822
60 846
60 850
60 863
60 868
60 878
60 894
60 927
60 938
60 942
60 945
60 974
60 980
60 983
61 152
61 244
61 581
61 587
61 690
61 703
61 916
61 999
62 121
62 283
62 409
62 425
62 493
62 738
62 780
62 963
62 988
62 996
63 378
63 894
63 952
63 970
64 75
64 116
64 168
64 320
64 390
64 404
64 464
64 493
64 518
64 647
64 777
64 781
64 894
64 927
64 972
64 982
65 77
65 94
65 114
65 294
65 400
65 412
65 493
65 852
66 94
66 385
66 417
66 498
66 589
66 971
67 193
67 280
67 329
67 374
67 382
67 463
67 612
67 658
67 904
68 129
68 143
68 271
68 589
68 806
68 913
69 310
69 876
70 96
70 166
70 170
70 174
70 280
70 294
70 311
70 326
70 330
70 346
70 352
70 367
70 374
70 415
70 420
70 431
70 443
70 448
70 470
70 482
70 489
70 533
70 536
70 547
70 553
70 565
70 586
70 665
70 676
70 696
70 699
70 701
70 702
70 704
70 707
70 750
70 772
70 793
70 822
70 857
70 863
70 883
70 902
70 936
70 950
70 957
70 980
70 991
71 149
71 177
71 325
71 342
71 345
71 374
71 389
71 431
71 507
71 696
71 707
71 831
71 872
71 881
71 895
71 910
71 934
71 935
71 955
72 73
72 165
72 193
72 226
72 250
72 298
72 307
72 357
72 374
72 452
72 526
72 554
72 600
72 660
72 797
72 816
72 841
72 873
72 987
73 193
73 298
73 356
73 374
73 486
73 660
73 693
73 816
73 873
73 940
74 95
74 836
74 900
74 999
75 320
75 404
75 464
75 568
75 589
75 647
75 777
75 982
76 118
76 128
76 193
76 374
76 589
77 114
77 771
78 572
78 644
78 814
78 842
78 987
79 329
80 193
80 374
80 415
80 599
81 99
81 341
81 344
81 423
81 519
81 568
81 972
81 982
82 95
82 98
82 160
82 197
82 216
82 618
82 652
82 656
82 700
82 713
83 402
83 591
83 598
83 660
83 698
83 752
83 877
83 927
83 965
84 340
84 435
84 512
84 536
84 659
84 677
84 840
85 152
85 336
85 501
86 185
86 190
86 193
86 250
86 251
86 281
86 357
86 374
86 415
86 450
86 493
86 506
86 516
86 542
86 599
86 658
86 660
86 723
86 824
86 841
86 856
86 908
86 987
87 192
87 322
87 396
87 511
87 564
87 589
87 876
87 894
87 952
88 94
88 119
88 385
88 521
88 604
88 628
88 641
88 685
88 738
88 785
88 810
88 853
89 166
89 198
89 495
89 540
89 622
89 697
89 701
89 850
89 870
89 936
90 94
90 328
90 369
90 395
90 417
90 521
91 97
91 249
91 372
91 394
91 402
91 571
91 755
92 94
92 145
92 171
92 417
92 466
92 485
92 487
92 504
92 521
92 604
92 732
92 917
93 493
93 751
94 101
94 107
94 119
94 138
94 140
94 145
94 152
94 171
94 180
94 195
94 238
94 265
94 270
94 274
94 281
94 282
94 295
94 297
94 311
94 328
94 333
94 334
94 345
94 357
94 369
94 376
94 385
94 387
94 390
94 395
94 396
94 404
94 409
94 417
94 429
94 467
94 473
94 485
94 487
94 497
94 498
94 503
94 504
94 509
94 521
94 527
94 531
94 548
94 561
94 567
94 568
94 573
94 589
94 590
94 595
94 603
94 604
94 607
94 613
94 619
94 628
94 634
94 637
94 641
94 650
94 655
94 663
94 685
94 694
94 701
94 732
94 735
94 738
94 744
94 751
94 757
94 758
94 782
94 784
94 785
94 794
94 810
94 823
94 826
94 828
94 853
94 880
94 885
94 893
94 894
94 905
94 906
94 913
94 917
94 925
94 944
94 949
94 951
94 960
94 963
94 971
94 972
94 973
94 987
94 988
94 999
95 108
95 130
95 152
95 159
95 160
95 179
95 205
95 216
95 230
95 233
95 254
95 282
95 296
95 311
95 475
95 482
95 493
95 500
95 512
95 534
95 558
95 584
95 589
95 597
95 618
95 661
95 683
95 700
95 701
95 706
95 713
95 746
95 748
95 778
95 838
95 861
95 917
95 937
95 956
95 986
95 990
95 999
96 264
96 350
96 489
96 508
96 701
96 795
96 894
96 903
96 936
96 957
97 161
97 249
97 372
97 394
97 402
97 571
97 591
97 755
97 877
97 927
97 953
98 160
98 179
98 216
98 618
98 652
98 656
98 830
98 937
99 110
99 336
99 371
99 521
99 790
100 125
100 223
100 254
100 690
100 706
100 794
100 999
101 140
101 154
101 180
101 333
101 417
101 429
101 467
101 493
101 521
101 527
101 531
101 578
101 650
101 719
101 776
101 784
101 894
101 906
101 917
101 941
101 951
101 995
102 676
102 714
102 978
103 252
103 288
103 959
104 151
104 249
104 896
105 111
105 248
105 302
105 368
105 482
105 556
105 743
105 809
105 929
106 252
106 288
106 715
106 845
106 919
107 229
107 416
107 482
107 484
107 510
107 535
107 670
107 706
107 708
107 937
108 253
108 297
108 588
108 921
109 448
109 553
109 701
109 702
109 772
109 798
110 336
110 371
110 517
110 585
110 651
110 790
111 231
111 259
111 311
111 349
111 368
111 482
111 556
111 608
111 770
111 898
111 914
112 618
112 989
113 166
113 311
113 547
113 701
113 850
114 294
114 852
114 961
115 131
115 343
115 396
115 419
115 564
115 591
115 645
115 775
115 876
115 894
115 977
116 217
116 412
116 518
116 647
116 972
116 982
117 291
117 374
117 599
117 623
117 660
117 688
117 695
117 816
117 947
118 374
119 409
119 417
119 493
119 498
119 509
119 521
119 603
119 604
119 628
119 685
119 758
119 785
119 810
119 828
119 893
119 894
119 917
119 944
120 125
120 254
120 282
120 294
120 344
120 371
120 390
120 404
120 423
120 473
120 501
120 532
120 550
120 606
120 666
120 726
120 759
120 769
120 774
120 813
120 861
120 917
120 931
120 972
121 328
121 409
121 493
121 988
122 200
122 311
122 347
122 374
122 389
122 602
122 614
122 696
122 707
122 881
122 883
122 920
122 955
123 235
123 252
123 576
123 821
123 845
123 919
123 959
123 999
124 282
124 579
124 618
124 713
124 778
124 855
124 916
124 999
125 152
125 223
125 254
125 282
125 451
125 517
125 605
125 794
125 999
126 210
126 406
126 420
126 424
126 457
126 636
126 662
126 701
126 802
126 818
126 860
127 311
127 340
127 476
128 280
128 374
128 379
128 463
129 138
129 143
129 162
129 204
129 284
129 361
129 589
129 619
129 664
129 692
129 894
130 233
130 475
130 534
130 597
130 713
130 937
131 343
131 396
131 419
131 589
131 645
131 755
131 775
131 977
132 139
132 493
132 738
132 963
132 973
132 988
133 250
133 279
133 316
133 351
133 374
133 391
133 410
133 841
133 987
134 257
134 276
134 305
134 306
134 311
134 383
134 392
134 482
134 512
134 549
134 608
134 832
134 858
134 888
135 152
135 282
135 428
135 668
135 720
135 753
135 901
135 999
136 193
136 212
136 477
136 630
136 724
136 927
136 998
137 152
137 282
137 296
137 625
137 855
137 956
137 999
138 154
138 162
138 180
138 193
138 204
138 282
138 284
138 361
138 589
138 619
138 664
138 692
138 784
138 791
138 806
138 847
138 894
138 949
138 981
139 447
139 455
139 637
139 738
139 880
139 963
139 988
140 295
140 421
140 467
140 650
140 719
140 784
140 796
141 305
141 458
141 482
141 608
141 714
141 718
141 799
141 869
142 404
142 771
142 861
143 295
143 589
143 619
143 791
143 806
143 879
143 894
143 913
143 981
144 185
144 360
144 375
145 171
145 334
145 487
145 757
145 810
145 917
146 357
146 494
146 528
146 671
146 742
146 814
146 911
146 927
147 701
147 710
147 768
148 174
148 337
148 551
148 863
148 936
149 177
149 185
149 272
149 311
149 347
149 696
149 872
149 895
149 920
149 935
149 955
150 400
150 412
150 525
150 559
150 705
151 313
151 575
152 167
152 188
152 196
152 203
152 240
152 244
152 254
152 278
152 282
152 311
152 323
152 428
152 501
152 521
152 535
152 558
152 581
152 668
152 701
152 703
152 720
152 753
152 778
152 790
152 901
152 937
152 972
152 999
153 162
153 204
153 284
153 361
153 589
153 607
153 619
153 791
154 204
154 573
154 589
154 692
154 812
154 847
154 894
154 927
154 949
155 328
155 359
155 407
155 493
155 751
156 317
156 422
156 431
156 524
156 545
156 696
156 839
156 887
157 185
157 210
157 297
157 456
157 480
157 523
157 586
157 588
157 699
158 451
158 790
158 972
159 534
160 179
160 618
160 656
160 700
160 713
161 357
161 394
161 402
161 571
161 755
161 841
161 953
162 284
162 589
162 619
162 671
162 791
162 806
162 894
163 290
163 292
163 312
163 355
163 701
163 892
164 180
164 238
164 247
164 333
164 438
164 521
164 894
164 917
164 941
165 193
165 226
165 452
165 526
165 554
165 841
166 174
166 194
166 260
166 297
166 311
166 326
166 427
166 435
166 533
166 540
166 547
166 560
166 574
166 616
166 676
166 697
166 701
166 725
166 756
166 793
166 850
166 867
166 868
166 870
166 902
166 932
166 942
166 974
167 282
168 320
168 390
168 404
168 423
168 518
168 537
168 647
168 890
168 982
169 191
169 193
169 241
169 249
169 290
169 324
169 355
169 357
169 381
169 445
169 459
169 477
169 571
169 630
169 660
169 701
169 724
169 739
169 819
169 909
170 297
170 424
170 662
170 860
171 417
171 466
171 521
171 732
171 917
172 282
172 388
172 475
172 657
172 786
172 900
172 937
172 990
173 193
173 841
173 987
174 198
174 264
174 311
174 337
174 348
174 350
174 448
174 489
174 540
174 551
174 553
174 565
174 653
174 701
174 793
174 798
174 863
174 903
174 936
174 957
174 974
175 202
175 453
175 905
176 199
176 214
176 374
176 414
176 436
176 583
176 660
176 749
176 947
177 178
177 272
177 297
177 707
177 721
177 795
177 872
177 881
177 883
177 895
177 934
177 935
177 955
178 200
178 297
178 389
178 614
178 701
178 707
178 831
178 881
178 883
178 920
178 935
179 656
179 700
179 713
179 937
180 204
180 215
180 238
180 242
180 247
180 270
180 295
180 311
180 322
180 417
180 429
180 438
180 467
180 513
180 520
180 521
180 589
180 604
180 619
180 650
180 776
180 784
180 894
180 917
180 972
181 412
181 493
181 736
181 880
182 512
182 560
182 570
182 626
182 701
182 868
182 974
183 221
183 288
183 779
183 935
184 213
184 357
184 591
184 927
185 222
185 281
185 345
185 347
185 360
185 375
185 389
185 405
185 442
185 454
185 707
185 723
185 765
185 802
185 808
185 831
185 881
185 927
186 192
186 232
186 322
186 396
186 398
186 419
186 514
186 564
186 589
186 775
186 819
186 923
186 977
187 240
187 282
187 916
187 999
188 244
188 278
188 282
188 587
188 720
189 328
189 437
189 521
189 607
189 885
189 917
190 193
190 250
190 279
190 281
190 374
190 415
190 450
190 506
190 516
190 723
190 824
190 841
190 856
191 212
191 355
191 445
191 630
191 724
191 866
192 322
192 514
192 521
192 564
192 673
192 745
192 862
193 213
193 214
193 226
193 227
193 246
193 250
193 280
193 281
193 297
193 307
193 311
193 316
193 351
193 357
193 372
193 374
193 389
193 391
193 396
193 410
193 415
193 417
193 420
193 421
193 436
193 440
193 442
193 450
193 452
193 463
193 467
193 469
193 479
193 482
193 492
193 512
193 516
193 526
193 553
193 554
193 591
193 598
193 599
193 600
193 620
193 630
193 640
193 649
193 660
193 679
193 684
193 698
193 701
193 716
193 723
193 737
193 742
193 792
193 798
193 816
193 824
193 839
193 841
193 873
193 877
193 894
193 908
193 927
193 937
193 938
193 948
193 979
193 984
193 987
194 418
194 560
194 756
194 938
194 974
195 242
195 521
195 784
195 906
196 282
196 296
196 323
196 383
196 444
196 475
196 579
196 627
196 668
196 733
196 778
196 855
196 928
196 937
196 999
197 273
197 618
197 652
197 683
197 700
197 897
197 937
198 239
198 337
198 427
198 441
198 495
198 540
198 565
198 665
198 760
198 767
198 793
198 863
198 870
198 902
198 966
199 357
199 397
199 436
199 486
199 660
199 671
199 749
199 927
200 329
200 374
200 389
200 614
200 701
200 707
200 883
200 934
200 935
201 329
201 374
201 463
202 892
202 927
203 282
203 517
203 558
203 587
203 703
203 972
203 999
204 361
204 438
204 573
204 589
204 664
204 692
204 847
204 894
205 700
205 713
205 937
205 986
206 285
206 295
206 589
206 784
206 894
206 906
206 941
207 234
207 327
207 439
207 470
207 482
207 580
207 714
207 718
207 817
207 840
207 926
208 268
208 269
208 380
208 478
208 845
208 859
208 889
209 280
209 382
209 463
209 740
210 253
210 297
210 374
210 456
210 497
210 523
210 545
210 586
210 588
210 699
210 701
210 721
211 275
211 493
211 736
211 751
211 880
212 290
212 292
212 324
212 393
212 477
212 494
212 589
212 630
212 660
212 724
212 820
212 960
212 998
213 357
213 591
213 783
213 877
213 927
214 357
214 583
214 660
214 669
214 742
214 927
216 618
216 683
216 700
216 986
217 409
217 423
217 482
217 550
217 790
217 891
217 907
217 972
217 982
218 252
218 708
219 270
219 941
220 241
220 745
220 862
221 273
221 288
221 472
221 577
221 594
221 601
221 617
221 825
221 845
222 347
222 360
222 374
222 389
222 442
222 454
222 482
222 599
222 660
222 707
222 935
223 254
223 282
223 605
224 623
224 660
224 792
224 816
224 992
225 315
225 594
225 845
225 871
226 250
226 307
226 452
226 496
226 526
226 554
226 600
226 792
226 841
226 896
227 572
228 229
228 416
228 484
229 266
229 416
229 484
229 510
229 670
229 706
229 830
230 233
230 273
230 597
230 618
230 652
230 748
230 937
231 248
231 259
231 305
231 327
231 383
231 482
231 556
231 569
231 743
231 801
232 322
232 514
232 564
232 589
233 534
233 713
233 748
233 901
233 937
234 305
234 384
234 434
234 439
234 470
234 601
234 701
234 714
234 718
234 743
234 799
234 840
234 869
234 926
235 510
235 627
235 670
235 827
236 344
236 568
236 593
236 606
236 972
237 460
237 616
237 701
237 868
238 242
238 247
238 438
238 894
239 547
239 665
239 701
239 767
239 793
239 863
239 902
239 966
240 282
240 605
240 901
240 999
241 322
241 396
241 398
241 419
241 421
241 429
241 629
241 701
241 724
241 727
241 785
241 862
241 892
241 894
241 915
241 923
241 970
242 295
242 589
242 776
243 374
243 461
243 723
243 886
243 979
244 278
244 282
244 690
244 720
244 999
245 282
245 475
245 746
245 815
245 956
245 986
246 374
246 415
246 516
246 632
246 908
247 270
247 285
247 438
247 589
247 894
248 311
248 482
248 743
248 763
248 770
249 313
249 357
249 571
249 575
249 591
249 660
249 804
250 307
250 316
250 351
250 374
250 391
250 410
250 415
250 492
250 589
250 679
250 696
250 723
250 797
250 841
250 984
250 987
251 374
251 542
251 632
251 649
251 723
252 269
252 288
252 311
252 399
252 416
252 482
252 576
252 646
252 661
252 706
252 715
252 844
252 845
252 919
252 959
253 297
253 352
253 431
253 480
253 502
253 586
253 588
253 701
253 721
253 860
253 882
253 921
253 922
253 956
254 282
254 428
254 558
254 587
254 605
254 794
254 861
254 972
254 999
255 289
255 297
255 502
255 507
255 721
255 883
256 562
256 661
256 706
257 276
257 306
257 311
257 468
257 549
257 858
258 337
258 565
258 639
258 676
258 761
258 793
258 863
259 302
259 482
259 569
259 743
260 311
260 392
260 468
260 878
261 297
261 431
261 497
261 507
261 523
261 566
261 701
261 802
261 860
262 275
262 409
262 493
262 543
262 880
263 374
263 649
264 280
264 337
264 348
264 350
264 418
264 441
264 448
264 489
264 495
264 508
264 540
264 560
264 701
264 702
264 704
264 761
264 772
264 793
264 798
264 863
264 903
264 936
264 957
264 974
265 294
265 504
265 521
265 590
265 604
265 917
266 416
266 484
266 661
266 706
266 845
266 871
266 874
266 875
267 453
267 503
267 952
268 845
269 380
269 478
269 773
269 845
269 919
270 429
270 520
270 589
270 894
270 941
271 284
271 589
271 791
271 806
271 894
272 872
272 895
272 920
272 955
273 288
273 311
273 416
273 493
273 552
273 661
273 706
273 874
273 875
273 959
273 997
274 522
274 784
274 796
275 493
275 543
275 567
275 736
276 311
276 482
276 621
276 701
277 311
277 426
277 809
278 282
278 720
279 374
279 415
279 450
279 516
279 599
279 856
280 374
280 379
280 463
280 469
280 491
280 599
280 640
280 658
280 696
280 727
280 740
280 883
280 994
281 374
281 396
281 415
281 450
281 469
281 506
281 599
281 620
281 632
281 723
281 824
281 908
282 286
282 288
282 296
282 311
282 353
282 365
282 428
282 430
282 444
282 475
282 482
282 484
282 517
282 521
282 534
282 538
282 552
282 568
282 584
282 587
282 605
282 607
282 618
282 627
282 647
282 656
282 668
282 700
282 701
282 703
282 705
282 706
282 713
282 720
282 733
282 738
282 753
282 769
282 777
282 782
282 790
282 813
282 815
282 836
282 844
282 855
282 875
282 894
282 901
282 916
282 919
282 928
282 931
282 937
282 938
282 956
282 972
282 980
282 982
282 986
282 999
283 409
283 780
284 361
284 589
284 619
284 791
284 806
284 894
284 913
285 520
285 941
286 403
286 722
286 735
286 791
286 894
286 913
286 917
286 933
286 967
286 976
286 981
287 429
287 520
287 610
287 894
287 995
288 380
288 399
288 478
288 493
288 646
288 670
288 709
288 715
288 844
288 845
288 854
288 859
288 919
288 937
288 959
289 297
289 502
289 545
289 887
290 292
290 312
290 324
290 378
290 393
290 421
290 477
290 589
290 630
290 660
290 696
290 724
290 792
290 819
290 820
290 841
290 960
290 972
291 436
291 660
291 695
291 816
291 992
292 312
292 374
292 393
292 477
292 589
292 724
292 727
292 864
292 892
292 894
293 311
293 482
293 689
293 770
293 840
293 929
294 320
294 377
294 390
294 400
294 409
294 412
294 464
294 488
294 493
294 525
294 647
294 651
294 738
294 781
294 790
294 834
294 865
294 880
294 918
294 927
294 972
294 982
295 333
295 467
295 784
295 796
295 851
295 894
295 906
295 917
296 733
296 778
296 829
296 855
296 999
297 317
297 325
297 352
297 374
297 389
297 424
297 431
297 497
297 502
297 523
297 524
297 545
297 566
297 586
297 588
297 602
297 660
297 696
297 699
297 701
297 707
297 710
297 721
297 725
297 747
297 795
297 839
297 860
297 887
297 922
297 927
297 935
297 936
297 999
298 356
298 374
298 644
298 660
298 693
298 814
298 842
298 873
298 886
298 946
299 431
299 524
299 529
299 648
299 696
299 795
299 881
300 317
300 431
300 545
300 602
300 887
301 310
301 449
301 589
301 734
301 876
301 894
302 311
302 349
302 426
302 435
302 482
302 499
302 556
302 687
302 801
302 803
303 396
303 419
303 530
303 645
303 775
303 977
304 311
304 373
305 331
305 358
305 439
305 458
305 482
305 608
305 689
305 714
305 788
305 799
305 840
305 869
305 929
306 311
306 549
306 701
306 858
307 374
307 452
307 554
307 792
307 841
308 341
308 568
308 680
309 611
309 714
310 876
311 314
311 326
311 328
311 337
311 340
311 349
311 350
311 362
311 364
311 368
311 374
311 383
311 392
311 418
311 426
311 429
311 439
311 451
311 468
311 474
311 478
311 481
311 482
311 489
311 493
311 499
311 512
311 521
311 535
311 536
311 539
311 549
311 550
311 556
311 560
311 564
311 569
311 580
311 589
311 608
311 615
311 616
311 617
311 618
311 621
311 643
311 652
311 653
311 657
311 659
311 676
311 682
311 687
311 701
311 706
311 714
311 718
311 730
311 754
311 770
311 788
311 793
311 798
311 801
311 803
311 807
311 809
311 817
311 822
311 832
311 845
311 846
311 858
311 861
311 868
311 869
311 878
311 885
311 888
311 898
311 914
311 919
311 927
311 937
311 947
311 957
311 974
311 980
312 630
312 892
313 394
314 368
314 383
314 468
314 481
314 482
314 499
314 556
314 615
314 701
314 730
314 803
314 809
314 817
314 858
314 898
314 914
315 577
315 594
315 871
316 351
316 391
316 410
316 415
316 453
316 469
316 496
316 679
316 841
316 920
317 431
317 507
317 545
317 696
317 721
317 887
318 618
318 978
319 393
319 400
319 412
319 865
320 377
320 404
320 464
320 493
320 647
320 777
320 781
320 972
321 326
321 570
321 868
321 980
322 378
322 396
322 514
322 589
322 745
322 862
322 864
322 894
322 927
323 428
323 668
323 720
323 753
323 901
323 999
324 357
324 445
324 819
324 894
324 909
324 927
324 975
325 342
325 389
325 712
326 339
326 340
326 418
326 460
326 570
326 659
326 756
326 822
326 850
326 868
326 894
326 903
326 938
326 945
326 983
327 434
327 458
327 474
327 482
327 580
327 709
327 714
327 788
327 807
327 869
328 365
328 387
328 395
328 437
328 447
328 521
328 595
328 607
328 634
328 663
328 685
328 744
328 823
328 885
328 927
329 374
330 574
330 616
330 665
330 756
332 840
332 869
333 467
333 485
333 650
333 660
333 784
333 796
334 467
334 521
334 603
334 917
335 367
335 768
336 849
337 348
337 350
337 374
337 431
337 489
337 551
337 565
337 589
337 639
337 665
337 701
337 704
337 760
337 761
337 793
337 798
337 863
337 902
337 903
337 936
337 966
338 512
338 536
338 725
338 822
338 945
339 386
339 460
339 512
339 868
340 435
340 476
340 512
340 536
340 633
340 659
340 677
340 772
340 809
340 846
340 912
340 958
340 980
341 344
341 412
341 488
341 519
341 568
341 680
341 726
341 849
341 972
342 910
342 935
343 396
343 419
343 645
344 473
344 493
344 532
344 568
344 606
344 619
344 666
344 672
344 680
344 726
344 774
344 813
344 848
344 861
344 972
344 982
344 999
345 363
345 747
345 924
345 985
346 523
346 642
346 818
346 969
347 389
347 463
347 589
347 707
347 808
347 883
348 489
348 701
349 482
349 556
349 608
349 687
349 803
349 898
350 489
350 701
350 903
351 391
351 410
351 479
351 600
351 684
351 789
351 816
351 841
351 987
352 448
352 553
352 626
352 701
353 444
353 833
353 916
353 999
354 430
354 447
354 595
354 738
354 956
355 459
355 477
355 571
355 630
355 724
355 819
355 866
355 927
356 357
356 374
356 486
356 557
356 623
356 660
356 688
356 816
356 886
356 940
357 366
357 372
357 374
357 394
357 396
357 402
357 413
357 459
357 462
357 494
357 503
357 571
357 583
357 589
357 591
357 599
357 636
357 652
357 660
357 669
357 698
357 701
357 716
357 724
357 742
357 755
357 764
357 783
357 787
357 804
357 805
357 816
357 841
357 866
357 877
357 894
357 909
357 911
357 927
357 952
357 965
357 972
357 975
358 458
358 689
359 407
359 409
359 493
359 521
359 544
359 751
360 375
360 442
360 614
361 573
361 589
361 619
361 894
362 657
363 696
363 701
363 747
363 924
363 985
364 426
365 430
365 493
365 521
365 561
365 637
365 738
365 963
366 528
366 582
366 660
366 911
366 927
368 482
368 556
369 521
369 694
369 917
370 493
370 561
370 637
370 738
370 780
370 963
371 517
371 585
371 651
371 861
371 927
371 972
372 374
372 394
372 402
372 571
372 589
372 701
372 755
373 766
373 793
374 379
374 382
374 383
374 384
374 389
374 391
374 411
374 415
374 431
374 440
374 448
374 450
374 457
374 461
374 463
374 469
374 479
374 485
374 492
374 494
374 506
374 516
374 524
374 526
374 542
374 566
374 571
374 583
374 591
374 599
374 632
374 649
374 658
374 660
374 669
374 678
374 684
374 691
374 701
374 717
374 723
374 749
374 755
374 765
374 768
374 792
374 805
374 824
374 841
374 842
374 856
374 894
374 908
374 920
374 927
374 934
374 979
374 984
374 987
375 442
375 707
375 927
376 467
376 624
376 664
376 894
377 390
377 404
377 493
377 568
378 429
378 453
378 894
378 906
379 491
379 723
380 472
380 478
380 859
380 889
380 919
381 459
381 575
381 819
381 909
381 927
382 463
382 469
382 658
382 904
383 392
383 468
383 499
383 556
383 621
383 832
383 878
384 470
384 474
384 580
384 709
384 714
384 807
384 840
384 919
384 926
385 417
385 521
385 785
385 894
386 512
386 983
387 521
387 663
387 675
387 744
387 758
387 917
388 786
388 900
389 405
389 442
389 463
389 533
389 614
389 660
389 701
389 707
389 798
389 808
389 883
389 904
389 927
389 934
389 935
390 404
390 464
390 493
390 647
390 777
390 865
391 410
391 415
391 479
391 496
391 572
391 660
391 679
391 789
391 841
391 984
391 987
392 426
392 468
392 512
392 621
392 701
392 809
392 878
392 980
393 698
393 724
393 820
393 960
394 402
394 591
394 755
394 783
394 927
394 953
395 521
395 607
395 744
395 885
395 925
396 419
396 514
396 530
396 589
396 630
396 645
396 660
396 673
396 727
396 734
396 775
396 783
396 862
396 866
396 894
396 937
396 977
397 557
397 660
397 716
397 947
398 923
399 646
399 845
400 412
400 493
400 559
400 705
400 865
401 589
401 894
401 917
401 949
402 445
402 575
402 589
402 598
402 698
402 755
402 877
402 927
402 953
403 589
403 722
403 933
404 518
404 519
404 537
404 568
404 647
404 680
404 750
404 777
404 852
404 880
404 890
404 907
404 917
404 918
404 972
404 982
405 707
405 808
405 883
406 420
406 424
406 701
407 425
407 493
407 544
407 738
407 751
407 823
407 880
407 899
407 917
408 440
408 583
408 669
408 927
408 941
409 493
409 521
409 738
409 741
409 780
409 782
409 823
409 988
410 479
410 723
410 737
410 841
410 984
411 546
412 455
412 464
412 483
412 493
412 525
412 559
412 705
412 738
412 780
412 782
412 834
412 852
412 972
413 741
413 811
413 894
414 583
414 660
414 716
415 506
415 516
415 542
415 599
415 620
415 723
415 797
415 824
415 841
416 510
416 535
416 661
416 706
416 830
416 919
417 467
417 521
417 527
417 590
417 604
417 628
417 634
417 641
417 655
417 685
417 732
417 810
417 826
417 828
417 853
417 885
417 894
417 917
417 944
417 971
417 972
418 560
418 616
418 701
418 756
418 932
418 938
418 974
419 514
419 530
419 564
419 589
419 645
419 673
419 775
419 876
419 977
420 424
420 802
420 860
421 596
421 729
421 894
421 923
421 927
421 952
422 431
422 887
423 488
423 519
423 550
423 568
424 662
424 701
424 802
424 860
425 493
425 561
425 751
425 880
425 996
426 621
426 682
426 803
426 809
426 832
427 547
427 676
427 942
428 627
428 668
428 720
428 753
428 999
429 493
429 520
429 573
429 589
429 610
429 624
429 650
429 654
429 711
429 785
429 894
429 941
429 995
430 493
430 595
430 607
431 442
431 502
431 507
431 524
431 529
431 545
431 648
431 678
431 696
431 701
431 721
431 747
431 768
431 795
431 813
431 818
431 839
431 887
431 924
432 673
433 972
434 470
434 609
434 709
435 460
435 536
435 659
435 677
435 743
435 846
435 912
435 980
436 583
436 623
436 660
436 749
436 816
436 927
437 607
438 467
438 589
438 784
438 894
438 941
439 470
439 482
439 601
439 701
439 714
439 788
439 840
439 869
440 789
441 489
441 565
441 701
441 761
441 793
441 863
441 902
441 936
441 966
443 701
443 704
443 857
444 538
444 625
444 901
444 916
444 999
445 739
445 909
445 927
445 975
446 512
446 701
447 455
447 635
447 637
447 963
447 988
448 553
448 701
448 702
448 798
448 857
448 936
449 681
450 506
450 660
450 723
450 856
450 941
451 517
451 728
452 600
452 688
452 792
452 886
453 762
453 864
454 471
454 707
454 808
455 548
455 592
455 635
455 738
455 843
455 963
455 988
456 523
456 566
456 699
457 636
457 642
457 701
457 721
457 818
457 860
457 982
458 482
458 701
458 799
458 926
459 591
459 630
459 739
459 909
459 927
459 975
460 868
461 546
462 805
462 927
463 589
463 612
463 640
463 658
463 701
463 717
463 723
463 740
463 816
463 841
463 904
463 979
464 781
464 865
464 918
464 982
465 515
465 611
465 766
465 788
465 837
466 894
466 917
467 531
467 645
467 650
467 784
467 796
467 851
467 894
467 906
467 917
467 941
467 951
467 979
468 482
468 499
468 512
468 515
468 621
468 701
468 832
468 858
468 878
469 491
469 640
469 721
469 941
470 474
470 580
470 709
470 714
470 840
470 926
472 482
472 563
473 726
473 759
473 861
474 580
474 601
474 714
474 840
474 869
474 926
475 500
475 618
475 627
475 683
475 778
475 786
475 836
475 838
475 900
475 937
475 956
475 972
475 999
476 653
477 630
477 724
477 894
477 927
477 960
477 975
477 998
478 844
478 845
478 854
478 919
479 841
479 984
479 987
480 586
480 588
480 921
480 922
481 499
481 556
481 615
481 809
482 499
482 549
482 569
482 580
482 608
482 615
482 659
482 682
482 687
482 689
482 700
482 701
482 714
482 730
482 743
482 763
482 770
482 788
482 799
482 801
482 803
482 817
482 840
482 850
482 869
482 898
482 919
482 926
482 927
482 929
482 948
482 959
482 999
483 559
483 705
483 852
484 661
484 670
485 487
485 504
485 521
485 732
485 757
485 917
486 660
486 816
486 940
487 589
487 655
487 757
487 917
487 925
488 519
488 550
488 647
488 738
488 972
488 982
489 551
489 616
489 701
489 793
489 857
489 903
489 936
489 957
489 966
490 512
490 536
490 701
490 912
490 945
490 958
491 658
492 599
492 620
492 684
492 841
492 987
493 517
493 537
493 543
493 544
493 548
493 561
493 567
493 568
493 587
493 589
493 592
493 603
493 604
493 607
493 618
493 635
493 647
493 701
493 705
493 726
493 736
493 738
493 744
493 751
493 758
493 771
493 778
493 780
493 782
493 810
493 823
493 834
493 843
493 852
493 865
493 880
493 885
493 894
493 899
493 907
493 911
493 917
493 919
493 927
493 937
493 963
493 964
493 972
493 982
493 988
494 671
494 742
494 927
495 701
495 760
496 792
496 797
496 841
497 523
497 566
498 521
498 604
498 628
498 810
498 828
499 556
499 687
499 701
499 730
499 743
499 803
499 817
499 898
500 597
501 541
501 861
501 931
501 972
502 701
502 721
503 952
503 954
503 970
504 521
504 590
504 826
504 917
505 589
506 723
506 824
507 701
507 721
507 795
507 872
508 701
508 702
508 936
508 957
509 604
509 628
509 685
509 828
510 535
510 670
510 706
511 564
511 589
511 727
511 734
511 775
511 894
512 536
512 556
512 560
512 565
512 676
512 701
512 725
512 770
512 822
512 846
512 868
512 945
512 958
513 941
514 564
516 521
516 599
516 723
516 841
516 894
516 908
517 605
517 728
517 901
517 972
518 537
518 738
518 890
519 550
519 568
519 861
519 891
519 972
520 589
520 654
520 711
520 894
520 917
520 941
521 589
521 595
521 603
521 607
521 613
521 628
521 637
521 663
521 675
521 685
521 694
521 732
521 738
521 744
521 758
521 785
521 810
521 826
521 828
521 853
521 885
521 893
521 894
521 906
521 917
521 925
521 927
521 941
521 943
521 944
521 963
521 971
521 972
521 988
522 784
522 894
522 906
522 941
523 586
523 588
523 699
523 721
523 887
523 922
524 545
524 648
524 712
524 795
525 781
525 865
525 982
526 554
526 600
526 660
526 792
527 590
527 604
527 634
527 641
527 826
527 971
528 591
528 911
528 927
529 721
529 747
529 795
529 887
529 955
530 645
530 775
531 578
531 796
531 894
531 951
532 568
532 666
532 726
532 861
532 972
533 540
533 547
533 676
533 850
534 597
534 618
534 713
534 748
534 937
535 706
535 830
536 570
536 608
536 633
536 677
536 701
536 721
536 846
536 858
536 912
536 980
537 568
537 647
537 852
537 890
537 972
538 625
538 928
538 999
540 547
540 556
540 622
540 676
540 697
540 701
540 793
540 850
540 870
540 974
541 558
541 568
541 585
541 667
541 931
541 972
542 599
542 632
542 649
542 723
542 824
543 880
544 751
545 602
545 887
546 701
547 676
547 697
547 701
547 850
548 592
548 635
548 637
548 675
548 738
548 963
548 973
549 643
549 858
550 568
550 861
550 891
550 907
550 972
550 982
551 701
551 793
551 863
551 902
552 706
552 997
553 701
553 798
554 600
554 792
555 937
556 599
556 689
556 701
556 730
556 763
556 770
556 801
556 803
556 809
556 817
556 898
556 937
557 660
557 816
558 861
559 705
560 570
560 574
560 626
560 633
560 697
560 938
560 942
560 974
561 595
561 607
561 637
561 738
561 972
562 706
564 589
564 775
564 894
564 923
564 977
565 639
565 665
565 701
565 761
565 793
565 863
565 902
565 966
567 736
567 880
567 917
568 584
568 593
568 647
568 672
568 680
568 848
568 849
568 907
568 972
568 982
569 803
570 626
570 701
570 756
570 868
570 936
570 938
570 974
571 575
571 583
571 598
571 698
571 755
571 841
571 894
571 913
571 927
571 953
572 582
572 660
573 589
573 619
573 812
573 847
573 894
574 756
574 974
575 804
575 927
576 706
576 821
576 919
577 871
578 674
578 719
579 778
580 689
580 714
580 788
580 799
580 840
580 926
581 587
581 690
582 600
583 660
583 716
583 749
583 841
583 894
583 927
584 778
584 956
585 651
585 972
586 588
586 699
586 701
586 894
586 939
587 690
587 894
587 999
588 699
588 860
588 922
589 607
589 619
589 623
589 633
589 638
589 645
589 650
589 660
589 664
589 675
589 681
589 692
589 701
589 722
589 723
589 726
589 731
589 734
589 735
589 741
589 755
589 785
589 791
589 806
589 811
589 847
589 851
589 876
589 879
589 894
589 913
589 917
589 933
589 941
589 949
589 952
589 962
589 964
589 967
589 972
589 977
589 981
589 987
589 988
589 999
591 598
591 660
591 731
591 752
591 755
591 783
591 787
591 805
591 816
591 877
591 927
591 965
592 635
592 637
592 738
592 963
593 680
593 972
594 617
595 738
595 963
596 729
597 618
597 713
597 748
597 937
598 764
598 877
598 927
599 649
599 723
599 737
599 841
599 927
600 792
601 689
601 701
601 714
601 799
601 869
602 678
602 701
602 721
602 887
603 604
603 628
603 893
603 917
603 971
603 973
604 628
604 634
604 732
604 784
604 785
604 826
604 853
604 894
604 917
604 927
604 944
604 971
606 861
606 972
607 738
607 885
607 893
607 917
608 689
608 701
608 714
608 770
608 788
608 929
609 709
609 807
610 711
610 894
610 941
610 995
613 943
614 707
614 831
614 881
614 883
614 935
616 701
616 756
616 850
616 868
616 932
616 974
617 825
618 652
618 656
618 683
618 700
618 701
618 713
618 897
618 919
618 937
618 956
618 986
618 989
618 999
619 664
619 692
619 791
619 847
619 894
619 913
619 941
620 684
620 841
620 984
620 987
621 643
621 832
621 878
622 697
622 870
623 660
623 695
623 716
623 805
623 816
623 927
623 940
623 947
623 992
624 894
624 941
624 949
625 829
625 855
625 916
625 928
625 999
626 868
626 938
627 701
627 778
627 786
627 836
627 956
628 685
628 738
628 810
628 826
628 853
628 944
629 923
629 927
630 724
630 927
630 953
630 960
630 998
631 959
632 649
632 723
632 979
633 659
633 846
633 980
634 641
634 917
634 971
635 738
635 963
635 973
635 988
636 642
636 701
636 802
636 818
636 939
636 969
637 738
637 843
637 963
638 894
638 967
639 701
639 761
639 793
639 863
639 902
639 966
640 658
640 740
641 732
641 894
641 927
641 971
642 691
642 701
642 930
642 939
642 969
643 657
643 858
643 980
644 693
644 814
644 816
644 842
644 886
644 927
645 727
645 977
646 845
647 777
647 972
647 982
648 696
648 701
648 795
649 701
649 723
650 732
650 784
650 796
650 917
651 790
652 683
652 700
652 897
652 989
652 999
653 657
653 677
653 701
654 941
655 674
655 917
656 700
656 713
656 937
656 989
657 888
658 740
658 994
659 701
659 912
659 980
660 688
660 695
660 712
660 716
660 749
660 797
660 805
660 816
660 822
660 886
660 894
660 909
660 927
660 940
660 947
660 960
660 987
660 992
661 706
661 748
661 830
664 847
665 701
665 760
665 767
665 867
665 902
666 861
666 972
667 769
667 972
668 720
668 753
669 927
670 706
670 708
670 750
670 827
670 919
670 959
671 742
671 911
672 813
672 972
673 894
674 917
674 941
675 738
675 744
675 758
675 885
675 925
676 701
676 793
676 867
676 870
676 942
676 974
677 912
677 980
678 887
679 841
680 849
680 972
681 731
681 894
682 803
682 809
683 700
683 713
683 897
683 986
683 999
684 841
684 984
684 987
685 917
687 801
687 803
688 816
688 841
688 927
688 940
689 701
689 770
689 929
689 980
690 703
690 748
690 794
691 710
691 768
691 835
691 930
691 991
692 812
692 847
692 894
693 816
694 943
695 886
695 992
696 712
696 747
696 795
696 839
696 910
696 935
696 985
696 999
697 870
698 927
699 860
700 701
700 706
700 713
700 897
700 916
700 937
700 986
701 702
701 704
701 707
701 710
701 721
701 723
701 731
701 754
701 756
701 760
701 761
701 768
701 772
701 793
701 798
701 799
701 818
701 835
701 839
701 845
701 846
701 850
701 857
701 860
701 863
701 868
701 877
701 883
701 894
701 902
701 903
701 916
701 917
701 919
701 927
701 932
701 935
701 936
701 938
701 939
701 955
701 957
701 966
701 972
701 974
701 983
701 991
702 798
702 936
704 857
705 852
705 972
706 830
706 845
706 874
706 972
706 997
707 723
707 831
707 881
707 883
707 920
707 934
707 955
708 919
708 959
709 714
709 788
709 807
709 840
710 768
710 835
710 930
711 941
711 995
712 795
712 839
713 897
713 937
713 956
713 972
713 986
713 999
714 718
714 770
714 840
714 869
714 926
715 919
716 749
716 894
717 723
717 800
717 979
717 987
718 788
718 799
718 840
718 869
718 871
718 926
719 894
720 753
720 901
721 795
721 839
721 922
721 955
722 731
722 735
722 894
722 933
722 962
722 976
723 792
723 824
723 841
723 987
724 739
724 927
725 822
725 983
726 759
726 861
726 972
727 734
727 775
727 862
730 817
730 898
730 914
731 735
731 894
731 933
731 962
731 976
732 738
732 917
732 971
733 778
733 829
735 894
735 933
735 976
737 792
737 797
738 751
738 782
738 823
738 843
738 894
738 963
738 972
738 973
738 988
739 819
739 909
741 811
741 894
741 949
742 749
742 911
742 927
742 993
743 763
743 770
744 758
745 894
746 937
746 956
747 924
747 935
747 985
748 937
748 972
749 841
749 927
751 823
751 899
751 972
752 755
752 764
752 877
753 901
753 999
754 980
755 894
755 927
755 953
755 965
756 938
756 942
756 974
757 917
758 972
759 861
760 850
761 793
761 803
761 863
762 864
763 770
764 783
764 805
764 927
766 788
768 835
768 857
768 930
768 958
769 972
770 869
770 929
772 798
772 936
773 845
774 848
774 972
775 927
775 977
776 894
776 917
776 941
778 855
778 900
778 916
778 937
778 990
778 999
780 823
780 963
780 996
781 865
781 918
782 963
783 787
783 927
784 851
784 894
784 906
784 941
784 951
785 810
785 826
785 853
785 944
786 836
786 956
786 990
787 877
787 927
787 965
788 807
788 869
788 926
789 841
789 984
791 894
791 913
792 797
792 816
792 841
792 940
792 987
793 863
793 932
793 936
793 966
793 972
793 974
794 972
794 999
795 839
795 985
798 857
798 868
799 840
799 869
800 979
802 860
803 809
803 817
803 898
804 909
804 917
805 894
805 927
806 894
807 926
808 883
809 914
811 894
811 941
812 894
813 848
813 861
813 972
814 816
814 873
814 886
814 946
815 833
815 916
815 999
816 841
816 940
816 946
817 914
818 882
819 894
819 896
819 909
820 927
820 960
821 844
821 845
821 919
821 959
822 980
824 979
826 853
826 894
829 855
829 928
829 999
831 881
831 934
831 935
832 878
833 999
835 922
835 930
835 948
835 966
835 991
836 990
838 956
839 924
839 985
840 869
840 926
841 894
841 927
841 984
841 987
842 873
842 886
843 973
843 988
844 919
845 854
845 919
845 959
846 980
847 894
848 972
850 867
850 942
853 944
854 919
855 999
861 972
862 894
862 952
863 902
865 982
866 952
867 942
868 938
869 919
869 926
872 955
873 886
874 997
875 972
877 927
877 972
879 894
879 964
879 976
880 894
880 972
881 920
881 934
881 935
883 927
883 935
884 989
885 943
890 982
892 894
894 901
894 913
894 917
894 923
894 927
894 941
894 949
894 960
894 964
894 967
894 976
894 981
894 995
895 935
895 955
896 909
896 927
901 916
901 999
903 936
903 957
907 972
909 975
910 985
913 917
913 964
913 976
913 981
915 923
916 999
917 918
917 927
917 941
917 951
917 963
917 971
917 988
919 937
919 959
921 922
924 985
927 940
927 953
927 965
927 970
927 975
927 987
927 993
932 938
932 974
933 962
933 964
933 976
934 935
936 957
937 956
937 999
938 942
938 974
939 969
940 987
941 949
944 971
952 970
954 970
956 999
958 980
962 964
963 988
964 976
968 988
972 982
972 999
973 988
984 987
990 999
