0 23
0 142
0 384
0 410
0 458
0 564
0 685
0 708
0 985
1 251
1 279
1 384
1 490
1 720
1 868
2 71
2 74
2 178
2 521
2 522
3 120
3 248
3 418
3 806
3 811
3 883
3 889
4 41
4 169
4 218
4 224
4 404
4 560
4 638
4 774
4 824
4 859
4 973
5 115
5 362
5 375
5 403
5 552
5 773
5 859
6 89
6 142
6 317
6 384
6 459
6 465
6 716
6 865
6 895
7 246
7 399
7 593
7 812
7 990
8 33
8 41
8 147
8 170
8 180
8 467
8 472
8 542
8 574
8 647
8 658
8 681
8 743
8 801
8 940
9 37
9 98
9 101
9 136
9 150
9 152
9 179
9 183
9 329
9 347
9 481
9 516
9 526
9 568
9 572
9 583
9 617
9 652
9 691
9 754
9 780
9 787
9 817
9 831
9 848
9 866
9 873
9 926
9 983
9 986
10 57
10 173
10 368
10 460
10 481
10 584
10 659
10 713
10 846
10 995
11 48
11 159
11 279
11 309
11 430
11 436
11 446
11 764
11 851
12 114
12 192
12 241
12 632
12 787
12 862
13 29
13 49
13 142
13 334
13 390
13 487
13 493
13 568
13 584
13 691
13 722
13 724
13 792
13 815
13 836
13 999
14 49
14 269
14 320
14 421
14 430
14 545
14 860
14 945
15 23
15 326
15 565
15 623
15 662
15 728
15 967
15 987
16 35
16 166
16 289
16 348
16 663
16 732
16 735
16 753
16 787
16 982
17 208
17 248
17 333
17 340
17 584
17 839
17 885
18 216
18 799
19 49
19 321
19 399
19 477
19 550
19 555
19 598
19 868
19 915
20 154
20 262
20 278
20 474
20 612
20 947
21 77
21 325
21 407
21 863
22 417
22 848
23 33
23 41
23 51
23 63
23 64
23 65
23 72
23 74
23 87
23 91
23 113
23 115
23 129
23 142
23 157
23 167
23 182
23 190
23 194
23 196
23 211
23 222
23 225
23 240
23 253
23 256
23 264
23 271
23 272
23 278
23 287
23 300
23 303
23 320
23 324
23 331
23 336
23 337
23 347
23 369
23 385
23 394
23 404
23 406
23 416
23 428
23 436
23 440
23 441
23 450
23 461
23 480
23 504
23 506
23 529
23 558
23 559
23 560
23 563
23 583
23 585
23 594
23 602
23 604
23 606
23 607
23 610
23 612
23 620
23 623
23 628
23 637
23 644
23 647
23 661
23 677
23 679
23 687
23 706
23 713
23 723
23 744
23 769
23 781
23 792
23 805
23 814
23 821
23 825
23 827
23 842
23 852
23 856
23 864
23 869
23 872
23 881
23 882
23 885
23 889
23 904
23 910
23 918
23 933
23 952
23 967
23 968
23 979
23 985
24 41
24 77
24 166
24 184
24 213
24 255
24 278
24 446
24 479
24 490
24 528
24 566
24 592
24 609
24 739
24 802
24 842
24 875
24 952
25 37
25 128
25 152
25 269
25 357
25 561
25 704
25 736
25 742
25 762
25 815
25 926
25 953
26 278
26 355
26 511
27 172
27 244
27 308
27 373
27 436
27 511
27 537
27 612
27 637
27 761
27 846
27 928
27 943
28 85
28 181
28 551
29 64
29 93
29 127
29 170
29 194
29 278
29 284
29 318
29 349
29 511
29 555
29 643
29 773
29 857
29 879
30 74
30 95
30 244
30 356
30 382
30 412
30 438
30 573
30 585
30 611
30 758
30 913
31 275
31 341
31 414
31 503
31 725
31 798
31 816
31 986
32 52
32 95
32 449
32 574
32 681
32 932
33 47
33 53
33 208
33 234
33 267
33 272
33 440
33 578
33 623
33 640
33 693
34 47
34 57
34 224
34 357
34 492
34 616
34 661
34 782
34 821
35 98
35 136
35 521
35 579
35 615
35 622
35 893
36 182
36 202
36 215
36 263
36 363
36 430
36 558
36 806
37 205
37 210
37 268
37 561
37 565
37 574
37 613
37 717
37 821
37 833
37 834
37 926
37 983
38 322
38 502
38 725
38 857
39 85
39 119
39 244
39 320
39 692
39 785
39 944
39 986
40 137
40 171
40 725
40 817
40 922
40 949
41 64
41 65
41 133
41 163
41 165
41 190
41 194
41 200
41 248
41 278
41 300
41 324
41 327
41 330
41 379
41 406
41 436
41 441
41 483
41 499
41 503
41 618
41 648
41 681
41 713
41 729
41 747
41 787
41 844
41 863
41 867
41 898
41 899
41 964
41 980
42 50
42 149
42 167
42 240
42 244
42 295
42 372
42 408
42 414
42 543
42 564
42 572
42 685
42 688
42 771
42 913
42 928
43 278
43 297
43 362
43 498
43 644
43 810
44 125
44 163
44 188
44 219
44 260
44 393
44 406
44 409
44 432
44 437
44 573
44 607
44 650
44 695
44 701
44 820
44 876
44 936
44 943
45 178
45 245
45 262
45 353
45 412
45 443
45 495
45 848
45 928
45 972
46 206
46 267
46 487
46 489
46 536
46 584
46 713
46 724
46 791
46 815
46 834
47 112
47 147
47 170
47 278
47 383
47 392
47 442
47 467
47 474
47 551
47 585
47 631
47 743
47 748
47 792
47 826
47 843
47 898
47 930
47 944
47 986
48 87
48 114
48 151
48 167
48 192
48 303
48 321
48 369
48 412
48 433
48 436
48 490
48 685
48 716
48 858
48 939
48 976
48 986
49 77
49 137
49 206
49 230
49 247
49 273
49 289
49 353
49 421
49 458
49 546
49 555
49 656
49 659
49 713
49 792
49 827
49 839
49 846
49 961
49 973
49 981
50 52
50 144
50 218
50 244
50 295
50 321
50 744
50 943
51 182
51 342
51 507
51 511
51 514
51 631
51 662
51 885
51 918
51 944
51 963
52 71
52 78
52 95
52 142
52 171
52 218
52 220
52 244
52 287
52 304
52 414
52 436
52 438
52 492
52 576
52 603
52 651
52 699
52 715
52 758
52 771
52 787
52 848
52 896
53 187
53 188
53 244
53 250
53 355
53 382
53 436
53 620
53 628
53 670
53 675
53 682
53 692
53 820
53 851
53 883
53 937
53 975
53 986
54 316
54 681
55 140
55 238
55 323
55 390
55 464
55 724
55 738
55 892
55 938
56 128
56 187
56 313
56 498
56 580
56 977
57 462
58 96
58 131
58 159
58 185
58 224
58 446
58 725
58 862
58 966
59 184
59 345
59 514
59 884
59 885
60 179
60 206
60 373
60 576
60 589
60 801
60 815
60 834
60 928
61 206
61 412
61 489
61 558
61 569
61 613
61 653
61 762
61 763
62 200
62 555
62 617
62 810
62 989
63 81
63 106
63 128
63 245
63 373
63 458
63 531
63 575
63 772
63 779
63 948
63 973
64 136
64 247
64 371
64 412
64 681
64 790
64 954
65 97
65 420
65 467
65 483
65 499
65 612
65 687
66 111
66 144
66 661
67 76
67 555
67 578
67 587
67 789
67 848
68 181
68 202
68 269
68 532
68 636
68 885
68 955
69 155
69 284
69 624
69 637
69 912
70 152
70 292
70 305
70 330
70 639
70 658
70 952
71 128
71 178
71 244
71 280
71 787
72 77
72 244
72 650
72 734
72 758
72 787
72 923
72 967
72 972
72 987
73 170
73 449
73 463
73 542
73 608
74 127
74 339
74 436
74 455
74 459
74 550
74 566
74 700
74 774
74 899
74 903
74 983
75 231
75 658
75 798
76 178
76 461
76 574
76 583
76 815
76 900
76 949
76 953
77 138
77 279
77 281
77 294
77 566
77 607
77 787
77 922
78 206
78 260
78 267
78 285
78 352
78 368
78 475
78 485
78 523
78 714
78 824
78 841
78 862
78 932
78 934
79 97
79 142
79 393
79 486
80 93
80 125
80 278
80 612
81 147
81 350
81 628
81 636
81 650
81 790
82 114
82 128
82 130
82 176
82 410
82 438
82 461
82 715
82 772
82 799
82 836
82 848
82 861
82 966
83 96
83 438
83 750
84 133
84 136
84 170
84 188
84 278
84 458
84 461
84 541
84 691
84 709
84 951
85 127
85 206
85 207
85 210
85 271
85 277
85 302
85 384
85 425
85 497
85 504
85 555
85 608
85 644
85 681
85 700
85 708
85 785
85 891
86 107
86 278
86 316
86 371
87 158
87 213
87 228
87 250
87 523
87 612
87 680
87 721
88 182
88 245
88 360
88 366
88 368
88 425
88 866
89 317
89 487
89 593
89 658
89 998
90 105
90 710
90 758
91 94
91 194
91 269
91 856
91 871
91 910
92 219
92 324
92 432
92 971
93 175
93 369
93 374
93 464
93 511
93 801
93 823
93 897
93 935
94 159
94 242
94 267
94 316
94 492
94 747
94 781
95 160
95 185
95 206
95 218
95 224
95 290
95 324
95 420
95 421
95 422
95 458
95 464
95 549
95 572
95 583
95 943
95 974
96 250
96 497
96 862
97 365
97 537
97 798
97 816
98 136
98 150
98 264
98 321
98 333
98 393
98 410
98 482
98 519
98 528
98 782
98 865
98 993
99 321
99 384
99 523
99 800
99 862
100 733
100 907
100 937
100 951
101 128
101 521
101 622
101 641
101 929
102 236
102 417
102 436
102 845
102 977
103 373
103 523
103 639
103 846
103 929
104 123
104 321
104 347
104 860
105 110
105 293
105 381
105 428
105 468
105 577
105 854
105 972
106 125
106 278
106 380
106 775
106 821
106 957
106 986
106 997
107 136
107 516
107 810
108 260
108 494
108 730
108 790
108 914
109 132
109 323
109 396
109 608
110 262
110 508
110 636
111 117
111 143
111 332
111 432
111 457
111 561
111 608
111 785
111 816
111 921
111 937
111 960
111 974
112 244
112 267
112 302
112 382
112 436
112 458
112 977
113 139
113 206
113 423
113 716
113 885
113 890
114 142
114 182
114 220
114 257
114 260
114 359
114 600
114 732
114 758
114 782
114 959
114 977
115 132
115 222
115 253
115 258
115 260
115 273
115 281
115 359
115 360
115 439
115 451
115 457
116 182
116 238
116 349
116 507
116 946
116 955
117 137
117 324
117 517
117 550
117 885
118 206
118 244
118 594
118 610
118 612
118 723
119 181
119 310
119 368
119 382
119 446
119 455
119 525
119 608
119 717
119 975
120 126
120 166
120 171
120 248
120 279
120 792
120 832
120 840
120 842
120 843
120 873
120 883
120 885
120 925
120 943
120 956
120 968
121 214
121 441
121 675
121 778
121 792
121 897
121 984
122 581
122 858
122 944
123 290
123 313
123 421
123 521
123 671
123 871
124 215
124 723
124 774
124 984
125 195
125 236
125 248
125 278
125 284
125 316
125 618
125 643
125 659
125 795
125 801
125 815
125 880
125 898
125 968
125 977
125 979
126 421
126 646
126 657
126 938
127 213
127 288
127 612
127 685
128 139
128 156
128 166
128 202
128 207
128 273
128 296
128 321
128 323
128 386
128 390
128 406
128 425
128 426
128 429
128 491
128 512
128 551
128 564
128 568
128 571
128 599
128 634
128 637
128 772
128 792
128 856
128 879
128 945
128 948
128 973
129 316
129 798
129 806
129 845
129 864
129 905
130 363
130 438
130 484
130 508
130 623
130 686
130 753
131 291
131 434
131 618
131 710
131 849
131 964
132 458
132 688
133 165
133 248
133 260
133 323
133 681
133 709
133 823
133 865
133 966
134 154
134 168
134 196
134 215
134 394
134 533
134 815
134 879
134 966
135 164
135 471
136 162
136 189
136 282
136 324
136 381
136 404
136 410
136 460
136 548
136 555
136 573
136 611
136 645
136 652
136 666
136 709
136 747
136 753
136 816
136 848
136 913
136 946
137 232
137 246
137 457
137 555
137 560
137 575
137 666
137 729
138 321
138 703
138 711
139 158
139 254
139 353
139 550
139 598
139 627
139 677
139 834
139 885
139 891
139 973
140 323
140 390
140 392
140 436
140 472
140 487
140 547
140 582
140 815
140 827
140 908
140 976
140 986
140 992
141 149
141 203
141 378
141 419
141 438
141 458
141 470
141 541
141 564
141 883
142 235
142 239
142 244
142 272
142 293
142 317
142 334
142 347
142 480
142 498
142 506
142 516
142 520
142 539
142 583
142 713
142 742
142 758
142 787
142 816
142 830
142 970
143 153
143 195
143 239
143 552
143 675
143 730
143 925
143 956
144 621
144 685
144 787
145 164
145 195
145 200
145 278
145 316
145 318
145 337
145 436
145 460
145 844
145 881
145 947
145 961
145 979
145 992
146 244
146 542
146 727
146 787
147 827
147 847
147 863
147 885
148 278
148 436
148 823
148 912
149 244
149 311
149 470
149 574
149 642
149 831
149 958
150 152
150 186
150 271
150 597
150 615
150 621
150 690
150 793
150 815
150 993
151 232
151 341
151 585
151 677
151 758
151 773
151 923
151 957
151 986
152 255
152 278
152 330
152 436
152 461
152 488
152 535
152 555
152 558
152 561
152 574
152 602
152 881
152 934
152 952
152 953
152 979
153 173
153 496
153 574
153 675
153 885
154 184
154 327
154 678
154 834
154 885
155 189
155 278
155 289
155 333
155 587
155 612
155 672
155 842
156 205
156 206
156 209
156 265
156 289
156 453
156 487
156 505
156 551
156 729
156 743
156 755
156 758
156 995
157 174
157 217
157 273
157 321
157 707
157 758
157 790
157 844
157 967
158 344
158 598
158 636
158 724
158 806
158 846
158 885
158 973
159 242
159 988
160 455
160 526
160 596
160 757
160 789
160 977
161 174
161 215
161 278
161 743
161 770
161 881
162 166
162 248
162 260
162 300
162 495
162 499
162 612
162 616
162 655
162 670
162 880
162 961
162 996
163 438
163 612
163 815
163 857
163 930
163 947
163 961
164 167
164 181
164 287
164 299
164 393
164 430
164 436
164 560
164 564
164 583
164 599
164 744
164 765
164 874
164 952
164 973
164 986
165 215
165 236
165 585
165 612
165 950
165 956
166 214
166 261
166 432
166 842
166 863
167 324
167 417
167 436
167 952
168 329
168 421
168 454
168 583
168 685
168 765
168 808
168 820
168 832
168 848
168 945
168 965
168 997
169 170
169 221
169 244
169 413
169 440
169 461
169 524
169 779
169 970
170 197
170 202
170 215
170 278
170 350
170 461
170 511
170 585
170 693
170 734
170 773
170 777
170 795
170 811
170 912
170 941
171 327
171 527
171 556
171 657
171 750
171 788
171 925
171 956
171 962
172 625
172 815
172 827
173 297
173 337
173 713
173 816
174 278
174 280
174 316
174 324
174 326
174 381
174 464
174 513
174 620
174 654
174 840
174 878
174 979
174 984
175 261
175 581
175 806
175 839
175 940
176 282
176 369
176 572
176 700
176 832
176 880
177 256
177 306
177 317
177 321
177 468
178 206
178 218
178 289
178 347
178 364
178 426
178 503
178 691
178 983
179 202
179 236
179 265
179 271
179 299
179 489
179 815
179 818
179 837
180 395
180 421
180 560
180 564
180 794
182 244
182 427
182 612
182 806
182 815
182 818
182 834
182 866
182 880
182 924
183 304
183 412
183 436
183 438
183 861
183 893
183 944
183 954
184 258
184 260
185 375
185 476
185 492
185 506
185 549
186 458
186 574
186 738
186 901
186 943
187 232
187 503
187 682
187 692
187 879
187 977
187 986
188 244
188 250
188 331
188 332
188 436
188 682
188 720
188 792
188 937
188 955
188 986
188 989
189 271
189 611
189 720
190 504
190 581
190 664
190 681
191 430
191 436
191 456
191 533
191 664
191 973
191 986
192 319
192 403
192 418
192 436
192 463
192 520
192 600
192 616
192 895
193 225
193 261
193 278
193 320
194 235
194 238
194 374
194 407
194 585
194 643
194 801
194 815
194 869
194 945
195 199
195 211
195 212
195 278
195 300
195 319
195 337
195 504
195 735
195 884
195 977
196 230
196 261
196 361
196 404
196 465
196 521
196 569
196 618
196 920
197 277
197 522
197 561
197 676
197 724
198 318
198 323
198 420
198 430
198 509
198 710
198 729
198 937
199 293
199 375
199 436
199 490
199 632
199 787
199 800
199 886
199 945
199 954
199 977
200 214
200 272
200 344
200 632
200 681
200 941
200 989
201 202
201 398
202 234
202 261
202 581
202 612
202 752
202 852
202 881
202 883
202 899
202 921
202 946
203 393
203 428
203 480
204 244
204 356
204 618
204 989
205 439
205 461
205 492
205 571
205 578
205 681
206 272
206 278
206 280
206 316
206 358
206 388
206 391
206 412
206 452
206 521
206 537
206 543
206 567
206 671
206 713
206 723
206 761
206 769
206 770
206 811
206 813
206 815
206 867
206 890
206 896
206 916
206 967
207 273
207 347
207 470
207 521
207 581
207 626
207 885
207 955
207 995
208 278
208 520
208 728
208 845
209 337
209 367
209 664
209 977
210 277
210 438
210 461
210 471
210 530
210 549
210 564
210 666
210 803
211 212
211 253
211 404
211 517
211 556
211 618
211 974
212 278
212 279
212 345
212 751
212 774
212 821
213 278
213 556
213 767
213 991
214 899
215 436
215 475
215 487
215 493
215 545
215 675
215 723
215 778
215 795
215 808
215 815
215 896
216 218
216 278
216 318
216 344
216 366
216 438
216 487
216 536
216 708
216 738
216 815
216 888
217 550
217 555
217 607
217 608
217 746
217 889
218 246
218 289
218 412
218 524
218 526
218 900
218 973
219 328
219 407
219 531
219 608
219 744
219 821
219 872
219 967
220 244
220 271
220 296
220 458
220 609
221 436
221 787
221 862
222 829
222 974
223 368
223 861
224 227
224 251
224 257
224 267
224 292
224 297
224 306
224 327
224 346
224 402
224 415
224 418
224 436
224 487
224 638
224 685
224 766
224 787
224 838
224 970
224 984
225 316
225 614
225 781
225 867
226 475
226 689
226 757
227 268
227 283
227 413
227 447
227 566
227 609
227 739
227 753
227 758
228 278
228 324
228 333
228 341
228 358
228 417
228 480
228 511
228 549
228 550
228 618
228 624
228 650
228 734
228 742
228 751
228 820
228 835
228 861
228 884
229 293
229 331
229 376
229 625
229 778
229 846
229 866
229 885
229 900
229 911
229 945
230 248
230 263
230 347
230 368
230 464
230 547
230 555
230 608
230 622
230 712
230 831
230 835
230 873
230 878
230 885
230 938
231 388
231 618
231 681
231 793
231 798
231 880
232 580
232 646
232 729
232 764
232 885
232 951
232 964
234 236
234 357
234 545
234 633
234 855
234 911
235 278
235 454
235 491
235 496
235 643
235 678
235 816
235 818
236 278
236 388
236 392
236 594
236 655
236 775
236 850
236 852
236 928
236 967
236 987
237 408
237 630
237 783
237 815
238 248
238 312
238 635
238 673
238 724
238 726
238 733
238 796
238 891
238 955
238 996
239 483
239 730
239 883
240 312
240 417
240 436
240 583
240 664
240 784
241 271
241 282
241 367
241 632
241 638
241 710
241 862
242 244
242 282
242 449
242 461
242 548
242 555
242 563
242 590
242 717
242 768
242 769
242 772
242 788
242 856
243 718
243 842
243 847
243 881
243 956
244 295
244 337
244 372
244 384
244 432
244 449
244 480
244 482
244 506
244 534
244 538
244 543
244 592
244 593
244 594
244 618
244 621
244 661
244 697
244 771
244 773
244 782
244 819
244 870
244 917
244 920
244 985
245 529
245 623
245 754
245 906
246 549
246 765
246 865
247 395
247 412
247 429
247 487
247 730
247 843
247 844
247 955
247 960
247 986
248 284
248 322
248 496
248 552
248 618
248 648
248 655
248 658
248 660
248 723
248 847
248 932
249 418
250 820
250 856
250 950
250 986
251 279
251 313
251 321
251 337
251 349
251 428
251 444
251 510
251 557
251 566
251 584
251 716
251 719
251 886
251 921
251 986
251 998
252 278
252 695
252 815
252 823
252 909
253 271
253 312
253 330
253 623
253 810
253 899
253 971
254 421
254 497
254 757
254 813
254 846
254 885
254 981
254 999
255 633
255 883
255 891
256 708
257 349
257 638
257 719
257 787
257 830
258 330
258 691
258 707
258 792
259 304
259 436
259 438
259 514
259 564
259 613
259 757
259 774
259 907
259 913
259 973
260 284
260 327
260 432
260 458
260 544
260 660
260 681
261 278
261 511
261 655
261 661
261 713
262 275
262 278
262 299
262 304
262 359
262 362
262 436
262 489
262 512
262 536
262 574
262 636
262 681
262 762
262 820
262 866
263 624
263 701
263 829
263 989
264 436
264 528
264 632
264 745
264 771
264 787
264 939
264 954
265 307
265 367
265 713
265 753
265 815
265 835
265 892
265 900
266 351
266 354
266 451
266 461
266 770
266 829
266 888
267 278
267 327
267 347
267 656
267 676
267 742
267 819
267 871
267 885
267 907
267 928
267 955
268 294
268 313
268 553
268 565
268 566
268 608
268 698
268 716
268 729
268 897
268 937
268 991
269 307
269 333
269 376
269 410
269 421
269 438
269 471
269 612
269 713
269 813
269 819
269 885
269 887
269 911
269 973
270 455
270 668
270 934
270 999
271 272
271 304
271 325
271 412
271 506
271 566
271 593
271 601
271 611
271 615
271 753
271 788
271 806
271 812
271 815
271 828
271 834
271 906
271 936
272 317
272 381
272 406
272 422
272 436
272 526
272 569
272 688
272 796
272 938
272 959
272 986
273 348
273 521
273 862
273 906
273 932
274 417
274 565
274 708
275 345
275 451
275 556
275 563
275 730
275 734
275 786
275 960
276 316
276 327
276 408
276 655
276 668
276 857
276 863
276 947
277 288
277 445
277 617
277 735
277 822
277 983
278 322
278 336
278 345
278 349
278 362
278 371
278 383
278 389
278 390
278 406
278 458
278 463
278 487
278 511
278 515
278 566
278 585
278 625
278 628
278 631
278 636
278 673
278 681
278 686
278 690
278 702
278 718
278 730
278 743
278 763
278 769
278 770
278 771
278 778
278 783
278 787
278 792
278 795
278 815
278 820
278 823
278 834
278 844
278 853
278 879
278 880
278 885
278 912
278 914
278 915
278 956
278 966
278 999
279 310
279 321
279 336
279 375
279 444
279 569
279 572
279 615
279 638
279 650
279 671
279 698
279 817
279 838
280 407
280 421
280 505
280 846
280 885
280 890
281 341
281 436
281 608
281 746
282 583
282 700
282 966
283 302
283 310
283 321
283 399
283 416
283 417
283 477
283 588
284 322
284 612
284 631
284 638
284 660
284 681
284 724
284 811
284 899
285 289
285 357
285 587
286 818
287 555
287 848
288 574
288 802
289 366
289 487
289 508
289 546
289 576
289 659
289 673
289 700
289 726
289 815
289 890
289 900
289 993
290 391
290 777
291 503
291 550
291 698
291 735
291 785
292 436
292 480
292 496
292 509
292 571
293 294
293 306
293 320
293 409
293 468
293 527
293 719
293 827
293 934
293 966
294 436
294 493
294 617
294 764
294 807
294 820
294 845
294 850
294 935
294 944
295 621
295 870
296 607
297 435
297 436
297 512
297 994
298 407
298 608
299 348
299 484
299 754
299 833
299 855
299 876
300 314
300 517
300 615
300 631
300 687
301 608
301 847
301 932
302 375
302 736
302 752
303 711
303 798
303 817
303 851
303 932
303 937
303 978
303 986
304 461
304 543
304 615
304 685
304 734
305 384
305 549
305 853
305 868
306 387
306 436
306 566
306 796
306 891
306 920
307 516
307 820
307 901
307 908
307 947
308 542
308 643
308 821
308 885
308 956
309 851
309 939
310 321
310 592
310 691
310 986
311 420
311 487
311 625
311 636
311 926
312 436
312 473
312 520
312 612
312 688
312 736
312 745
312 758
312 865
312 986
313 320
313 377
313 608
313 670
313 721
313 815
313 986
314 332
314 356
314 432
314 678
314 974
315 499
315 611
315 676
315 894
315 977
315 986
315 989
316 436
316 502
316 588
316 614
316 646
316 647
316 681
316 730
316 815
316 855
316 967
317 688
317 735
318 347
318 547
318 713
318 761
318 885
318 944
318 965
319 520
319 647
319 666
319 862
319 870
320 321
320 355
320 382
320 450
320 529
320 550
320 581
320 628
320 632
320 670
320 692
320 737
320 758
320 785
320 922
320 954
321 328
321 330
321 332
321 338
321 368
321 399
321 407
321 436
321 449
321 477
321 480
321 503
321 510
321 538
321 550
321 556
321 561
321 590
321 593
321 608
321 618
321 632
321 653
321 680
321 701
321 721
321 735
321 747
321 858
321 862
321 911
321 939
321 986
322 612
322 711
322 885
322 952
322 973
323 390
323 391
323 395
323 436
323 448
323 587
323 603
323 724
323 801
323 946
324 411
324 436
324 457
324 461
324 647
324 669
324 671
324 677
324 719
324 751
324 752
324 768
324 798
324 847
324 882
324 885
324 925
324 931
324 944
324 958
324 986
325 436
325 601
325 772
326 530
326 646
326 986
327 411
327 450
327 486
327 502
327 660
327 681
327 712
327 798
327 989
328 436
328 744
328 810
328 859
329 458
329 583
329 652
329 681
329 749
329 997
330 364
330 480
330 564
330 728
330 986
331 618
331 960
332 350
332 443
332 473
332 524
332 556
332 605
332 733
332 758
332 787
332 790
332 798
332 921
333 488
333 511
333 576
333 618
334 351
334 378
334 436
334 766
334 768
334 787
334 952
334 964
335 399
335 455
335 590
335 645
335 736
335 758
336 464
336 585
337 537
337 607
337 627
337 629
337 680
337 691
337 806
337 853
338 361
338 399
338 479
338 608
338 747
338 797
338 895
338 956
338 971
340 578
340 643
341 382
341 566
341 580
341 629
341 675
341 716
341 848
341 902
342 368
342 510
342 514
342 559
342 734
342 902
343 351
343 791
343 820
343 830
343 924
344 366
344 427
344 464
344 551
344 583
344 589
344 726
344 786
344 815
344 901
345 703
345 884
345 894
345 986
346 461
346 546
346 555
346 636
346 831
346 861
346 887
347 357
347 377
347 461
347 464
347 547
347 671
347 691
347 754
347 763
347 792
347 842
347 885
347 938
347 940
347 955
348 491
348 856
348 885
348 948
349 432
349 494
350 383
350 423
350 989
351 404
351 422
351 579
351 753
351 758
351 816
351 922
351 939
352 523
352 944
353 723
354 782
355 435
355 608
355 851
355 897
356 764
357 445
357 491
357 512
357 636
357 639
357 691
357 745
357 754
357 789
357 948
357 952
358 421
358 797
358 873
359 453
359 686
359 846
360 362
360 636
360 695
361 978
362 453
362 633
362 762
362 928
362 965
363 565
363 645
363 717
363 758
364 379
364 458
364 466
364 482
364 497
364 690
364 793
364 804
364 812
365 556
365 734
365 845
365 947
366 469
366 507
366 587
366 756
366 791
367 419
367 561
367 853
367 952
368 376
368 532
368 571
368 574
368 578
368 587
368 644
368 686
368 699
368 723
368 789
368 813
368 846
368 863
368 900
368 968
368 974
368 993
369 556
369 562
369 823
370 409
370 787
370 914
371 612
371 614
371 987
372 543
372 767
372 955
373 462
373 583
373 622
373 631
373 724
373 785
373 815
373 839
373 885
374 508
374 681
375 384
375 458
375 667
375 735
375 768
375 801
375 920
376 421
376 532
377 398
377 628
377 717
377 955
378 449
378 470
379 564
379 621
379 848
380 692
380 817
380 840
380 986
381 417
381 490
381 691
381 758
381 982
382 461
382 566
382 609
382 716
382 729
382 851
382 890
382 914
382 951
383 395
383 574
383 843
384 420
384 473
384 500
384 590
384 772
384 831
385 504
386 409
386 616
386 892
386 895
386 983
386 998
387 409
387 614
387 936
387 985
388 713
388 787
388 795
389 545
389 628
389 738
389 823
390 462
390 507
390 564
390 584
390 673
390 730
390 756
390 839
390 892
391 421
391 545
391 671
392 400
392 441
392 576
392 699
392 781
392 782
392 797
393 496
393 499
393 513
393 716
393 720
394 675
394 691
394 820
394 847
394 898
395 493
395 846
395 890
395 903
396 459
396 526
396 676
396 903
397 438
397 906
398 627
398 885
399 442
399 477
399 550
399 569
399 664
400 915
400 916
401 556
401 650
401 707
401 764
402 407
402 436
402 520
402 560
402 640
402 786
402 838
402 879
402 983
403 407
403 720
403 816
403 855
404 436
404 616
404 739
404 766
404 885
404 980
405 653
405 885
406 430
406 432
406 440
406 461
406 475
406 476
406 581
406 646
406 854
406 942
406 943
407 436
407 457
407 510
407 889
407 958
407 986
408 578
408 931
408 956
409 436
409 539
409 564
409 566
409 645
409 747
409 758
409 775
409 848
409 899
409 915
410 461
410 471
410 534
410 564
410 618
410 735
410 787
410 823
410 826
410 862
411 566
411 744
412 438
412 612
412 636
412 713
412 729
412 774
412 893
412 998
413 439
413 742
413 842
413 864
414 832
414 915
415 429
415 613
415 810
415 816
416 678
416 941
417 447
417 493
417 524
417 597
417 618
417 716
417 735
417 806
417 829
417 853
417 854
417 875
417 976
417 977
418 719
418 857
418 886
419 436
419 490
419 782
419 812
420 561
420 738
420 833
421 436
421 525
421 763
421 812
421 813
421 815
421 839
421 887
421 927
421 955
421 973
421 981
422 459
422 504
422 530
422 645
422 704
422 786
422 787
422 988
423 584
423 757
423 855
423 888
423 933
424 425
424 534
424 732
424 739
424 977
425 480
425 481
425 491
425 583
425 595
425 642
425 807
426 849
426 885
427 454
427 585
427 846
427 878
427 958
428 713
428 721
429 553
429 913
429 983
429 988
430 691
430 784
430 850
430 954
430 997
431 641
431 650
431 757
431 885
431 931
432 950
433 436
434 624
434 720
434 945
435 524
435 556
435 563
435 863
435 934
435 957
436 456
436 457
436 461
436 466
436 484
436 490
436 515
436 539
436 540
436 559
436 560
436 566
436 592
436 599
436 616
436 623
436 625
436 635
436 636
436 638
436 645
436 653
436 683
436 698
436 724
436 734
436 746
436 747
436 755
436 759
436 768
436 782
436 787
436 803
436 809
436 865
436 886
436 907
436 918
436 924
436 935
436 948
436 954
436 960
436 964
436 972
436 977
436 979
437 554
437 725
437 977
437 986
438 462
438 508
438 549
438 553
438 564
438 596
438 615
438 685
438 787
438 803
438 826
438 848
438 861
438 893
438 907
438 949
439 681
439 757
439 779
439 821
439 905
440 576
440 942
441 726
441 968
442 675
442 823
443 522
443 810
444 488
444 698
446 700
446 787
446 986
446 991
447 498
447 691
447 785
447 920
447 972
448 755
449 537
449 671
449 782
450 583
450 695
450 882
451 476
451 798
452 453
452 636
452 699
452 815
452 885
453 618
453 653
453 799
453 885
453 888
453 900
453 973
454 595
454 795
454 815
455 522
455 524
455 560
455 564
455 565
455 578
455 623
455 710
455 758
455 963
456 528
456 632
456 684
456 745
456 977
457 513
457 792
457 872
457 959
458 472
458 553
458 572
458 583
458 595
458 611
458 653
458 685
458 736
458 788
458 810
458 838
458 848
458 861
458 893
458 907
458 931
458 937
458 986
459 603
459 765
459 870
460 475
460 479
460 839
461 470
461 497
461 564
461 570
461 585
461 610
461 637
461 663
461 671
461 681
461 685
461 691
461 697
461 727
461 758
461 793
461 823
461 826
461 842
461 848
461 861
461 907
461 914
461 931
461 936
461 939
461 947
461 966
462 815
463 947
463 980
464 493
464 516
464 585
464 687
464 806
464 839
464 969
465 477
465 490
465 677
465 758
465 824
465 915
466 479
466 632
466 920
467 487
467 627
467 628
467 761
467 783
467 878
467 912
467 979
468 821
468 934
468 949
469 511
469 515
469 921
470 803
471 530
472 478
472 536
472 587
472 951
473 545
473 857
474 792
474 857
474 872
474 909
475 633
475 823
475 909
476 504
476 618
476 646
476 806
477 592
477 608
477 752
477 943
477 958
478 802
478 830
479 528
479 600
479 616
479 668
479 682
479 875
479 977
480 557
480 609
480 664
480 680
480 681
480 698
480 716
480 746
480 752
480 875
480 891
481 713
481 802
481 977
482 572
482 993
483 879
483 883
483 907
484 522
484 587
484 633
484 729
484 778
484 792
484 864
484 931
485 489
485 595
485 673
485 818
485 829
486 516
486 612
486 628
486 731
486 761
486 885
486 886
486 941
487 548
487 578
487 587
487 769
487 856
487 892
487 927
487 940
487 953
488 585
488 771
488 853
489 636
489 846
490 540
490 768
491 578
491 584
491 637
492 603
492 712
492 719
492 800
492 883
492 926
493 924
493 931
493 945
494 842
494 979
494 987
495 552
495 612
495 646
495 660
495 737
495 857
495 989
495 996
496 730
496 815
496 856
496 888
497 949
498 549
499 500
499 729
499 733
499 850
499 857
500 556
500 607
500 682
500 921
501 580
501 692
501 777
501 787
501 975
501 986
502 892
502 975
502 983
503 509
503 550
503 554
503 614
503 735
503 745
503 767
503 845
503 882
503 950
503 952
504 600
504 640
504 727
504 758
504 942
504 965
504 987
505 555
505 560
505 574
505 758
506 524
506 758
506 954
507 635
507 815
508 596
508 650
508 685
509 528
509 574
509 768
509 896
510 608
510 632
510 787
510 883
510 895
511 625
511 695
511 815
511 846
511 935
511 943
512 521
512 587
513 537
513 728
513 753
513 859
513 884
514 786
514 905
514 941
514 962
515 815
515 885
516 585
516 806
516 994
517 706
517 751
517 758
517 771
517 847
517 956
518 584
518 832
520 565
520 638
520 824
520 838
520 848
520 974
520 976
521 866
522 546
522 636
522 792
523 986
524 663
524 800
524 828
525 727
526 603
526 771
526 915
527 663
527 924
528 560
528 563
528 599
528 701
528 902
528 919
529 601
529 612
529 742
529 912
529 955
530 861
531 636
531 885
531 914
531 936
531 964
532 749
532 948
532 959
533 850
533 853
534 560
534 700
534 709
534 788
534 848
534 959
534 966
535 555
535 568
535 810
535 926
536 545
536 789
536 888
537 580
537 661
537 678
537 862
537 870
537 973
538 566
539 687
539 897
539 986
540 560
540 586
541 568
541 765
541 861
542 551
542 792
542 869
542 932
543 755
543 778
543 913
544 591
544 612
544 729
544 758
544 846
544 928
545 648
545 714
545 757
545 791
545 909
546 671
547 627
547 675
547 856
547 890
547 974
548 555
548 571
548 717
548 828
549 710
550 592
550 668
550 682
550 692
550 695
550 739
550 745
550 848
550 978
551 555
551 815
552 612
553 572
553 613
553 666
553 985
554 556
555 561
555 644
555 653
555 657
555 700
555 732
555 833
555 855
555 938
555 953
555 966
556 566
556 650
556 682
556 815
556 816
556 820
556 845
556 889
556 986
557 608
557 817
557 934
557 976
558 559
558 666
558 802
558 875
558 959
558 966
559 585
559 705
559 711
559 733
559 738
559 870
560 590
560 710
560 826
560 939
561 945
562 706
562 787
563 607
563 623
563 659
563 701
563 705
563 730
563 734
563 738
563 752
563 820
563 821
563 862
563 897
564 566
564 596
564 603
564 685
564 774
564 893
564 907
564 921
565 738
565 759
565 985
566 580
566 606
566 608
566 709
566 752
566 851
566 950
567 585
567 880
568 574
568 666
568 983
569 838
569 914
570 713
570 885
570 887
570 983
571 717
572 848
573 583
573 716
573 767
573 781
573 842
573 885
574 619
574 644
574 789
574 794
574 796
574 828
574 840
574 926
574 930
574 938
574 953
574 977
574 981
574 983
575 648
575 792
575 807
575 842
577 826
577 915
577 981
578 583
578 617
578 625
578 634
578 641
578 676
578 753
578 762
578 815
578 835
578 858
578 885
581 640
581 718
581 790
581 815
581 885
581 937
581 974
582 822
582 939
583 613
583 666
583 744
583 800
583 848
583 892
583 936
583 965
584 673
584 724
584 763
585 612
585 717
585 769
585 787
585 795
585 842
585 848
585 885
585 894
585 912
585 928
585 943
585 974
585 994
586 690
586 787
587 637
587 714
587 762
587 862
587 882
587 931
588 720
589 656
589 815
589 834
589 885
590 758
590 866
590 898
591 837
592 653
592 729
592 803
592 977
593 787
593 870
594 610
594 649
594 687
595 815
595 818
595 892
596 685
596 860
598 626
598 885
598 899
599 686
599 768
599 826
599 885
599 952
600 642
600 717
600 931
600 978
601 782
601 831
601 952
602 610
602 858
602 968
603 758
603 769
603 831
603 861
603 964
604 731
605 780
605 899
605 923
606 618
606 758
606 768
606 983
607 675
607 937
608 612
608 653
608 696
608 735
608 757
608 759
608 769
608 820
608 851
608 897
608 921
608 934
608 951
608 986
609 664
609 974
610 618
610 951
610 974
612 624
612 660
612 681
612 715
612 747
612 820
612 850
612 885
612 899
612 946
612 948
612 989
612 996
613 666
613 779
613 802
613 822
613 845
613 848
613 889
613 921
614 827
614 842
615 666
615 822
615 828
615 993
616 719
616 742
617 903
618 679
618 687
618 713
618 728
618 847
618 915
618 942
618 971
618 974
618 986
619 762
619 841
620 628
620 654
620 828
620 840
621 720
621 877
621 913
622 636
622 639
622 945
622 985
623 707
624 649
624 677
624 728
624 758
624 798
624 850
624 884
624 956
625 938
625 986
626 860
626 925
627 763
627 792
627 798
627 815
627 929
628 649
628 968
630 743
630 885
630 909
631 827
631 842
631 916
631 977
632 759
632 798
632 800
632 823
632 862
632 939
632 988
633 636
633 995
634 928
635 877
636 683
636 694
636 740
636 753
636 754
636 789
636 848
636 864
636 976
636 986
637 771
637 792
637 799
637 885
638 787
638 909
639 702
639 885
640 974
641 813
641 855
641 993
641 995
642 685
643 694
643 735
643 869
643 928
643 971
644 758
644 848
644 865
644 890
644 931
644 953
644 983
645 758
645 771
645 850
645 870
646 655
646 967
646 968
647 791
647 814
647 815
648 681
648 842
648 867
649 661
649 733
649 751
649 840
649 843
650 820
650 957
650 969
651 858
651 862
652 885
653 716
653 720
653 776
653 986
654 712
654 781
654 840
654 866
655 863
655 928
656 763
656 815
657 781
657 867
658 842
658 996
659 815
659 910
659 915
660 681
660 731
660 790
660 798
661 851
661 966
661 971
662 793
662 885
663 769
664 691
664 767
664 848
666 802
666 899
666 948
666 966
667 920
668 691
668 745
668 752
668 847
669 967
669 986
670 708
670 891
670 986
671 822
671 834
671 979
672 876
672 912
673 749
673 818
673 843
673 973
674 870
675 681
675 686
675 796
675 815
675 835
675 885
675 928
675 980
675 984
676 781
676 885
676 892
677 886
677 986
678 873
679 706
679 734
679 744
680 691
681 729
681 746
681 847
681 956
681 989
682 820
682 845
682 872
683 734
683 900
684 952
685 843
685 851
685 861
685 885
685 907
685 959
686 867
687 790
687 809
687 842
687 867
687 875
687 895
687 937
687 943
687 996
688 758
688 959
689 885
690 709
690 812
690 931
690 989
691 745
691 747
691 759
691 787
691 851
692 978
692 986
693 811
693 834
694 835
695 783
695 823
696 892
696 969
699 792
700 713
700 754
700 784
700 864
701 915
701 933
702 746
702 893
702 999
704 800
704 805
704 831
705 728
705 971
707 845
707 960
708 771
708 774
709 858
710 862
710 885
710 963
710 998
711 798
712 938
713 758
713 885
713 902
713 927
713 965
713 973
713 986
714 791
714 935
715 994
716 774
716 787
716 816
716 851
716 898
716 920
716 934
716 954
717 848
717 862
717 870
718 780
719 766
719 920
720 746
720 790
720 986
721 729
722 815
722 856
722 885
722 960
723 738
723 815
724 892
724 929
725 817
725 820
725 847
726 815
727 776
727 818
729 759
729 861
729 873
731 811
731 863
731 869
732 948
733 872
733 986
734 820
734 821
734 847
734 867
734 986
735 787
735 932
736 988
737 842
737 882
737 986
738 818
738 846
738 962
739 773
740 763
740 885
742 861
742 915
742 920
743 844
743 940
744 876
744 986
744 997
745 850
745 986
746 986
747 953
747 957
748 994
749 885
750 792
750 915
751 847
751 941
751 944
751 976
752 920
753 805
755 862
756 817
756 879
756 888
756 899
756 924
756 950
757 815
757 818
757 973
758 792
758 809
758 815
758 816
758 826
758 848
758 861
758 866
758 870
758 895
758 905
758 959
759 815
759 986
760 820
760 880
761 791
761 815
761 836
761 863
762 822
762 851
763 787
763 885
763 908
764 863
765 783
765 811
765 822
765 964
766 893
768 975
769 914
769 933
769 982
770 888
771 772
771 799
771 808
771 832
771 913
772 793
772 804
772 812
772 895
772 936
774 777
775 967
777 796
777 806
777 986
778 801
778 909
779 792
779 965
780 816
780 840
780 887
780 944
781 840
782 861
782 895
782 985
785 923
785 977
786 817
786 845
786 847
786 856
787 853
787 858
787 862
787 871
787 889
787 956
787 961
787 997
788 795
788 966
789 866
789 900
791 892
791 901
791 930
792 885
792 906
792 912
792 945
792 971
793 827
794 966
794 986
795 815
795 830
795 836
795 892
795 901
795 959
797 964
797 986
798 815
798 823
798 834
798 851
798 885
798 897
798 912
798 971
799 820
799 900
800 873
801 869
801 912
801 935
805 936
805 985
806 820
806 888
806 935
806 994
807 819
809 858
809 874
810 815
810 983
811 842
811 885
812 908
812 921
812 928
813 815
813 871
815 818
815 825
815 835
815 836
815 881
815 885
815 888
815 892
815 901
815 910
815 927
815 986
815 987
815 993
815 999
816 820
816 872
816 933
816 961
817 876
819 855
820 845
820 921
820 933
820 951
820 994
821 849
821 865
822 848
822 949
822 969
822 993
823 855
823 885
823 907
823 909
823 913
823 938
823 987
824 837
824 906
824 917
826 972
827 977
828 862
829 933
829 988
831 841
832 834
832 848
832 884
835 986
836 953
836 973
840 863
840 967
840 974
841 910
842 844
842 881
842 928
842 989
843 857
843 956
845 868
845 889
845 950
845 977
846 972
846 981
847 885
847 944
848 952
848 965
848 981
850 973
851 868
851 872
852 861
852 881
852 979
853 875
853 986
855 899
855 996
856 864
856 955
857 868
857 956
859 923
860 885
862 964
862 986
863 944
864 878
865 902
865 978
868 986
869 935
871 888
872 876
872 918
873 891
873 896
874 952
874 954
877 935
877 949
879 919
879 923
880 883
880 898
880 947
880 956
881 925
881 930
882 943
883 967
885 887
885 890
885 909
885 916
885 931
885 946
885 956
885 966
885 973
885 981
885 995
886 959
886 964
887 947
888 908
888 924
889 937
889 938
890 927
890 973
891 973
896 943
897 977
898 905
898 912
898 930
898 986
900 984
903 931
903 949
903 962
905 921
907 966
908 916
914 982
915 972
918 944
918 972
920 964
920 981
921 923
921 937
921 973
921 986
922 986
924 980
925 956
928 977
929 995
932 945
933 960
937 975
941 960
941 988
943 984
943 986
946 953
946 977
947 987
950 986
952 985
952 986
956 986
965 966
965 973
965 988
966 990
968 998
987 992
