0 15
0 42
0 147
0 337
0 789
0 848
0 937
1 485
1 617
1 698
1 734
1 736
1 939
2 159
2 208
2 463
2 608
2 714
2 788
2 899
3 100
3 219
3 402
3 526
3 560
3 580
3 598
3 866
3 875
3 883
3 895
3 951
3 958
3 995
4 240
4 361
4 600
4 627
4 693
4 716
4 803
4 928
4 961
5 78
5 81
5 122
5 173
5 237
5 269
5 384
5 491
5 500
5 619
5 642
5 702
5 760
5 818
5 874
6 38
6 371
6 428
6 433
6 596
6 727
7 100
7 273
7 737
7 951
8 119
8 135
8 140
8 199
8 208
8 222
8 256
8 345
8 584
8 761
8 889
8 929
8 985
9 159
9 165
9 172
9 397
9 456
9 485
9 526
9 587
9 711
9 736
9 783
9 875
9 895
9 978
10 13
10 617
10 682
10 698
10 883
10 939
11 118
11 273
11 608
11 762
11 829
11 954
12 296
12 300
12 551
12 594
12 669
12 772
12 971
13 131
13 159
13 273
13 285
13 457
13 502
13 519
13 526
14 35
14 183
14 301
14 372
14 526
14 532
14 756
14 780
14 838
14 855
14 995
15 30
15 42
15 63
15 147
15 166
15 180
15 184
15 274
15 280
15 368
15 435
15 526
15 545
15 565
15 586
15 592
15 597
15 642
15 680
15 699
15 789
15 826
15 988
15 994
16 309
16 392
16 524
16 568
16 696
16 702
16 874
16 993
17 183
17 203
17 256
17 409
17 419
17 428
17 467
17 515
17 526
17 528
17 538
17 544
17 570
17 656
17 718
17 769
17 830
17 919
17 969
17 991
17 993
18 102
18 204
18 600
18 693
18 923
18 926
19 749
20 49
20 55
20 173
20 212
20 332
20 355
20 367
20 526
20 551
20 556
20 569
20 570
20 596
20 688
20 702
20 748
20 793
20 811
20 829
20 855
20 927
20 960
21 76
21 555
21 624
21 642
21 660
21 707
21 715
21 743
21 770
21 777
21 836
22 113
22 259
22 472
22 521
22 684
22 710
23 666
23 870
23 947
23 979
24 197
24 250
24 251
24 394
24 423
24 664
24 729
24 775
24 794
25 311
25 516
25 889
26 29
26 47
26 66
26 86
26 90
26 109
26 121
26 281
26 314
26 345
26 415
26 561
26 579
26 628
26 658
26 664
26 683
26 706
26 750
26 795
26 872
26 877
26 900
26 908
26 917
26 922
26 973
26 977
27 43
27 88
27 187
28 166
28 737
28 875
28 903
29 53
29 95
29 107
29 121
29 161
29 251
29 277
29 314
29 441
29 482
29 533
29 607
29 642
29 651
29 664
29 683
29 689
29 857
29 934
29 976
30 42
30 85
30 166
30 180
30 512
30 634
30 865
30 937
31 171
31 191
31 625
31 642
32 144
32 207
32 289
32 345
32 406
32 628
32 630
32 634
32 725
32 846
32 905
33 198
33 224
33 266
33 650
33 736
33 825
33 835
33 917
33 925
33 979
34 308
34 634
34 666
34 940
35 159
35 170
35 183
35 200
35 248
35 301
35 329
35 372
35 402
35 526
35 532
35 570
35 728
35 740
35 756
35 767
35 821
35 837
35 838
35 855
35 950
36 190
36 266
36 630
36 964
36 970
36 979
37 84
37 149
37 157
37 162
37 166
37 210
37 219
37 276
37 381
37 484
37 485
37 488
37 505
37 536
37 580
37 622
37 626
37 721
37 805
37 863
37 926
37 951
38 80
38 131
38 173
38 355
38 428
38 631
38 752
38 753
38 792
38 861
39 319
39 385
39 927
40 201
40 382
40 831
40 849
41 143
41 162
41 239
41 280
41 351
41 605
41 634
41 720
41 749
41 930
42 63
42 147
42 180
42 429
42 473
42 509
42 565
42 592
42 680
42 765
42 787
42 789
42 848
42 915
43 148
43 185
43 314
43 346
43 820
43 942
44 79
44 96
44 97
44 218
44 256
44 733
45 102
45 106
45 243
45 318
45 598
45 626
45 654
45 739
45 853
46 219
46 399
46 446
46 563
46 622
46 670
46 903
46 965
47 314
47 664
47 706
47 908
47 917
48 52
48 53
48 501
48 561
49 173
49 355
49 367
49 569
49 772
49 811
49 927
50 127
50 298
50 311
50 434
50 809
51 144
51 302
51 336
51 526
51 561
51 628
51 665
51 824
51 849
51 912
51 974
52 445
52 607
52 628
52 664
52 831
52 865
53 137
53 288
53 298
53 345
53 480
53 795
53 807
53 849
53 990
54 116
54 119
54 135
54 160
54 202
54 241
54 256
54 392
54 553
54 567
54 601
54 724
54 757
54 761
55 69
55 232
55 366
55 377
55 569
55 673
55 688
55 850
55 890
55 927
56 186
56 287
56 289
56 297
56 345
56 430
56 790
56 824
56 846
56 849
56 876
56 905
56 947
56 979
57 92
57 138
57 476
57 691
57 886
58 241
58 282
58 320
58 449
58 613
58 696
58 733
58 738
58 755
58 801
59 190
59 707
59 743
59 770
59 836
60 123
60 125
60 182
60 190
60 207
60 266
60 424
60 835
60 948
60 964
60 970
60 979
61 341
61 447
61 539
61 773
61 779
61 804
61 810
61 843
62 270
62 354
62 658
62 678
62 995
63 274
63 390
63 508
63 545
63 586
63 937
64 151
64 253
64 359
64 450
64 466
64 563
64 585
64 598
64 626
64 642
64 654
64 707
64 799
64 802
64 888
64 983
65 309
65 874
66 314
66 651
66 664
66 708
67 214
67 813
67 875
68 70
68 123
68 435
68 450
68 548
68 598
68 652
68 658
69 93
69 237
69 284
69 332
69 347
69 366
69 517
69 551
69 696
69 858
69 874
70 102
70 129
70 139
70 435
70 548
70 598
70 623
70 649
71 102
71 126
71 174
71 190
71 194
71 280
71 324
71 351
71 453
71 462
71 495
71 498
71 626
71 642
71 661
71 712
71 766
71 961
71 979
72 116
72 148
72 155
72 181
72 244
72 250
72 251
72 258
72 309
72 370
72 497
72 523
72 559
72 642
72 722
72 729
72 779
73 256
73 722
73 782
73 839
74 153
74 556
74 748
74 927
75 442
75 474
75 773
75 942
75 975
76 190
76 707
76 777
76 970
76 979
77 111
77 660
77 925
77 970
77 979
77 987
78 93
78 551
78 676
78 914
79 167
79 256
79 295
79 342
79 868
79 884
79 980
79 991
80 228
80 252
80 355
80 367
80 428
81 166
81 208
81 517
81 642
82 749
82 979
83 111
83 182
83 444
83 660
83 925
83 947
83 979
84 166
84 381
84 402
84 488
84 536
84 737
85 164
85 381
85 390
85 473
85 558
85 566
85 586
85 642
85 658
85 765
85 787
85 826
85 915
85 979
85 984
86 314
86 660
86 664
86 886
86 902
87 457
87 502
87 595
87 608
88 95
88 116
88 151
88 244
88 386
88 474
88 476
88 561
88 689
88 691
88 812
88 865
88 886
89 279
89 813
89 984
90 102
90 151
90 286
90 348
90 463
90 495
90 563
90 598
90 629
90 642
90 799
90 907
90 961
91 229
91 445
91 561
91 956
91 999
92 386
92 638
92 886
93 122
93 347
93 551
93 772
93 858
94 190
94 266
94 305
94 835
94 947
94 955
94 964
94 979
95 121
95 277
95 441
95 533
95 634
95 683
95 689
95 691
95 750
95 831
95 857
95 999
96 256
96 282
96 334
96 360
96 553
96 884
96 913
97 167
97 256
97 298
97 342
97 439
97 551
97 733
97 843
97 884
97 913
97 980
98 395
98 429
98 658
98 701
99 523
99 559
99 614
99 722
99 782
100 118
100 166
100 211
100 221
100 265
100 279
100 344
100 459
100 461
100 792
100 813
100 866
100 892
100 904
100 958
100 995
100 996
101 250
101 800
102 129
102 133
102 151
102 204
102 239
102 240
102 253
102 280
102 286
102 306
102 307
102 351
102 353
102 359
102 376
102 450
102 481
102 499
102 507
102 563
102 591
102 598
102 626
102 635
102 642
102 649
102 654
102 691
102 846
102 907
102 938
102 979
103 240
103 639
103 716
103 989
104 159
105 179
105 190
105 415
105 639
105 693
105 716
105 814
105 928
105 957
105 983
106 145
106 415
106 450
106 466
106 646
106 802
106 968
107 330
107 345
107 496
107 533
107 581
107 651
107 750
107 912
107 927
107 999
108 127
108 298
108 405
108 482
108 546
108 759
108 832
108 893
109 113
109 302
109 472
109 690
109 710
109 807
109 824
109 849
109 967
110 114
110 354
110 375
110 377
110 396
110 659
110 861
111 151
111 207
111 280
111 290
111 305
111 660
111 777
111 910
111 925
111 931
112 551
112 658
112 763
113 142
113 345
113 472
113 690
113 710
113 725
113 849
113 990
114 354
114 475
114 551
114 570
115 189
115 251
115 313
115 379
115 636
115 674
115 700
116 119
116 202
116 208
116 256
116 393
116 564
116 601
116 609
116 612
116 724
116 757
116 869
116 885
116 929
117 424
117 432
117 590
117 770
117 807
117 835
117 839
117 872
117 947
117 979
118 256
118 279
118 402
118 456
118 459
118 478
118 531
118 658
118 730
118 785
118 813
118 875
118 879
118 892
118 904
118 951
118 958
118 996
119 160
119 176
119 199
119 208
119 256
119 304
119 325
119 334
119 407
119 420
119 464
119 528
119 553
119 567
119 648
119 666
119 846
119 851
119 884
119 889
119 985
119 997
120 379
120 636
120 891
121 386
121 496
121 525
121 651
121 750
121 976
122 196
122 347
122 454
122 551
122 613
122 858
122 874
122 914
122 916
123 495
123 598
123 747
123 799
123 968
124 455
124 875
125 139
125 190
125 239
125 345
125 870
125 979
126 143
126 162
126 166
126 280
126 287
126 307
126 359
126 376
126 438
126 443
126 493
126 499
126 560
126 605
126 642
126 650
126 733
126 749
126 854
126 979
127 298
127 369
127 412
127 434
127 546
127 601
127 759
127 778
127 809
128 229
128 242
128 363
128 999
129 139
129 495
129 623
130 333
130 452
130 658
130 816
130 883
131 209
131 212
131 252
131 309
131 332
131 367
131 596
131 727
131 792
132 892
133 145
133 240
133 600
133 627
133 716
133 816
134 195
134 238
134 308
134 634
134 744
134 870
134 947
134 979
135 140
135 152
135 241
135 761
136 234
136 256
136 281
136 301
136 364
136 387
136 668
136 675
136 761
136 881
136 889
136 944
136 997
137 247
137 288
137 445
137 480
137 628
137 807
138 216
138 303
138 503
138 561
138 638
138 691
138 750
138 886
139 151
139 193
139 240
139 383
139 435
139 438
139 493
139 507
139 548
140 761
141 314
141 410
141 479
141 615
141 645
141 784
141 843
141 891
142 186
142 259
142 363
142 480
142 521
142 634
142 690
142 912
142 967
142 990
143 664
143 719
143 720
143 945
144 267
144 445
144 628
144 634
144 665
144 849
145 314
145 401
145 415
145 466
145 646
145 654
145 827
146 634
146 666
146 947
147 164
147 390
147 473
147 639
147 826
147 847
147 848
148 251
148 317
148 370
148 497
148 539
148 810
149 166
149 550
149 875
149 904
149 958
150 264
150 298
150 482
150 486
150 571
150 761
150 959
151 204
151 253
151 306
151 353
151 380
151 435
151 495
151 585
151 635
151 642
151 664
151 907
151 938
151 968
152 218
152 256
152 282
152 342
152 357
152 439
152 449
152 705
152 980
153 433
153 526
153 556
153 673
153 927
154 166
154 312
154 550
154 951
154 958
154 995
155 256
155 341
155 370
155 497
155 523
155 562
155 800
155 810
156 706
156 999
157 381
157 488
157 536
157 903
158 737
159 166
159 170
159 239
159 273
159 368
159 391
159 457
159 463
159 505
159 513
159 519
159 570
159 583
159 608
159 636
159 711
159 714
159 723
159 734
159 742
159 762
159 788
159 829
159 875
159 895
159 954
160 235
160 304
160 313
160 325
160 464
160 528
160 648
160 761
160 852
160 874
161 346
161 638
161 691
161 775
161 865
161 886
162 174
162 190
162 207
162 271
162 280
162 297
162 306
162 307
162 359
162 376
162 389
162 435
162 438
162 453
162 492
162 493
162 495
162 499
162 598
162 634
162 661
162 662
162 750
162 814
162 854
162 928
162 963
162 968
163 188
163 189
163 298
163 471
163 500
163 573
163 671
163 878
164 390
164 545
164 603
164 833
164 848
164 937
164 976
165 172
165 217
165 485
165 618
165 698
165 711
165 717
165 734
165 939
166 183
166 210
166 256
166 293
166 298
166 312
166 328
166 333
166 335
166 344
166 345
166 355
166 368
166 369
166 381
166 397
166 429
166 459
166 470
166 505
166 526
166 531
166 536
166 550
166 566
166 569
166 580
166 597
166 600
166 608
166 632
166 634
166 640
166 642
166 658
166 751
166 766
166 772
166 774
166 786
166 799
166 844
166 856
166 866
166 878
166 879
166 880
166 892
166 899
166 902
166 903
166 904
166 947
166 950
166 951
166 958
166 984
166 994
166 995
166 996
167 256
167 733
167 868
167 914
167 980
168 173
168 526
168 538
168 570
168 838
169 260
169 336
169 628
169 681
170 248
170 255
170 258
170 513
170 572
170 618
170 842
171 565
171 625
171 627
171 642
172 217
172 316
172 485
172 602
172 618
172 711
172 736
172 742
172 783
172 815
172 829
172 978
173 332
173 367
173 379
173 526
173 556
173 575
173 676
173 688
173 748
173 760
173 772
173 817
173 833
173 834
173 850
173 927
173 960
174 280
174 376
174 440
174 453
174 499
175 302
175 441
175 487
175 533
175 651
175 683
175 689
175 877
175 886
176 256
176 868
176 884
176 913
176 914
176 962
176 991
177 346
177 948
178 341
178 367
178 379
178 440
178 442
178 579
178 773
178 858
178 948
179 627
179 803
180 586
180 592
180 988
181 254
181 471
181 497
181 982
182 266
182 315
182 707
182 835
183 203
183 248
183 256
183 258
183 301
183 336
183 354
183 372
183 463
183 468
183 470
183 475
183 526
183 532
183 551
183 570
183 576
183 596
183 606
183 642
183 695
183 714
183 740
183 756
183 769
183 780
183 837
183 838
183 855
183 858
183 860
183 950
184 450
184 565
184 658
184 680
184 765
184 883
184 988
185 440
185 948
186 297
186 345
186 554
186 612
186 628
186 634
186 764
186 771
186 772
186 849
186 905
187 213
187 314
187 638
187 729
187 820
187 942
188 471
188 573
188 671
188 878
188 943
189 313
189 315
189 674
189 875
190 198
190 201
190 224
190 251
190 291
190 302
190 305
190 493
190 509
190 521
190 534
190 549
190 628
190 634
190 642
190 660
190 666
190 672
190 709
190 712
190 720
190 764
190 767
190 795
190 798
190 835
190 846
190 912
190 914
190 933
190 940
190 947
190 955
190 970
190 979
190 987
191 262
191 299
191 327
191 333
191 349
191 452
191 510
191 566
191 642
191 758
191 816
191 914
191 984
192 526
193 435
193 481
193 492
193 548
193 642
193 649
193 652
194 318
194 450
194 466
194 629
194 739
195 345
195 380
195 554
195 712
195 825
195 947
196 237
196 454
196 551
196 673
196 858
196 916
197 251
197 317
197 403
197 549
197 700
197 729
197 794
197 800
198 862
198 940
198 964
198 979
199 208
199 449
199 464
199 528
199 696
199 761
199 851
200 329
200 347
200 372
200 419
200 515
200 526
200 538
200 570
200 606
200 642
200 656
200 695
200 740
200 769
200 838
200 860
200 871
201 280
201 290
201 322
201 450
201 514
201 588
201 634
201 642
201 650
201 707
201 715
201 719
201 720
201 743
201 770
201 930
201 945
201 979
202 208
202 256
202 449
202 520
202 564
202 612
202 724
202 757
202 761
202 889
202 909
203 409
203 419
203 463
203 515
203 526
203 570
203 718
203 762
203 769
203 969
204 207
204 253
204 361
204 435
204 495
204 598
205 250
205 254
205 403
205 729
205 920
205 934
206 345
206 424
206 630
206 634
206 709
206 846
207 239
207 287
207 376
207 605
207 704
207 720
207 777
207 807
207 836
207 849
207 945
207 947
208 222
208 241
208 281
208 298
208 304
208 387
208 412
208 471
208 516
208 546
208 567
208 601
208 612
208 724
208 732
208 733
208 757
208 761
208 851
208 855
208 869
208 885
208 914
208 929
209 228
209 596
209 946
209 949
210 276
210 369
210 399
210 488
210 536
210 863
211 265
211 484
211 996
212 596
212 599
212 927
212 960
213 820
214 570
214 769
214 805
215 263
215 331
215 371
215 433
215 579
215 596
215 960
216 231
216 346
216 489
216 886
217 226
217 485
217 736
217 902
218 256
218 282
218 332
218 342
218 439
218 733
218 991
219 261
219 408
219 547
219 670
219 737
219 965
219 992
220 223
220 326
220 474
221 249
221 368
221 456
221 618
221 711
221 736
221 783
221 899
222 761
223 230
223 236
223 326
223 691
223 753
224 825
224 925
224 979
225 309
225 449
225 520
225 612
225 772
225 874
226 270
226 327
226 560
226 670
226 678
226 737
226 774
226 904
226 984
227 256
227 282
227 320
227 378
227 392
227 448
227 449
227 552
227 733
227 738
227 773
228 252
228 263
228 428
228 433
228 596
228 642
228 776
229 260
229 314
229 343
229 518
229 664
229 686
229 872
229 921
229 999
230 440
230 541
230 683
231 401
231 411
231 489
231 638
231 886
232 313
232 569
232 599
232 748
232 754
232 850
232 927
233 345
233 445
233 518
233 561
233 778
233 807
233 973
233 999
234 256
234 668
234 675
234 909
235 256
235 528
235 553
236 313
236 471
236 526
236 798
236 878
236 914
237 347
237 551
237 748
237 772
238 744
238 846
238 870
238 947
239 266
239 359
239 421
239 585
239 647
239 662
239 664
239 749
239 930
240 306
240 460
240 597
240 639
240 642
240 716
240 802
240 926
240 989
241 567
241 724
241 761
241 808
242 260
242 561
242 610
242 973
242 999
243 307
243 739
244 386
244 628
244 865
245 597
245 598
245 625
245 642
245 923
246 280
246 389
246 661
246 662
247 340
247 345
247 554
247 630
247 634
247 691
247 807
247 846
247 947
248 255
248 513
248 572
248 583
248 829
248 954
249 262
249 526
249 618
249 714
249 717
249 902
249 978
250 251
250 254
250 403
250 494
250 634
250 729
250 794
250 884
250 886
250 920
251 256
251 317
251 394
251 447
251 562
251 729
251 794
251 804
251 810
251 843
251 952
252 367
252 428
252 596
253 353
253 450
253 598
253 642
253 735
253 907
254 729
254 920
255 570
255 572
255 583
255 845
256 281
256 282
256 295
256 304
256 306
256 313
256 320
256 342
256 355
256 357
256 359
256 360
256 364
256 367
256 370
256 373
256 419
256 426
256 435
256 439
256 440
256 449
256 457
256 463
256 478
256 498
256 518
256 525
256 526
256 527
256 551
256 552
256 596
256 601
256 608
256 609
256 619
256 633
256 634
256 639
256 642
256 664
256 665
256 669
256 674
256 689
256 695
256 696
256 729
256 732
256 733
256 738
256 748
256 753
256 761
256 772
256 809
256 816
256 830
256 851
256 868
256 869
256 874
256 880
256 884
256 887
256 889
256 896
256 913
256 914
256 924
256 927
256 936
256 959
256 962
256 984
256 985
256 991
257 375
257 919
258 463
258 572
258 837
259 302
259 480
259 521
259 628
259 634
259 686
259 807
259 967
260 518
260 561
260 607
260 637
260 686
260 778
260 831
260 872
260 921
260 999
261 594
261 601
261 611
261 669
261 727
261 772
261 834
261 927
261 993
262 395
262 429
262 473
262 477
262 506
262 526
262 558
262 680
262 701
262 746
262 789
262 906
263 371
263 631
263 919
263 946
264 298
264 486
265 316
265 344
265 786
265 875
265 958
265 995
266 305
266 307
266 345
266 431
266 862
266 947
266 955
266 964
266 979
267 314
267 561
267 628
268 298
268 501
268 891
269 517
269 596
269 909
269 966
269 993
270 678
270 774
270 984
271 307
271 376
271 661
271 979
272 630
272 634
272 933
272 947
273 368
273 457
273 463
273 513
273 595
273 618
273 714
273 762
273 895
273 911
274 337
274 388
274 506
274 603
274 642
274 694
274 833
275 382
275 628
275 807
275 849
276 505
276 823
276 863
276 903
276 951
277 683
277 689
278 603
278 642
278 658
278 694
279 422
279 730
279 766
280 307
280 345
280 364
280 376
280 389
280 453
280 462
280 493
280 498
280 499
280 513
280 598
280 634
280 642
280 662
280 665
280 749
280 750
280 798
280 849
280 854
280 898
280 905
280 961
280 979
281 311
281 364
281 393
281 412
281 504
281 601
281 609
281 643
281 668
281 675
281 796
281 851
281 878
281 881
281 889
281 940
281 944
282 320
282 342
282 355
282 358
282 392
282 448
282 449
282 524
282 613
282 733
282 738
282 755
282 801
282 874
282 893
282 914
282 927
282 936
283 324
283 462
283 961
284 454
284 772
284 858
285 328
285 443
285 762
285 769
285 829
285 895
285 911
286 359
286 598
286 626
286 658
286 693
286 968
287 307
287 376
287 634
287 802
288 941
289 345
289 764
289 849
289 905
290 305
290 555
290 660
290 930
290 979
291 380
291 947
292 403
292 691
292 820
292 942
293 455
293 531
293 751
293 875
293 958
294 449
294 703
294 866
295 447
295 884
296 300
296 575
296 772
296 858
296 927
296 993
297 340
297 345
297 628
297 745
297 807
297 905
298 311
298 313
298 315
298 400
298 417
298 471
298 486
298 571
298 616
298 671
298 675
298 677
298 722
298 733
298 759
298 761
298 796
298 817
298 840
298 843
298 878
298 893
298 909
298 943
298 959
299 345
299 398
299 427
299 435
299 449
299 530
299 597
299 642
299 824
299 970
300 594
300 669
300 890
300 971
301 526
301 537
301 696
301 740
301 838
301 855
302 336
302 345
302 382
302 436
302 445
302 601
302 628
302 630
302 634
302 664
302 665
302 679
302 681
302 690
302 710
302 773
302 790
302 795
302 824
302 831
302 846
302 849
302 872
302 956
302 967
302 973
302 990
303 886
304 360
304 464
304 528
304 553
304 852
304 875
304 884
304 914
304 985
305 715
305 836
305 925
305 931
305 970
305 979
306 351
306 495
306 507
306 642
306 744
306 814
307 345
307 376
307 438
307 443
307 499
307 662
307 979
308 630
308 634
309 321
309 358
309 520
309 568
309 577
309 613
309 692
309 702
309 768
309 874
309 914
309 936
309 998
310 925
310 970
311 425
311 434
311 809
312 550
312 951
312 958
313 315
313 379
313 542
313 546
313 674
313 705
313 737
313 791
313 794
313 798
313 875
313 878
313 914
313 927
313 943
313 959
314 322
314 338
314 340
314 365
314 370
314 374
314 441
314 445
314 518
314 535
314 634
314 664
314 691
314 706
314 708
314 750
314 781
314 784
314 839
314 849
314 883
314 896
314 900
314 908
314 917
314 922
314 999
315 379
315 418
315 423
315 491
315 705
315 828
316 526
316 642
316 866
316 875
316 958
317 387
318 983
319 731
319 748
319 927
320 392
320 449
320 552
320 733
320 738
320 772
320 874
320 913
320 914
321 874
321 998
322 501
322 540
322 561
322 628
322 665
322 824
322 849
323 526
323 570
323 950
324 450
324 462
324 662
324 972
325 334
325 889
325 985
327 658
327 758
327 883
327 992
328 463
328 526
328 714
328 762
328 829
328 895
329 433
329 515
329 969
331 420
331 475
331 582
331 596
331 861
332 355
332 367
332 414
332 428
332 449
332 551
332 569
332 570
332 604
332 748
332 754
332 858
332 873
332 949
332 960
333 349
333 510
333 658
333 670
333 992
334 364
335 875
335 903
335 904
336 436
336 561
336 628
336 669
336 807
336 824
336 849
336 912
336 921
336 956
336 967
336 990
337 603
337 642
337 694
337 833
338 628
338 898
339 672
339 947
340 345
340 554
340 634
340 685
340 807
340 905
340 925
341 370
341 394
341 447
341 539
341 562
341 810
341 843
341 884
342 367
342 378
342 396
342 497
342 613
342 643
342 691
342 732
342 733
342 796
342 849
342 868
342 874
342 884
342 885
342 887
342 936
343 363
343 561
343 872
344 478
344 866
344 875
344 996
345 350
345 363
345 368
345 385
345 406
345 416
345 430
345 436
345 445
345 466
345 474
345 497
345 499
345 529
345 533
345 540
345 541
345 543
345 554
345 555
345 568
345 581
345 590
345 595
345 628
345 630
345 634
345 637
345 664
345 665
345 666
345 672
345 690
345 691
345 708
345 710
345 715
345 744
345 764
345 770
345 773
345 777
345 791
345 807
345 824
345 846
345 849
345 877
345 898
345 904
345 905
345 912
345 914
345 917
345 925
345 933
345 940
345 947
345 954
345 967
345 971
345 974
345 979
345 990
345 999
346 411
346 638
346 878
346 881
347 352
347 366
347 551
347 594
347 772
347 841
347 858
347 874
347 916
347 927
348 359
348 435
348 466
348 598
348 629
348 938
349 435
349 510
349 880
350 355
350 377
350 420
350 449
350 475
351 359
351 383
351 438
351 481
351 492
351 548
351 623
351 635
351 642
351 961
352 501
352 610
352 872
353 493
353 495
353 563
353 635
353 907
354 367
354 375
354 396
354 475
354 526
354 569
354 619
354 631
354 772
354 793
355 367
355 428
355 539
355 556
355 596
355 599
355 604
355 631
355 754
355 873
355 889
355 914
355 927
355 960
355 993
356 555
357 392
357 405
357 439
357 517
357 527
357 528
357 648
357 702
357 884
357 913
357 962
357 985
358 520
358 702
358 733
358 745
358 768
358 874
359 435
359 450
359 466
359 495
359 585
359 598
359 626
359 629
359 654
359 693
359 802
359 837
359 888
359 901
359 938
359 968
359 983
360 439
360 449
360 884
360 997
361 642
361 691
361 735
362 379
362 634
363 687
363 872
363 974
364 373
364 405
364 412
364 504
364 511
364 571
364 584
364 601
364 609
364 643
364 668
364 750
364 761
364 808
364 851
364 874
364 884
364 885
364 897
364 944
365 465
365 610
365 664
365 999
366 437
366 469
366 551
366 594
366 726
366 772
367 375
367 426
367 526
367 673
367 745
367 754
367 873
367 960
368 449
368 485
368 526
368 602
368 618
368 640
368 641
368 751
368 845
368 875
368 902
369 596
369 856
370 447
370 645
370 722
370 729
370 779
370 800
370 878
370 891
370 952
370 981
370 982
371 420
371 653
371 946
371 950
372 408
372 838
373 584
373 808
373 889
373 897
374 440
374 541
374 664
374 683
374 750
375 396
375 631
375 642
375 991
376 389
376 453
376 493
376 506
376 662
376 979
377 420
377 467
377 582
377 596
377 653
377 811
378 733
378 914
378 936
379 417
379 449
379 546
379 828
379 843
379 891
380 947
380 979
381 505
381 721
381 822
382 634
382 790
382 807
382 849
383 438
383 451
383 492
383 507
383 548
383 623
384 449
384 619
384 644
384 696
384 752
384 874
384 927
385 526
385 731
385 817
385 927
386 691
386 697
386 812
386 865
386 934
387 601
387 808
387 851
387 869
387 885
388 390
388 566
388 603
388 694
388 937
389 443
389 493
389 499
389 661
389 662
389 743
389 848
389 849
389 947
389 963
390 566
390 774
390 848
391 485
391 682
391 698
391 736
391 742
391 762
391 939
392 449
392 464
392 524
392 569
392 613
392 733
392 738
392 772
392 884
392 914
393 612
393 757
393 761
393 796
394 403
394 864
394 920
395 429
395 658
395 680
395 746
395 763
395 816
395 882
396 515
396 981
397 587
397 783
397 815
398 427
399 408
399 547
399 558
399 622
399 670
399 737
399 965
400 449
400 482
400 486
400 571
400 634
401 415
401 451
401 460
401 493
401 621
401 639
401 642
401 646
401 650
401 739
401 928
402 875
403 549
403 729
403 794
403 864
404 519
404 884
404 911
404 954
405 516
405 584
405 593
405 840
406 933
407 633
407 884
407 924
408 547
408 737
408 965
409 515
409 526
409 821
409 969
410 614
410 615
410 645
411 503
411 750
412 504
412 643
412 664
412 885
412 889
412 944
412 985
413 526
413 631
413 792
413 861
414 830
414 858
414 890
414 993
415 451
415 646
415 699
415 802
415 853
416 790
416 795
416 849
417 491
417 500
417 636
417 645
417 700
417 891
418 491
418 674
418 705
419 557
419 570
419 642
419 769
419 871
420 594
420 718
420 776
420 792
420 861
420 981
421 691
422 730
422 892
422 996
423 559
423 782
423 784
423 843
424 431
424 432
424 590
424 634
424 662
424 709
424 712
424 770
424 846
424 979
425 434
425 516
425 601
425 897
426 526
426 537
426 695
426 723
426 837
427 597
427 642
427 694
428 526
429 477
429 578
429 642
429 658
429 665
429 701
429 882
429 906
429 941
430 807
431 672
431 712
431 947
431 979
432 590
432 707
432 712
432 947
435 495
435 507
435 548
435 625
435 626
435 630
435 635
435 642
435 814
435 968
436 710
436 795
437 551
437 772
437 874
438 495
438 507
438 548
438 585
438 623
438 624
438 881
438 961
438 989
439 534
439 657
439 936
439 991
440 442
440 449
440 474
440 476
440 526
440 579
440 691
440 773
440 820
440 948
441 533
441 581
441 750
442 579
442 665
442 753
442 773
442 867
442 948
442 982
443 661
444 590
444 979
445 561
445 729
445 778
445 824
445 872
445 973
446 658
446 737
446 965
447 539
447 570
447 779
447 810
448 449
448 526
448 613
448 657
448 713
448 733
448 738
448 755
448 914
449 464
449 471
449 491
449 524
449 527
449 551
449 552
449 596
449 604
449 616
449 653
449 657
449 676
449 692
449 703
449 713
449 724
449 733
449 738
449 745
449 755
449 760
449 791
449 794
449 852
449 858
449 859
449 868
449 874
449 884
449 891
449 896
449 914
449 918
449 927
449 936
449 960
449 980
449 986
449 991
450 466
450 624
450 635
450 654
450 747
450 968
450 983
451 621
451 689
451 802
452 510
452 880
453 493
453 499
453 639
453 927
454 551
455 875
456 711
457 483
457 502
457 526
457 560
457 570
457 595
457 618
457 736
457 742
457 895
457 911
458 475
458 821
459 730
459 995
460 634
460 803
460 957
461 478
461 766
461 995
461 996
462 498
462 679
462 979
463 502
463 570
463 608
463 714
463 762
463 805
463 829
463 895
463 954
464 528
465 628
465 634
465 877
465 973
466 598
466 626
466 654
466 888
466 983
467 631
467 642
468 526
468 570
468 769
469 619
469 644
469 696
469 760
469 874
470 526
470 583
471 500
471 517
471 612
471 664
471 671
471 677
471 743
471 787
471 798
471 819
471 851
471 864
471 878
471 943
472 690
472 710
472 824
472 967
473 566
473 586
473 701
474 489
474 691
474 886
475 526
475 596
475 631
475 659
475 727
475 792
475 821
476 541
476 638
476 934
477 558
477 578
477 658
477 701
477 746
477 758
477 882
478 766
478 866
478 875
479 500
479 614
479 685
479 729
479 839
480 543
480 634
480 710
480 967
481 548
482 546
482 832
483 502
483 595
483 742
483 829
484 580
484 879
485 526
485 602
485 618
485 628
485 717
485 736
485 742
485 815
485 902
486 546
486 559
486 634
486 759
486 832
486 878
487 706
487 708
488 536
488 823
489 503
489 597
489 638
489 773
489 886
490 587
490 642
490 658
490 763
490 787
490 883
491 570
491 674
491 705
491 714
491 798
491 859
491 869
491 916
492 507
492 598
492 623
493 642
493 691
493 961
493 979
495 506
495 563
495 598
495 635
495 814
495 903
495 947
496 533
496 561
496 581
496 683
496 691
496 797
496 865
497 750
497 952
498 626
498 954
499 558
499 743
500 542
500 559
500 645
500 843
500 891
501 872
502 595
502 829
503 886
505 536
505 823
505 903
505 951
505 984
506 603
506 642
506 833
506 937
507 548
507 598
507 623
508 545
508 642
508 765
508 937
509 530
509 642
509 699
509 928
510 787
510 992
511 757
511 808
511 889
511 897
511 909
513 526
513 570
513 728
513 741
513 767
513 805
513 895
513 947
514 650
514 849
514 930
515 526
515 570
515 821
515 903
516 609
516 889
517 551
517 596
517 676
517 702
517 927
517 966
518 607
518 872
518 973
518 999
519 574
519 595
519 714
519 829
520 551
520 702
520 745
520 768
520 874
520 896
521 620
521 642
521 690
521 710
521 967
522 529
523 562
523 779
523 839
523 952
524 613
524 826
524 874
525 581
525 651
525 666
525 750
525 831
525 976
526 532
526 538
526 551
526 569
526 570
526 574
526 576
526 594
526 596
526 598
526 613
526 631
526 653
526 656
526 659
526 662
526 695
526 696
526 714
526 718
526 723
526 730
526 733
526 740
526 761
526 766
526 767
526 769
526 776
526 780
526 785
526 792
526 793
526 821
526 829
526 830
526 831
526 838
526 845
526 855
526 860
526 871
526 873
526 874
526 894
526 901
526 927
526 950
526 969
526 984
526 986
526 995
526 996
527 703
528 674
528 852
528 889
528 914
528 985
529 679
529 725
529 990
530 591
530 642
530 927
531 658
531 730
531 813
532 570
532 723
532 821
532 838
532 981
533 581
533 634
533 651
533 664
533 689
533 750
533 765
535 689
535 691
535 812
535 865
535 934
536 953
537 723
537 911
538 570
538 606
538 793
538 871
539 804
539 810
540 561
540 628
540 664
540 831
541 691
541 812
541 865
541 886
541 934
542 645
542 798
542 877
542 878
543 750
543 824
544 927
544 964
545 603
545 833
545 847
545 937
546 759
546 808
546 832
546 875
546 893
546 914
547 622
547 737
548 649
548 661
548 814
549 729
549 794
550 632
550 640
550 721
550 904
550 951
550 958
551 568
551 574
551 581
551 594
551 595
551 596
551 669
551 673
551 676
551 692
551 731
551 733
551 745
551 748
551 772
551 858
551 874
551 896
551 913
551 916
551 927
551 993
552 733
552 738
552 914
553 722
553 985
554 764
554 905
555 970
556 669
556 748
556 927
557 570
557 718
557 855
557 969
558 566
558 642
558 789
558 958
559 650
559 729
559 733
559 782
559 794
559 839
559 843
560 622
560 642
560 766
560 774
560 833
560 880
561 607
561 610
561 620
561 628
561 642
561 664
561 665
561 686
561 691
561 764
561 778
561 824
561 831
561 877
561 880
561 886
561 934
561 973
561 999
563 626
564 796
564 808
565 642
565 765
565 787
565 826
565 988
566 592
566 597
566 642
566 658
566 816
566 880
566 882
566 937
566 941
567 724
567 761
567 929
568 874
568 896
568 998
569 688
569 811
569 927
569 949
569 960
570 572
570 576
570 596
570 606
570 718
570 723
570 727
570 738
570 756
570 769
570 772
570 780
570 785
570 793
570 821
570 845
570 855
570 871
570 954
570 969
571 609
571 791
571 943
571 986
572 736
572 845
572 950
573 671
573 867
573 878
573 891
573 943
573 959
574 631
575 594
575 729
575 772
575 818
575 993
576 695
576 769
576 785
576 838
576 855
577 713
577 914
577 986
578 906
579 655
579 773
579 948
580 640
580 766
580 866
580 951
580 958
581 664
581 750
581 976
582 631
582 653
582 776
582 861
582 875
584 808
584 889
584 897
585 598
585 626
585 635
585 938
585 968
586 701
587 711
587 742
588 634
588 930
589 650
589 704
589 719
590 623
590 925
590 947
591 642
591 663
591 667
591 699
592 667
592 765
592 789
592 826
593 609
594 669
594 702
594 726
594 731
594 733
594 772
594 834
594 971
595 728
595 829
595 875
595 903
596 598
596 599
596 604
596 607
596 651
596 653
596 659
596 720
596 727
596 748
596 769
596 772
596 927
596 946
596 960
597 642
597 667
597 694
597 758
597 923
597 958
598 626
598 629
598 634
598 635
598 642
598 654
598 693
598 747
598 799
598 802
598 814
598 836
598 907
598 938
598 961
598 968
598 972
598 987
599 688
599 850
599 927
600 693
600 928
601 612
601 724
601 840
601 851
601 885
601 889
601 909
601 944
602 734
602 736
602 875
603 642
603 694
603 765
603 770
603 937
605 704
605 720
606 718
606 769
606 793
606 855
606 871
607 686
607 877
608 805
608 829
608 883
609 840
609 914
609 979
610 664
611 834
611 874
612 724
612 757
612 761
612 796
612 851
612 889
613 616
613 733
613 801
613 914
613 918
613 986
613 998
614 685
614 722
614 798
614 839
615 645
615 784
615 807
615 843
615 878
616 733
616 801
616 858
616 914
617 698
617 736
617 742
617 939
618 711
618 717
618 734
618 736
618 783
618 815
618 902
618 978
619 644
619 696
619 752
619 760
619 761
619 858
619 874
619 986
620 686
620 999
621 716
622 642
622 737
622 984
624 735
624 984
625 642
625 693
626 629
626 938
627 642
627 694
628 665
628 681
628 687
628 710
628 724
628 725
628 807
628 824
628 825
628 827
628 831
628 846
628 849
628 877
628 905
628 912
628 934
628 967
628 973
628 974
628 979
628 996
629 747
629 799
629 856
629 968
630 684
630 795
630 933
631 653
631 792
631 861
631 919
631 949
631 950
631 981
632 640
632 875
632 879
632 951
632 958
633 884
634 637
634 647
634 664
634 665
634 684
634 687
634 689
634 691
634 707
634 709
634 770
634 777
634 778
634 790
634 807
634 812
634 836
634 846
634 849
634 870
634 905
634 933
634 940
634 947
634 979
635 907
636 828
638 691
638 697
638 812
638 875
638 886
639 642
639 647
639 802
639 807
639 989
640 958
641 711
641 751
641 875
642 650
642 658
642 663
642 664
642 667
642 669
642 670
642 693
642 694
642 696
642 699
642 701
642 715
642 716
642 739
642 766
642 773
642 786
642 789
642 803
642 814
642 826
642 833
642 850
642 853
642 871
642 875
642 888
642 901
642 905
642 915
642 926
642 927
642 928
642 937
642 947
642 957
642 958
642 979
642 983
642 984
642 988
642 989
642 994
643 668
643 761
643 889
644 696
644 760
645 674
645 685
645 784
645 839
645 843
645 851
647 662
648 724
649 699
649 854
650 846
650 930
651 886
651 976
651 977
653 776
653 946
654 888
654 938
654 979
654 983
655 898
656 861
656 927
657 713
657 733
657 914
657 936
658 680
658 701
658 737
658 758
658 763
658 866
658 880
658 883
658 906
658 913
658 932
658 937
658 941
658 951
658 984
659 792
660 770
660 925
661 662
661 854
662 667
662 854
664 679
664 683
664 686
664 706
664 708
664 733
664 750
664 764
664 771
664 773
664 781
664 807
664 857
664 874
664 900
664 917
664 922
664 956
664 976
664 999
665 778
665 807
665 973
665 999
666 744
666 825
666 849
666 870
667 837
668 675
668 750
668 761
668 881
669 772
669 788
669 858
669 874
670 984
671 791
671 878
672 846
672 870
672 947
673 850
673 927
674 705
674 782
674 791
674 819
674 859
675 881
677 832
678 984
679 681
679 824
679 831
679 912
680 765
680 787
681 824
681 831
681 846
681 877
681 956
683 706
683 886
684 709
684 940
685 843
686 807
688 811
688 850
688 927
688 949
689 791
689 857
689 886
689 934
690 710
690 967
691 750
691 773
691 778
691 812
691 865
691 886
691 934
691 999
692 858
693 803
693 883
693 926
693 957
693 961
695 769
696 760
696 874
696 914
697 865
697 886
697 934
698 736
698 939
699 816
700 891
701 746
702 733
702 745
702 768
702 858
702 874
702 896
702 913
702 914
703 874
704 720
705 773
706 719
706 877
706 922
707 770
707 777
707 807
707 825
707 836
707 947
709 766
709 825
709 846
709 947
709 979
710 956
710 967
711 783
711 899
711 978
712 930
712 947
712 979
713 914
713 918
714 762
714 788
714 824
714 829
714 911
715 743
715 770
715 777
715 835
715 910
716 739
716 937
716 957
717 815
717 875
717 902
717 978
718 793
718 821
718 871
718 950
719 770
719 836
720 945
720 987
721 737
721 953
722 829
722 867
722 878
723 756
723 792
723 837
723 855
724 733
724 757
724 761
724 796
724 851
724 869
724 929
725 849
725 994
726 772
728 829
728 845
729 750
729 773
729 794
729 800
729 810
729 824
729 920
729 979
730 742
730 875
730 975
731 817
731 830
731 927
732 884
733 738
733 745
733 750
733 755
733 761
733 868
733 874
733 884
733 913
733 914
733 986
733 991
734 736
734 742
735 802
735 926
736 742
736 845
736 869
736 902
736 939
736 947
736 949
736 978
737 774
737 874
737 965
738 755
738 801
738 818
738 914
738 918
738 936
738 986
739 853
740 756
740 780
740 845
740 965
741 842
742 751
742 939
742 954
743 910
744 846
744 947
745 768
745 772
745 874
745 896
745 914
747 968
748 817
748 830
748 859
748 861
748 927
750 846
750 898
750 908
750 973
750 977
751 874
751 875
752 874
753 773
753 806
753 867
753 942
754 873
754 960
755 801
755 914
757 819
758 883
759 832
759 893
760 874
761 808
761 809
761 851
761 858
761 874
762 788
762 829
762 855
762 939
762 954
763 883
763 941
764 824
764 905
764 999
765 826
765 988
766 786
766 793
766 866
766 875
766 879
766 951
766 958
766 995
767 837
767 845
767 855
767 950
768 874
768 896
769 855
769 947
770 777
770 836
770 905
770 910
770 970
770 979
772 834
772 858
772 874
772 916
772 927
772 993
773 794
773 806
773 942
773 947
773 948
773 973
773 975
774 984
775 870
775 886
778 973
780 793
780 855
782 843
783 875
783 902
784 843
785 855
786 995
786 996
787 937
788 895
788 954
789 826
790 807
790 849
790 999
791 806
792 802
792 871
792 981
792 995
793 871
794 800
794 843
794 857
795 807
796 851
796 869
796 936
797 976
798 859
799 968
801 914
802 853
802 979
803 875
803 901
803 926
804 810
806 942
806 975
807 849
807 876
807 905
807 935
807 973
808 889
808 897
809 878
809 893
810 843
811 875
811 949
812 874
812 934
813 875
813 995
814 938
815 875
815 902
817 927
818 858
818 874
819 878
821 969
822 823
822 903
822 965
822 973
823 903
824 912
824 956
825 925
825 931
825 955
825 970
825 979
827 912
829 866
829 875
829 895
829 911
829 950
829 954
829 995
830 927
831 849
832 878
832 893
833 937
834 993
835 955
835 979
836 930
836 979
837 845
837 860
837 871
837 944
838 855
838 871
838 981
840 881
841 927
841 993
843 999
845 860
845 950
846 925
846 940
846 947
846 979
846 986
846 999
847 848
847 915
848 915
848 937
849 876
849 905
849 925
849 935
849 999
850 927
850 960
851 859
851 869
851 889
851 897
852 985
854 987
855 871
855 946
856 903
856 951
858 874
858 914
858 916
858 927
858 945
861 874
861 981
862 979
865 886
865 934
865 948
866 951
866 958
867 942
868 914
868 980
869 885
870 947
871 969
872 921
872 999
874 894
874 896
874 914
874 966
874 969
874 993
874 998
875 879
875 886
875 899
875 995
877 999
878 937
878 943
878 959
878 962
882 904
883 932
883 941
883 992
884 887
884 913
884 914
884 936
884 962
885 909
885 914
886 941
886 979
887 936
889 891
889 897
889 944
890 927
892 903
894 993
899 902
900 908
900 922
901 926
901 928
902 927
902 978
903 904
904 922
904 984
904 995
907 938
908 922
908 979
911 954
912 974
913 924
913 962
914 918
914 936
914 965
914 986
918 986
921 999
925 931
925 947
925 970
925 979
926 928
927 943
927 993
928 957
931 947
937 994
940 947
942 975
943 948
947 955
947 979
951 958
953 984
955 964
955 979
957 989
958 995
962 985
967 979
967 999
970 979
979 987
