0 229
0 235
0 323
0 525
0 592
0 596
0 658
0 693
0 843
0 953
0 954
0 962
1 41
1 269
1 549
1 690
1 728
1 892
2 151
2 153
2 239
2 249
2 496
3 17
3 253
3 292
3 359
3 608
3 712
3 736
3 742
3 772
3 944
4 67
4 291
4 308
4 506
4 517
4 713
4 814
4 854
4 916
5 82
5 189
5 621
5 888
5 899
6 99
6 380
6 617
6 761
6 802
6 814
6 830
7 60
7 127
7 521
7 559
7 741
7 830
8 122
8 190
8 640
8 656
9 185
9 356
9 739
9 760
9 884
10 73
10 83
10 178
10 284
10 342
10 347
10 369
10 373
10 394
10 406
10 433
10 453
10 501
10 549
10 649
10 673
10 698
10 727
10 783
10 829
10 874
10 900
10 980
10 994
11 423
11 570
11 657
11 746
11 928
12 183
12 322
12 346
12 371
12 440
12 691
12 770
12 813
12 846
12 990
13 35
13 217
13 220
13 233
13 235
13 469
13 608
13 853
13 857
14 108
14 151
14 215
14 226
14 450
14 703
14 804
14 807
14 866
15 108
15 123
15 168
15 226
15 496
15 635
15 835
16 77
16 219
16 359
16 394
16 581
16 633
16 711
16 816
16 925
17 68
17 164
17 304
17 459
17 469
17 530
17 582
17 608
17 858
18 50
18 123
18 151
18 212
18 252
18 506
18 598
18 830
18 949
19 29
19 172
19 192
19 258
19 406
20 220
20 330
20 469
20 630
21 38
21 89
21 101
21 126
21 138
21 142
21 151
21 183
21 282
21 329
21 378
21 416
21 523
21 527
21 550
21 588
21 613
21 728
21 738
21 751
21 768
21 779
21 790
21 820
21 843
21 848
21 880
21 965
21 990
22 83
22 284
22 314
22 371
22 383
22 433
22 531
22 569
22 824
22 930
23 29
23 663
23 668
23 702
23 770
23 797
23 927
24 87
24 204
24 250
24 452
24 470
24 485
24 683
24 877
24 942
24 949
24 988
24 990
25 119
25 139
25 234
25 346
25 353
25 634
25 723
25 813
25 868
26 108
26 117
26 123
26 151
26 198
26 463
26 598
26 710
26 776
26 839
27 31
27 72
27 162
27 239
27 281
27 351
27 387
27 430
27 441
27 598
27 748
27 993
28 50
28 677
29 192
29 201
29 337
29 534
29 584
29 593
29 805
29 900
30 38
30 48
30 138
30 142
30 223
30 833
31 151
31 166
31 363
31 599
31 604
31 785
31 928
31 945
32 124
32 137
32 151
32 251
32 266
32 280
32 319
32 360
32 427
32 437
32 533
32 549
32 550
32 586
32 728
32 744
32 814
32 932
32 977
33 108
33 117
33 151
33 165
33 395
33 423
33 432
33 476
33 486
33 512
33 543
33 618
33 643
33 767
33 796
33 891
33 928
34 63
34 125
34 150
34 151
34 256
34 279
34 330
34 336
34 338
34 377
34 379
34 434
34 441
34 464
34 498
34 506
34 517
34 622
34 683
34 713
34 728
34 767
34 806
34 814
34 854
34 917
34 942
34 960
34 999
35 185
35 195
35 233
35 339
35 353
35 469
35 630
35 643
35 678
36 115
36 157
36 264
36 374
36 741
36 817
37 139
37 353
37 440
37 857
38 137
38 349
38 768
38 790
38 833
39 156
39 248
39 371
39 692
39 723
39 791
39 813
39 972
40 377
40 476
40 570
40 888
41 83
41 269
41 364
41 435
41 493
41 508
41 549
41 579
41 709
41 892
41 963
42 395
42 398
42 424
42 506
42 617
42 814
42 934
42 976
42 990
43 124
43 346
43 550
44 271
44 274
44 320
44 517
44 518
44 565
44 620
44 644
44 718
44 942
45 232
45 347
45 362
45 566
45 654
45 837
46 184
46 275
46 324
46 518
46 706
46 788
46 877
46 937
47 188
47 234
47 390
47 557
47 692
48 71
48 233
48 283
48 339
48 356
48 567
48 608
48 781
48 827
48 898
49 122
49 236
49 377
49 510
49 570
49 595
49 814
49 879
49 888
49 996
50 55
50 135
50 252
50 480
50 495
51 67
51 106
51 175
51 212
51 225
51 305
51 308
51 377
51 409
51 506
51 570
51 713
51 761
51 786
51 814
51 830
51 852
52 82
52 492
52 517
52 891
53 233
53 469
53 475
53 630
53 772
53 853
54 169
54 214
54 336
54 420
54 798
55 102
55 135
55 252
55 407
55 480
55 495
55 598
55 942
56 142
56 245
56 275
56 378
56 416
56 696
56 751
56 790
56 833
56 836
57 322
57 348
57 598
57 617
57 680
57 727
57 814
57 852
58 135
58 144
58 150
58 190
58 252
58 256
58 308
58 470
58 506
58 592
58 598
58 622
58 665
58 713
58 722
58 733
58 761
58 784
58 786
58 790
58 792
58 814
58 830
59 83
59 151
59 190
59 331
59 346
59 383
59 471
59 519
59 551
59 568
59 569
59 594
59 614
59 659
59 663
59 727
59 734
59 790
59 809
59 811
59 824
59 930
59 978
60 246
60 285
60 418
60 421
60 469
60 506
60 518
60 521
60 741
60 810
60 832
60 838
60 942
61 151
61 321
61 471
61 743
61 787
62 142
62 259
62 799
62 808
62 972
63 93
63 132
63 306
63 365
63 377
63 441
63 597
63 796
63 888
64 225
64 291
64 506
64 508
64 577
64 713
64 761
64 814
64 916
65 129
65 167
65 182
65 204
65 421
65 482
65 483
65 644
66 111
66 116
66 146
66 162
66 191
66 415
66 431
66 466
66 630
66 648
66 687
66 771
66 780
66 892
66 907
66 994
67 291
67 308
67 506
67 713
67 761
67 814
68 104
68 304
68 470
68 479
68 801
68 858
69 123
69 278
69 280
69 285
69 420
69 565
69 768
69 798
69 924
69 937
70 215
70 226
70 752
70 803
70 804
70 866
71 339
72 151
72 162
72 249
72 321
72 366
72 471
72 561
72 787
72 830
72 842
72 904
73 283
73 284
73 384
73 406
73 551
73 673
73 748
73 770
73 818
73 847
74 484
74 721
74 758
74 777
75 288
75 705
75 885
75 991
76 466
76 529
76 797
76 805
77 158
77 581
77 711
77 819
78 81
78 596
78 658
78 735
78 868
78 889
78 962
78 995
79 260
79 447
79 510
79 551
79 660
79 726
79 750
79 812
79 862
80 188
80 269
80 322
80 390
80 417
80 549
80 810
80 834
80 892
80 963
80 992
81 241
81 466
81 544
81 596
81 658
81 693
81 780
81 954
81 995
82 117
82 123
82 489
82 543
82 595
82 767
82 928
83 151
83 162
83 190
83 237
83 281
83 283
83 292
83 383
83 401
83 433
83 529
83 550
83 551
83 569
83 598
83 614
83 650
83 654
83 656
83 659
83 701
83 727
83 730
83 734
83 755
83 809
83 865
83 930
83 946
83 978
83 990
84 253
84 283
84 323
84 459
84 584
84 717
84 790
84 864
84 902
85 261
85 263
85 339
85 396
85 514
85 723
86 160
86 211
86 313
86 421
86 669
86 830
86 981
87 151
87 173
87 238
87 250
87 278
87 418
87 422
87 452
87 470
87 485
87 537
87 587
87 590
87 683
87 688
87 699
87 720
87 814
87 871
87 942
87 953
87 956
87 990
88 175
88 483
88 517
88 722
88 761
88 786
88 854
88 916
89 101
89 137
89 149
89 154
89 161
89 360
89 413
89 427
89 454
89 487
89 549
89 928
89 932
90 158
90 203
90 219
90 284
90 347
90 408
90 433
90 499
90 510
90 549
90 576
90 665
90 694
90 770
91 172
91 529
92 194
92 715
92 939
93 108
93 123
93 191
93 226
93 387
93 392
93 463
93 503
93 505
93 609
93 746
93 752
93 819
93 854
93 928
94 151
94 165
94 192
94 227
94 257
94 654
94 661
94 711
94 770
94 908
94 941
94 953
94 997
95 106
95 175
95 225
95 330
95 336
95 357
95 377
95 464
96 200
96 339
96 353
96 403
96 618
96 641
96 663
96 782
96 797
96 836
97 307
97 551
97 585
97 596
97 653
98 158
98 303
98 372
98 419
98 429
98 430
98 478
98 489
98 510
98 526
98 532
98 551
98 633
98 673
98 686
98 711
98 802
98 856
98 942
98 998
99 228
99 252
99 293
99 407
99 598
99 680
99 733
99 764
99 814
99 942
100 121
100 292
100 421
100 424
100 437
101 123
101 275
101 391
101 412
101 511
101 520
101 533
101 586
101 725
101 790
101 801
101 902
101 965
102 212
102 506
102 713
102 792
102 814
102 830
102 934
102 988
103 151
103 162
103 224
103 780
103 787
103 814
104 187
104 304
104 530
104 580
104 582
104 608
104 735
105 137
105 138
105 275
105 833
106 150
106 175
106 256
106 321
106 330
106 336
106 338
106 434
106 441
106 464
106 506
106 607
106 622
106 713
106 770
106 786
106 792
106 806
106 819
106 888
106 921
106 928
106 932
107 131
107 204
107 470
107 527
107 590
107 624
107 942
108 132
108 136
108 151
108 226
108 237
108 340
108 369
108 467
108 476
108 512
108 539
108 546
108 605
108 713
108 752
108 803
108 804
108 807
108 835
108 873
108 902
108 928
108 993
109 203
109 430
109 502
109 510
109 637
109 655
109 665
109 698
109 847
109 883
109 925
110 233
110 235
110 457
110 868
111 438
111 506
111 585
111 907
112 233
112 459
112 471
112 931
112 974
113 247
113 368
113 447
113 698
113 774
113 829
113 906
113 911
114 301
114 549
114 800
115 137
115 484
115 696
116 431
116 697
117 236
117 333
117 395
117 470
117 486
117 492
117 498
117 543
117 767
117 823
117 854
117 876
117 891
117 929
117 993
118 122
118 236
118 317
118 366
118 808
118 882
118 967
119 203
119 629
119 699
120 246
120 598
120 620
120 680
121 130
121 138
121 142
121 266
121 405
121 416
121 437
121 470
121 487
121 511
121 513
121 565
121 750
121 779
121 790
121 859
121 902
121 924
121 932
122 150
122 184
122 216
122 226
122 236
122 279
122 301
122 309
122 315
122 357
122 366
122 377
122 391
122 395
122 407
122 434
122 443
122 448
122 465
122 516
122 549
122 555
122 571
122 598
122 621
122 635
122 636
122 740
122 767
122 790
122 814
122 876
122 878
122 879
122 891
122 899
122 914
122 928
122 942
122 967
123 226
123 377
123 410
123 423
123 463
123 492
123 505
123 512
123 570
123 573
123 663
123 667
123 703
123 709
123 710
123 746
123 749
123 767
123 803
123 814
123 834
123 842
123 844
123 870
123 881
123 891
123 893
123 928
123 929
124 183
124 217
124 234
124 248
124 264
124 289
124 339
124 346
124 367
124 371
124 467
124 550
124 560
124 813
124 826
124 857
124 983
125 150
125 349
125 377
125 498
125 622
125 713
125 888
126 142
126 378
126 416
126 470
126 613
126 768
127 169
127 246
127 412
127 521
127 583
127 741
128 157
128 259
128 527
128 536
128 647
128 669
128 852
128 991
129 169
129 182
129 304
129 320
129 334
129 377
129 506
129 508
129 552
129 564
129 588
129 786
129 960
129 975
130 487
130 511
130 790
130 848
131 202
131 345
131 401
131 409
131 422
131 470
131 527
131 563
131 590
131 624
131 625
131 758
131 784
131 885
131 942
131 991
132 225
132 306
132 349
132 365
132 377
132 506
132 542
132 597
132 796
132 888
133 506
133 604
133 630
133 733
133 814
133 934
133 942
134 175
134 225
134 483
134 506
134 517
134 542
134 565
134 598
134 700
134 713
134 786
134 814
134 917
135 506
135 598
135 733
135 863
135 885
136 168
136 191
136 239
136 255
136 423
136 463
136 492
136 528
136 539
136 543
136 555
136 561
136 570
136 573
136 595
136 625
136 643
136 667
136 695
136 714
136 749
136 763
136 776
136 780
136 842
136 844
136 873
136 878
136 881
136 928
136 929
136 959
137 138
137 199
137 523
137 550
137 586
137 728
137 751
137 768
137 880
137 898
137 902
137 926
137 972
137 984
137 990
138 142
138 230
138 470
138 487
138 521
138 758
138 768
138 790
138 797
138 833
138 880
138 926
138 984
138 990
139 194
139 195
139 231
139 353
139 680
139 704
139 727
139 868
139 884
140 151
140 243
140 249
140 354
140 643
140 894
140 899
140 934
140 993
141 284
141 449
141 551
141 633
141 855
141 912
142 151
142 224
142 275
142 378
142 416
142 466
142 511
142 533
142 608
142 613
142 620
142 680
142 758
142 768
142 820
142 887
142 902
142 909
142 926
142 932
142 981
142 990
142 992
143 190
143 196
143 285
143 500
143 610
143 946
144 520
144 634
144 790
144 961
145 302
145 383
145 532
145 551
145 673
145 684
145 968
146 197
146 447
146 714
146 912
146 925
147 212
147 226
147 319
147 336
147 381
147 424
147 501
147 814
147 822
147 976
148 284
148 358
148 519
148 778
149 322
149 427
149 549
149 550
149 557
149 728
149 754
149 846
149 892
149 971
150 225
150 236
150 256
150 279
150 306
150 318
150 336
150 338
150 349
150 365
150 377
150 434
150 441
150 459
150 492
150 498
150 622
150 761
150 786
150 806
150 814
150 852
150 888
151 153
151 163
151 168
151 181
151 186
151 191
151 200
151 203
151 219
151 222
151 224
151 239
151 249
151 283
151 301
151 321
151 351
151 353
151 364
151 368
151 383
151 387
151 392
151 399
151 430
151 434
151 443
151 450
151 459
151 466
151 467
151 469
151 471
151 486
151 496
151 503
151 505
151 506
151 510
151 516
151 519
151 521
151 526
151 555
151 561
151 573
151 595
151 597
151 604
151 640
151 648
151 650
151 659
151 665
151 669
151 690
151 719
151 733
151 749
151 752
151 763
151 780
151 785
151 786
151 787
151 797
151 803
151 804
151 807
151 814
151 839
151 844
151 868
151 869
151 879
151 894
151 916
151 928
151 929
151 945
151 968
151 993
152 272
152 337
152 408
152 648
152 663
152 770
152 872
153 433
153 749
153 787
153 928
154 360
154 932
155 449
155 551
155 633
155 790
155 793
155 912
156 341
156 440
156 737
156 909
156 918
156 935
157 234
157 259
157 428
157 442
157 470
157 527
157 539
157 550
157 852
157 885
157 942
157 949
157 956
157 991
158 219
158 303
158 523
158 598
158 633
158 665
158 884
159 246
159 521
159 559
159 598
159 741
159 838
160 224
160 385
160 470
160 527
160 541
160 565
160 620
161 266
161 299
161 319
161 346
161 360
161 364
161 427
161 454
161 493
161 523
161 549
161 728
161 789
161 843
162 196
162 213
162 222
162 225
162 277
162 283
162 290
162 362
162 366
162 409
162 432
162 471
162 510
162 535
162 543
162 598
162 654
162 674
162 734
162 755
162 767
162 780
162 842
162 865
162 913
162 944
162 946
162 963
162 973
162 993
163 226
163 384
163 392
163 866
163 894
164 190
164 304
164 402
164 479
164 608
164 736
165 283
165 331
165 610
165 978
166 351
166 945
167 238
167 634
167 813
168 226
168 539
168 598
168 703
169 214
169 285
169 420
169 565
169 588
169 758
169 798
169 845
170 440
170 742
170 868
170 968
171 203
171 369
171 372
171 432
171 628
171 698
171 701
171 900
171 958
171 968
172 174
172 231
172 232
172 241
172 343
172 408
172 497
172 551
172 641
172 653
172 663
172 668
172 698
172 737
172 770
172 792
172 808
172 828
172 910
173 334
173 355
173 482
173 508
173 790
173 851
173 960
174 201
174 375
174 584
174 602
174 797
174 910
174 927
175 211
175 225
175 256
175 338
175 424
175 483
175 506
175 622
175 722
175 814
175 817
175 830
175 854
175 916
175 934
176 184
176 405
176 487
176 520
176 790
177 212
177 283
177 362
177 654
177 748
178 190
178 196
178 223
178 283
178 500
178 727
178 734
178 946
179 272
179 376
180 982
181 226
181 381
181 561
181 682
182 334
182 425
182 508
182 564
183 280
183 322
183 386
183 470
183 477
183 558
183 616
183 691
183 790
183 813
183 843
183 950
184 214
184 346
184 405
184 421
184 469
184 493
184 511
184 518
184 520
184 548
184 612
184 615
184 616
184 617
184 625
184 634
184 663
184 671
184 677
184 738
184 790
184 798
184 814
184 834
184 877
184 937
184 942
184 954
184 965
184 990
185 376
185 391
185 469
185 475
185 630
185 663
186 211
186 329
186 642
186 747
186 790
186 949
187 253
187 466
187 469
187 530
187 608
187 712
188 600
188 892
188 985
189 216
189 388
189 395
189 486
189 492
189 528
189 891
190 196
190 277
190 283
190 345
190 383
190 466
190 500
190 528
190 531
190 535
190 546
190 569
190 656
190 659
190 727
190 770
190 780
190 811
190 840
190 842
190 896
190 946
190 978
191 361
192 233
192 245
192 307
192 316
192 525
192 632
192 661
192 663
192 665
192 685
192 770
192 888
192 953
192 994
192 997
193 233
193 457
193 469
193 472
193 475
193 795
193 853
194 233
194 353
194 440
195 760
195 987
196 237
196 277
196 283
196 329
196 383
196 408
196 471
196 500
196 519
196 656
196 727
196 865
196 946
197 510
197 714
197 925
198 226
198 340
198 710
198 996
199 210
199 308
199 391
199 490
199 586
199 675
199 777
199 797
199 848
199 892
199 926
199 932
199 972
200 556
200 660
200 665
200 673
200 730
200 812
200 862
200 877
201 245
201 325
201 382
201 593
202 228
202 470
202 527
202 991
203 347
203 432
203 458
203 546
203 569
203 598
203 628
203 637
203 646
203 648
203 701
203 724
203 745
203 783
203 790
203 824
203 900
203 930
203 968
204 236
204 385
204 421
204 422
204 527
204 590
204 624
204 709
204 814
204 845
204 885
204 942
205 314
205 444
205 648
205 968
205 980
206 369
206 429
206 673
206 769
206 824
206 829
206 951
207 280
207 305
207 565
207 838
207 870
207 919
208 375
208 775
208 994
209 588
209 706
209 750
209 937
210 533
210 790
210 984
211 669
211 949
212 308
212 377
212 424
212 434
212 483
212 501
212 515
212 713
212 777
212 814
212 822
212 830
212 976
212 990
213 283
213 345
213 637
213 654
213 663
213 711
213 748
213 780
213 865
214 285
214 503
214 521
214 565
214 571
214 721
214 758
214 798
214 990
215 226
215 243
215 496
215 666
215 746
215 804
215 807
215 814
215 866
216 309
216 595
216 605
216 635
216 767
217 469
217 472
217 633
217 744
217 770
217 797
217 987
218 311
218 469
218 472
218 744
218 909
219 449
219 499
219 506
219 510
219 576
219 581
219 633
219 816
220 234
220 469
220 760
221 315
221 347
221 641
221 851
221 953
222 309
222 321
222 381
222 547
222 749
222 753
222 780
222 904
222 958
222 964
223 282
223 416
223 437
223 487
223 511
223 518
223 544
223 690
223 738
223 751
223 790
223 800
223 808
223 829
223 890
223 990
224 436
224 640
224 728
224 778
224 973
225 330
225 349
225 377
225 409
225 433
225 448
225 464
225 506
225 515
225 542
225 671
225 733
225 761
225 786
225 814
225 888
225 990
226 236
226 246
226 249
226 259
226 340
226 395
226 434
226 496
226 503
226 648
226 666
226 703
226 778
226 803
226 804
226 807
226 866
226 871
226 873
226 894
226 928
226 929
227 468
227 507
227 770
228 235
228 271
228 274
228 286
228 329
228 334
228 421
228 470
228 571
228 598
228 699
228 713
228 728
228 790
228 882
228 942
228 990
229 438
229 466
229 538
229 632
229 889
229 954
230 322
230 467
230 550
230 826
230 868
230 878
230 905
231 391
231 487
231 744
232 337
232 397
232 770
232 957
233 235
233 244
233 289
233 324
233 339
233 343
233 356
233 376
233 391
233 413
233 457
233 475
233 479
233 551
233 567
233 630
233 727
233 760
233 781
233 795
233 860
233 892
234 353
234 391
234 469
234 723
234 729
234 857
235 457
235 469
235 707
235 773
235 781
236 357
236 366
236 385
236 410
236 434
236 506
236 595
236 598
236 879
236 891
236 899
236 993
237 301
237 418
237 531
237 628
237 730
238 418
238 421
238 425
238 507
238 527
238 620
238 652
238 683
238 942
239 321
239 351
239 392
239 506
239 561
239 625
239 710
239 763
239 785
239 928
239 993
240 469
240 709
240 715
240 742
240 791
240 898
240 935
240 990
241 327
241 370
241 524
241 653
241 797
242 589
242 661
242 857
242 954
243 561
243 604
243 643
243 869
243 928
244 311
244 469
244 567
244 608
244 611
244 658
245 258
245 316
245 370
245 382
245 483
245 490
245 510
245 534
245 553
245 584
245 602
245 663
245 770
245 870
245 910
245 954
246 280
246 377
246 521
246 559
246 588
246 626
246 810
246 942
246 990
247 394
247 460
247 510
247 665
247 714
248 346
248 550
248 963
249 354
249 505
249 635
249 708
249 928
250 362
250 401
250 537
250 559
250 698
250 720
250 810
250 942
251 360
251 493
251 533
251 887
251 932
252 329
252 591
252 598
252 814
253 379
253 459
253 469
253 717
253 857
254 388
254 512
254 605
254 709
254 767
254 893
254 928
255 395
255 463
255 844
255 873
255 999
256 300
256 308
256 314
256 330
256 336
256 377
256 441
256 483
256 498
256 506
256 517
256 713
256 806
256 814
256 876
256 928
257 415
257 438
257 465
257 529
257 770
257 771
257 830
257 953
257 962
257 990
258 355
258 585
258 608
258 653
258 927
259 471
259 499
259 527
259 541
259 563
259 598
259 635
259 688
259 797
259 814
259 830
259 852
259 863
260 432
260 535
260 770
260 812
260 862
260 870
261 353
261 391
261 404
261 514
261 909
262 316
262 370
262 561
262 715
262 994
263 369
263 391
263 892
263 909
264 319
264 478
264 490
264 728
264 956
265 324
265 402
265 431
265 544
265 550
265 611
266 299
266 360
266 427
266 533
266 728
266 815
266 834
266 932
266 943
267 523
267 533
267 586
267 709
267 992
268 297
268 323
268 438
268 466
268 565
268 693
268 856
269 301
269 319
269 322
269 386
269 418
269 469
269 549
269 550
269 579
269 620
269 681
269 690
269 696
269 716
269 813
269 841
269 868
269 892
269 898
269 909
269 943
269 947
269 948
269 950
270 670
271 334
271 421
271 576
271 620
272 329
272 350
272 391
272 514
272 723
272 909
272 981
273 314
273 369
273 433
273 755
273 867
273 900
273 964
274 288
274 418
274 421
274 521
274 552
274 620
274 758
274 882
275 378
275 427
275 470
275 509
275 533
275 550
275 586
275 630
275 635
275 751
275 790
275 833
275 880
275 918
275 934
275 990
276 374
276 513
276 549
276 587
276 663
276 814
276 892
277 283
277 460
277 500
277 591
277 656
278 285
278 320
278 565
278 571
278 924
279 338
279 622
279 741
279 806
280 305
280 418
280 426
280 531
280 565
280 571
280 626
280 641
280 679
280 919
280 990
281 283
281 342
281 383
281 433
281 476
281 535
281 546
281 569
281 650
281 654
281 727
281 730
281 734
281 755
281 809
281 830
281 930
282 487
282 738
282 790
282 990
283 285
283 290
283 309
283 321
283 334
283 362
283 429
283 469
283 479
283 481
283 510
283 527
283 576
283 605
283 651
283 653
283 654
283 656
283 661
283 662
283 682
283 727
283 728
283 734
283 748
283 774
283 780
283 837
283 865
283 896
283 913
283 946
283 962
283 964
283 990
284 298
284 302
284 394
284 406
284 575
284 628
284 665
284 698
284 724
284 774
284 809
284 847
284 862
284 911
285 312
285 334
285 446
285 518
285 521
285 529
285 549
285 552
285 565
285 571
285 588
285 639
285 721
285 758
285 788
285 790
285 798
285 810
285 838
285 863
285 877
285 884
285 932
285 942
286 487
286 521
286 550
286 790
286 838
287 466
287 470
287 518
287 551
287 596
287 794
287 924
288 365
288 418
288 421
288 452
288 470
288 482
288 494
288 790
289 316
289 337
289 370
289 770
289 775
289 797
289 830
290 471
290 562
290 566
290 573
290 973
291 308
291 409
291 418
291 506
291 642
291 713
291 761
291 792
291 814
291 919
291 937
291 990
292 628
292 672
292 783
292 958
292 968
293 328
293 474
293 550
293 598
293 732
293 753
293 942
294 422
294 527
294 563
294 705
294 852
294 885
295 390
295 586
295 709
295 728
295 801
296 407
296 598
296 747
297 302
297 415
297 663
297 685
297 962
297 997
298 517
298 645
298 830
298 915
299 364
299 418
299 427
299 533
299 549
299 586
299 789
299 918
299 932
300 317
300 464
300 506
301 506
301 533
301 550
301 681
301 692
301 804
301 841
301 892
301 898
301 946
301 985
302 673
302 724
302 829
302 847
302 911
303 499
303 551
303 618
303 665
303 994
304 323
304 367
304 459
304 467
304 479
304 582
304 596
304 678
304 858
304 971
305 426
305 469
305 521
305 559
305 565
305 572
305 731
305 810
305 942
306 336
306 377
306 434
306 597
306 625
306 831
306 888
307 311
307 370
307 466
307 469
307 770
307 953
307 997
308 506
308 595
308 598
308 713
308 761
308 766
308 814
308 817
308 852
308 916
309 445
309 605
309 635
309 876
309 899
309 928
309 929
309 953
310 342
310 347
310 369
310 783
311 775
312 417
312 634
312 671
312 990
313 329
313 598
313 713
313 949
314 672
314 673
314 753
314 867
314 930
315 663
315 692
315 856
315 870
316 337
316 408
316 529
316 553
316 585
316 770
317 366
317 487
317 595
317 705
317 786
317 876
318 377
318 498
318 622
318 806
319 364
319 533
319 586
319 728
319 841
319 932
319 942
319 965
319 981
320 334
320 425
320 466
320 482
320 559
320 564
321 498
321 561
321 654
321 719
321 763
321 767
321 778
321 842
321 928
322 440
322 467
322 469
322 490
322 549
322 550
322 557
322 600
322 681
322 691
322 692
322 728
322 754
322 791
322 800
322 801
322 813
322 834
322 846
322 868
322 884
322 909
322 918
322 935
322 947
322 963
322 981
322 995
323 337
323 413
323 459
323 466
323 469
323 538
323 596
323 693
323 715
323 797
323 805
323 910
323 954
323 962
324 402
324 707
324 810
325 603
325 623
325 715
325 828
326 383
326 527
326 759
326 803
326 804
326 823
326 897
326 996
327 343
327 381
327 466
327 653
327 927
327 997
328 329
328 439
328 511
328 527
328 544
328 554
328 598
328 756
328 811
328 937
329 377
329 422
329 428
329 434
329 470
329 504
329 512
329 527
329 537
329 577
329 642
329 647
329 680
329 733
329 756
329 764
329 784
329 852
329 933
329 942
329 949
329 990
330 336
330 365
330 814
330 917
331 724
331 755
331 824
331 888
332 565
333 445
333 505
333 555
333 570
333 746
334 355
334 425
334 508
334 564
334 620
334 680
334 699
334 718
334 810
334 939
334 960
334 975
335 584
335 633
336 377
336 498
336 506
336 511
336 543
336 622
336 700
336 713
336 806
336 810
336 962
336 999
337 529
337 585
337 663
337 707
338 506
338 929
339 367
339 390
339 469
339 479
339 514
339 550
339 678
339 735
339 739
340 388
340 463
340 506
340 539
341 377
341 440
341 469
341 715
341 737
342 783
342 951
342 958
342 968
342 980
343 668
343 932
343 957
344 352
344 378
344 446
344 588
344 639
344 679
344 919
345 383
345 500
345 727
345 978
346 440
346 467
346 477
346 487
346 497
346 521
346 549
346 558
346 619
346 630
346 691
346 709
346 728
346 795
346 813
346 830
346 843
346 868
346 892
346 905
346 920
346 935
346 950
347 432
347 453
347 491
347 510
347 531
347 648
347 654
347 668
347 695
347 701
347 783
347 837
347 873
347 874
347 900
347 906
347 958
348 377
348 407
348 439
348 598
348 680
348 732
348 830
349 365
349 377
349 395
349 506
349 624
350 391
350 474
350 909
351 547
351 570
351 604
351 763
351 785
351 945
351 993
352 446
352 521
352 559
352 588
352 679
352 990
353 391
353 393
353 396
353 465
353 603
353 623
353 728
353 742
353 758
353 770
353 795
353 857
353 868
353 909
353 910
353 960
354 392
354 643
354 648
354 928
355 508
355 652
355 984
356 544
357 399
357 448
357 595
357 688
357 728
357 814
357 914
357 993
358 384
358 654
358 748
358 778
359 489
359 491
359 526
359 551
360 378
360 427
360 493
360 523
360 533
360 962
361 695
361 787
362 383
362 654
362 748
362 778
362 837
362 930
362 973
363 790
364 382
364 396
364 427
364 467
364 469
364 487
364 549
364 622
364 638
364 690
364 709
364 728
364 789
364 801
364 814
364 821
364 834
364 892
364 905
364 950
364 981
365 377
365 383
365 434
365 663
365 888
366 448
366 483
366 636
366 776
366 888
368 510
368 576
368 637
368 698
368 847
368 870
368 906
369 370
369 429
369 433
369 487
369 535
369 546
369 594
369 648
369 672
369 734
369 745
369 769
369 824
369 829
369 930
369 979
370 466
370 469
370 553
370 585
370 910
370 938
370 953
370 994
371 560
371 611
371 791
372 581
372 923
373 453
373 930
374 533
374 572
374 587
374 602
374 696
374 984
375 525
375 836
376 760
376 941
377 408
377 421
377 434
377 464
377 486
377 498
377 506
377 517
377 554
377 586
377 598
377 621
377 622
377 635
377 790
377 796
377 804
377 806
377 814
377 817
377 830
377 873
377 888
377 899
377 917
377 934
377 976
377 991
378 416
378 513
378 768
378 887
379 459
379 593
379 770
380 469
380 480
380 654
380 663
380 680
380 732
381 500
381 904
382 534
382 593
383 384
383 471
383 500
383 546
383 558
383 569
383 594
383 599
383 610
383 614
383 659
383 663
383 665
383 727
383 755
383 836
383 868
383 874
383 896
383 940
383 946
383 968
383 980
384 471
384 648
384 651
384 654
384 735
384 778
384 780
384 837
384 859
385 647
385 852
385 879
385 976
386 477
386 550
386 813
386 826
386 843
386 950
387 763
388 395
388 486
388 506
388 635
388 743
388 876
388 891
389 433
389 436
389 628
389 783
389 968
389 980
390 417
390 427
390 709
390 892
390 943
390 948
390 990
391 393
391 396
391 404
391 457
391 545
391 549
391 551
391 558
391 565
391 603
391 608
391 623
391 633
391 723
391 786
391 790
391 826
391 843
391 853
391 868
391 909
391 942
391 962
391 990
392 609
392 643
392 647
392 654
392 928
393 909
393 932
394 510
394 660
394 665
394 942
395 492
395 543
395 555
395 657
395 767
395 817
395 891
396 723
396 790
396 909
396 941
397 618
397 663
398 470
398 683
398 733
398 814
399 492
399 604
399 787
399 945
399 993
400 440
400 918
401 470
401 652
401 942
402 475
402 544
402 707
402 735
402 770
403 641
403 663
403 782
403 923
403 956
404 909
405 487
405 521
405 615
405 790
406 549
406 576
407 439
407 474
407 506
407 713
407 834
407 852
407 942
407 988
408 663
408 664
408 834
408 836
409 443
409 506
409 713
409 761
409 814
409 949
410 512
410 824
411 459
411 736
411 768
411 995
412 418
412 552
412 571
412 577
412 598
412 615
412 741
412 810
412 828
412 838
413 459
413 606
413 678
413 735
413 860
413 903
414 425
414 508
414 527
414 888
414 939
415 685
415 770
415 800
416 511
416 990
417 435
417 619
417 947
417 950
418 421
418 425
418 470
418 482
418 506
418 507
418 527
418 577
418 587
418 589
418 598
418 620
418 626
418 683
418 698
418 713
418 715
418 727
418 728
418 810
418 814
418 975
418 990
419 489
419 663
419 824
419 851
420 446
420 583
420 639
420 679
420 721
420 758
420 762
420 798
420 830
420 845
421 492
421 507
421 527
421 620
421 688
421 699
421 731
421 739
421 790
421 838
421 852
421 942
421 956
421 975
421 990
422 527
422 563
422 852
422 885
422 928
422 991
423 837
423 842
423 881
423 893
424 501
424 506
424 515
424 587
424 598
424 680
424 713
424 733
424 741
424 766
424 822
424 830
424 942
425 564
425 565
425 924
425 939
425 960
425 990
426 571
426 626
426 731
426 748
426 770
426 790
426 810
426 814
426 919
426 991
427 469
427 493
427 523
427 549
427 579
427 691
427 728
427 789
427 810
427 833
427 932
427 963
427 981
428 814
428 849
428 942
428 949
429 465
429 469
429 649
429 689
429 895
429 979
430 433
430 460
430 502
430 576
430 637
430 662
430 698
430 812
430 870
430 883
431 465
431 521
431 523
431 661
431 685
431 697
431 770
432 453
432 458
432 646
432 698
432 724
432 727
432 874
432 900
432 968
433 444
433 453
433 486
433 524
433 531
433 535
433 562
433 568
433 569
433 663
433 698
433 727
433 755
433 756
433 867
433 879
433 930
433 968
434 443
434 466
434 470
434 492
434 498
434 527
434 549
434 597
434 713
434 790
434 796
434 806
434 814
434 817
434 831
434 835
434 875
434 888
434 914
434 942
434 990
434 993
435 549
435 789
436 471
436 500
436 792
436 942
436 974
437 520
437 725
437 790
437 859
437 887
438 685
439 680
439 732
439 830
439 873
440 545
440 623
440 737
440 868
440 909
441 622
441 806
441 814
441 917
441 999
442 470
442 536
442 631
442 713
442 849
442 871
442 949
443 635
443 740
443 814
443 878
443 879
444 648
444 727
444 879
445 512
445 746
446 639
446 758
446 777
446 790
446 845
446 915
446 928
447 556
447 660
447 665
447 862
448 460
448 486
448 517
448 520
448 605
448 621
448 636
448 645
448 767
448 786
448 802
448 876
448 888
448 914
449 551
449 607
449 633
449 663
449 937
449 952
449 998
450 643
450 807
450 866
451 547
451 598
451 993
452 487
453 701
453 797
454 549
454 690
454 709
454 728
454 834
455 510
455 665
455 698
455 726
455 797
455 891
455 989
456 823
456 929
457 469
458 494
458 735
458 900
459 470
459 592
459 596
459 658
459 661
459 693
459 717
459 736
459 746
459 770
459 947
459 954
460 660
460 665
460 883
460 905
460 925
461 805
462 554
462 598
462 680
462 770
462 949
462 983
462 991
463 776
463 873
463 911
463 959
464 517
464 598
464 700
464 916
464 917
465 468
465 596
465 632
465 770
465 907
465 997
466 468
466 469
466 475
466 529
466 534
466 596
466 632
466 648
466 661
466 673
466 693
466 729
466 770
466 797
466 857
466 858
466 889
466 932
466 944
466 954
466 957
466 982
466 997
467 514
467 549
467 557
467 681
467 692
467 754
467 801
467 846
467 884
467 892
467 898
467 947
468 685
468 770
468 847
468 927
468 962
469 472
469 530
469 544
469 550
469 608
469 630
469 653
469 661
469 684
469 714
469 723
469 729
469 735
469 739
469 760
469 765
469 791
469 795
469 814
469 837
469 847
469 851
469 853
469 855
469 872
469 902
469 903
469 905
469 909
469 910
469 918
469 932
469 941
469 942
469 990
469 993
470 479
470 487
470 498
470 507
470 512
470 521
470 527
470 537
470 563
470 564
470 571
470 590
470 596
470 619
470 625
470 631
470 663
470 674
470 683
470 688
470 705
470 718
470 720
470 747
470 764
470 797
470 810
470 813
470 814
470 852
470 868
470 871
470 881
470 885
470 888
470 924
470 930
470 942
470 956
470 986
470 991
471 481
471 574
471 654
471 743
471 753
471 778
471 794
471 851
471 865
471 931
471 970
471 973
471 974
472 744
472 909
473 532
473 663
473 684
473 847
474 541
474 554
474 784
474 863
475 790
475 795
475 853
476 506
477 843
477 920
477 932
478 551
478 952
479 582
480 625
480 654
481 640
481 654
481 780
481 888
481 940
481 998
482 620
482 625
482 882
482 939
482 942
483 506
483 647
483 722
483 766
483 854
483 861
484 523
484 586
485 527
485 720
485 942
486 543
486 746
486 747
486 767
486 852
486 891
487 506
487 508
487 511
487 513
487 520
487 548
487 559
487 565
487 588
487 612
487 634
487 706
487 709
487 738
487 762
487 768
487 788
487 790
487 887
487 890
487 901
487 902
487 915
487 932
487 942
487 990
488 490
488 533
488 790
488 814
488 926
489 698
489 855
489 870
489 938
489 998
490 523
490 627
490 926
490 963
491 551
491 607
491 633
491 855
491 998
492 555
492 595
492 891
492 893
493 533
493 848
493 932
494 628
494 649
494 701
494 724
494 734
494 874
494 994
495 814
495 861
496 749
496 776
496 829
496 839
497 691
497 868
498 598
498 622
498 778
498 929
499 526
499 602
499 816
500 566
500 568
500 594
500 640
500 727
500 734
500 755
500 770
500 830
500 837
500 878
500 946
500 964
500 999
501 976
502 770
502 883
503 703
503 710
504 756
504 789
504 828
505 643
505 928
505 993
506 515
506 593
506 598
506 617
506 621
506 622
506 645
506 713
506 718
506 733
506 740
506 761
506 764
506 767
506 790
506 792
506 810
506 814
506 830
506 854
506 888
506 905
506 916
506 933
506 934
506 942
506 946
506 975
506 976
507 508
507 882
507 942
508 552
508 564
508 629
508 644
508 677
508 942
508 960
509 613
509 725
509 790
510 556
510 576
510 633
510 660
510 665
510 684
510 694
510 698
510 714
510 812
510 813
510 819
510 925
510 942
510 989
511 549
511 738
511 768
511 779
511 790
511 859
512 746
512 888
513 549
513 675
513 751
513 768
513 790
514 723
515 713
515 761
515 822
515 830
517 598
517 700
517 761
517 806
517 814
517 830
517 915
517 917
518 615
518 634
518 790
518 877
518 937
518 990
519 591
520 521
520 712
520 738
520 762
520 790
520 937
520 990
521 527
521 541
521 559
521 565
521 571
521 572
521 583
521 588
521 615
521 635
521 671
521 705
521 741
521 758
521 779
521 790
521 810
521 814
521 826
521 830
521 832
521 838
521 852
521 942
522 710
522 892
522 996
523 533
523 586
523 588
523 777
523 868
523 926
523 943
523 992
524 702
525 632
525 658
525 770
525 994
526 551
526 749
526 855
527 536
527 537
527 541
527 554
527 563
527 598
527 620
527 622
527 624
527 688
527 705
527 738
527 790
527 849
527 852
527 855
527 885
527 942
527 968
527 991
528 842
528 844
528 873
528 881
528 929
529 534
529 551
529 663
529 770
529 775
529 797
529 910
529 978
530 580
530 663
530 858
531 648
531 713
531 727
531 730
531 824
531 847
531 990
532 684
532 698
532 847
532 906
532 911
533 586
533 663
533 728
533 789
533 821
533 834
533 887
533 892
533 932
533 963
534 581
534 593
534 770
534 797
535 562
535 601
535 733
535 824
536 542
536 645
536 669
536 852
537 688
537 705
537 942
537 956
538 995
539 776
540 607
541 669
541 749
541 942
542 814
542 830
542 915
543 740
543 767
543 873
543 891
543 928
543 929
543 942
544 883
545 603
545 868
546 604
546 727
546 745
546 769
546 812
546 930
546 936
546 979
547 899
547 966
547 993
548 990
549 553
549 579
549 586
549 598
549 605
549 681
549 709
549 728
549 751
549 789
549 790
549 813
549 815
549 857
549 918
549 920
549 932
549 947
549 963
549 981
549 983
549 990
550 557
550 560
550 586
550 600
550 603
550 635
550 653
550 692
550 723
550 754
550 801
550 813
550 826
550 841
550 843
550 846
550 854
550 868
550 884
550 898
550 935
550 947
550 950
550 981
550 985
551 607
551 633
551 663
551 694
551 793
551 816
551 819
551 855
551 952
551 953
551 968
551 998
552 731
552 750
552 838
553 670
553 770
554 590
554 598
554 758
554 814
555 767
555 835
555 928
556 633
556 663
556 665
556 714
556 790
556 925
556 955
557 754
557 801
557 813
557 826
557 892
558 560
558 579
558 690
558 691
558 692
558 767
558 813
558 843
558 846
558 892
558 920
558 985
559 565
559 741
559 750
559 758
559 810
559 885
559 919
559 928
559 942
560 813
561 682
561 778
561 993
562 648
562 727
563 590
563 622
563 624
563 683
563 852
563 885
564 718
564 735
564 813
564 928
564 939
564 960
565 572
565 588
565 626
565 679
565 721
565 731
565 741
565 758
565 790
565 798
565 810
565 830
565 868
565 877
565 919
565 924
565 984
565 990
566 748
566 913
567 678
567 707
567 825
567 860
568 659
568 727
569 730
570 635
570 746
571 572
571 598
571 721
571 758
571 888
571 924
571 937
571 939
571 990
572 671
572 758
572 849
572 924
572 942
573 636
573 667
573 823
573 881
573 928
574 662
574 708
574 743
574 748
574 770
574 778
574 931
575 698
576 663
576 673
576 698
576 780
576 847
576 883
576 911
577 617
577 761
577 949
578 596
578 841
579 709
579 813
579 963
580 582
580 623
580 770
580 772
580 955
581 633
583 626
583 639
583 679
583 758
583 788
583 845
583 990
584 593
584 927
585 733
585 770
585 775
585 797
585 805
585 908
586 587
586 728
586 790
586 833
586 992
587 663
587 696
587 932
587 984
588 605
588 615
588 639
588 679
588 750
588 758
588 790
588 845
588 852
588 932
588 990
590 942
591 662
591 748
592 602
593 928
595 598
595 605
595 621
595 635
595 657
595 728
595 767
595 876
596 632
596 770
596 858
596 889
596 954
596 962
597 796
597 817
597 830
597 831
597 875
597 891
597 942
598 633
598 680
598 705
598 713
598 721
598 732
598 733
598 749
598 784
598 786
598 830
598 863
598 871
598 888
598 916
598 921
598 939
598 956
598 988
599 654
599 769
599 930
599 951
600 681
600 692
600 728
600 790
600 868
600 947
600 981
600 985
601 824
602 646
602 757
603 623
603 765
603 790
603 797
603 801
603 828
603 855
603 868
604 643
604 814
604 945
605 635
605 643
605 740
605 879
605 899
605 929
605 932
606 797
606 860
607 633
607 641
607 793
607 855
607 993
608 630
608 678
609 682
609 928
610 811
611 648
611 795
612 616
612 728
612 790
612 932
612 937
612 990
613 674
613 768
613 820
614 650
614 727
615 616
615 634
615 788
615 790
615 831
615 859
615 888
615 990
616 706
616 790
616 810
616 877
616 990
616 993
617 814
617 942
618 812
618 850
618 872
618 923
618 927
618 993
619 670
619 815
620 718
620 790
620 882
620 910
620 942
620 975
621 622
621 635
621 888
622 639
622 761
622 786
622 814
622 999
623 715
623 944
624 852
624 885
624 942
624 949
625 777
625 942
625 956
626 758
626 810
626 919
627 932
627 984
628 783
628 814
628 835
628 847
628 968
628 980
629 747
629 887
629 942
630 795
630 853
631 727
631 792
632 661
632 697
632 994
633 662
633 665
633 711
633 774
633 998
634 671
634 706
634 990
635 727
635 758
635 844
635 873
635 876
635 879
635 888
635 899
636 888
636 914
637 665
637 770
637 862
638 801
638 884
638 898
638 950
639 706
639 845
640 743
640 837
640 940
641 702
641 723
641 782
641 797
641 821
641 868
643 713
643 727
643 748
643 894
643 976
646 906
646 911
647 852
647 885
648 649
648 665
648 672
648 727
648 811
648 892
648 895
648 930
648 968
649 895
650 968
651 837
652 868
653 654
653 709
653 797
653 856
653 858
653 883
653 927
654 662
654 727
654 780
654 837
654 840
654 876
654 968
655 665
655 992
656 662
658 802
658 889
658 944
658 962
659 734
659 978
660 665
660 847
661 697
661 770
661 868
661 946
662 780
662 865
662 896
662 964
663 665
663 668
663 673
663 685
663 687
663 755
663 770
663 772
663 782
663 797
663 802
663 811
663 825
663 856
663 872
663 901
663 918
663 925
663 938
663 940
663 963
663 968
663 990
664 836
665 698
665 714
665 727
665 748
665 770
665 778
665 797
665 801
665 862
665 879
665 883
665 906
665 928
665 950
665 953
665 989
666 803
666 842
666 873
666 894
666 928
667 749
667 881
667 929
668 770
668 797
669 852
669 888
671 937
671 990
672 769
672 930
672 951
673 727
673 770
673 829
673 830
673 847
673 925
674 676
674 758
674 768
674 887
674 977
674 990
675 768
676 768
676 790
676 848
676 977
677 984
678 735
678 860
678 971
679 721
679 758
679 810
679 845
679 852
679 942
680 713
680 764
681 727
681 728
681 815
681 841
681 898
681 943
682 928
682 990
683 942
683 986
683 991
684 847
684 911
684 979
685 997
687 802
687 883
687 886
688 956
689 783
689 895
690 709
690 815
690 834
690 892
690 963
690 983
691 791
691 813
691 918
691 920
691 987
692 770
692 846
692 884
692 898
692 920
692 948
692 950
693 770
693 813
693 995
694 925
695 973
696 770
697 770
697 826
698 701
698 912
700 917
702 797
702 836
702 855
702 872
703 803
703 930
705 852
705 942
705 986
705 991
706 758
706 937
706 990
708 778
708 888
708 931
709 801
709 815
709 821
709 830
709 834
709 892
709 942
709 963
709 981
709 983
710 839
711 770
711 793
711 816
711 837
711 872
712 953
713 761
713 766
713 786
713 792
713 797
713 810
713 814
713 818
713 830
713 844
713 852
713 861
713 888
713 916
713 921
713 934
713 942
713 949
713 967
714 881
714 955
715 737
715 813
715 868
717 795
718 768
718 920
719 904
719 928
719 993
720 942
720 975
721 758
721 798
721 990
722 814
722 830
722 854
723 729
723 744
723 857
723 909
724 900
725 880
726 770
726 862
726 911
727 755
727 770
727 783
727 790
727 811
727 812
727 824
727 847
727 853
727 865
727 870
727 890
727 930
727 963
727 978
728 751
728 800
728 821
728 868
728 898
728 905
728 932
728 963
728 990
729 868
729 909
729 941
730 755
731 942
732 814
732 863
732 949
733 814
733 830
733 852
733 934
733 942
733 963
734 978
735 825
735 858
735 868
735 903
735 950
735 995
736 791
736 825
737 742
737 765
737 814
737 868
738 790
738 799
738 848
739 748
739 760
741 770
741 810
741 814
741 877
741 919
742 868
743 946
745 930
745 979
746 842
746 928
747 818
747 885
747 949
747 993
748 808
749 779
749 842
749 844
749 871
749 873
749 881
749 893
749 919
749 929
750 778
751 880
751 932
752 928
753 787
753 973
753 974
754 898
754 932
755 809
755 824
755 906
756 764
756 784
756 814
756 830
756 888
758 790
758 798
758 823
758 942
758 978
759 881
759 996
760 987
761 814
761 830
761 854
761 888
761 921
761 967
762 790
764 818
765 920
766 792
766 830
766 934
766 976
767 778
767 888
767 928
768 790
768 799
768 810
768 887
768 909
768 932
768 936
768 972
768 990
769 865
769 874
769 930
769 951
769 954
770 771
770 790
770 805
770 816
770 828
770 847
770 883
770 909
770 944
770 953
770 981
770 994
772 797
772 858
772 864
772 927
774 847
775 994
776 873
776 888
777 932
778 794
778 795
778 931
778 957
778 973
778 974
779 790
779 887
780 837
780 865
783 968
783 980
784 818
784 830
784 933
785 807
785 945
786 814
786 861
786 915
786 917
787 966
788 877
788 919
788 942
789 820
790 805
790 808
790 810
790 813
790 814
790 816
790 818
790 852
790 857
790 868
790 870
790 877
790 884
790 888
790 937
790 938
790 949
790 961
790 963
790 981
790 990
790 991
790 993
790 994
791 817
791 828
791 868
791 884
791 920
792 814
792 822
792 830
792 934
792 988
793 907
793 912
793 925
793 952
793 998
794 931
796 817
796 875
796 888
797 826
797 836
797 881
797 918
797 927
797 928
797 997
798 990
799 880
800 826
800 948
801 868
801 884
801 898
801 923
802 856
803 807
803 839
803 894
803 928
804 835
806 999
807 866
808 990
809 929
810 821
810 832
810 838
810 845
810 919
810 929
810 942
811 837
812 906
812 952
813 826
813 843
813 905
813 920
813 950
814 818
814 830
814 849
814 852
814 854
814 864
814 901
814 928
814 942
814 956
814 959
814 988
814 996
814 999
816 855
816 912
817 831
817 875
817 888
818 830
819 925
820 937
820 977
821 834
821 963
822 830
822 916
823 928
823 929
823 959
824 930
825 864
826 868
826 898
828 868
829 870
829 906
829 968
829 989
830 837
830 847
830 849
830 854
830 876
830 888
830 916
830 917
830 933
830 934
830 988
831 875
831 967
833 880
834 857
834 892
834 941
834 985
839 893
839 928
842 888
842 893
843 868
843 884
844 873
844 878
844 993
846 884
848 887
849 871
849 949
850 927
850 953
852 859
852 942
852 956
852 990
853 909
854 861
854 888
855 930
855 952
857 872
857 910
859 990
865 978
866 928
867 930
868 892
868 918
868 948
868 953
868 963
869 928
870 892
870 938
870 968
873 881
873 882
873 897
873 929
873 959
875 928
876 899
877 977
877 990
878 881
878 929
878 959
882 932
884 898
884 932
884 950
885 942
886 969
886 998
887 901
887 932
888 891
888 949
888 956
889 962
890 901
890 990
892 932
892 943
892 950
892 963
892 981
892 985
896 925
897 996
898 919
899 967
900 958
901 932
904 993
905 909
906 911
907 944
909 941
909 942
910 994
911 922
912 952
914 929
914 993
916 942
918 932
920 950
923 982
925 989
926 965
928 929
928 966
928 996
929 931
929 942
930 951
930 968
932 948
932 963
932 990
933 942
937 990
939 942
942 945
942 949
942 956
942 968
942 975
942 988
942 990
942 991
943 947
943 981
945 993
947 963
948 981
954 962
954 995
956 991
963 985
968 980
970 973
977 990
986 991
990 992
