0 12
0 32
0 51
0 68
0 110
0 140
0 188
0 251
0 286
0 357
0 370
0 392
0 404
0 494
0 602
0 702
0 713
0 753
0 850
0 948
1 32
1 39
1 50
1 52
1 103
1 112
1 123
1 124
1 136
1 207
1 214
1 226
1 314
1 330
1 413
1 569
1 623
1 629
1 684
1 753
1 813
1 830
1 859
2 32
2 215
2 485
2 625
2 703
2 739
2 757
3 81
3 111
3 251
3 419
3 445
3 471
3 794
3 988
4 20
4 31
4 73
4 158
4 198
4 273
4 336
4 453
4 504
4 525
4 563
4 683
4 733
4 745
4 783
4 811
4 832
4 868
5 40
5 48
5 510
5 565
5 590
5 595
5 623
5 633
5 655
5 656
5 732
5 780
5 831
5 883
5 898
5 925
5 957
6 18
6 281
6 386
6 405
6 819
6 951
7 329
7 760
8 371
8 415
8 770
8 983
9 55
9 455
9 845
9 864
10 135
10 297
10 560
10 627
10 770
10 862
10 941
10 991
11 83
11 456
11 485
11 676
12 137
12 162
12 245
12 997
13 162
13 229
13 320
13 478
13 590
13 753
13 987
14 106
14 121
14 451
14 564
14 609
14 673
14 702
14 770
15 181
15 215
15 329
15 422
15 967
16 446
16 712
17 467
17 470
17 625
17 958
18 164
18 392
18 526
18 820
18 935
18 997
19 69
19 110
19 133
19 184
19 251
19 326
19 403
19 492
19 532
19 726
19 748
19 760
19 807
19 875
19 891
19 963
20 90
20 154
20 159
20 224
20 232
20 251
20 358
20 465
20 485
20 503
20 566
20 617
20 618
20 642
20 669
20 703
20 758
20 770
20 803
20 806
20 934
20 991
21 73
21 181
21 409
21 784
22 31
22 445
23 73
23 142
23 281
23 496
23 526
23 650
23 922
23 963
23 965
24 68
24 240
24 247
25 100
25 669
26 38
26 358
26 493
26 531
26 842
26 875
27 246
27 323
27 415
27 755
27 823
27 929
27 962
28 107
28 142
28 342
28 503
28 785
29 132
29 151
29 170
29 273
29 280
29 285
29 300
29 435
29 460
29 472
29 508
29 661
29 667
29 916
29 966
30 73
30 141
30 146
30 245
30 299
30 629
30 694
30 695
30 798
30 851
30 897
30 968
31 76
31 85
31 164
31 198
31 223
31 240
31 432
31 642
31 787
31 806
31 812
31 832
31 954
31 962
31 963
32 64
32 104
32 134
32 159
32 169
32 207
32 240
32 245
32 251
32 280
32 312
32 319
32 434
32 453
32 459
32 476
32 613
32 632
32 676
32 753
32 832
32 862
32 922
33 246
33 269
33 300
33 393
33 672
33 760
33 848
33 924
34 57
34 304
34 392
34 518
34 620
34 702
34 770
34 798
34 820
34 954
35 159
35 181
35 210
35 211
35 286
35 296
35 684
35 724
35 830
36 100
36 110
36 133
36 237
36 656
36 760
37 121
37 181
37 222
37 970
38 242
38 498
38 501
38 524
38 527
38 904
39 44
39 73
39 181
39 211
39 399
39 680
39 779
39 790
39 943
40 85
40 251
40 479
40 493
40 504
40 656
40 825
40 882
40 893
41 108
41 255
41 314
41 371
41 533
41 770
41 810
42 306
42 402
42 443
42 445
42 474
42 478
42 558
42 631
42 730
42 768
43 69
43 201
43 226
43 349
43 360
43 788
43 796
43 926
44 51
44 141
44 150
44 161
44 177
44 203
44 262
44 306
44 317
44 318
44 325
44 339
44 349
44 413
44 429
44 445
44 454
44 455
44 461
44 481
44 498
44 503
44 510
44 533
44 576
44 590
44 597
44 623
44 644
44 653
44 671
44 683
44 733
44 749
44 760
44 768
44 794
44 800
44 808
44 828
44 845
44 849
44 862
44 881
44 894
44 900
44 902
44 925
44 954
45 159
45 476
45 544
45 722
45 848
45 977
45 983
46 73
46 89
46 131
46 408
46 562
46 611
46 628
46 767
46 770
47 152
47 192
47 992
48 165
48 215
48 344
48 485
48 669
48 677
48 745
48 776
49 69
49 183
49 213
49 293
49 318
49 338
49 408
49 549
49 560
49 563
49 580
49 709
49 760
49 803
49 907
49 913
49 925
50 51
50 73
50 145
50 458
50 516
50 672
50 732
50 737
50 761
50 899
50 981
51 53
51 73
51 85
51 100
51 108
51 139
51 192
51 198
51 240
51 251
51 257
51 261
51 274
51 292
51 293
51 374
51 383
51 416
51 447
51 478
51 507
51 529
51 555
51 593
51 639
51 642
51 644
51 647
51 654
51 671
51 691
51 698
51 757
51 784
51 857
51 881
51 896
51 954
51 963
51 998
52 60
52 73
52 110
52 146
52 183
52 262
52 314
52 323
52 338
52 370
52 475
52 561
52 583
52 589
52 598
52 632
52 745
52 796
52 803
52 816
52 878
52 890
52 891
52 921
52 926
52 947
52 984
52 988
53 348
53 401
53 701
53 726
53 745
54 134
54 135
54 647
54 669
54 758
55 240
55 367
55 406
55 560
55 562
55 745
55 984
56 90
56 158
56 192
56 249
56 513
56 523
56 602
56 707
56 845
57 177
57 705
57 812
57 951
58 88
58 144
58 406
58 439
58 760
58 847
60 124
60 246
60 251
60 338
60 360
60 701
60 791
60 881
60 987
61 414
61 598
61 781
61 866
61 889
62 478
62 595
63 130
63 154
63 229
63 396
63 675
63 770
64 73
64 92
64 164
64 182
64 213
64 299
64 659
64 781
64 791
64 845
64 922
65 92
65 268
65 362
65 902
66 240
66 646
66 845
67 301
67 383
67 635
67 662
67 781
68 111
68 160
68 250
68 414
68 485
68 628
68 855
68 933
68 963
69 71
69 86
69 95
69 135
69 147
69 159
69 162
69 181
69 203
69 214
69 218
69 254
69 259
69 283
69 314
69 349
69 357
69 370
69 378
69 439
69 475
69 478
69 489
69 506
69 547
69 559
69 608
69 651
69 653
69 665
69 693
69 702
69 745
69 753
69 756
69 796
69 798
69 800
69 826
69 828
69 836
69 842
69 845
69 868
69 932
69 959
69 960
69 967
69 993
70 84
70 162
70 318
70 375
70 419
70 503
70 513
70 629
70 653
70 661
70 712
70 798
70 934
71 233
71 384
71 446
71 722
71 742
71 761
71 810
72 445
72 667
72 768
73 80
73 93
73 97
73 108
73 125
73 128
73 147
73 159
73 172
73 180
73 185
73 186
73 198
73 202
73 212
73 219
73 225
73 227
73 230
73 240
73 244
73 251
73 258
73 278
73 291
73 293
73 316
73 350
73 354
73 357
73 378
73 383
73 396
73 406
73 418
73 426
73 428
73 430
73 435
73 444
73 445
73 447
73 463
73 467
73 477
73 496
73 497
73 512
73 531
73 552
73 556
73 563
73 571
73 578
73 634
73 635
73 642
73 646
73 647
73 710
73 745
73 746
73 747
73 755
73 760
73 764
73 773
73 781
73 787
73 794
73 796
73 807
73 813
73 817
73 853
73 857
73 863
73 864
73 890
73 898
73 904
73 909
73 913
73 917
73 926
73 933
73 944
73 963
73 976
73 985
74 183
74 262
74 656
74 694
74 862
75 92
75 120
75 199
75 268
75 282
75 336
75 429
75 447
75 712
75 798
76 196
76 216
76 283
76 374
76 378
76 798
77 141
77 221
77 563
77 581
77 587
77 605
77 633
77 760
77 828
77 847
77 855
77 907
77 954
77 975
78 171
78 177
78 236
78 396
78 474
78 556
78 601
78 659
79 131
79 266
79 752
79 928
79 942
80 154
80 214
80 433
80 478
80 722
80 816
80 840
80 892
80 902
80 904
81 156
81 445
81 702
81 768
82 110
82 647
82 760
83 516
84 85
84 293
84 375
84 636
84 732
84 754
84 859
84 925
85 145
85 151
85 192
85 251
85 278
85 341
85 417
85 498
85 500
85 663
85 761
85 769
85 772
85 784
85 795
85 811
85 860
85 881
85 940
85 967
86 95
86 131
86 212
86 260
86 362
86 392
86 445
86 489
86 557
86 578
86 588
86 819
87 161
87 254
87 415
87 503
87 688
87 898
87 925
88 140
88 421
88 527
88 702
89 136
89 153
89 223
89 239
89 293
89 311
89 326
89 406
89 445
89 454
89 470
89 503
89 544
89 615
89 797
89 821
90 143
90 151
90 172
90 195
90 429
90 434
90 528
90 533
90 736
90 862
90 969
90 970
90 986
91 131
91 186
91 195
91 233
91 260
91 278
91 369
91 445
91 446
91 456
91 488
91 514
91 595
91 597
91 634
91 669
91 683
91 696
91 712
91 753
91 765
91 803
91 859
91 860
91 873
91 882
91 930
91 946
91 956
92 240
92 553
92 856
93 99
93 445
93 609
93 749
94 309
94 500
94 503
94 640
94 671
94 732
94 862
94 954
95 132
95 143
95 161
95 176
95 251
95 262
95 340
95 535
95 545
95 702
95 709
95 778
95 783
95 924
96 115
96 322
96 362
96 801
97 188
97 309
97 375
97 433
98 354
98 544
98 553
98 578
99 120
99 146
99 194
99 241
99 255
99 321
99 336
99 446
99 453
99 514
99 520
99 553
99 565
99 573
99 581
99 583
99 656
99 751
99 766
99 830
99 884
99 898
100 137
100 198
100 201
100 232
100 241
100 251
100 424
100 457
100 465
100 469
100 487
100 503
100 517
100 518
100 587
100 630
100 661
100 731
100 745
100 752
100 757
100 792
100 851
100 892
100 942
100 963
100 972
101 534
101 686
101 942
101 960
102 159
102 253
102 272
102 382
102 386
102 464
102 610
102 653
103 110
103 362
103 445
103 503
103 511
103 543
104 513
104 810
105 166
105 328
105 845
106 223
106 225
106 253
106 435
106 533
106 768
107 180
107 485
108 115
108 377
108 508
108 565
108 645
108 718
108 873
108 922
109 130
109 198
109 248
109 773
109 798
110 187
110 188
110 189
110 209
110 257
110 471
110 516
110 539
110 566
110 576
110 632
110 698
110 754
110 768
110 835
110 902
110 933
110 992
110 996
110 997
111 219
111 240
111 324
111 531
111 621
111 817
111 932
111 991
112 338
113 163
113 297
113 558
113 603
113 941
114 256
114 396
114 473
114 745
114 771
114 880
115 809
115 897
115 916
116 145
116 325
116 382
116 478
116 537
116 817
116 846
117 174
117 242
117 551
117 726
117 768
117 854
118 235
118 805
118 925
118 988
119 404
119 441
119 448
119 477
119 564
119 745
119 820
120 196
120 281
120 623
120 701
120 945
120 963
121 123
121 503
121 850
121 917
121 963
122 215
122 503
122 519
122 523
122 545
122 963
123 193
123 265
123 301
123 445
123 465
123 622
123 655
123 828
124 162
124 536
124 675
124 719
124 851
125 126
125 244
125 393
125 449
125 556
126 138
126 147
126 240
126 251
126 329
126 372
126 409
126 506
126 568
126 679
126 689
126 773
126 780
126 820
126 826
126 841
126 858
126 862
126 897
126 923
126 972
127 167
127 335
127 383
127 548
127 697
128 140
128 181
128 760
129 274
129 296
129 481
129 523
129 754
130 171
130 194
130 326
130 497
130 627
130 687
130 961
131 303
131 399
131 487
131 497
131 602
131 627
131 660
131 677
131 984
132 145
132 270
132 383
132 507
132 721
132 829
132 968
133 199
133 203
133 251
133 326
133 664
133 813
134 159
134 358
134 471
134 508
134 518
134 593
134 642
134 712
134 728
134 742
134 793
134 816
134 863
135 198
135 201
135 383
135 424
135 430
135 579
135 861
135 870
135 922
135 963
136 157
136 213
136 215
136 221
136 378
136 409
136 446
136 478
136 492
136 522
136 538
136 594
136 687
136 696
136 727
136 748
136 814
136 822
136 832
136 853
136 857
136 879
136 926
136 940
137 165
137 172
137 176
137 276
137 383
137 440
137 529
137 556
137 559
137 564
137 702
137 751
137 781
137 806
137 904
137 915
137 945
138 404
138 662
138 711
138 751
139 198
139 358
139 493
139 636
139 758
140 503
140 653
141 198
141 276
141 287
141 324
141 354
141 454
141 478
141 481
141 622
141 642
141 732
141 745
141 906
142 192
142 250
142 378
142 559
142 807
142 900
142 956
142 988
143 147
143 205
143 478
143 541
143 815
143 985
144 575
144 608
144 631
144 635
144 817
144 860
145 188
145 194
145 198
145 244
145 327
145 405
145 445
145 454
145 485
145 503
145 540
145 568
145 587
145 590
145 610
145 613
145 614
145 619
145 708
145 745
145 748
145 797
145 828
145 840
145 906
145 912
145 939
145 966
145 994
146 151
146 186
146 198
146 235
146 495
146 543
146 662
146 803
147 176
147 248
147 252
147 260
147 311
147 387
147 422
147 533
147 561
147 606
147 662
147 769
147 773
147 887
147 972
148 383
148 460
148 552
148 606
148 759
148 834
148 844
148 874
148 959
149 248
149 572
149 839
149 845
149 863
150 392
150 397
150 407
150 435
150 439
150 535
150 816
151 246
151 326
151 354
151 442
151 456
151 465
151 479
151 503
151 760
151 863
151 902
151 922
151 952
152 383
152 448
152 467
152 720
152 745
152 768
153 218
153 256
153 408
153 424
153 631
153 726
153 794
153 986
154 173
154 181
154 222
154 284
154 372
154 485
154 816
154 954
155 162
155 619
155 624
155 925
156 240
156 336
156 346
156 399
156 403
156 405
156 469
156 508
156 553
156 590
156 706
156 722
156 829
156 862
156 864
156 914
156 963
157 620
157 677
157 746
157 754
158 174
158 215
158 415
158 490
158 556
158 655
158 747
158 763
158 768
158 844
158 898
158 905
158 915
159 162
159 249
159 256
159 293
159 307
159 384
159 392
159 440
159 446
159 452
159 474
159 477
159 494
159 524
159 538
159 553
159 558
159 622
159 628
159 689
159 699
159 711
159 747
159 760
159 781
159 819
159 820
159 886
159 892
159 914
159 993
160 167
160 212
160 227
160 260
160 280
160 300
160 382
160 392
160 451
160 478
160 734
160 760
160 839
161 235
161 246
161 249
161 251
161 252
161 417
161 465
161 472
161 508
161 553
161 700
161 768
161 785
161 813
161 863
161 932
161 982
162 214
162 246
162 247
162 298
162 318
162 349
162 354
162 364
162 374
162 405
162 408
162 410
162 430
162 498
162 515
162 523
162 553
162 564
162 603
162 620
162 641
162 669
162 674
162 686
162 707
162 713
162 745
162 752
162 762
162 768
162 781
162 785
162 813
162 814
162 822
162 828
162 845
162 892
162 924
162 936
162 969
162 978
162 986
163 272
163 596
163 820
164 246
164 501
164 588
164 598
164 617
164 779
164 793
165 198
165 280
165 470
165 499
165 511
165 559
165 636
165 822
165 840
166 267
166 286
166 503
166 614
166 731
167 195
167 251
167 255
167 768
167 864
168 730
168 745
169 519
169 682
169 932
170 760
170 844
170 906
171 463
171 640
171 661
171 670
171 768
172 290
172 358
172 538
172 612
172 655
172 665
172 695
173 240
173 351
173 447
173 554
173 588
174 490
174 498
174 590
174 988
175 760
175 991
176 760
176 803
176 825
176 851
176 902
177 219
177 251
177 259
177 273
177 328
177 343
177 455
177 590
177 624
177 679
177 683
177 745
177 757
177 770
177 772
177 956
178 445
178 553
178 695
178 745
178 831
178 861
179 224
179 840
179 851
179 985
180 205
180 607
180 623
180 963
181 186
181 276
181 291
181 339
181 385
181 419
181 445
181 480
181 517
181 579
181 602
181 661
181 669
181 677
181 678
181 690
181 760
181 761
181 762
181 770
181 781
181 793
181 858
181 861
181 868
181 888
181 896
181 927
181 948
182 424
182 732
183 226
183 308
183 531
183 576
183 694
183 971
184 350
184 431
184 449
184 758
184 760
184 819
184 865
184 907
184 935
184 988
185 215
185 331
185 360
185 390
185 430
185 719
186 198
186 232
186 250
186 329
186 354
186 418
186 466
186 476
186 485
186 520
186 610
186 658
186 710
186 715
186 760
186 883
186 910
186 938
186 973
187 293
187 409
187 760
187 863
188 215
188 365
188 453
188 948
189 238
189 549
189 631
189 853
189 924
189 947
189 980
190 251
190 403
190 597
190 954
190 978
191 269
191 758
191 869
192 288
192 477
192 529
192 574
192 575
192 803
193 197
193 202
193 222
193 277
193 561
193 720
193 827
193 840
193 862
194 286
194 344
194 412
194 503
194 599
194 746
194 760
194 781
194 828
194 845
194 882
194 887
194 903
194 954
194 972
195 345
195 828
196 416
196 528
196 769
196 787
196 876
196 957
197 293
197 455
197 745
198 202
198 209
198 235
198 265
198 276
198 328
198 329
198 374
198 395
198 405
198 414
198 419
198 430
198 485
198 498
198 504
198 548
198 592
198 611
198 647
198 651
198 652
198 657
198 678
198 732
198 768
198 808
198 813
198 820
198 826
198 836
198 865
198 866
198 905
198 924
198 932
198 965
198 997
199 358
199 427
199 471
199 551
199 586
199 816
199 898
199 919
199 938
199 953
200 607
200 863
201 220
201 231
201 354
201 489
201 498
201 656
201 684
201 745
201 784
201 876
201 913
201 953
201 959
202 215
202 463
202 546
202 564
202 572
202 747
202 835
202 858
202 923
202 935
203 315
203 321
203 497
203 551
203 725
203 727
203 933
204 240
204 422
204 577
204 733
205 268
205 371
205 591
205 636
205 637
205 955
205 988
206 332
206 362
206 553
206 602
206 636
206 823
207 386
207 478
207 492
207 706
207 708
208 230
208 241
208 383
208 387
208 565
208 570
208 587
208 637
208 665
208 679
208 682
208 848
208 874
208 897
208 902
208 963
208 967
208 974
209 326
209 634
209 777
209 808
209 878
209 961
209 962
209 979
210 378
210 427
210 644
210 652
210 745
211 437
211 446
211 648
211 813
211 863
211 932
212 316
212 423
212 434
212 498
212 527
212 538
212 571
212 664
212 806
212 887
212 921
212 956
212 988
213 244
213 446
213 890
214 497
215 253
215 267
215 454
215 500
215 542
215 557
215 559
215 590
215 598
215 682
215 688
215 696
215 701
215 723
215 732
215 739
215 751
215 752
215 768
215 820
215 852
215 876
215 902
215 903
216 299
216 444
216 486
216 499
216 623
216 635
216 643
216 702
216 940
217 308
217 633
217 781
217 807
218 257
218 553
218 554
218 589
218 673
218 733
218 777
218 963
219 621
219 669
219 676
219 752
219 828
219 869
220 266
220 274
220 445
220 696
220 920
220 925
220 984
221 272
221 293
221 444
221 684
221 758
221 889
222 249
222 260
222 322
222 461
222 478
222 797
222 908
222 942
222 988
223 257
223 553
223 597
223 763
223 885
224 388
224 395
224 619
224 834
225 266
225 300
225 322
225 634
225 716
225 808
225 892
225 904
226 232
226 458
226 746
226 934
227 349
227 508
227 606
227 720
227 768
227 800
227 863
228 237
228 661
228 669
229 379
229 405
229 426
229 446
229 605
229 610
229 745
229 788
229 871
230 445
230 528
230 585
230 672
230 863
230 875
230 962
230 995
231 319
231 594
231 749
231 768
231 845
232 237
232 279
232 387
232 434
232 480
232 490
232 541
232 637
232 669
232 686
232 764
232 820
232 845
232 920
232 926
233 430
233 440
233 766
233 770
234 288
234 311
234 557
234 609
234 823
234 925
235 378
235 603
235 826
235 926
236 261
236 477
236 505
236 558
236 695
237 562
237 620
237 646
237 731
237 966
237 975
238 320
238 389
238 409
238 575
238 692
238 805
239 293
239 336
239 505
239 753
239 951
239 962
240 246
240 265
240 401
240 445
240 465
240 515
240 566
240 569
240 578
240 592
240 613
240 626
240 633
240 643
240 657
240 676
240 680
240 753
240 757
240 766
240 803
240 827
240 927
240 946
240 963
240 991
241 461
241 482
241 500
242 284
242 312
242 347
242 386
242 797
242 817
242 832
242 886
242 902
242 956
243 383
243 679
244 434
244 729
244 760
244 777
244 787
244 906
244 939
244 940
244 959
245 375
245 446
245 449
245 478
245 639
245 760
245 770
245 781
245 865
245 920
246 304
246 346
246 386
246 677
247 271
247 298
247 307
247 433
247 485
247 495
247 558
247 576
247 613
247 827
247 902
248 284
248 366
248 503
248 598
248 867
248 871
248 875
249 291
249 365
249 416
249 657
249 902
249 915
250 381
250 477
250 503
250 689
250 803
251 278
251 307
251 320
251 329
251 358
251 370
251 384
251 434
251 485
251 495
251 498
251 516
251 525
251 526
251 547
251 553
251 556
251 558
251 594
251 597
251 619
251 681
251 702
251 741
251 755
251 760
251 761
251 762
251 763
251 768
251 770
251 771
251 780
251 784
251 785
251 803
251 812
251 820
251 840
251 847
251 856
251 863
251 868
251 904
251 922
251 952
251 963
251 964
251 973
252 447
252 539
252 666
252 745
252 784
253 276
253 633
253 980
254 552
254 579
254 582
254 619
254 759
254 768
254 984
255 496
255 631
255 718
255 803
255 980
256 651
256 902
257 281
257 329
257 399
257 464
257 478
257 508
257 511
257 611
257 793
257 794
257 799
257 803
257 842
257 845
257 907
257 918
257 932
257 946
257 972
257 990
258 325
258 394
258 461
259 537
259 596
259 633
259 740
260 308
260 320
260 326
260 446
260 449
260 455
260 460
260 469
260 503
260 508
260 514
260 605
260 619
260 635
260 687
260 703
260 725
260 745
260 760
260 761
260 856
260 862
260 925
260 952
260 955
260 963
260 997
261 897
261 926
262 409
262 634
262 760
262 802
262 862
262 928
263 316
263 412
263 911
264 409
264 529
264 769
264 803
264 936
265 309
265 315
265 321
265 541
265 562
265 581
265 997
266 298
266 330
266 383
266 518
266 563
266 785
267 278
267 559
267 752
267 904
268 485
268 582
268 692
268 883
268 946
268 958
269 357
269 478
269 709
270 279
270 404
270 511
270 529
270 854
270 865
270 932
270 958
270 976
271 354
271 418
271 574
271 890
271 993
272 361
272 546
272 558
272 582
273 284
273 373
273 591
273 668
273 963
274 338
274 384
274 925
275 427
275 442
275 536
275 558
275 662
275 741
276 413
276 484
276 531
276 734
276 803
276 818
276 845
276 859
276 960
276 991
278 689
278 729
278 882
279 908
280 556
280 667
280 684
280 926
281 683
281 777
282 496
282 597
283 606
283 684
283 889
284 350
284 369
284 379
284 407
284 485
284 535
284 634
284 684
284 740
284 745
284 760
284 768
284 986
285 623
285 642
285 661
285 745
285 760
286 446
286 489
286 499
286 539
286 838
287 510
287 560
288 478
288 523
288 660
288 810
289 393
289 418
289 440
289 589
289 745
289 803
289 863
289 896
290 561
290 760
290 888
291 298
291 383
291 503
291 700
291 826
291 963
292 405
293 299
293 327
293 384
293 405
293 409
293 419
293 431
293 474
293 498
293 503
293 531
293 538
293 541
293 560
293 568
293 615
293 625
293 652
293 669
293 676
293 726
293 760
293 792
293 843
293 862
293 875
293 876
293 877
293 882
293 889
293 902
293 904
293 925
293 932
293 943
293 976
293 990
293 997
294 553
294 963
295 316
295 455
295 469
295 503
295 529
295 587
295 791
296 736
297 642
298 326
298 375
298 410
298 415
298 423
298 454
298 555
298 682
298 781
298 853
298 874
298 958
299 357
299 445
299 760
299 861
299 912
299 973
300 636
300 661
300 881
300 932
301 614
301 625
301 709
301 745
301 834
302 565
302 619
302 770
302 820
302 997
303 412
303 612
303 743
304 330
304 457
304 506
304 526
304 684
304 768
305 722
305 979
306 353
306 419
306 420
306 642
306 657
307 379
307 609
308 502
308 556
308 757
308 868
308 948
308 963
309 381
309 525
309 577
309 731
309 968
309 982
310 405
310 418
310 602
310 745
310 781
310 846
310 926
310 963
311 408
311 737
311 791
311 966
312 379
312 634
312 653
312 837
312 857
312 973
313 373
313 619
313 657
314 334
314 376
314 634
314 749
314 768
314 923
314 981
314 999
315 503
315 640
315 691
315 774
315 796
315 807
315 883
316 430
316 721
316 784
316 831
316 910
317 344
317 347
317 368
317 402
317 436
317 577
317 818
317 904
318 871
318 931
319 374
319 446
319 457
319 488
319 651
319 745
319 764
319 851
319 936
320 661
320 854
321 335
321 417
321 505
321 535
321 565
321 633
321 672
321 681
321 817
321 820
322 502
322 945
323 326
323 346
323 390
323 475
323 938
323 983
324 403
324 836
324 913
325 451
325 489
325 516
325 742
325 780
325 991
326 349
326 383
326 499
326 539
326 600
326 613
326 700
326 703
326 745
326 768
326 902
326 936
327 409
327 456
327 533
327 883
327 938
329 399
329 407
329 481
329 732
330 460
330 788
330 892
330 916
332 503
332 567
332 726
332 926
333 460
333 498
334 508
334 546
334 828
335 384
335 408
335 507
335 753
335 760
336 417
336 503
336 505
336 511
336 531
336 570
336 580
336 777
336 813
336 817
336 885
337 466
337 485
337 508
337 599
337 670
337 722
338 367
338 374
338 383
338 401
338 503
338 518
338 531
338 603
338 657
338 717
338 827
338 849
339 677
340 459
340 640
340 812
340 841
340 926
340 963
341 384
341 451
341 507
341 517
341 813
342 753
342 769
342 805
343 345
343 383
343 430
343 508
343 687
344 400
344 482
344 637
344 698
344 851
344 925
344 939
345 363
345 423
345 663
345 820
346 761
347 355
347 678
348 435
348 599
348 861
348 928
349 716
349 741
349 745
350 368
350 393
351 360
352 466
352 502
352 684
352 730
352 732
353 997
354 392
354 420
354 428
354 510
354 522
354 523
354 598
354 606
354 634
354 638
354 640
354 665
354 672
354 680
354 705
354 710
354 712
354 737
354 745
354 747
354 758
354 760
354 768
354 792
354 810
354 865
354 884
354 925
354 932
354 966
354 986
354 999
355 405
355 503
355 508
355 553
355 669
355 709
355 716
355 883
356 510
356 516
356 803
357 404
357 463
357 553
357 640
357 832
357 883
357 942
357 988
358 360
358 394
358 427
358 445
358 454
358 478
358 485
358 486
358 560
358 598
358 605
358 615
358 656
358 699
358 705
358 713
358 741
358 745
358 769
358 770
358 781
358 803
358 807
358 825
358 833
358 837
358 851
358 890
358 902
358 904
359 956
360 403
360 580
360 657
360 705
360 894
360 924
360 986
361 498
361 593
361 860
361 989
362 363
362 473
362 553
362 709
362 766
362 816
362 817
362 986
363 387
363 528
363 540
363 676
363 708
363 711
363 718
363 755
364 420
364 768
364 991
365 915
366 386
366 433
366 445
366 455
366 532
366 581
366 620
366 631
366 637
366 840
367 550
367 679
367 781
367 822
367 865
368 409
368 498
368 640
368 662
368 758
368 789
368 830
369 918
370 390
370 487
370 593
370 652
370 760
370 954
371 496
371 503
371 590
371 722
371 752
371 851
372 556
372 571
372 680
372 803
372 946
373 421
373 539
374 406
374 414
374 449
374 457
374 521
374 533
374 581
374 624
374 643
374 696
374 714
374 733
374 770
374 802
374 811
375 622
375 671
375 926
375 999
376 394
376 409
376 711
376 742
376 833
376 930
377 383
377 502
377 770
377 792
378 383
378 387
378 432
378 498
378 633
378 667
378 695
378 768
378 856
378 876
378 913
378 927
378 932
378 997
379 431
379 533
379 702
379 821
379 930
380 404
380 477
380 527
380 622
380 848
381 623
381 663
381 696
382 534
382 708
382 753
382 922
383 385
383 445
383 446
383 448
383 449
383 478
383 506
383 521
383 558
383 580
383 656
383 657
383 758
383 760
383 768
383 814
383 845
383 919
383 981
384 386
384 492
384 597
384 712
384 837
384 902
385 474
386 398
386 563
386 589
386 644
386 657
386 868
387 429
387 446
387 745
387 841
388 395
388 778
388 806
388 808
388 891
389 420
389 508
389 523
389 530
389 642
389 676
389 745
389 994
390 411
390 599
390 814
390 927
391 548
391 658
391 890
391 892
391 962
392 425
392 482
392 533
392 575
392 711
392 731
392 803
392 988
393 419
393 488
393 503
393 560
393 797
393 862
394 646
395 677
396 447
396 449
397 462
397 770
397 845
398 460
398 553
398 746
398 883
398 902
398 904
398 972
399 539
399 592
399 905
400 556
400 620
400 698
400 940
401 408
401 465
401 543
401 634
401 749
401 753
402 598
402 818
403 458
403 532
403 703
403 720
403 732
403 768
403 850
403 903
404 460
404 508
404 520
404 745
404 768
404 831
404 908
405 457
405 485
405 690
405 770
405 786
405 867
405 883
405 892
406 478
406 503
406 523
406 558
406 616
406 687
406 710
406 762
406 768
406 770
406 838
406 847
406 954
406 965
406 999
407 611
407 666
407 810
407 865
407 962
408 427
408 540
408 595
408 662
408 694
408 770
408 773
408 833
408 878
408 922
409 675
409 748
409 758
409 760
409 768
409 813
409 878
410 889
411 452
411 613
412 493
412 770
413 685
414 503
414 533
414 703
414 762
414 869
414 891
414 924
414 932
414 970
414 981
415 507
415 534
415 544
415 560
415 634
415 742
415 871
415 904
415 933
416 455
416 547
416 662
417 421
417 863
417 918
419 595
419 755
419 760
419 859
419 996
420 631
420 813
420 837
421 662
422 508
422 556
422 815
423 515
423 594
423 991
424 504
424 563
425 442
425 552
426 543
426 816
426 832
426 841
426 846
427 503
427 510
427 621
427 745
427 761
427 811
427 986
428 467
428 523
428 642
428 932
429 627
429 628
429 629
429 760
429 888
430 446
430 485
430 534
430 581
430 598
430 657
430 660
430 672
430 722
430 872
430 992
431 620
431 760
431 922
432 697
432 713
432 760
432 922
432 975
433 445
433 455
433 498
433 502
433 517
433 693
433 781
433 886
434 479
434 575
434 711
434 745
435 441
435 445
435 503
435 702
435 745
435 895
435 959
435 964
436 626
436 672
436 807
436 869
437 598
437 691
438 503
438 608
438 662
439 448
439 594
439 697
439 924
439 971
440 445
440 518
440 584
440 770
440 874
441 503
441 760
441 831
441 843
441 927
441 946
442 443
442 520
442 768
442 770
442 953
442 991
443 618
443 699
443 721
443 781
443 845
444 902
444 952
445 446
445 498
445 504
445 512
445 572
445 588
445 594
445 621
445 639
445 646
445 652
445 654
445 669
445 682
445 696
445 713
445 757
445 759
445 770
445 779
445 786
445 787
445 788
445 806
445 817
445 820
445 822
445 832
445 845
445 868
445 883
445 887
445 927
445 940
445 948
445 954
445 985
445 988
445 991
445 993
446 455
446 489
446 522
446 537
446 559
446 653
446 660
446 669
446 720
446 726
446 926
447 597
447 800
447 863
448 585
448 986
449 465
449 482
449 503
449 542
449 558
449 562
449 573
449 619
449 642
449 689
449 768
449 870
449 895
449 908
449 946
449 965
449 966
450 733
450 748
450 872
451 504
451 760
451 890
452 496
452 550
452 594
452 710
453 549
453 749
453 770
453 932
454 467
454 609
454 671
454 912
455 461
455 467
455 683
455 745
455 761
455 875
456 520
456 598
456 643
456 969
457 571
457 624
457 728
457 770
457 964
458 553
458 798
459 602
459 753
459 954
460 503
460 517
460 535
460 585
460 599
460 647
460 677
460 819
460 922
460 924
460 932
461 471
461 619
461 690
461 813
461 816
461 937
462 660
462 766
462 869
463 491
463 531
463 721
463 745
463 762
463 764
463 813
463 877
463 895
464 558
464 565
464 655
464 753
464 961
465 679
465 717
465 722
465 760
465 820
465 837
465 927
465 995
466 602
466 619
466 689
467 641
468 699
468 703
469 481
469 491
469 693
469 772
469 857
470 503
470 636
470 772
470 809
470 824
470 857
470 882
470 962
471 553
471 562
471 623
471 747
471 779
471 784
471 843
472 570
472 704
472 705
472 883
473 646
473 699
473 773
473 928
473 994
474 748
474 762
474 763
474 813
475 673
475 701
475 745
475 768
475 907
476 502
476 745
476 770
476 875
477 649
477 862
478 555
478 564
478 611
478 619
478 620
478 640
478 649
478 679
478 686
478 742
478 745
478 753
478 784
478 803
478 831
478 853
478 863
478 864
478 898
478 900
478 923
478 926
478 991
479 662
479 888
479 926
480 761
480 770
480 803
481 769
481 867
481 892
481 967
482 566
482 609
482 631
482 719
482 753
482 760
482 765
482 934
482 973
484 489
484 684
484 837
484 898
485 503
485 520
485 639
485 692
485 714
485 718
485 731
485 828
485 864
485 904
486 532
486 813
488 594
488 745
488 781
488 817
488 991
489 538
489 558
489 612
489 772
489 867
489 871
489 902
489 937
489 938
489 956
490 522
490 546
490 590
490 651
490 962
491 687
491 845
492 541
492 656
492 781
492 844
492 853
493 837
493 907
493 991
494 756
495 533
495 610
495 804
495 827
495 887
495 890
496 503
496 760
496 845
497 503
497 504
497 714
497 803
497 804
497 868
497 952
498 519
498 525
498 589
498 694
498 703
498 748
498 757
498 832
498 880
498 886
498 938
498 942
498 963
498 997
499 501
499 502
499 558
499 598
499 898
499 910
500 533
500 557
500 660
500 661
500 685
501 721
501 760
501 811
502 536
502 573
502 576
502 988
503 508
503 516
503 537
503 556
503 560
503 563
503 579
503 591
503 616
503 619
503 621
503 629
503 650
503 656
503 671
503 672
503 675
503 694
503 697
503 705
503 722
503 732
503 745
503 758
503 760
503 773
503 777
503 804
503 806
503 844
503 864
503 873
503 913
503 919
503 926
503 932
503 933
503 950
503 973
503 974
503 998
504 680
504 733
504 885
505 592
505 653
505 667
506 665
506 726
506 732
506 919
507 580
507 764
508 529
508 548
508 583
508 636
508 665
508 669
508 672
508 724
508 745
508 816
508 845
508 897
508 902
508 988
508 991
509 668
510 642
510 677
510 678
510 768
510 852
510 875
511 551
511 570
511 839
511 866
512 760
513 545
513 592
513 623
513 729
513 756
513 999
514 590
514 607
514 773
515 531
515 539
515 656
515 780
515 886
516 537
516 558
516 678
516 820
517 518
517 686
517 774
517 823
517 869
517 904
517 981
518 613
518 634
518 743
518 745
518 787
518 806
518 819
518 839
518 902
518 960
519 682
519 700
519 739
520 643
520 806
521 592
521 688
521 852
521 875
521 892
521 967
522 770
523 904
523 954
524 741
524 994
524 999
525 533
525 574
525 823
525 856
525 922
526 697
526 732
526 850
527 745
527 828
527 845
527 850
528 578
528 635
528 756
528 762
528 770
528 782
528 871
528 919
528 924
528 958
528 993
529 592
529 705
529 918
529 921
530 612
530 745
531 542
531 588
531 625
531 715
531 745
532 879
532 904
533 554
533 745
533 811
533 895
533 908
534 749
534 908
535 560
535 762
535 779
535 781
535 924
535 984
536 541
536 658
536 726
536 761
537 623
537 729
538 599
538 760
538 817
538 819
538 841
538 845
538 892
538 951
538 973
539 581
539 885
540 874
540 972
541 613
541 809
541 973
542 577
542 945
543 546
543 611
543 701
543 724
543 813
543 842
543 932
543 959
544 706
544 760
544 839
544 860
544 892
544 954
545 980
546 770
547 606
547 640
548 642
548 664
548 770
549 642
549 698
549 760
550 717
550 774
550 798
550 834
550 854
550 858
550 883
551 657
551 744
551 760
551 765
551 776
551 939
552 759
552 917
552 957
553 556
553 615
553 650
553 694
553 722
553 732
553 745
553 768
553 804
553 816
553 860
553 902
553 911
553 968
553 979
554 591
554 889
555 853
556 558
556 560
556 760
556 768
556 839
556 902
556 950
556 951
556 953
557 657
557 774
558 566
558 642
558 646
558 653
558 663
558 677
558 733
558 748
558 759
558 767
558 856
558 889
558 952
558 956
559 995
560 692
560 768
560 770
560 857
560 890
560 955
561 623
561 889
562 597
562 662
562 879
562 932
562 971
563 768
563 820
564 696
566 573
566 745
566 845
567 672
567 765
567 797
567 973
567 986
568 998
569 583
569 663
569 720
569 760
570 656
570 764
571 630
571 674
571 880
572 648
572 703
572 745
572 867
572 953
573 642
573 956
574 731
574 733
574 869
575 816
576 786
576 918
576 940
577 635
577 708
577 761
577 969
577 994
578 638
578 852
579 589
579 602
579 707
579 845
580 697
580 700
580 754
580 768
580 807
580 953
581 597
581 680
581 745
581 794
581 958
582 665
582 902
583 845
584 764
584 932
585 733
585 820
586 892
587 623
587 702
587 845
588 598
588 695
588 760
588 774
588 837
589 597
589 713
589 773
589 962
590 732
590 899
590 970
591 642
591 798
591 956
592 959
593 820
594 657
594 926
594 954
595 640
595 695
595 798
597 600
597 760
597 926
597 980
598 768
598 773
598 805
598 889
598 913
599 712
599 818
600 642
600 902
602 699
602 770
602 777
602 849
602 922
604 617
604 701
604 946
604 983
605 749
605 768
606 869
606 922
607 690
607 863
608 644
609 697
609 767
609 788
609 954
610 946
611 662
611 857
611 986
612 625
612 973
613 657
613 678
613 703
614 630
614 712
614 745
614 768
614 803
614 845
614 893
614 914
614 940
615 674
616 642
616 712
616 724
617 644
617 745
617 770
617 794
617 810
619 625
619 732
619 770
619 803
619 865
619 890
619 897
619 981
620 794
620 913
620 972
622 624
622 669
622 747
622 801
622 856
623 634
623 722
623 753
623 766
623 794
623 823
623 865
623 881
623 890
623 892
624 683
624 686
624 760
624 966
625 629
625 760
625 864
625 868
625 887
625 896
625 984
626 745
626 758
626 856
626 870
626 904
626 918
626 963
627 724
627 744
627 794
627 902
627 925
628 817
628 862
629 642
629 803
629 913
629 938
630 961
631 732
631 768
631 854
631 987
633 722
633 828
633 834
633 942
634 654
634 678
634 861
634 950
635 750
635 792
635 803
636 694
636 745
636 749
636 856
636 909
636 974
636 999
638 648
638 753
639 904
640 642
640 894
641 650
641 742
641 921
641 947
642 665
642 705
642 727
642 743
642 745
642 761
642 776
642 984
643 816
643 828
644 848
645 802
646 697
646 798
646 944
646 954
648 687
648 753
648 813
648 960
649 760
649 813
650 716
650 875
651 656
651 696
651 957
652 702
652 704
652 758
653 673
653 881
653 914
653 926
654 760
654 761
654 768
654 804
654 816
654 839
654 973
655 781
655 789
656 752
656 768
656 888
656 902
656 930
656 954
656 963
657 770
657 780
657 803
657 806
657 845
657 863
657 908
657 932
658 682
658 745
658 856
658 859
659 760
659 822
660 753
661 665
661 689
661 930
661 932
661 997
662 911
663 767
663 922
664 745
664 888
664 932
665 713
665 871
665 972
666 864
666 952
667 892
667 964
668 731
669 845
669 941
670 745
670 760
670 770
670 946
672 823
672 848
672 899
672 975
673 791
673 925
673 969
674 830
675 890
676 998
678 815
678 894
681 795
682 731
683 903
684 689
684 830
684 832
684 923
684 925
684 940
685 716
686 746
686 760
686 764
686 972
687 820
688 873
688 933
689 732
689 798
689 895
689 925
690 695
691 747
691 757
693 729
693 832
693 862
694 733
694 760
694 814
694 831
694 841
694 963
695 738
695 777
696 783
697 770
697 807
697 972
699 798
699 860
699 924
699 999
701 766
702 761
702 773
702 798
702 801
702 840
702 890
702 925
702 936
703 763
703 835
703 862
704 811
705 716
705 741
705 928
706 892
707 954
707 956
707 976
708 768
708 835
708 913
709 717
709 971
710 862
710 917
711 712
712 845
712 885
713 768
713 816
713 877
713 953
713 960
715 875
716 735
716 784
717 923
718 722
718 758
718 920
718 933
718 967
719 964
720 889
721 736
721 803
721 961
722 793
722 941
722 946
723 746
723 784
723 915
723 993
724 753
724 760
724 820
724 962
725 781
725 852
725 868
725 963
726 920
726 953
729 792
729 851
729 901
729 956
730 737
732 760
732 872
732 919
732 937
733 736
733 803
733 936
734 861
734 924
736 803
736 884
736 904
737 932
738 770
739 835
741 760
741 904
741 963
741 984
742 904
742 963
742 993
743 788
743 896
743 919
744 756
744 764
744 779
744 823
744 845
744 884
744 896
744 932
745 753
745 760
745 768
745 769
745 770
745 788
745 794
745 797
745 808
745 818
745 828
745 839
745 854
745 856
745 859
745 865
745 869
745 877
745 882
745 886
745 899
745 903
745 904
745 909
745 911
745 920
745 924
745 927
745 936
745 954
745 974
745 986
745 988
746 759
746 916
747 892
747 920
749 770
749 783
749 886
751 777
751 922
752 867
752 908
752 963
753 759
753 762
753 795
753 803
753 817
755 784
755 830
756 768
757 856
757 889
757 922
757 972
758 835
758 934
758 944
758 979
758 991
759 781
759 819
759 845
760 763
760 770
760 786
760 803
760 832
760 841
760 845
760 851
760 853
760 862
760 868
760 879
760 917
760 923
760 953
760 991
761 902
762 818
762 874
763 784
764 981
764 991
765 768
765 955
765 999
766 939
768 797
768 816
768 820
768 926
768 943
768 951
768 963
768 981
768 999
769 828
770 784
770 787
770 788
770 798
770 813
770 856
770 857
770 883
770 951
770 993
771 816
771 946
771 990
772 820
772 854
774 853
774 991
775 829
776 910
776 967
776 991
777 799
777 828
777 925
779 907
779 960
781 793
781 816
781 898
781 929
781 931
781 948
782 868
782 944
783 816
784 880
784 951
785 792
785 926
785 952
785 973
786 955
787 803
788 823
788 845
788 863
789 803
789 864
789 928
790 922
791 820
792 930
793 994
794 898
795 847
796 806
797 809
797 944
798 816
799 904
799 946
799 957
799 989
801 953
802 922
803 834
803 845
803 956
805 875
805 876
806 815
806 892
806 938
807 862
809 902
809 968
810 820
810 997
812 963
815 832
816 825
816 884
816 888
816 998
816 999
817 940
817 972
817 996
818 849
818 932
819 902
820 831
820 860
820 875
820 881
820 912
820 957
820 982
821 928
822 994
823 963
824 867
824 881
826 976
827 845
827 863
827 908
827 959
828 950
829 897
830 846
830 919
831 862
831 963
831 989
831 993
833 938
833 956
834 878
835 845
835 936
836 973
838 901
838 923
839 914
840 845
840 951
841 880
841 995
842 851
842 909
842 942
842 975
844 863
844 938
845 878
845 904
845 926
845 990
848 916
848 923
850 954
850 965
851 940
851 976
853 857
853 862
853 953
856 893
856 995
857 873
857 926
858 919
859 890
862 913
862 917
862 918
863 908
863 985
863 986
864 909
867 911
867 919
868 970
869 925
870 994
873 960
874 952
875 898
875 957
875 965
876 986
877 969
878 927
878 986
881 917
882 922
882 991
883 954
883 966
883 976
884 922
885 991
886 967
887 902
887 972
888 966
889 898
889 991
892 908
892 957
901 947
904 918
904 960
904 998
905 926
905 986
906 963
906 996
907 916
909 989
909 991
911 932
913 923
916 923
917 923
920 994
922 958
922 963
923 965
924 927
925 972
926 999
927 965
928 992
931 939
936 988
945 954
946 989
953 958
956 994
957 970
962 982
972 996
979 985
986 991
