0 82
0 110
0 203
0 599
0 616
0 703
0 912
0 930
1 35
1 57
1 77
1 100
1 114
1 130
1 154
1 200
1 339
1 576
1 585
1 596
1 633
1 663
1 705
1 722
1 773
1 852
1 854
1 892
1 893
1 933
1 952
1 974
2 5
2 31
2 68
2 106
2 134
2 231
2 292
2 345
2 386
2 410
2 466
2 511
2 689
2 720
2 777
2 790
2 877
2 884
2 988
2 989
2 997
3 585
3 941
4 22
4 69
4 110
4 378
4 672
4 725
4 838
4 878
4 958
4 977
5 108
5 177
5 209
5 968
6 130
6 179
6 334
6 339
6 698
6 744
6 852
6 856
7 69
7 73
7 110
7 756
7 791
7 817
7 935
8 9
8 22
8 34
8 36
8 124
8 139
8 175
8 190
8 266
8 289
8 299
8 336
8 444
8 492
8 567
8 617
8 686
8 747
8 776
8 780
8 797
8 807
8 889
8 946
8 978
9 124
9 139
9 336
9 747
9 776
10 260
10 347
10 355
10 366
10 381
10 382
10 501
10 644
11 184
11 207
11 416
11 476
11 589
11 648
11 675
11 842
12 432
12 789
12 899
13 27
13 292
13 337
13 344
13 515
13 536
13 551
13 595
13 668
13 702
13 735
13 781
13 789
13 821
13 828
13 989
14 144
14 145
14 426
14 440
14 477
14 600
14 604
14 630
14 641
14 643
14 656
14 670
14 868
14 896
14 927
14 975
15 98
15 238
15 272
15 278
15 430
15 436
15 762
15 879
15 954
15 962
16 121
16 140
16 374
16 390
16 965
17 113
17 320
17 365
17 505
17 549
17 567
17 707
17 857
18 129
18 169
18 199
18 421
18 558
18 664
18 774
18 882
18 916
19 207
19 274
19 291
19 303
19 347
19 366
19 381
19 644
19 721
19 758
19 910
19 997
20 190
20 336
20 807
21 95
21 195
21 225
21 316
21 571
21 596
21 664
21 882
21 919
22 24
22 32
22 38
22 69
22 73
22 76
22 92
22 110
22 163
22 175
22 190
22 200
22 227
22 362
22 388
22 403
22 480
22 512
22 547
22 556
22 599
22 672
22 686
22 719
22 725
22 791
22 817
22 829
22 832
22 849
22 878
22 935
22 958
22 993
23 98
23 265
23 278
23 386
23 428
23 430
23 436
23 473
23 820
23 962
23 997
24 69
24 110
24 403
24 547
24 672
24 725
24 832
24 958
24 977
25 51
25 102
25 190
25 444
25 492
25 569
25 635
25 686
25 805
25 850
25 880
25 986
26 198
26 200
26 213
26 343
26 369
26 596
26 636
26 645
26 663
26 839
26 864
26 907
26 911
26 919
26 947
26 963
27 257
27 344
27 410
27 515
27 551
27 595
27 610
27 702
27 720
27 781
27 789
27 989
28 251
28 252
28 459
28 693
28 749
28 883
28 888
28 943
29 175
29 190
29 312
29 444
29 662
29 723
29 869
29 904
29 993
30 94
30 126
30 191
30 248
30 467
30 535
30 573
30 582
30 723
30 803
30 945
30 993
31 106
31 292
31 424
31 452
31 466
31 720
31 894
31 900
32 69
32 110
32 163
32 362
32 378
32 547
32 556
33 217
33 311
33 412
33 509
33 996
34 36
34 60
34 99
34 139
34 166
34 190
34 336
34 441
34 454
34 554
34 557
34 672
34 754
34 889
34 946
34 966
34 978
35 57
35 74
35 77
35 114
35 130
35 154
35 200
35 310
35 339
35 576
35 633
35 663
35 705
35 839
35 854
35 867
35 892
35 893
35 933
35 951
35 952
35 974
36 60
36 166
36 190
36 336
36 454
36 478
36 554
36 889
36 946
36 978
37 66
37 367
37 523
37 647
38 69
38 92
38 110
38 163
38 512
38 556
38 958
39 175
39 187
39 212
39 444
39 693
39 890
40 131
40 734
40 773
40 824
41 184
41 207
41 230
41 262
41 476
41 540
42 116
42 197
42 234
42 268
42 276
42 518
42 566
42 670
42 748
42 887
42 905
42 919
42 927
42 976
42 997
43 190
43 307
43 489
43 686
43 687
44 164
44 332
44 374
44 592
44 841
44 965
45 51
45 175
45 190
45 418
45 492
45 686
46 160
46 335
46 400
46 470
46 525
46 670
46 782
47 48
47 187
47 280
47 444
47 686
47 805
48 280
48 287
48 425
48 444
48 593
48 805
49 62
49 63
49 96
49 140
49 148
49 155
49 175
49 176
49 190
49 236
49 245
49 252
49 253
49 371
49 372
49 396
49 434
49 444
49 445
49 454
49 459
49 481
49 510
49 522
49 560
49 580
49 582
49 584
49 603
49 677
49 686
49 749
49 762
49 834
49 883
49 901
49 921
49 929
49 965
49 969
49 993
50 252
50 372
50 510
50 603
50 943
51 190
51 492
51 575
51 635
51 686
51 767
52 240
52 837
53 209
53 235
54 159
54 415
54 502
54 878
55 203
55 259
55 462
55 618
55 829
55 845
55 898
56 175
56 312
56 444
56 662
56 993
57 77
57 339
57 518
57 633
57 705
57 742
57 829
57 854
57 933
57 951
58 396
58 479
58 541
58 621
58 657
58 783
59 88
59 215
59 323
59 396
59 479
59 522
59 570
59 885
59 929
60 70
60 139
60 158
60 166
60 190
60 289
60 336
60 447
60 554
60 567
60 686
60 797
60 889
60 946
60 966
60 978
61 170
61 670
61 840
61 992
62 96
62 188
62 210
62 252
62 253
62 434
62 444
62 539
62 582
62 883
62 993
63 96
63 155
63 252
63 371
63 522
63 560
63 993
64 129
64 196
64 391
64 421
64 485
64 558
64 596
64 664
64 710
64 755
64 802
64 829
64 875
65 117
65 228
65 582
65 834
65 863
66 126
66 215
66 367
66 647
66 701
66 929
67 122
67 149
67 272
67 306
67 345
67 383
67 386
67 422
67 448
67 499
67 516
67 548
67 612
67 625
67 655
67 762
67 968
68 292
68 511
68 602
68 777
69 73
69 76
69 79
69 92
69 110
69 146
69 163
69 227
69 320
69 362
69 462
69 480
69 512
69 547
69 556
69 599
69 617
69 670
69 672
69 703
69 725
69 756
69 772
69 791
69 817
69 832
69 849
69 958
69 977
70 158
70 190
70 289
70 336
70 441
70 447
70 567
70 754
70 946
70 978
71 357
71 423
71 427
71 563
71 940
72 111
72 220
72 265
72 370
72 417
72 457
72 548
72 553
72 568
72 682
72 813
72 820
72 855
72 902
72 962
72 997
73 110
73 146
73 227
73 756
73 791
73 814
73 935
74 100
74 154
74 310
74 431
74 576
74 585
74 663
74 742
74 933
74 952
74 984
75 213
75 368
75 596
75 664
75 774
75 839
75 907
75 911
75 919
75 963
76 92
76 110
76 512
76 547
76 719
76 829
76 958
77 100
77 576
77 633
77 705
77 722
77 893
77 933
77 974
78 116
78 197
78 268
78 276
78 309
78 339
78 351
78 503
78 518
78 643
78 670
78 706
78 748
78 827
78 858
78 887
78 927
78 975
79 329
79 378
79 403
79 415
79 502
79 547
79 617
79 672
79 878
79 895
79 958
79 963
79 977
80 122
80 149
80 306
80 345
80 383
80 386
80 422
80 499
80 529
80 543
80 625
80 638
80 762
80 997
81 711
82 203
82 627
82 676
82 703
82 912
82 930
83 379
83 553
83 644
83 873
83 944
83 997
84 292
84 410
84 668
84 900
85 262
85 959
86 285
86 477
86 795
86 827
86 927
87 252
87 459
87 560
87 749
87 862
87 888
87 917
87 943
88 97
88 215
88 323
88 367
88 423
88 479
88 541
88 570
88 621
88 657
88 701
88 929
89 99
89 237
89 275
89 505
89 613
89 649
89 709
89 736
89 978
90 175
90 402
90 444
90 634
90 711
90 723
90 804
91 194
91 695
91 760
91 805
91 920
92 110
92 163
92 415
92 512
93 94
93 148
93 467
93 535
93 582
93 809
94 535
94 573
94 803
94 945
95 195
95 199
95 356
95 664
95 774
95 882
95 963
96 140
96 155
96 236
96 245
96 252
96 371
96 372
96 444
96 459
96 522
96 560
96 580
96 590
96 603
96 677
96 693
96 862
96 883
96 921
96 969
96 993
97 215
97 323
97 396
97 479
97 570
97 657
97 701
97 783
97 929
98 111
98 278
98 430
98 436
98 457
98 670
98 968
98 997
99 110
99 112
99 119
99 139
99 261
99 275
99 289
99 336
99 441
99 444
99 505
99 557
99 567
99 654
99 686
99 725
99 924
99 946
99 978
100 114
100 130
100 157
100 179
100 339
100 585
100 633
100 705
100 722
100 852
100 854
100 951
101 150
101 179
101 217
101 290
101 311
101 412
101 509
101 562
101 973
101 996
102 190
102 444
102 492
102 635
102 880
103 118
103 142
103 425
103 599
103 825
103 829
104 175
104 187
104 212
104 444
104 890
105 406
105 527
105 670
105 931
106 147
106 292
106 602
107 190
107 538
107 666
107 695
107 760
107 805
107 920
108 177
108 209
108 279
108 292
108 358
108 494
108 499
108 511
108 521
108 548
108 607
108 720
108 778
108 835
108 972
108 997
109 242
109 338
109 474
109 564
109 599
109 812
109 829
110 131
110 146
110 163
110 190
110 203
110 227
110 259
110 275
110 336
110 362
110 403
110 425
110 444
110 512
110 547
110 556
110 601
110 672
110 703
110 719
110 725
110 756
110 791
110 814
110 817
110 829
110 832
110 849
110 898
110 935
110 977
111 220
111 682
111 820
111 855
112 289
112 441
112 557
112 567
112 654
112 792
112 946
113 365
113 505
113 707
113 857
114 130
114 157
114 179
114 328
114 339
114 705
114 722
114 839
114 951
114 952
114 974
115 183
115 229
115 354
115 376
115 437
115 451
115 496
115 553
115 717
115 910
115 997
116 234
116 566
116 748
116 858
116 887
116 976
117 148
117 210
117 228
117 544
117 582
117 834
117 863
118 142
118 419
118 464
118 596
118 599
118 829
119 190
119 289
119 298
119 336
119 441
119 557
119 567
119 654
119 946
119 978
119 983
120 400
120 470
121 295
121 390
121 965
122 294
122 306
122 345
122 383
122 386
122 422
122 494
122 499
122 516
122 529
122 543
122 548
122 612
122 625
122 762
122 968
123 321
123 402
123 444
123 445
123 699
123 723
123 830
123 917
123 993
124 139
124 747
124 780
124 797
124 946
124 978
125 536
125 595
125 668
125 702
125 735
125 789
125 989
126 175
126 204
126 210
126 215
126 224
126 252
126 264
126 292
126 302
126 323
126 374
126 380
126 389
126 423
126 440
126 453
126 479
126 523
126 534
126 551
126 563
126 574
126 579
126 582
126 594
126 595
126 647
126 651
126 657
126 670
126 681
126 685
126 702
126 715
126 738
126 745
126 851
126 860
126 885
126 922
126 929
126 939
126 964
126 965
126 981
126 985
127 829
127 898
128 488
128 494
128 521
128 548
129 196
129 421
129 558
129 710
129 755
129 875
129 963
130 179
130 339
130 507
130 633
130 670
130 698
130 705
130 722
130 744
130 852
130 856
130 952
131 200
131 244
131 431
131 482
131 585
131 636
131 663
131 724
131 734
131 815
131 829
131 881
131 919
131 941
131 952
132 345
132 448
132 488
132 499
132 548
132 835
132 968
133 144
133 426
133 440
133 600
133 656
133 868
133 975
134 297
134 393
134 511
134 702
135 504
135 769
136 141
136 326
136 342
136 405
136 533
136 545
136 562
136 620
136 670
136 704
136 786
137 305
137 596
137 599
137 624
137 843
138 197
138 216
138 276
138 455
138 519
138 533
138 537
138 542
138 550
138 631
138 653
138 670
138 908
139 175
139 190
139 289
139 299
139 336
139 441
139 478
139 492
139 686
139 747
139 776
139 780
139 797
139 807
139 889
139 946
140 148
140 188
140 210
140 245
140 252
140 340
140 434
140 522
140 539
140 582
140 765
140 863
141 277
141 326
141 405
141 518
142 165
142 179
142 423
142 425
142 464
142 599
142 825
142 829
142 919
142 963
143 184
143 640
143 980
144 426
144 600
144 604
144 656
144 670
144 868
144 927
145 426
145 440
145 656
145 975
146 163
146 480
147 292
147 439
147 452
147 602
147 884
147 988
148 210
148 423
148 434
148 444
148 479
148 522
148 582
148 765
148 787
148 799
148 834
149 306
149 345
149 383
149 386
149 422
149 499
149 516
149 543
149 548
149 612
149 625
149 655
149 757
149 835
149 968
150 167
150 509
150 565
150 670
150 771
150 786
151 296
151 415
151 530
151 617
151 728
151 740
151 770
151 865
151 878
151 895
152 184
152 207
152 928
153 184
153 364
153 397
153 398
153 401
153 465
153 670
153 733
153 937
153 980
154 310
154 431
154 633
154 892
154 933
154 952
154 974
154 984
155 236
155 252
155 371
155 372
155 522
155 560
155 993
156 179
156 324
156 328
156 339
156 341
156 463
156 744
156 766
156 818
156 823
157 339
157 722
157 951
158 190
158 447
158 567
158 754
158 946
158 978
159 895
159 970
160 168
160 174
160 207
160 262
160 335
160 387
160 400
160 449
160 527
160 626
160 670
160 739
160 833
160 866
161 380
161 399
161 594
161 745
162 184
162 207
162 732
162 928
163 190
163 362
163 512
163 547
163 672
163 791
163 958
164 284
164 332
164 374
164 423
164 479
164 582
164 592
164 650
164 841
164 965
165 425
165 464
165 599
165 825
165 829
166 336
166 454
166 478
166 554
166 797
166 889
166 946
167 217
167 373
167 463
167 509
167 562
167 771
167 785
168 335
168 455
168 626
168 670
168 866
169 200
169 421
169 596
169 829
169 882
170 283
170 591
170 615
170 670
170 992
171 175
171 188
171 218
171 434
171 539
171 582
172 297
173 190
173 237
173 275
173 613
173 649
173 743
174 250
174 404
174 455
174 670
174 915
174 938
175 176
175 187
175 190
175 205
175 245
175 249
175 252
175 253
175 263
175 280
175 287
175 312
175 321
175 330
175 336
175 349
175 374
175 402
175 423
175 441
175 442
175 444
175 445
175 459
175 468
175 469
175 481
175 491
175 495
175 510
175 513
175 522
175 552
175 557
175 560
175 567
175 584
175 588
175 603
175 617
175 634
175 635
175 662
175 671
175 686
175 691
175 692
175 693
175 711
175 716
175 723
175 726
175 749
175 789
175 796
175 804
175 805
175 808
175 829
175 830
175 844
175 846
175 848
175 861
175 869
175 874
175 883
175 888
175 890
175 904
175 914
175 917
175 920
175 936
175 946
175 978
175 993
175 997
176 190
176 245
176 252
176 253
176 363
176 444
176 468
176 481
176 490
176 552
176 671
176 684
176 693
176 723
176 737
176 914
176 943
176 993
178 487
178 752
179 184
179 200
179 311
179 324
179 328
179 334
179 339
179 341
179 353
179 461
179 463
179 486
179 504
179 509
179 562
179 572
179 599
179 605
179 639
179 663
179 670
179 674
179 688
179 705
179 713
179 722
179 750
179 766
179 785
179 818
179 823
179 829
179 852
179 892
179 898
179 919
179 926
179 933
179 934
179 952
179 955
179 956
179 963
179 979
179 990
179 996
180 346
180 670
180 840
181 239
181 609
181 954
181 987
182 462
182 822
182 898
183 354
183 438
183 451
183 546
183 717
183 910
183 997
184 190
184 207
184 230
184 243
184 262
184 282
184 291
184 303
184 335
184 347
184 355
184 364
184 381
184 388
184 397
184 398
184 401
184 409
184 416
184 417
184 443
184 444
184 449
184 451
184 465
184 476
184 494
184 496
184 499
184 509
184 517
184 518
184 527
184 532
184 540
184 548
184 550
184 589
184 614
184 619
184 622
184 640
184 646
184 648
184 667
184 670
184 673
184 675
184 686
184 690
184 708
184 717
184 721
184 729
184 732
184 733
184 741
184 746
184 753
184 762
184 793
184 826
184 842
184 855
184 887
184 910
184 915
184 928
184 929
184 931
184 937
184 968
184 980
184 991
184 997
185 420
185 562
186 363
186 444
186 468
186 481
186 652
186 671
186 693
186 993
187 273
187 280
187 287
187 442
187 444
187 528
187 723
187 805
187 869
187 886
187 993
188 434
188 853
189 380
189 563
189 594
189 681
190 194
190 200
190 203
190 237
190 252
190 253
190 266
190 270
190 273
190 280
190 287
190 289
190 299
190 301
190 307
190 321
190 322
190 336
190 339
190 368
190 414
190 418
190 423
190 441
190 444
190 446
190 447
190 450
190 454
190 468
190 478
190 479
190 483
190 489
190 492
190 509
190 522
190 548
190 551
190 554
190 557
190 567
190 569
190 575
190 582
190 585
190 593
190 599
190 606
190 617
190 635
190 666
190 670
190 686
190 687
190 691
190 710
190 712
190 723
190 731
190 736
190 747
190 767
190 776
190 780
190 789
190 797
190 798
190 805
190 807
190 829
190 850
190 869
190 878
190 880
190 883
190 886
190 889
190 898
190 912
190 914
190 917
190 919
190 924
190 929
190 943
190 946
190 948
190 963
190 966
190 970
190 978
190 982
190 986
190 993
191 535
191 803
192 500
192 611
192 670
192 837
192 925
192 950
194 444
194 538
194 593
194 805
195 199
195 316
195 882
196 558
196 755
196 875
197 216
197 234
197 276
197 377
197 518
197 533
197 542
197 550
197 562
197 631
197 653
197 706
197 887
197 905
197 908
197 927
197 996
198 200
198 208
198 343
198 352
198 368
198 369
198 506
198 583
198 585
198 596
198 636
198 645
198 663
198 774
198 798
198 839
198 864
198 907
198 911
198 919
198 963
199 225
199 356
199 421
199 774
199 882
200 208
200 244
200 339
200 482
200 555
200 585
200 596
200 617
200 636
200 663
200 669
200 724
200 744
200 798
200 815
200 829
200 839
200 881
200 907
200 911
200 919
200 941
200 947
200 952
200 963
201 207
201 221
201 247
201 250
201 335
201 388
201 407
201 435
201 449
201 455
201 508
201 527
201 637
201 670
201 810
201 836
201 915
202 670
202 768
203 300
203 601
203 663
203 703
203 822
203 829
203 898
203 912
204 302
204 380
204 456
204 981
205 312
205 321
205 444
205 726
205 874
206 488
206 494
206 521
206 942
207 230
207 282
207 291
207 303
207 409
207 416
207 443
207 476
207 517
207 526
207 540
207 589
207 644
207 646
207 648
207 670
207 673
207 675
207 746
207 762
207 842
207 928
207 931
207 960
207 980
207 991
207 997
208 281
208 343
208 352
208 369
208 585
208 596
208 599
208 636
208 645
208 663
208 774
208 798
208 839
208 907
208 911
208 919
208 963
208 994
209 279
209 393
209 607
210 434
210 522
210 539
210 582
210 765
210 787
210 834
210 883
211 313
211 361
211 475
211 518
211 566
211 670
211 887
211 905
212 444
212 890
213 369
213 596
213 636
213 645
213 663
213 839
213 907
213 911
213 919
213 947
214 229
214 354
214 359
214 438
214 764
214 873
214 944
214 997
215 323
215 396
215 423
215 479
215 570
215 701
216 276
216 277
216 533
216 537
216 550
216 653
216 908
217 311
217 412
217 509
217 973
218 539
218 765
219 272
219 294
219 386
219 499
219 751
219 759
219 762
219 801
219 859
219 968
220 417
220 629
220 644
220 682
220 813
220 855
221 250
221 335
221 388
221 435
221 670
221 915
222 347
222 366
222 451
222 644
222 997
223 548
223 612
223 757
223 762
223 835
223 968
224 423
224 453
224 860
224 981
225 356
225 506
225 596
225 755
225 882
226 245
226 394
226 434
226 522
227 556
227 817
228 544
228 582
228 834
228 863
229 354
229 359
229 553
229 764
229 873
229 944
229 997
230 476
230 746
230 991
231 511
232 280
232 444
232 593
232 805
233 471
233 596
233 663
233 774
233 919
233 963
234 268
234 309
234 326
234 509
234 518
234 566
234 670
234 748
234 795
234 858
234 887
234 927
234 976
236 252
236 372
236 522
236 560
236 603
237 275
237 289
237 336
237 613
237 617
237 649
237 736
237 743
239 265
239 386
239 497
239 609
239 954
239 987
240 487
240 837
240 950
240 975
241 485
241 599
241 710
241 829
242 338
242 564
242 599
242 812
242 829
242 882
242 919
242 963
243 409
243 517
243 640
244 663
244 724
244 815
244 881
245 252
245 330
245 340
245 372
245 522
245 590
245 603
245 659
245 677
245 693
245 765
245 799
245 901
245 921
245 993
246 251
246 252
246 459
246 560
246 693
246 794
246 883
247 250
247 388
247 449
247 455
247 514
247 915
248 535
248 573
248 582
248 803
248 945
249 252
249 253
249 321
249 495
249 693
249 808
249 914
249 993
250 288
250 335
250 388
250 407
250 411
250 435
250 527
250 670
251 252
251 459
251 693
251 794
251 872
251 883
251 993
252 312
252 321
252 340
252 371
252 372
252 434
252 444
252 459
252 468
252 481
252 490
252 510
252 522
252 539
252 552
252 560
252 584
252 590
252 595
252 603
252 652
252 677
252 680
252 686
252 693
252 723
252 749
252 794
252 808
252 830
252 834
252 846
252 848
252 862
252 872
252 883
252 888
252 921
252 929
252 943
252 969
252 993
253 321
253 444
253 445
253 481
253 495
253 560
253 581
253 693
253 699
253 723
253 737
253 784
253 808
253 830
253 914
253 917
253 943
253 993
254 488
254 548
255 395
255 508
255 527
255 670
255 948
256 440
256 643
256 827
256 896
256 927
257 292
257 410
257 424
257 452
257 466
257 595
257 610
257 661
257 720
257 789
257 894
257 900
257 923
257 929
257 989
258 410
258 595
258 702
258 789
258 821
258 828
258 891
259 599
259 618
259 898
260 347
260 366
260 381
260 382
260 501
260 644
260 953
261 289
261 567
261 654
261 946
262 318
262 387
262 465
262 548
262 670
262 673
262 690
262 697
262 753
262 800
262 928
262 931
262 959
263 444
263 491
263 634
263 711
263 723
263 844
263 861
263 993
264 423
264 579
264 715
264 819
264 851
264 885
264 929
265 370
265 417
265 457
265 763
265 820
265 962
265 997
266 301
266 483
266 606
266 686
266 982
267 294
267 386
267 499
267 548
267 700
267 759
267 762
267 859
267 968
268 309
268 518
268 566
268 748
268 827
268 858
268 887
269 386
269 499
269 548
269 612
269 835
270 299
270 483
270 780
270 807
271 293
271 670
272 294
272 383
272 386
272 499
272 543
272 548
272 700
272 730
272 751
272 762
272 801
272 859
272 879
272 968
273 287
274 291
274 303
274 350
274 401
274 465
274 679
274 775
274 997
275 557
275 613
276 377
276 518
276 533
276 537
276 550
276 620
276 653
276 670
276 706
276 908
277 704
278 430
278 436
278 511
278 609
278 663
278 762
278 806
278 820
278 962
279 393
280 322
280 444
280 538
280 593
280 695
280 805
280 920
281 585
281 636
281 663
281 798
281 919
282 589
282 991
283 615
283 670
284 374
284 577
284 592
284 650
284 841
285 309
285 477
285 630
285 643
285 827
285 927
286 304
286 366
286 376
286 381
286 451
286 644
286 660
287 444
287 446
287 528
287 691
287 886
288 325
288 395
288 407
288 508
288 527
288 670
289 298
289 336
289 441
289 447
289 557
289 567
289 617
289 654
289 686
289 743
289 805
289 924
289 946
289 978
289 983
289 993
290 509
290 562
290 785
290 973
291 303
291 347
291 350
291 366
291 465
291 679
291 758
291 775
291 913
291 997
292 380
292 410
292 424
292 439
292 452
292 466
292 511
292 551
292 561
292 595
292 602
292 720
292 789
292 884
292 894
292 900
292 910
292 929
292 988
292 989
292 993
293 375
293 670
294 345
294 383
294 386
294 457
294 499
294 548
294 625
294 658
294 700
294 759
294 762
294 801
294 859
294 968
295 374
295 458
295 965
296 728
296 740
296 865
296 878
296 895
296 897
298 441
298 557
298 567
298 946
298 978
299 336
299 686
299 807
299 946
300 480
300 995
301 336
301 483
301 606
301 686
301 982
302 380
302 389
302 456
302 939
303 347
303 350
303 354
303 366
303 381
303 401
303 408
303 465
303 644
303 679
303 758
303 775
303 937
303 980
304 366
304 451
304 660
304 910
304 997
305 599
305 624
305 664
305 710
305 843
306 345
306 383
306 386
306 422
306 488
306 499
306 516
306 529
306 543
306 548
306 612
306 655
306 968
307 336
307 414
307 444
307 489
307 492
307 686
308 827
309 670
309 748
309 858
309 887
310 431
310 742
310 744
310 867
310 893
310 933
310 952
310 974
310 984
311 328
311 412
311 509
311 562
311 663
311 785
311 786
311 996
312 444
312 522
312 662
312 723
312 726
313 361
313 475
313 518
313 670
313 887
313 905
314 325
314 395
314 508
314 670
314 948
315 614
315 670
315 694
315 752
316 506
316 559
316 571
316 596
316 664
316 882
316 963
316 967
317 899
317 971
318 526
318 729
318 928
319 376
319 451
319 496
319 910
319 997
320 505
320 617
320 707
320 857
321 402
321 444
321 459
321 481
321 495
321 513
321 581
321 671
321 684
321 692
321 699
321 723
321 784
321 808
321 830
321 914
321 917
321 993
322 492
322 686
322 767
323 396
323 479
323 570
323 701
323 922
323 929
323 993
324 328
324 461
324 463
324 486
324 688
324 744
325 395
325 406
325 407
325 508
325 670
326 405
326 704
327 357
327 380
327 563
327 681
327 940
328 333
328 334
328 339
328 341
328 463
328 507
328 509
328 636
328 705
328 744
328 750
328 766
328 818
328 823
328 852
328 856
328 919
328 955
328 979
328 996
329 672
329 878
329 970
330 522
330 590
330 677
330 921
331 410
331 515
331 595
331 668
332 374
332 582
332 592
332 650
332 841
332 929
332 965
333 339
333 460
333 507
333 509
333 744
333 818
334 339
334 353
334 460
334 463
334 507
334 744
334 818
334 852
334 856
335 388
335 404
335 449
335 455
335 470
335 525
335 526
335 626
335 670
335 739
335 833
335 866
335 931
336 441
336 444
336 447
336 454
336 478
336 483
336 492
336 554
336 567
336 596
336 617
336 672
336 686
336 687
336 723
336 736
336 747
336 754
336 776
336 797
336 889
336 946
336 966
336 978
336 993
337 410
337 536
337 551
337 595
337 702
337 735
337 781
337 789
338 564
338 599
338 812
338 829
339 341
339 353
339 412
339 460
339 461
339 463
339 507
339 509
339 562
339 572
339 596
339 605
339 636
339 663
339 664
339 698
339 705
339 722
339 744
339 766
339 774
339 815
339 818
339 829
339 852
339 856
339 867
339 933
339 951
339 952
339 979
339 996
340 394
340 522
340 799
341 463
341 744
341 750
341 766
341 823
341 979
342 533
342 545
342 653
343 369
343 596
343 663
343 774
343 839
343 864
343 907
343 911
343 919
343 947
343 963
344 410
344 515
344 551
344 595
344 702
344 761
344 781
344 789
344 923
344 989
345 383
345 386
345 422
345 448
345 488
345 494
345 499
345 543
345 548
345 612
345 625
345 655
345 762
345 835
345 859
345 968
346 670
347 355
347 366
347 381
347 382
347 397
347 451
347 465
347 501
347 524
347 619
347 644
347 717
347 721
347 758
347 910
347 953
347 980
347 997
348 429
348 462
348 599
348 822
348 829
348 845
348 898
349 444
349 723
349 844
349 861
349 874
349 936
350 465
350 679
350 775
351 533
352 636
352 663
352 798
353 507
353 852
354 359
354 437
354 438
354 451
354 546
354 589
354 644
354 764
354 873
354 910
354 997
355 366
355 381
355 382
355 501
355 524
355 644
355 997
356 596
356 664
356 774
356 829
356 882
356 963
357 380
357 413
357 427
357 432
357 563
357 595
357 670
357 714
357 929
357 940
357 971
358 386
359 764
359 873
359 944
359 997
360 370
360 417
360 568
360 670
360 682
360 820
360 855
360 997
361 475
361 518
361 566
361 670
361 887
361 905
361 976
362 556
363 468
363 481
363 652
363 671
363 693
363 718
363 943
363 993
364 397
364 401
364 532
364 670
364 733
364 980
365 617
366 381
366 382
366 451
366 501
366 524
366 553
366 644
366 670
366 910
366 953
366 997
367 577
367 647
367 929
368 369
368 520
368 583
368 596
368 663
368 839
368 907
368 911
368 919
368 963
369 596
369 636
369 645
369 663
369 774
369 839
369 864
369 907
369 911
369 919
369 947
369 963
370 417
370 457
370 548
370 568
370 628
370 763
370 813
370 820
370 855
370 997
371 522
371 560
371 603
371 969
372 434
372 510
372 522
372 603
372 693
372 883
372 969
372 993
373 509
373 565
374 390
374 434
374 444
374 458
374 479
374 577
374 592
374 657
374 659
374 841
374 929
374 965
375 670
375 870
376 451
376 496
376 910
376 997
377 533
378 415
378 502
378 672
378 696
378 878
378 977
379 417
379 451
379 457
379 553
379 644
379 910
379 997
380 389
380 399
380 423
380 456
380 523
380 563
380 594
380 595
380 681
380 723
380 745
380 789
380 811
380 939
380 940
380 981
380 985
381 382
381 386
381 401
381 451
381 465
381 501
381 524
381 619
381 644
381 660
381 721
381 953
381 997
382 465
382 501
382 524
382 644
382 910
382 953
382 997
383 386
383 422
383 494
383 499
383 529
383 543
383 548
383 612
383 625
383 700
383 757
383 762
383 968
383 997
384 431
384 585
384 742
384 773
384 824
385 525
385 597
385 782
386 422
386 451
386 457
386 488
386 494
386 499
386 511
386 516
386 529
386 543
386 548
386 595
386 612
386 625
386 638
386 658
386 670
386 700
386 702
386 751
386 757
386 759
386 762
386 801
386 835
386 859
386 968
387 673
387 931
388 407
388 411
388 449
388 455
388 527
388 637
388 670
388 915
388 938
388 948
389 456
389 523
389 929
389 939
389 943
390 582
390 965
391 558
391 710
391 875
392 493
392 527
392 670
392 810
393 607
395 406
395 407
395 508
395 527
395 670
396 479
396 541
396 570
396 621
396 657
396 659
396 701
396 783
397 398
397 401
397 451
397 622
397 640
397 708
397 733
397 980
398 622
398 640
398 667
398 708
398 741
398 980
399 594
399 745
400 470
400 525
400 597
400 670
400 782
401 465
401 644
401 679
401 913
401 937
401 997
402 445
402 513
402 723
402 993
403 672
403 725
403 832
404 449
404 670
404 727
404 788
405 545
405 562
405 670
405 829
406 508
406 527
406 670
407 411
407 508
407 670
407 915
408 451
408 619
408 721
409 476
409 517
409 589
409 640
409 670
409 753
409 980
410 424
410 466
410 511
410 515
410 548
410 551
410 595
410 610
410 668
410 670
410 702
410 720
410 761
410 789
410 900
410 923
410 989
410 993
411 435
411 527
411 670
412 463
412 504
412 509
412 562
412 670
412 769
412 973
412 996
413 714
413 940
413 971
414 444
414 483
414 686
414 687
414 807
414 920
414 946
415 502
415 672
415 696
415 878
416 589
416 648
416 675
416 842
417 428
417 433
417 457
417 553
417 568
417 628
417 682
417 762
417 763
417 813
417 820
417 855
417 902
417 997
418 492
418 686
419 425
419 464
419 474
419 599
419 829
421 559
421 596
421 599
421 664
421 710
421 755
421 774
421 882
421 916
422 499
422 529
422 543
422 548
422 612
422 625
422 762
423 444
423 453
423 456
423 523
423 534
423 574
423 579
423 582
423 647
423 685
423 715
423 738
423 745
423 819
423 851
423 860
423 885
423 922
423 929
423 939
423 943
423 965
423 981
424 595
424 661
424 702
424 720
424 900
425 464
425 556
425 599
425 618
425 623
425 664
425 710
425 772
425 774
425 812
425 825
425 829
425 839
425 847
425 898
425 919
426 440
426 600
427 563
427 595
427 940
428 430
428 451
428 457
428 473
428 499
428 548
428 628
428 670
428 762
428 763
428 806
428 820
428 962
429 462
429 845
429 898
430 436
430 457
430 962
431 742
431 773
431 952
431 984
432 595
432 642
433 553
433 831
433 997
434 522
434 582
434 853
434 921
434 965
435 670
436 499
436 762
436 820
436 962
436 997
437 451
437 553
437 644
437 717
437 910
437 944
437 997
438 553
438 764
438 855
438 944
438 997
439 988
440 509
440 604
440 643
440 656
440 752
440 827
440 868
440 927
440 975
441 447
441 454
441 557
441 567
441 754
441 946
441 966
441 978
441 983
442 444
442 469
442 588
442 869
442 993
443 800
443 928
443 960
444 445
444 459
444 468
444 469
444 481
444 491
444 492
444 505
444 513
444 522
444 528
444 552
444 567
444 584
444 588
444 593
444 599
444 617
444 627
444 634
444 664
444 670
444 671
444 686
444 691
444 693
444 711
444 723
444 726
444 728
444 787
444 789
444 804
444 805
444 807
444 808
444 829
444 830
444 844
444 846
444 861
444 869
444 874
444 883
444 888
444 890
444 914
444 917
444 920
444 929
444 936
444 943
444 946
444 978
444 993
444 995
445 513
445 662
445 711
445 723
445 804
445 830
445 917
445 993
446 593
447 454
447 567
447 754
447 946
447 978
448 499
448 548
448 612
448 757
448 762
448 835
448 997
449 455
449 514
449 527
449 670
449 836
449 915
450 695
450 986
451 465
451 496
451 586
451 644
451 660
451 721
451 758
451 820
451 831
451 910
451 997
452 466
452 720
453 534
453 563
453 860
453 929
453 981
454 554
454 686
454 797
454 889
454 946
454 978
455 514
455 527
455 670
455 915
455 931
455 938
455 948
456 745
456 929
457 473
457 628
457 682
457 762
457 806
457 820
457 855
457 962
457 997
458 965
459 468
459 522
459 584
459 603
459 665
459 693
459 749
459 794
459 846
459 862
459 883
459 888
459 943
459 993
460 463
460 507
460 744
460 818
460 852
461 463
461 486
461 572
461 688
461 818
461 852
461 955
462 898
463 486
463 509
463 596
463 605
463 639
463 670
463 688
463 698
463 713
463 744
463 750
463 766
463 774
463 818
463 823
463 829
463 852
463 952
463 955
463 990
464 599
464 812
464 825
464 829
465 644
465 663
465 670
465 679
465 721
465 775
465 793
465 913
465 937
465 997
466 511
466 561
466 668
466 720
466 894
466 900
467 535
467 573
467 582
467 834
467 945
468 481
468 490
468 522
468 552
468 560
468 584
468 603
468 652
468 671
468 680
468 693
468 723
468 784
468 805
468 846
468 883
468 914
468 943
468 993
469 588
469 869
470 782
471 559
471 596
471 919
471 963
472 498
472 527
472 670
472 810
472 948
473 806
474 531
474 564
474 599
474 678
474 829
475 518
475 519
475 542
475 670
475 887
475 905
475 976
476 746
476 928
476 980
476 991
477 518
477 795
477 827
477 927
478 554
478 567
478 797
478 889
478 966
479 541
479 582
479 592
479 621
479 650
479 657
479 659
479 670
479 701
479 712
479 783
479 929
479 965
480 599
480 703
480 882
480 995
481 552
481 581
481 582
481 584
481 671
481 684
481 693
481 716
481 723
481 731
481 737
481 784
481 808
481 883
481 914
481 943
481 993
483 606
483 686
483 982
484 595
484 789
485 710
485 802
485 829
485 906
486 688
486 823
487 518
487 670
487 768
487 837
488 494
488 521
488 548
488 644
488 762
488 835
488 949
488 968
489 686
489 687
490 584
490 680
490 693
490 943
490 993
491 723
491 796
491 804
491 861
491 993
492 569
492 575
492 635
492 686
492 767
492 805
493 527
493 670
493 683
493 810
494 521
494 548
494 762
494 949
494 972
495 552
495 692
495 723
495 872
495 914
495 917
495 993
496 910
496 997
497 609
497 762
497 954
497 987
498 527
498 670
498 810
498 871
498 948
499 516
499 529
499 536
499 543
499 548
499 563
499 612
499 625
499 638
499 655
499 670
499 700
499 751
499 757
499 759
499 762
499 801
499 820
499 855
499 859
499 962
499 968
499 997
500 670
500 925
500 950
501 644
501 660
501 910
502 672
503 827
503 927
505 608
505 617
505 649
505 707
505 857
506 520
506 559
506 571
506 596
506 663
506 664
506 774
506 882
506 919
506 963
506 967
507 744
507 852
507 856
507 952
508 527
508 598
508 670
508 948
509 518
509 562
509 565
509 596
509 605
509 670
509 713
509 744
509 769
509 771
509 779
509 785
509 786
509 827
509 852
509 887
509 903
509 926
509 927
509 973
509 996
510 603
511 548
511 670
511 689
511 702
511 762
511 777
511 789
511 790
511 835
511 877
511 989
512 547
512 556
512 672
513 830
513 917
513 993
514 938
515 595
515 702
515 720
515 781
515 989
516 548
516 655
516 762
517 640
517 753
517 980
518 519
518 533
518 542
518 545
518 550
518 566
518 631
518 653
518 670
518 748
518 786
518 887
518 905
518 927
519 542
519 550
519 631
519 887
519 908
520 596
520 663
520 774
520 798
520 963
521 548
521 942
521 949
521 972
522 535
522 552
522 560
522 580
522 582
522 590
522 595
522 603
522 677
522 686
522 693
522 749
522 829
522 846
522 853
522 883
522 901
522 921
522 929
522 943
522 965
522 969
522 993
523 534
523 685
523 929
523 939
523 964
523 981
524 644
524 660
524 953
525 597
525 782
526 690
526 729
526 931
526 959
527 585
527 598
527 670
527 683
527 810
527 836
527 871
527 915
527 948
528 593
528 691
528 886
529 543
529 548
529 595
529 968
530 608
530 617
530 632
530 770
530 865
530 878
530 961
531 564
531 599
531 829
532 670
532 733
532 793
533 537
533 542
533 545
533 620
533 653
533 670
533 706
533 766
533 827
533 887
533 908
534 860
534 929
534 981
535 573
535 582
535 803
535 834
535 945
535 965
536 551
536 595
536 642
536 702
536 789
536 891
537 670
537 706
538 593
538 805
539 582
539 621
539 765
540 746
540 928
541 621
541 659
541 783
542 550
542 631
542 827
542 908
543 548
543 638
543 762
544 582
544 809
546 553
546 764
546 873
546 910
546 997
547 670
547 672
547 725
547 832
547 849
547 958
548 609
548 612
548 625
548 644
548 757
548 759
548 762
548 789
548 835
548 942
548 949
548 997
549 617
549 878
549 897
550 631
550 653
550 670
550 908
551 595
551 668
551 702
551 735
551 781
551 789
551 900
551 929
551 989
552 671
552 684
552 693
552 716
552 731
552 737
552 784
552 808
552 914
552 993
553 644
553 764
553 831
553 855
553 944
553 968
553 997
554 797
554 889
554 946
554 978
555 663
555 669
555 941
557 567
557 617
557 654
557 686
557 736
557 924
557 946
557 963
557 978
558 599
558 710
558 755
558 802
558 829
558 875
558 963
559 571
559 596
559 664
559 774
559 967
560 603
560 693
560 883
560 943
560 993
561 884
561 894
561 988
562 670
562 704
562 771
562 785
562 786
562 973
562 996
563 594
563 681
563 811
563 929
563 940
563 993
564 596
564 599
564 678
564 812
564 829
566 748
566 827
566 887
566 976
567 654
567 686
567 807
567 924
567 946
567 978
567 983
568 644
568 813
568 902
569 635
569 686
569 850
571 596
571 664
571 774
571 963
571 967
572 979
573 803
573 945
574 851
574 929
576 892
576 893
576 933
576 952
576 974
576 984
577 592
577 650
577 657
577 659
577 712
577 965
578 670
578 999
579 715
579 819
579 851
579 885
579 929
580 590
581 684
581 693
581 808
582 592
582 650
582 765
582 787
582 803
582 809
582 834
582 863
582 993
583 596
583 774
583 919
583 963
584 677
584 680
584 693
584 749
584 846
584 883
584 943
584 993
585 596
585 636
585 663
585 669
585 742
585 774
585 798
585 815
585 839
585 882
585 907
585 911
585 919
585 933
585 963
586 644
586 910
586 997
587 613
587 617
587 632
587 865
588 869
588 936
589 646
589 675
589 733
589 753
589 842
590 603
590 677
590 901
590 921
591 840
592 650
592 659
592 841
592 965
593 805
594 745
594 811
594 940
595 642
595 670
595 681
595 702
595 720
595 735
595 789
595 821
595 828
595 891
595 900
595 929
596 599
596 636
596 645
596 663
596 664
596 670
596 710
596 772
596 774
596 798
596 812
596 815
596 829
596 839
596 852
596 882
596 907
596 911
596 919
596 941
596 947
596 963
597 670
597 782
597 931
598 670
599 617
599 618
599 623
599 636
599 663
599 664
599 670
599 678
599 686
599 703
599 710
599 772
599 805
599 812
599 822
599 825
599 829
599 839
599 845
599 847
599 882
599 898
599 919
599 933
599 963
599 993
599 998
600 630
600 656
601 627
601 829
601 898
601 912
603 693
603 872
603 883
603 888
603 943
603 969
603 993
604 656
604 927
604 975
605 674
605 713
606 686
606 780
608 617
608 632
608 728
608 770
608 865
608 878
608 897
608 946
609 954
609 987
609 997
610 720
610 761
610 789
610 923
611 670
611 837
611 925
611 950
612 655
612 670
612 757
612 835
612 968
613 649
613 709
613 736
614 670
615 670
616 930
617 632
617 672
617 686
617 696
617 707
617 725
617 740
617 770
617 792
617 838
617 857
617 865
617 878
617 895
617 897
617 919
617 961
617 963
618 898
619 644
619 660
619 679
622 667
622 708
622 741
622 980
623 772
623 825
623 829
624 663
624 710
624 802
624 882
625 638
625 700
625 759
625 762
625 968
626 833
627 676
627 703
627 998
628 806
628 813
628 962
629 670
629 855
629 997
630 641
630 643
630 827
630 887
630 896
630 927
630 975
632 686
632 865
633 854
633 933
633 952
633 984
634 723
634 804
634 861
634 993
635 666
635 686
635 880
635 920
635 946
635 986
635 993
636 663
636 774
636 798
636 815
636 829
636 839
636 882
636 907
636 911
636 919
636 947
636 963
636 994
637 670
637 836
638 658
638 700
638 762
638 859
638 968
639 769
639 934
640 667
640 708
640 753
640 762
640 793
640 980
641 643
641 896
641 927
641 975
642 789
643 656
643 827
643 887
643 896
643 927
643 975
644 660
644 670
644 721
644 758
644 855
644 910
644 937
644 948
644 953
644 968
644 997
645 663
645 839
645 864
645 907
645 919
645 947
645 963
646 675
647 738
647 876
647 929
648 675
648 842
649 709
649 736
649 743
650 929
650 965
651 922
651 929
652 883
652 993
653 706
653 908
654 924
654 946
655 697
655 762
656 670
656 868
656 896
656 927
656 975
657 659
657 712
658 700
658 762
658 968
659 670
659 712
660 670
660 721
660 997
661 720
661 900
662 723
662 726
663 664
663 670
663 710
663 774
663 798
663 829
663 839
663 864
663 907
663 911
663 919
663 933
663 947
663 952
663 963
663 978
663 994
664 670
664 710
664 755
664 774
664 839
664 875
664 882
664 919
664 963
664 967
665 693
665 848
665 883
665 993
666 686
666 805
666 920
667 741
667 980
668 761
668 789
668 923
669 798
669 941
670 683
670 690
670 694
670 704
670 727
670 751
670 752
670 762
670 768
670 771
670 779
670 788
670 798
670 810
670 812
670 816
670 827
670 829
670 833
670 835
670 837
670 839
670 840
670 866
670 868
670 870
670 871
670 910
670 915
670 919
670 927
670 928
670 931
670 933
670 948
670 950
670 952
670 968
670 975
670 976
670 993
670 997
670 999
671 693
671 718
671 883
671 943
671 993
672 686
672 696
672 710
672 725
672 832
672 838
672 849
672 878
672 958
672 977
673 931
673 959
674 990
675 991
676 703
676 822
676 829
676 898
676 912
676 998
677 921
679 758
679 775
680 693
680 846
680 943
680 993
681 940
682 813
682 820
682 855
682 902
682 997
684 692
684 716
684 731
684 808
684 914
684 993
685 964
686 687
686 723
686 767
686 780
686 797
686 805
686 807
686 829
686 889
686 946
686 963
686 973
686 978
686 982
686 993
689 877
690 697
690 931
690 968
691 723
691 886
692 914
692 993
693 718
693 723
693 737
693 749
693 794
693 846
693 848
693 862
693 869
693 872
693 883
693 888
693 943
693 965
693 969
693 993
694 816
694 975
695 760
695 805
695 920
696 832
696 878
696 977
697 782
697 909
697 931
698 818
698 852
699 723
699 993
700 759
700 762
700 859
700 968
701 783
702 735
702 789
702 891
702 989
703 814
703 829
703 912
703 930
703 998
705 774
705 852
705 854
705 951
705 974
708 980
709 736
709 978
710 755
710 774
710 802
710 812
710 829
710 843
710 906
710 919
711 723
711 804
711 830
711 993
712 929
714 940
715 819
715 851
715 885
715 929
716 731
716 737
716 784
716 993
717 910
717 997
718 993
719 791
719 817
719 869
720 761
720 900
722 744
723 731
723 737
723 796
723 804
723 805
723 808
723 844
723 861
723 869
723 874
723 917
723 936
723 993
724 941
725 791
725 832
725 838
725 958
725 977
727 866
728 770
728 878
728 895
729 960
730 762
730 968
731 737
731 784
731 914
731 993
732 928
733 793
733 913
733 980
734 773
734 774
734 815
734 824
735 789
737 784
737 914
737 993
738 929
740 895
741 980
741 997
742 773
742 867
742 933
742 952
742 984
743 978
744 766
744 818
744 823
744 839
744 852
745 939
746 991
747 776
747 797
747 946
748 858
748 887
748 927
748 976
749 862
749 883
749 888
749 993
750 766
750 823
750 979
751 801
751 968
754 946
754 978
755 829
755 875
755 882
756 791
756 935
756 958
757 835
757 968
758 997
759 762
759 859
759 968
760 805
760 920
761 923
762 801
762 835
762 859
762 879
762 968
762 997
763 820
763 855
764 873
764 910
764 944
764 997
765 993
766 818
769 786
769 926
769 996
770 865
770 895
770 961
771 785
771 786
772 829
772 847
773 824
773 867
773 919
773 941
773 952
774 798
774 829
774 839
774 875
774 911
774 916
774 919
774 963
774 967
774 978
781 789
783 929
784 993
785 996
787 834
787 993
789 821
789 828
789 891
789 899
789 900
789 988
789 989
791 817
791 935
794 872
795 827
795 927
796 844
796 861
796 874
797 889
797 946
797 978
798 829
798 839
798 882
798 907
798 911
798 919
798 941
798 963
798 967
798 994
800 928
800 960
801 968
801 997
802 875
802 906
803 945
803 965
804 993
805 920
805 929
805 993
806 820
806 962
807 978
808 830
808 917
808 993
810 948
812 825
812 963
813 820
813 855
813 902
813 997
815 839
815 881
815 933
815 963
817 935
818 823
818 852
819 851
819 885
819 929
820 855
820 902
820 968
820 997
821 891
822 898
822 918
822 998
823 852
823 979
825 829
825 847
825 898
827 887
827 905
827 927
828 899
829 843
829 847
829 875
829 878
829 882
829 898
829 906
829 912
829 919
829 963
829 993
830 917
830 929
830 993
831 855
831 997
832 958
832 977
833 866
834 863
836 915
837 925
837 950
838 977
839 864
839 907
839 911
839 916
839 919
839 927
839 947
839 963
841 965
844 874
844 936
844 993
845 847
845 898
846 943
846 993
848 883
848 993
849 958
849 977
851 885
851 929
852 952
853 993
855 968
855 997
857 865
858 887
859 968
860 929
860 981
861 936
862 888
862 993
864 907
864 911
864 919
864 963
865 961
867 892
867 933
867 952
867 984
868 975
872 883
872 943
872 993
873 910
873 944
873 997
874 936
874 993
876 929
878 895
878 958
878 978
882 911
882 916
882 919
882 963
883 888
883 943
883 993
884 988
885 922
885 929
885 981
887 905
887 908
887 927
887 976
887 997
888 993
889 946
889 978
892 893
892 933
892 952
892 974
892 984
893 933
893 974
894 988
896 927
898 918
898 998
900 989
903 996
907 911
907 919
907 947
907 963
910 997
911 919
911 941
911 947
911 963
914 943
914 993
917 993
919 933
919 947
919 963
919 994
922 929
925 950
927 973
927 975
927 996
928 931
928 960
928 991
928 997
929 939
929 940
929 943
929 965
929 981
931 959
931 997
932 977
933 952
933 974
933 984
936 993
943 993
944 997
946 966
946 978
950 975
951 952
951 974
952 974
952 984
954 987
963 994
965 993
966 978
968 997
978 993
980 997
981 993
