0 77
0 384
0 468
0 721
0 722
0 784
0 797
0 908
0 922
0 937
0 962
0 974
0 988
1 2
1 52
1 91
1 142
1 173
1 235
1 403
1 441
1 475
1 529
1 584
1 590
1 597
1 621
1 660
1 732
1 815
1 834
1 926
1 937
1 962
1 999
2 10
2 129
2 355
2 481
2 482
2 576
2 717
2 727
2 785
2 853
2 854
2 856
2 957
3 14
3 41
3 108
3 133
3 140
3 145
3 230
3 529
3 605
3 713
3 793
3 885
3 926
3 949
4 386
4 496
4 519
4 777
4 859
4 902
4 937
5 40
5 50
5 174
5 345
5 477
5 501
5 530
5 544
5 585
5 746
5 807
5 847
6 388
6 574
7 22
7 37
7 95
7 143
7 211
7 504
7 751
7 794
7 811
7 829
7 941
7 953
7 962
8 22
8 25
8 202
8 231
8 275
8 456
8 496
8 618
8 680
8 685
8 864
8 903
9 92
9 106
9 214
9 566
9 721
9 745
9 765
9 794
9 882
9 912
9 923
9 958
10 130
10 290
10 480
11 231
11 256
11 419
11 468
11 525
11 654
11 761
11 794
11 962
11 982
12 331
12 460
12 516
12 618
12 649
12 666
12 787
12 861
12 890
12 970
12 971
13 91
13 112
13 131
13 165
13 171
13 195
13 230
13 309
13 356
13 419
13 517
13 522
13 570
13 605
13 836
13 843
13 892
13 908
13 909
14 24
14 129
14 143
14 155
14 168
14 192
14 202
14 223
14 239
14 247
14 250
14 306
14 325
14 336
14 353
14 358
14 380
14 388
14 393
14 404
14 419
14 447
14 465
14 468
14 471
14 484
14 506
14 510
14 525
14 530
14 544
14 581
14 590
14 594
14 618
14 634
14 655
14 659
14 663
14 666
14 707
14 709
14 711
14 730
14 746
14 747
14 761
14 788
14 794
14 814
14 830
14 838
14 885
14 908
14 929
14 939
14 968
14 980
14 992
14 995
15 436
15 712
15 763
15 981
16 53
16 96
16 356
16 596
16 905
17 255
17 266
17 545
18 416
18 485
18 650
18 815
18 977
19 152
19 158
19 249
19 396
19 462
19 494
19 498
19 668
19 717
19 869
19 903
19 916
19 949
20 42
20 78
20 173
20 398
20 445
20 462
20 481
20 573
20 590
20 636
20 659
20 700
20 716
20 719
20 815
20 817
20 856
20 874
20 878
20 962
21 286
21 292
21 468
21 495
21 592
21 666
21 678
21 806
22 288
22 290
22 615
22 617
22 690
22 741
22 794
22 815
22 908
22 916
23 65
23 197
23 433
23 466
23 472
23 481
23 675
23 712
23 750
23 783
23 872
23 992
24 217
24 232
24 297
24 406
24 794
24 910
24 925
25 152
25 248
25 323
25 587
25 945
25 950
25 962
26 39
26 274
26 318
26 399
26 417
26 525
26 605
26 618
26 624
26 636
26 721
26 751
26 846
26 853
26 889
26 930
27 252
27 436
27 582
27 661
27 949
27 971
28 147
28 199
28 382
28 517
28 632
28 747
28 761
28 882
28 918
28 937
28 949
29 136
29 354
29 359
29 618
29 659
29 663
29 892
30 31
30 205
30 247
30 284
30 381
30 432
30 492
30 886
30 935
31 332
31 446
31 555
31 669
31 680
31 763
31 895
31 970
32 105
32 142
32 456
32 812
32 836
33 197
33 785
33 804
34 598
34 689
34 747
34 770
36 90
36 99
36 144
36 170
36 274
36 386
36 605
36 647
37 58
37 63
37 104
37 150
37 223
37 233
37 364
37 367
37 464
37 596
37 865
37 888
38 113
38 405
38 912
38 962
39 51
39 256
39 267
39 454
39 486
39 492
39 680
39 789
39 833
39 878
40 66
40 266
40 382
40 437
41 48
41 52
41 72
41 114
41 167
41 178
41 220
41 245
41 300
41 305
41 439
41 497
41 501
41 534
41 594
41 606
41 656
41 678
41 700
41 767
41 838
41 849
41 859
41 902
41 908
41 953
41 986
41 991
41 999
42 80
42 387
42 392
42 726
42 752
42 829
42 916
42 933
43 417
43 659
43 787
43 867
43 937
43 953
43 962
44 88
44 89
44 155
44 446
44 600
44 624
44 893
44 923
44 967
45 52
45 64
45 199
45 250
45 254
45 361
45 432
45 445
45 575
45 723
45 729
45 777
45 880
46 197
46 355
46 471
46 533
46 620
46 922
46 923
47 140
47 426
47 761
47 877
48 169
48 419
48 508
48 518
48 524
48 608
48 752
48 794
48 813
48 845
48 855
48 908
48 944
49 608
50 422
50 447
50 748
51 86
51 190
51 454
51 595
51 713
51 905
52 102
52 124
52 131
52 136
52 197
52 199
52 232
52 289
52 398
52 447
52 462
52 468
52 487
52 513
52 655
52 678
52 760
52 767
52 881
52 908
52 922
52 949
53 80
53 117
53 180
53 216
53 217
53 249
53 292
53 308
53 311
53 312
53 320
53 324
53 366
53 481
53 496
53 549
53 577
53 607
53 621
53 651
53 700
53 749
53 817
53 872
53 888
53 898
53 908
53 937
54 281
54 546
54 612
54 643
54 693
54 839
54 848
54 931
55 199
55 210
55 595
55 915
56 124
56 227
56 321
56 481
56 492
56 498
56 797
56 851
56 878
56 908
56 942
57 162
57 440
57 467
57 614
57 675
57 784
57 947
58 201
58 204
58 446
58 447
58 497
58 545
58 953
59 199
59 785
59 956
60 145
60 411
60 506
60 674
60 860
60 871
60 928
60 941
60 945
61 67
61 75
61 275
61 848
62 250
62 447
62 545
62 784
62 964
63 99
63 149
63 197
63 334
63 417
63 425
63 513
63 605
63 616
63 749
63 784
63 840
63 965
63 980
63 998
64 103
64 197
64 207
64 696
64 774
65 613
65 683
65 834
65 878
65 984
66 245
66 249
66 611
66 618
66 629
67 282
67 403
67 530
67 883
67 958
68 93
68 161
68 456
68 486
68 523
68 610
69 77
69 131
69 187
69 559
69 590
69 648
69 824
69 979
70 246
70 260
70 278
70 370
70 467
70 682
70 992
71 455
71 789
72 314
72 326
72 659
72 746
72 766
73 99
73 612
73 962
74 82
74 733
74 805
74 868
74 869
75 202
75 321
75 393
75 462
75 496
75 644
75 691
75 910
75 937
75 962
76 140
76 172
76 218
76 233
76 486
76 545
76 547
76 593
76 766
76 785
76 980
77 468
77 676
77 954
78 147
78 242
78 446
78 462
78 760
78 777
78 794
78 986
78 992
79 135
79 453
79 500
79 530
79 608
79 865
80 87
80 96
80 165
80 216
80 292
80 433
80 586
80 601
80 641
80 646
80 649
80 689
81 169
81 289
81 492
81 618
81 937
81 955
82 104
82 277
82 329
82 411
82 671
82 674
82 731
83 166
83 179
83 197
83 332
83 423
83 540
83 708
84 136
84 235
84 479
84 722
84 814
84 861
84 953
84 962
85 121
85 128
85 134
85 417
85 467
85 530
85 596
85 727
85 728
85 962
86 434
86 450
86 478
86 659
86 896
86 957
87 134
87 181
87 195
87 274
87 370
87 397
87 553
87 578
87 761
87 764
87 787
87 844
87 873
87 914
87 977
88 149
88 195
88 223
88 246
88 419
88 557
88 562
88 624
88 692
89 96
89 161
89 171
89 230
89 315
89 468
89 512
89 664
89 665
89 685
89 696
89 980
89 986
90 269
90 312
90 460
90 505
90 518
90 587
90 590
90 829
90 939
90 987
91 252
91 272
91 596
92 320
92 352
92 481
92 610
92 744
92 794
93 102
93 220
93 223
93 300
93 304
93 498
93 502
93 802
94 171
94 252
94 297
94 310
94 438
94 542
94 816
94 910
94 949
95 124
95 279
95 509
95 519
95 647
95 682
95 746
95 792
95 970
96 205
96 450
96 603
96 705
96 768
96 853
96 948
96 985
97 183
97 206
97 447
97 590
97 665
97 831
98 113
98 181
98 647
98 756
98 806
98 908
98 962
99 200
99 261
99 315
99 326
99 367
99 417
99 466
99 470
99 572
99 711
99 922
100 124
100 454
100 484
100 492
100 518
100 849
100 908
101 826
102 108
102 148
102 386
102 406
102 468
102 481
102 573
102 627
102 647
102 660
102 722
102 863
102 903
102 962
103 586
103 696
103 846
103 934
103 953
104 146
104 296
104 600
104 601
104 937
105 239
105 401
105 667
106 169
106 772
106 908
106 944
107 148
107 388
107 506
107 796
108 133
108 299
108 601
109 446
109 624
109 671
110 222
110 922
110 953
111 446
111 484
111 590
111 939
112 717
112 746
112 748
112 780
113 117
113 169
113 251
113 357
113 364
113 426
113 580
113 595
113 686
113 733
114 184
114 296
114 349
114 357
114 409
114 426
114 447
114 459
114 549
114 713
114 864
114 882
114 908
115 205
115 408
115 440
115 468
115 652
116 227
116 238
116 321
116 419
116 436
116 454
116 476
116 492
116 544
116 568
116 691
116 806
116 850
116 904
116 982
116 993
117 267
117 356
117 391
117 463
117 532
117 546
117 590
117 681
117 733
117 744
117 839
117 858
117 914
117 949
118 466
118 689
118 776
118 821
118 842
118 917
119 597
119 964
120 544
121 350
121 397
121 605
121 638
121 728
121 902
121 908
121 939
122 324
122 373
122 389
122 433
122 481
122 530
122 647
122 915
123 299
123 425
123 626
123 752
124 125
124 130
124 373
124 381
124 492
124 507
124 634
124 724
124 828
124 869
124 937
125 218
125 219
125 382
125 486
125 491
125 546
125 618
125 700
125 846
125 937
125 977
126 149
126 185
126 195
126 557
126 778
127 441
127 478
127 665
128 458
128 492
128 541
128 998
129 516
129 999
130 205
130 442
130 455
130 484
130 523
130 525
130 563
130 649
130 740
131 225
131 236
131 354
131 424
131 478
131 523
131 529
131 713
132 571
133 281
133 342
133 446
133 587
133 618
133 933
134 218
134 418
134 987
135 230
135 300
135 411
135 466
135 689
135 711
135 794
135 896
135 965
136 242
136 264
136 281
136 352
136 393
136 422
136 427
136 448
136 468
136 484
136 493
136 514
136 677
136 760
137 231
137 389
137 572
137 732
138 354
138 396
139 689
140 221
140 594
140 833
140 902
140 999
141 463
141 601
141 762
141 785
142 325
142 421
142 482
142 621
142 696
142 903
143 321
143 357
143 555
143 618
143 781
143 907
144 151
144 181
144 207
144 292
144 312
144 446
144 462
144 549
144 921
144 926
145 209
145 252
145 288
145 312
145 314
145 318
145 348
145 462
145 566
145 704
145 736
145 768
145 784
145 859
145 868
145 908
146 299
146 526
146 626
146 629
146 682
146 878
147 462
147 484
147 565
147 710
147 760
148 215
148 349
148 546
148 552
148 578
148 695
148 696
148 783
148 806
148 901
148 904
148 915
148 932
148 962
149 247
149 256
149 293
149 303
149 352
149 365
149 386
149 406
149 577
149 898
150 506
150 530
150 601
150 750
150 777
150 847
150 903
150 907
151 163
151 217
151 393
151 462
151 630
151 705
151 859
151 983
152 347
153 303
153 323
153 417
153 495
153 727
153 853
154 182
154 223
154 696
154 943
155 193
155 246
155 577
155 675
155 819
156 188
156 230
156 388
156 550
156 574
156 806
157 468
157 590
158 221
158 468
158 784
158 814
159 182
159 238
159 624
159 638
159 660
159 669
159 672
159 741
159 832
159 977
160 389
160 505
160 718
160 765
160 791
161 244
161 259
161 381
161 572
161 643
161 655
162 188
162 254
162 337
163 560
163 587
163 635
164 544
164 663
164 789
164 927
165 481
165 618
165 624
165 639
165 869
166 179
166 285
166 375
166 529
166 534
166 632
166 634
166 662
166 666
166 760
166 761
166 856
166 939
167 228
167 436
167 467
167 538
167 595
167 604
167 726
168 804
168 871
168 939
169 185
169 261
169 276
169 279
169 307
169 350
169 393
169 406
169 436
169 487
169 529
169 768
169 792
169 881
169 932
169 956
170 381
170 382
170 547
170 634
170 682
170 794
170 818
170 832
170 846
170 958
171 208
171 335
171 508
171 608
171 641
171 763
172 298
172 382
172 417
172 481
173 937
174 417
174 515
174 788
174 902
174 952
175 208
175 215
175 372
175 553
175 555
175 894
175 965
176 478
176 743
177 452
177 649
177 654
177 689
177 753
177 790
177 979
178 210
178 292
178 446
178 501
178 570
178 596
178 637
178 721
178 752
178 759
178 772
178 840
178 915
179 188
179 197
179 298
179 481
179 513
179 676
179 823
179 987
180 433
180 637
180 784
180 893
181 197
181 202
181 270
181 323
181 362
181 398
181 454
181 713
181 754
182 321
182 468
182 520
182 618
182 652
182 669
182 715
182 904
183 234
183 623
183 797
183 915
184 534
184 572
184 740
184 806
184 850
185 218
185 329
185 426
185 495
185 546
185 640
185 782
185 792
185 962
186 191
186 311
186 530
186 655
186 925
186 974
187 236
187 321
187 336
187 356
187 358
187 374
187 476
187 488
187 492
187 517
187 546
187 612
187 649
187 662
187 665
187 755
187 768
187 792
187 810
187 862
187 962
187 970
187 989
187 991
187 999
188 214
188 235
188 382
188 468
188 593
188 605
188 652
188 696
188 701
188 723
188 850
188 993
189 304
189 468
189 484
189 718
190 269
190 358
190 587
190 601
190 691
190 705
190 742
190 784
191 202
191 224
191 305
191 605
191 887
192 402
192 688
192 694
192 806
194 254
194 311
194 444
194 468
194 481
194 653
194 818
194 872
194 881
195 205
195 268
195 327
195 482
195 492
195 500
195 506
195 538
195 570
195 624
195 636
195 689
195 714
195 755
195 757
195 758
195 794
195 808
195 873
195 878
195 920
195 936
196 463
196 896
196 935
197 222
197 273
197 336
197 364
197 386
197 390
197 398
197 430
197 432
197 433
197 446
197 462
197 465
197 468
197 474
197 478
197 501
197 516
197 539
197 545
197 547
197 557
197 570
197 588
197 603
197 605
197 618
197 626
197 635
197 639
197 642
197 648
197 664
197 683
197 697
197 701
197 712
197 758
197 781
197 784
197 794
197 803
197 838
197 876
197 883
197 891
197 922
197 931
197 937
197 953
197 992
197 997
198 482
198 608
198 659
198 708
198 719
199 220
199 320
199 413
199 417
199 434
199 446
199 650
199 670
199 745
199 937
200 223
200 269
200 336
200 579
200 679
200 708
200 712
200 846
200 966
200 980
201 462
201 626
202 379
202 386
202 478
202 481
202 492
202 545
202 547
202 603
202 605
202 613
202 618
202 718
202 740
202 806
202 864
202 919
202 921
202 962
202 998
203 353
203 490
203 590
204 251
204 546
204 568
204 674
205 253
205 307
205 382
205 399
205 400
205 404
205 453
205 481
205 491
205 522
205 600
205 637
205 685
205 710
205 722
205 723
205 749
205 751
205 792
205 794
205 806
205 811
205 857
205 878
205 978
206 290
206 617
206 756
206 952
207 266
207 353
207 500
207 525
207 541
207 611
207 648
207 730
207 772
207 908
207 952
207 957
208 626
208 691
208 892
208 962
208 966
209 230
209 245
209 271
209 395
209 467
209 542
209 549
209 606
209 608
209 632
209 653
209 752
209 774
209 846
209 885
209 890
209 908
209 931
209 939
209 984
209 987
210 226
210 436
210 478
210 624
210 822
211 427
211 478
211 491
211 859
211 866
212 277
212 494
212 596
213 428
213 445
213 739
213 793
214 246
214 481
214 550
214 690
214 785
215 235
215 467
215 579
215 659
215 689
215 768
215 986
216 219
216 522
216 544
216 558
216 731
216 732
216 826
216 828
216 888
216 908
216 936
217 292
217 387
217 517
217 592
217 595
217 636
217 651
217 760
217 794
217 925
217 985
218 529
218 553
218 555
218 572
218 580
218 618
218 663
218 785
218 807
219 362
219 562
219 650
219 715
219 764
220 279
220 575
220 668
220 672
220 693
220 776
220 778
220 927
220 986
221 259
221 260
221 317
221 760
221 793
221 853
221 876
221 927
221 941
222 642
222 953
223 264
223 723
223 913
223 929
223 967
224 373
224 660
224 815
225 344
225 709
226 250
226 377
226 707
226 778
226 895
227 506
227 582
227 643
227 652
227 719
227 794
227 941
227 980
228 372
228 404
228 413
228 584
228 637
228 732
228 816
229 647
229 945
230 391
230 462
230 466
230 501
230 512
230 841
230 846
230 922
231 526
231 553
231 605
231 745
231 783
231 824
231 913
232 618
232 832
233 290
233 624
233 641
233 794
233 855
234 314
234 387
234 388
234 532
234 761
234 828
234 968
235 284
235 691
235 750
236 481
236 487
236 544
236 698
236 763
236 879
236 949
236 972
236 984
237 398
237 452
237 484
237 871
237 901
237 908
237 935
237 946
237 965
238 261
238 370
238 733
238 774
238 945
239 311
239 468
239 696
240 365
240 382
240 605
240 659
241 321
241 558
241 663
241 736
241 755
241 934
242 288
242 378
242 590
242 659
242 731
243 402
243 552
243 617
244 384
244 498
244 724
244 980
245 272
245 336
245 394
245 468
245 529
245 568
245 730
245 779
245 949
245 992
246 364
246 393
246 437
246 485
246 514
246 530
246 559
246 605
246 652
246 679
246 751
246 778
246 784
246 796
246 818
246 830
246 836
246 846
246 859
246 925
246 935
246 936
246 953
246 979
246 986
247 441
248 254
248 445
248 538
248 624
248 698
248 719
248 905
248 999
249 362
249 465
249 501
249 554
249 618
249 685
249 741
249 825
249 833
249 846
249 937
249 963
250 822
250 854
251 326
251 366
251 528
251 787
251 815
251 816
251 853
252 467
252 664
252 721
252 779
252 804
253 386
253 481
253 876
253 950
254 323
254 436
254 806
254 952
255 318
255 411
255 587
255 590
255 600
256 272
256 292
256 355
256 636
256 656
256 708
256 766
257 392
257 506
257 596
257 618
257 802
257 848
259 260
259 508
259 621
259 627
259 636
259 759
259 914
259 945
260 610
260 674
260 719
260 815
261 352
261 359
262 369
262 397
262 492
263 264
263 320
263 401
263 452
263 500
263 535
263 784
264 376
264 447
264 484
264 709
264 918
265 299
265 421
265 448
265 468
265 761
265 970
266 292
266 317
266 326
266 614
266 615
266 673
266 865
266 908
267 431
267 567
267 634
267 658
267 708
267 941
268 568
268 649
269 392
269 444
269 492
269 687
269 700
269 741
269 803
270 327
270 336
270 543
270 655
270 739
270 794
270 920
271 387
271 529
271 938
272 557
272 660
272 685
272 831
272 834
272 878
273 315
273 331
273 353
273 381
273 467
273 471
273 473
273 481
273 492
273 544
273 577
273 718
273 727
273 740
273 741
273 762
273 794
273 806
273 850
273 877
273 887
273 893
273 894
273 955
273 975
273 992
274 343
274 393
274 454
274 559
274 587
274 815
274 843
274 866
274 941
274 942
275 504
275 596
276 315
276 371
276 484
276 650
276 745
276 826
276 949
276 992
277 421
277 732
277 948
278 319
278 329
278 616
278 718
279 367
279 645
279 789
279 908
281 309
281 396
281 770
281 772
281 915
282 356
282 524
283 432
283 590
283 596
283 680
283 780
283 892
284 286
284 356
284 388
284 420
284 784
284 981
284 983
284 999
285 437
285 614
285 635
285 761
285 878
285 935
286 325
286 744
287 794
288 335
288 390
288 467
288 534
288 937
289 449
289 467
289 468
289 473
289 488
289 626
289 967
289 985
290 370
290 492
290 507
290 540
290 549
290 558
290 598
290 659
290 784
290 798
290 805
290 818
290 869
290 925
290 960
291 748
291 794
292 299
292 326
292 462
292 481
292 492
292 545
292 555
292 558
292 632
292 920
292 971
293 345
293 492
293 659
294 375
294 481
294 562
294 618
294 814
294 913
295 479
295 530
295 731
295 821
295 992
296 381
296 413
296 493
296 525
296 633
296 794
296 953
297 398
297 436
297 467
297 517
297 530
297 615
297 806
297 809
297 899
297 908
297 962
298 349
298 379
298 452
298 481
298 557
298 641
298 697
298 722
299 393
299 400
299 421
299 447
299 510
299 535
299 567
299 602
299 650
299 723
299 897
300 396
300 499
300 509
300 585
300 649
300 707
300 889
300 931
301 352
301 382
301 508
301 724
301 761
301 911
301 992
302 530
302 635
303 667
303 849
303 878
303 883
304 464
304 466
304 966
305 816
306 328
306 349
306 445
306 536
306 732
306 920
306 950
306 962
307 327
307 410
307 462
307 466
307 489
307 529
307 599
307 915
308 621
308 908
309 407
309 504
309 794
309 856
309 859
309 876
309 962
310 500
310 616
310 741
310 949
311 370
311 431
311 532
312 500
312 618
312 733
312 755
312 811
312 836
312 908
312 924
312 996
313 373
313 546
313 555
314 467
314 606
314 752
314 849
314 908
315 332
315 552
315 679
316 493
316 579
316 645
316 899
316 928
317 368
317 629
317 784
317 912
318 546
318 561
318 765
318 791
318 915
319 377
319 618
320 529
320 530
320 761
320 908
321 405
321 492
321 622
322 417
322 447
322 609
322 659
322 667
322 715
322 980
323 456
323 726
323 785
323 795
323 844
323 878
323 908
323 920
324 362
324 705
324 726
324 768
324 843
325 379
325 437
326 350
326 366
326 424
326 497
326 506
326 514
326 606
326 635
326 646
326 731
326 815
326 848
326 862
326 904
327 452
327 791
327 792
327 839
327 894
327 918
327 953
327 971
328 535
328 546
328 626
328 699
328 792
328 853
328 925
328 974
329 447
329 478
329 479
329 577
329 590
329 618
329 706
329 708
329 908
329 949
329 977
330 547
331 492
331 741
331 874
331 922
332 387
332 517
332 546
332 621
332 724
332 751
332 807
332 819
333 566
333 606
333 712
333 820
334 434
334 499
334 737
334 761
334 922
334 927
334 939
334 992
335 488
335 513
335 608
335 673
335 691
335 758
335 786
335 803
336 553
336 578
336 605
336 624
336 640
336 810
336 903
336 923
336 962
337 856
337 958
337 992
338 410
338 482
338 492
338 618
338 885
338 887
338 936
338 943
339 614
339 704
339 955
340 563
340 935
340 946
340 992
341 362
341 379
341 401
341 472
341 545
341 572
341 733
341 741
341 817
341 881
341 901
341 949
341 980
342 626
342 633
342 640
342 798
343 545
343 667
343 781
343 893
343 932
343 937
343 975
344 731
344 761
345 420
345 442
345 563
345 585
345 840
346 481
346 585
346 692
346 861
347 825
348 378
348 419
348 990
349 643
349 664
349 689
349 755
349 784
349 844
349 941
349 956
350 610
350 626
350 746
350 784
350 830
350 953
350 998
351 448
351 584
351 610
351 722
351 961
352 446
352 492
352 587
352 588
352 592
352 659
352 691
352 696
352 782
352 794
352 818
352 895
352 896
352 919
352 937
352 949
352 958
352 986
353 386
353 721
353 856
353 875
353 965
353 981
353 992
354 524
354 904
355 642
355 925
356 492
356 555
356 844
356 937
357 476
357 552
357 554
358 430
358 448
358 530
358 558
358 592
358 614
358 806
358 822
358 835
358 841
358 891
359 365
359 481
359 722
360 605
360 683
360 757
360 827
361 534
361 590
361 783
362 369
362 873
362 883
364 417
364 635
365 468
365 507
365 587
365 611
365 634
365 733
365 808
365 850
365 922
365 947
366 398
366 411
366 461
366 590
366 713
366 792
366 803
366 944
366 999
367 453
367 527
367 541
367 587
367 607
368 623
368 814
368 975
369 469
369 481
369 489
369 492
369 520
369 688
369 707
369 762
369 807
369 863
369 989
370 546
370 584
370 586
370 772
370 848
370 926
371 492
371 579
371 618
371 949
372 636
372 818
372 874
373 824
373 892
373 937
374 478
374 696
375 405
375 530
375 558
375 711
375 757
375 792
375 801
375 927
375 992
376 792
376 989
377 389
377 446
378 502
378 590
378 618
378 696
378 761
378 778
378 788
379 587
379 592
379 619
379 663
379 857
380 398
380 465
380 524
380 575
380 633
380 840
380 938
381 511
381 583
381 598
381 601
381 667
381 751
381 785
381 855
381 962
381 980
382 458
382 466
382 509
382 510
382 530
382 572
382 596
382 620
382 626
382 630
382 722
382 761
382 809
382 830
382 840
382 878
382 913
382 916
383 486
384 595
384 603
385 388
385 445
385 447
385 468
385 470
385 613
385 848
386 600
386 611
386 642
386 668
386 696
386 734
386 806
386 826
386 937
386 941
386 944
387 482
387 508
387 622
387 871
387 884
388 458
388 468
388 571
388 591
388 624
388 626
388 756
388 861
388 891
388 969
389 590
389 623
389 637
389 672
389 776
389 787
389 797
389 846
389 848
389 931
389 941
390 426
390 725
390 953
390 992
391 407
391 446
391 624
391 651
391 662
391 682
391 732
391 749
391 760
391 928
392 528
392 794
392 922
392 955
392 972
393 761
393 806
393 826
394 587
394 808
394 949
394 962
395 411
395 446
395 761
396 483
396 715
396 760
396 942
397 434
397 865
398 489
398 538
398 698
398 827
398 855
398 869
398 878
398 965
399 468
399 696
400 552
400 622
400 629
400 659
400 727
401 468
401 529
401 590
401 632
401 689
401 721
401 730
401 756
401 789
401 883
401 969
402 490
402 986
403 477
403 760
403 908
404 468
404 508
404 509
404 517
404 618
404 858
404 893
404 904
405 450
405 468
405 469
405 481
405 708
405 760
405 908
405 909
406 415
406 440
406 468
406 909
406 947
407 412
408 487
408 616
408 795
409 715
409 992
410 520
410 559
410 761
410 853
410 937
410 949
410 980
411 424
411 446
411 471
411 493
411 549
411 551
411 598
411 631
411 695
411 761
411 839
411 842
411 879
411 980
412 935
413 417
413 478
413 511
413 517
413 750
413 903
414 427
414 492
414 636
414 751
414 908
414 959
415 492
415 802
415 888
415 970
415 977
416 443
416 547
416 614
416 618
416 689
416 910
417 432
417 492
417 517
417 623
417 634
417 635
417 642
417 659
417 685
417 796
417 798
417 803
417 852
417 923
417 962
418 428
418 462
418 553
418 605
418 834
418 873
418 937
420 865
420 900
420 978
422 513
422 517
422 692
422 906
422 981
423 465
423 952
424 637
424 931
425 476
425 545
426 456
426 666
426 777
427 510
427 635
427 673
427 794
427 797
427 881
428 685
428 752
428 783
428 831
428 836
428 992
429 500
429 590
429 741
429 891
430 492
430 662
430 666
430 675
430 711
430 876
430 932
430 949
431 435
431 517
431 623
431 665
431 794
431 878
431 887
432 440
432 821
432 964
433 564
433 618
433 678
433 798
433 949
433 962
434 468
434 571
434 618
434 660
434 682
434 852
434 949
434 992
435 545
435 623
435 719
435 796
435 804
436 481
436 520
436 794
437 505
437 529
437 634
437 884
437 937
437 979
438 548
438 580
438 621
438 941
438 962
438 999
439 682
439 816
440 447
440 553
440 635
441 543
441 573
441 590
441 592
441 636
441 736
441 761
442 640
442 681
442 715
442 804
443 627
443 698
444 517
444 548
444 578
444 794
444 937
444 941
445 724
445 739
445 805
445 839
445 962
445 964
446 469
446 506
446 570
446 581
446 606
446 614
446 659
446 673
446 721
446 741
446 760
446 777
446 784
446 788
446 800
446 824
446 841
446 855
446 864
446 921
446 958
446 996
447 454
447 457
447 463
447 480
447 521
447 595
447 669
447 673
447 682
447 711
447 722
447 761
447 922
447 942
447 953
447 981
448 908
448 943
449 484
449 547
449 558
449 585
449 616
449 721
449 834
449 933
450 478
450 834
450 908
450 952
451 618
451 619
451 771
451 782
451 846
451 858
452 462
452 605
452 626
452 650
452 682
452 764
452 805
452 931
452 973
452 999
453 564
453 664
453 722
453 953
454 468
454 605
454 814
454 861
454 925
454 949
454 962
455 456
455 587
455 606
455 767
455 809
455 922
455 937
455 982
455 986
456 854
456 949
457 471
457 682
458 468
458 958
458 992
459 470
459 504
459 549
459 626
459 646
459 778
459 949
460 468
460 502
460 908
460 954
460 992
461 481
461 650
461 685
461 811
462 468
462 496
462 500
462 514
462 518
462 527
462 546
462 573
462 590
462 618
462 654
462 689
462 696
462 697
462 730
462 733
462 741
462 787
462 788
462 815
462 821
462 904
462 932
463 733
463 756
463 801
463 805
463 935
464 484
464 626
464 732
464 910
465 530
465 598
465 626
465 696
465 955
466 638
466 659
466 696
466 792
466 885
467 505
467 529
467 696
467 747
467 811
467 848
467 858
467 931
467 941
467 944
467 962
468 479
468 484
468 489
468 496
468 516
468 525
468 530
468 541
468 545
468 581
468 585
468 598
468 599
468 603
468 618
468 620
468 653
468 678
468 686
468 696
468 698
468 699
468 729
468 737
468 755
468 782
468 793
468 815
468 849
468 858
468 859
468 869
468 879
468 901
468 904
468 906
468 922
468 931
468 933
468 937
468 939
468 952
468 962
468 976
468 982
468 994
468 995
469 590
469 953
470 514
470 761
471 484
471 551
471 616
471 623
471 699
471 789
471 794
471 811
471 820
471 920
471 955
472 539
472 544
472 834
472 899
472 995
473 482
473 517
473 624
473 735
473 887
473 952
474 599
474 600
474 636
474 883
475 492
475 508
475 516
475 609
475 757
475 767
475 777
476 595
476 659
476 745
476 994
477 500
477 535
477 588
477 591
477 668
477 794
477 908
478 482
478 484
478 504
478 544
478 605
478 609
478 641
478 659
478 685
478 688
478 721
478 741
478 751
478 752
478 813
478 847
478 890
478 965
478 980
479 634
479 805
479 840
480 674
480 678
481 485
481 487
481 525
481 620
481 662
481 700
481 722
481 759
481 761
481 783
481 803
481 806
481 823
481 857
481 863
481 872
481 880
481 893
481 895
481 896
481 905
481 908
481 911
481 914
481 938
481 952
481 958
481 993
482 668
482 772
482 903
482 939
483 513
483 617
483 626
483 720
483 870
484 504
484 526
484 596
484 605
484 643
484 659
484 736
484 761
484 767
484 814
484 819
484 926
484 952
485 555
486 552
486 721
486 756
486 785
486 787
486 898
486 954
487 591
487 699
487 730
487 745
487 793
487 901
487 942
487 988
488 595
488 710
488 833
488 926
489 711
489 749
489 857
489 934
490 636
490 696
490 756
490 953
490 974
491 508
491 546
492 496
492 513
492 542
492 561
492 566
492 572
492 573
492 618
492 624
492 636
492 658
492 665
492 699
492 722
492 727
492 741
492 755
492 763
492 773
492 793
492 795
492 806
492 840
492 855
492 874
492 883
492 908
492 977
492 980
492 992
492 999
493 557
493 655
493 741
493 875
494 957
495 514
495 564
495 833
495 914
495 941
496 542
496 599
496 810
496 968
497 718
497 847
498 547
498 618
498 659
498 673
498 736
498 827
498 876
498 950
498 962
499 801
499 958
500 504
500 549
500 661
500 788
500 931
501 587
501 596
501 677
501 788
501 790
501 891
502 922
503 641
503 717
503 746
504 551
504 937
505 940
505 967
506 541
506 547
506 599
506 626
506 659
506 670
506 675
506 700
506 824
506 876
507 600
507 883
507 937
508 680
508 732
508 740
508 920
508 925
508 977
509 660
509 763
509 788
509 791
509 805
510 702
510 715
511 685
511 806
511 810
511 811
512 527
512 623
512 860
512 975
513 516
513 519
513 544
513 577
513 772
513 778
513 908
513 910
515 544
515 648
515 655
515 995
516 578
516 584
516 603
516 755
516 767
516 809
516 932
517 584
517 621
517 678
517 735
517 789
517 806
517 887
517 949
518 570
518 576
518 733
518 865
518 908
518 911
518 930
518 955
519 675
519 728
520 607
520 754
520 755
520 792
520 793
520 858
521 807
521 867
521 900
521 960
523 677
523 768
524 537
524 596
524 870
524 980
525 530
525 598
525 761
525 778
526 591
526 710
526 740
527 759
527 905
528 534
528 747
528 892
529 530
529 565
529 605
529 625
529 636
529 716
529 761
529 771
529 780
529 852
529 856
529 865
529 939
529 949
529 954
529 962
530 634
530 667
530 678
530 736
530 766
530 791
530 883
530 948
530 986
530 992
531 876
532 556
533 609
533 922
533 953
534 619
534 658
534 770
534 783
534 791
535 545
535 752
535 801
535 962
536 607
536 619
536 673
536 832
536 937
536 953
536 967
537 794
537 974
538 790
538 792
538 866
538 937
538 985
539 794
539 908
539 913
539 924
540 590
540 628
540 695
540 702
540 721
540 902
541 563
541 584
541 587
541 690
541 692
541 811
541 901
541 931
541 937
541 941
541 992
542 618
542 761
542 806
543 612
543 755
543 857
543 962
544 545
544 589
544 642
544 678
544 684
544 743
544 799
544 806
544 893
544 937
544 980
544 993
545 560
545 598
545 605
545 664
545 693
545 750
545 790
545 814
545 830
545 834
545 887
545 902
545 908
545 920
545 937
545 944
545 981
546 611
546 617
546 672
546 673
546 732
546 733
546 785
546 816
546 941
547 812
547 881
547 916
547 922
547 987
548 604
548 834
548 911
548 988
549 648
549 655
549 667
549 794
549 859
549 977
550 589
550 605
550 624
550 650
550 717
550 787
550 896
551 575
551 918
551 921
552 580
552 613
552 636
552 721
552 806
552 896
552 937
553 868
553 878
553 993
554 596
554 861
555 563
555 580
555 725
555 857
555 874
555 886
555 937
556 881
557 690
558 704
558 895
558 926
558 937
558 954
559 606
559 674
559 755
559 869
559 880
560 587
560 908
561 609
561 878
561 889
563 852
563 898
564 881
564 914
565 625
565 700
565 722
565 761
566 656
566 663
566 677
566 864
568 602
568 645
568 652
568 719
568 746
568 799
568 893
568 953
568 984
569 788
569 808
569 997
570 696
570 738
570 806
571 678
571 908
571 948
572 618
572 659
572 813
572 920
573 614
573 700
573 722
573 806
574 949
574 953
575 969
576 732
577 605
577 621
577 794
578 962
578 980
579 651
579 715
580 596
580 700
580 945
580 972
581 731
581 949
581 992
582 623
582 794
582 879
582 881
583 623
583 625
583 660
583 794
583 929
584 598
584 911
584 949
585 720
585 828
585 908
585 987
586 621
587 590
587 603
587 611
587 648
587 662
587 719
587 731
587 733
587 760
587 767
587 772
587 791
587 848
587 908
587 921
587 928
587 937
587 941
587 942
587 957
587 969
587 978
587 984
587 992
588 852
589 702
589 763
589 937
590 606
590 607
590 636
590 659
590 692
590 728
590 814
590 832
590 848
590 891
590 892
590 899
590 902
590 910
590 982
590 990
590 992
591 659
591 662
591 876
591 909
591 931
591 949
592 820
592 963
593 707
593 784
594 602
594 624
594 637
594 800
595 604
595 665
595 695
595 769
595 908
595 966
596 608
596 719
596 741
596 780
596 805
596 861
596 964
598 962
599 962
599 970
599 974
600 908
601 644
601 726
601 988
601 998
602 634
602 761
603 604
603 681
603 712
603 732
603 815
603 824
603 895
605 610
605 650
605 659
605 661
605 686
605 688
605 690
605 691
605 710
605 712
605 719
605 783
605 806
605 822
605 891
605 893
605 946
605 953
605 979
605 986
606 622
606 653
606 772
607 659
607 959
608 702
609 659
609 712
609 722
609 789
609 951
610 784
611 924
611 977
611 997
612 905
612 949
613 953
613 962
614 618
614 661
614 725
614 731
614 734
614 770
614 942
614 976
615 659
615 755
616 727
616 988
617 649
617 694
617 915
617 992
618 649
618 660
618 670
618 721
618 733
618 794
618 827
618 861
618 881
618 882
618 887
618 908
618 910
618 922
618 949
618 952
618 966
618 970
618 982
618 989
619 816
619 824
619 872
620 626
621 628
621 775
621 842
621 890
621 908
621 971
622 641
622 753
622 763
622 853
622 941
622 980
623 704
623 741
623 806
623 937
623 957
623 989
624 659
624 660
624 706
624 711
624 725
624 753
624 758
624 786
624 865
624 937
625 763
625 764
625 876
626 782
626 798
626 884
626 913
626 936
626 937
626 992
627 647
627 793
627 829
627 908
627 983
629 713
629 856
629 882
629 953
630 816
631 675
631 699
631 715
632 728
632 992
633 683
633 712
634 696
634 937
634 992
635 659
635 722
635 758
635 789
635 798
635 805
635 903
635 930
635 934
636 734
636 746
636 788
636 806
636 818
636 916
636 953
636 997
637 655
637 727
637 730
637 848
637 869
637 971
638 761
639 758
639 777
639 824
639 908
640 792
641 755
641 763
642 700
642 785
643 905
644 654
644 840
645 794
645 908
645 999
646 651
646 704
646 713
646 741
646 744
646 941
647 834
647 843
648 730
648 865
648 987
649 659
649 680
649 792
649 861
651 795
652 910
653 846
654 694
654 848
655 661
655 737
655 742
655 761
655 891
655 992
657 824
658 906
659 676
659 752
659 761
659 763
659 806
659 815
659 835
659 859
659 871
659 896
659 898
659 937
659 948
659 962
659 974
659 980
660 721
660 727
660 837
660 869
660 958
661 745
662 666
662 805
662 837
662 848
662 850
662 859
662 902
662 908
662 920
662 933
662 977
663 683
663 799
663 908
665 733
665 741
665 792
665 861
665 904
665 937
665 938
665 967
666 669
666 969
667 708
667 852
668 687
668 741
668 902
668 903
668 910
669 689
669 913
670 904
670 908
670 989
670 990
671 747
671 928
672 888
673 751
673 908
673 966
673 971
674 689
674 704
674 721
674 784
674 816
674 870
674 901
674 911
674 935
675 755
675 786
675 818
675 940
676 758
677 682
677 902
678 925
678 989
679 859
679 992
680 685
680 904
681 794
681 925
681 964
682 760
682 935
682 993
683 968
684 821
684 903
685 787
685 937
686 767
686 780
686 791
686 875
686 981
686 986
687 689
688 955
689 733
690 722
690 739
691 700
691 767
691 843
691 933
691 962
692 709
692 918
693 756
694 721
694 992
695 696
695 815
695 962
695 992
695 998
696 722
696 729
696 769
696 806
696 933
696 957
696 962
696 977
696 995
697 767
699 752
699 786
699 849
699 908
700 741
700 791
700 806
700 846
701 763
702 991
704 844
705 721
705 906
705 944
705 953
706 798
706 878
707 792
707 861
707 953
708 717
708 835
708 878
708 937
708 949
709 823
709 922
710 806
710 891
710 932
711 849
711 941
712 762
712 786
712 929
712 937
712 962
712 963
713 731
713 953
713 998
714 955
714 962
715 730
715 772
715 848
717 722
717 840
717 875
717 993
718 880
718 923
718 962
719 722
719 794
719 836
719 919
721 829
721 840
721 897
721 926
721 944
721 945
721 999
722 723
722 778
722 806
722 824
722 840
722 887
722 895
722 947
722 953
722 972
724 887
725 846
725 987
726 987
727 806
728 736
728 748
728 773
728 788
729 908
730 778
730 843
730 908
730 955
730 977
731 859
732 772
732 893
732 936
732 971
732 992
733 760
733 777
733 829
733 845
733 992
734 856
734 928
734 937
734 959
735 957
736 962
737 806
737 829
737 879
737 889
737 992
738 761
738 768
739 962
739 964
739 966
740 802
740 920
741 812
741 989
742 848
743 793
743 898
744 892
745 846
745 937
746 815
746 922
747 809
747 867
748 876
749 753
749 962
749 995
750 937
751 854
751 877
751 883
751 903
752 813
752 848
752 858
752 992
753 784
753 853
753 888
755 843
755 931
757 969
758 947
759 788
759 813
759 952
760 902
760 962
760 987
761 871
761 883
761 934
761 989
761 992
762 862
763 800
764 833
764 851
765 771
765 890
765 908
766 825
766 937
766 952
767 776
767 922
767 995
768 876
768 908
768 932
768 971
769 992
770 942
771 941
772 941
774 794
774 882
774 999
775 812
775 845
775 980
776 881
776 888
778 901
778 906
779 963
780 796
780 850
782 794
782 922
783 785
783 952
784 792
784 798
784 835
784 869
784 937
784 948
784 959
784 977
785 806
785 829
785 840
785 844
785 983
786 956
786 962
786 980
787 942
787 966
788 815
790 985
791 806
791 906
791 908
792 798
792 857
792 892
792 908
792 936
792 937
793 871
794 843
794 922
794 925
794 932
794 937
794 943
794 972
794 989
796 807
796 833
796 835
797 859
797 898
797 992
798 943
798 979
799 807
799 859
801 937
801 953
801 989
803 893
803 962
804 960
805 949
805 958
805 992
806 819
806 820
806 826
806 832
806 838
806 874
806 878
806 919
806 920
806 922
806 927
806 936
806 939
806 952
806 962
806 983
806 992
807 962
808 871
808 990
809 972
809 992
810 925
811 937
812 896
813 940
814 949
815 877
815 908
816 891
817 950
817 972
819 877
819 962
821 847
821 998
822 908
822 971
822 999
824 840
824 864
825 935
826 951
827 992
828 892
829 840
829 848
829 908
829 922
830 878
830 952
831 878
831 925
831 949
832 908
832 974
833 921
833 956
834 922
835 909
835 949
837 908
838 869
838 877
839 881
839 914
841 862
841 969
843 937
846 876
846 977
846 992
847 896
848 909
848 910
848 931
848 941
848 945
851 958
851 962
853 955
855 887
856 929
856 953
856 992
857 871
857 953
857 966
858 911
858 962
859 972
860 985
862 902
862 908
862 952
863 877
863 937
865 887
865 953
866 932
866 962
866 980
867 992
868 954
868 966
868 974
869 871
869 980
871 977
872 898
873 878
873 992
876 937
878 890
878 957
878 962
878 968
881 972
883 920
883 937
883 969
883 977
883 993
884 998
885 942
885 999
886 937
886 973
886 975
887 950
887 980
890 959
891 932
891 934
892 949
892 973
893 966
893 980
893 994
894 962
894 968
895 969
896 912
898 940
898 977
898 980
901 922
901 937
902 984
903 962
904 916
904 992
907 962
908 931
908 936
908 956
908 988
909 952
910 929
911 942
913 952
914 931
918 952
921 992
924 942
926 952
926 991
928 973
928 989
934 967
934 973
934 994
936 949
936 992
937 951
937 977
937 994
939 971
939 986
940 983
941 989
941 992
942 977
943 967
944 970
944 999
946 992
947 992
949 953
949 967
949 985
953 962
953 984
953 991
960 962
962 975
962 977
962 984
962 989
962 991
963 980
964 979
965 997
974 999
992 995
