0 111
0 602
0 835
0 900
0 957
0 988
1 205
1 412
1 602
1 670
1 988
2 109
2 114
2 188
2 336
2 399
2 428
2 496
2 590
2 844
2 918
2 998
3 38
3 383
3 400
3 419
3 717
3 878
4 71
4 106
4 156
4 215
4 263
4 280
4 309
4 335
4 381
4 397
4 462
4 809
4 825
4 885
4 947
5 151
5 185
5 477
5 536
5 586
6 375
6 625
6 845
6 910
6 933
7 151
7 334
7 536
7 937
7 966
8 24
8 57
8 92
8 561
9 55
9 245
9 308
9 380
9 395
9 465
9 611
10 291
10 454
10 607
10 886
10 936
10 938
11 357
11 584
11 872
12 27
12 47
12 50
12 139
12 188
12 268
12 272
12 322
12 370
12 386
12 406
12 424
12 462
12 552
12 556
12 569
12 577
12 580
12 608
12 615
12 630
12 641
12 649
12 660
12 715
12 727
12 735
12 738
12 762
12 833
12 840
12 859
12 877
12 892
12 950
12 958
12 971
12 997
13 397
13 911
14 147
14 257
14 277
14 462
14 486
14 487
14 785
14 838
15 114
15 188
15 328
15 399
15 428
15 582
15 918
15 998
16 26
16 62
16 516
16 594
16 618
16 776
16 830
17 64
17 415
17 620
17 624
17 877
18 29
18 37
18 73
18 244
18 409
18 492
18 674
18 754
18 884
18 984
19 38
19 419
19 610
19 717
19 981
20 126
20 226
20 237
20 292
20 355
20 377
20 512
20 571
20 764
20 780
20 812
20 978
21 99
21 145
21 234
21 272
21 436
21 658
21 805
22 36
22 407
22 817
22 893
23 40
23 187
23 411
23 445
23 765
23 870
23 959
24 74
24 92
24 105
24 175
24 183
24 213
24 393
24 441
24 731
24 925
25 142
25 331
25 462
25 841
26 62
26 143
26 516
26 830
27 104
27 268
27 406
27 424
27 569
27 715
27 762
27 892
27 950
27 956
28 46
28 81
28 339
28 386
28 537
28 608
28 661
28 669
28 676
28 715
28 958
29 37
29 244
29 409
29 492
29 754
29 984
30 45
30 625
30 796
30 813
31 113
31 129
31 172
31 188
31 199
31 200
31 203
31 272
31 308
31 343
31 362
31 380
31 462
31 465
31 570
31 582
31 584
31 611
31 614
31 714
31 715
31 738
31 767
31 790
31 871
31 874
31 877
31 998
32 59
32 218
32 364
32 394
32 453
32 460
32 462
32 640
32 646
32 788
32 851
32 877
32 971
33 37
33 38
33 73
33 78
33 244
33 310
33 337
33 350
33 404
33 419
33 449
33 519
33 625
33 636
33 717
33 733
33 752
33 754
33 760
33 877
33 884
33 897
33 984
34 55
34 172
34 380
34 465
34 584
34 611
34 712
34 896
35 136
35 286
35 739
35 830
36 230
36 336
36 582
36 817
37 73
37 78
37 244
37 409
37 461
37 492
37 693
37 733
37 754
37 855
37 884
37 943
37 984
38 72
38 73
38 141
38 159
38 212
38 220
38 310
38 383
38 400
38 419
38 610
38 625
38 717
38 733
38 760
38 813
38 878
38 884
38 981
39 228
39 279
39 352
39 435
39 462
39 720
39 801
39 880
40 187
40 445
40 959
40 998
41 122
41 193
41 235
41 291
41 427
41 639
41 897
42 239
42 277
42 397
42 425
42 486
42 574
42 601
42 838
42 934
43 97
43 240
43 405
43 598
43 647
43 648
43 770
43 919
44 111
44 178
44 217
44 323
44 360
44 434
44 462
44 508
44 713
44 836
44 928
44 971
44 982
45 68
45 117
45 121
45 133
45 173
45 216
45 222
45 270
45 375
45 600
45 654
45 733
45 796
45 800
45 813
45 832
45 931
45 968
46 47
46 81
46 186
46 386
46 576
46 608
46 676
46 877
46 958
47 50
47 139
47 186
47 272
47 322
47 370
47 386
47 436
47 456
47 552
47 556
47 577
47 608
47 615
47 630
47 641
47 660
47 661
47 680
47 715
47 735
47 833
47 840
47 859
47 877
47 958
48 462
49 87
49 144
49 307
49 397
49 452
49 462
49 631
50 370
50 386
50 552
50 615
50 641
50 660
50 661
50 833
50 840
50 958
51 814
52 463
52 536
52 550
52 625
52 699
52 856
52 966
53 91
53 225
53 374
53 396
53 558
53 642
53 687
54 535
54 567
54 701
54 735
54 997
55 129
55 172
55 199
55 231
55 245
55 272
55 308
55 357
55 380
55 395
55 436
55 442
55 465
55 584
55 611
55 665
55 712
55 714
55 715
55 738
55 779
55 792
55 805
55 824
55 871
55 896
55 958
55 963
55 989
56 86
56 154
56 410
56 555
56 671
56 780
57 92
57 441
57 561
57 591
57 656
57 827
58 106
58 329
58 452
58 462
58 775
58 825
58 864
58 873
58 945
58 993
59 80
59 83
59 295
59 364
59 391
59 397
59 413
59 433
59 453
59 460
59 462
59 491
59 494
59 588
59 605
59 612
59 646
59 694
59 708
59 715
59 736
59 851
59 877
59 895
59 908
59 948
59 971
60 462
60 468
60 609
60 697
60 732
60 800
60 888
61 294
61 388
61 632
62 277
62 594
62 823
62 830
63 154
63 164
63 236
63 318
63 490
63 555
63 671
63 894
63 922
63 941
63 987
63 996
64 158
64 211
64 339
64 415
64 489
64 620
64 635
64 735
64 862
64 877
65 522
65 565
65 608
65 661
65 700
65 806
65 976
66 388
66 679
66 729
66 759
67 302
67 549
67 554
67 735
67 863
67 877
67 924
67 927
67 971
68 73
68 117
68 121
68 141
68 182
68 212
68 270
68 342
68 419
68 502
68 625
68 654
68 711
68 796
68 800
68 813
68 832
68 931
69 123
69 258
69 493
69 693
69 747
69 807
70 120
70 140
70 177
70 285
70 287
70 305
70 312
70 344
70 356
70 393
70 461
70 642
70 657
70 663
70 687
70 696
70 723
70 811
70 879
70 886
70 915
70 939
71 107
71 300
71 329
71 462
71 560
71 720
71 789
71 799
71 809
71 858
72 159
72 220
72 625
72 675
72 800
72 890
73 78
73 141
73 182
73 212
73 310
73 337
73 383
73 393
73 409
73 419
73 519
73 545
73 625
73 724
73 733
73 752
73 754
73 760
73 800
73 884
73 886
73 951
73 984
74 213
74 468
75 238
75 331
75 352
75 462
75 637
75 839
76 330
76 388
76 429
76 579
76 622
76 632
76 679
76 759
76 967
77 89
77 239
77 250
77 277
77 296
77 425
77 464
77 486
77 487
77 574
77 601
77 785
77 838
77 877
77 934
77 954
78 244
78 337
78 393
78 409
78 427
78 492
78 536
78 625
78 733
78 752
78 760
78 800
78 822
78 878
78 884
78 890
78 943
78 984
79 202
79 246
79 313
79 524
79 594
79 644
79 722
79 746
79 907
79 978
79 995
80 83
80 299
80 397
80 413
80 432
80 462
80 491
80 510
80 594
80 684
80 685
80 695
80 735
80 736
80 795
80 831
80 850
80 877
80 971
81 186
81 576
81 608
81 676
81 715
82 181
82 191
82 234
82 513
82 531
82 721
82 738
82 860
82 872
82 963
83 299
83 303
83 363
83 397
83 432
83 460
83 462
83 484
83 491
83 666
83 684
83 685
83 831
83 877
84 96
84 221
84 317
84 393
84 627
84 749
85 177
85 269
85 305
85 402
85 450
85 581
85 643
85 657
85 687
85 723
85 732
85 740
86 164
86 236
86 371
86 410
86 466
86 505
86 555
86 589
86 633
86 671
86 894
86 922
87 130
87 144
87 161
87 197
87 207
87 307
87 381
87 397
87 416
87 452
87 462
87 511
87 605
87 795
87 828
87 970
88 406
88 715
88 762
88 956
89 148
89 250
89 277
89 464
89 574
89 601
89 954
90 256
90 291
90 497
90 596
90 657
90 886
90 897
90 936
90 938
90 999
91 96
91 163
91 225
91 243
91 374
91 740
91 915
91 939
92 96
92 163
92 213
92 305
92 353
92 356
92 376
92 393
92 441
92 468
92 551
92 578
92 591
92 609
92 656
92 657
92 820
92 827
92 888
92 915
92 925
92 991
93 205
93 276
93 326
93 359
93 412
93 504
93 532
93 602
93 621
93 753
94 272
94 436
94 479
94 533
94 617
94 715
94 719
94 917
94 960
95 149
95 198
95 242
95 359
95 439
95 443
95 448
95 475
95 486
95 487
95 602
95 964
95 965
96 119
96 128
96 175
96 225
96 317
96 393
96 422
96 503
96 558
96 607
96 609
96 627
96 657
96 687
96 732
96 749
96 772
96 886
96 940
97 405
97 625
97 628
97 677
97 845
97 966
98 329
98 809
99 145
99 172
99 181
99 272
99 297
99 436
99 459
99 479
99 533
99 617
99 658
99 715
99 737
99 803
99 805
99 877
99 960
100 134
100 185
100 536
100 586
100 681
100 693
101 177
101 285
101 461
101 657
101 663
101 772
101 802
101 811
101 915
102 324
102 339
102 546
102 735
102 877
102 930
102 946
103 693
103 747
103 870
103 929
104 406
104 569
104 715
104 735
104 840
104 877
104 892
105 183
105 925
106 254
106 309
106 418
106 462
106 605
106 775
106 809
106 825
106 864
106 873
106 993
107 170
107 215
107 238
107 300
107 329
107 462
107 678
107 789
108 229
108 403
108 666
108 735
108 769
108 783
108 971
108 977
109 114
109 188
109 223
109 301
109 336
109 428
109 445
109 634
109 844
109 918
109 998
110 368
110 462
110 515
110 535
110 608
110 653
110 698
110 735
110 758
110 816
110 877
110 891
110 927
110 958
110 997
111 266
111 276
111 277
111 358
111 412
111 421
111 532
111 602
111 829
111 835
111 957
112 600
112 625
112 636
112 682
112 711
112 770
112 869
112 910
112 933
113 172
113 614
113 738
114 188
114 399
114 428
114 496
114 844
114 918
114 998
115 375
115 600
115 625
115 636
115 770
115 845
115 933
116 132
116 146
116 217
116 219
116 304
116 462
116 521
116 530
116 559
116 602
116 673
116 782
116 809
116 876
116 955
116 982
117 121
117 159
117 419
117 800
117 832
118 233
118 325
118 594
118 722
118 786
118 944
119 393
119 940
120 128
120 285
120 657
120 663
120 811
120 915
121 182
121 800
122 754
123 259
123 493
123 509
123 693
123 747
124 185
124 259
124 469
124 693
124 929
124 983
125 629
125 715
125 979
126 292
126 355
126 571
126 764
126 780
126 834
127 339
127 548
127 877
127 971
128 285
128 461
128 503
128 657
128 663
128 723
128 811
128 915
129 172
129 232
129 336
129 343
129 362
129 380
129 570
129 584
129 662
129 824
129 874
130 144
130 174
130 195
130 197
130 303
130 384
130 397
130 452
130 462
130 588
130 652
130 685
130 702
130 795
130 843
130 877
130 970
131 467
131 650
131 780
131 808
131 903
132 217
132 304
132 462
132 782
133 173
133 216
133 222
133 502
133 625
133 832
134 151
134 185
134 430
134 509
134 536
134 586
134 693
134 784
135 715
135 726
137 157
137 282
137 334
137 868
137 966
138 201
138 273
138 379
138 417
138 485
138 688
138 728
138 734
138 780
138 808
138 815
138 894
139 386
139 577
139 660
139 661
139 680
139 715
139 833
139 840
139 859
139 958
140 287
140 344
140 461
140 642
140 657
140 663
140 696
140 879
141 159
141 182
141 342
141 625
141 675
141 800
141 890
142 331
142 341
142 462
142 841
142 877
143 516
143 618
143 823
143 830
144 161
144 207
144 307
144 381
144 452
144 462
144 510
144 511
144 631
144 795
144 962
145 191
145 272
145 436
145 533
145 658
145 664
145 715
145 735
145 860
145 963
146 521
146 559
146 707
146 720
146 902
146 955
147 250
147 252
147 257
147 277
147 390
147 785
147 838
147 934
148 239
148 250
148 277
148 296
148 486
148 487
148 568
148 601
148 757
148 954
149 277
149 448
149 475
149 487
149 964
149 965
150 154
150 273
150 671
150 941
150 996
151 152
151 157
151 282
151 285
151 334
151 428
151 430
151 477
151 481
151 509
151 536
151 586
151 625
151 634
151 693
151 699
151 747
151 770
151 949
151 966
151 998
152 481
152 536
152 937
153 289
153 336
153 582
153 819
153 904
154 164
154 236
154 273
154 318
154 466
154 483
154 490
154 505
154 555
154 671
154 922
154 941
154 996
155 206
156 309
156 418
156 462
156 775
156 825
156 858
156 945
156 993
157 282
157 473
157 482
157 536
157 634
157 648
157 693
157 699
157 868
157 966
158 415
158 620
158 624
158 877
159 212
159 342
159 419
159 625
159 800
160 173
160 625
160 832
160 931
161 207
161 452
161 462
161 511
162 625
162 931
163 177
163 225
163 243
163 305
163 374
163 402
163 450
163 503
164 236
164 318
164 490
164 505
164 555
164 671
164 922
164 941
164 996
165 475
165 487
165 898
165 901
166 311
166 735
166 927
167 462
167 560
167 572
167 809
168 170
168 189
168 215
168 253
168 335
168 462
168 789
169 261
169 262
169 462
169 769
169 866
169 877
169 920
169 971
170 215
170 253
170 452
170 462
170 789
171 293
171 439
172 188
172 199
172 200
172 203
172 234
172 272
172 365
172 380
172 462
172 465
172 584
172 614
172 714
172 738
172 824
172 871
172 874
172 958
173 216
173 222
173 502
173 600
173 625
173 636
173 711
173 796
173 813
173 832
173 890
173 968
174 195
174 197
174 397
174 462
174 510
174 652
174 702
174 795
174 877
174 970
175 225
175 393
175 422
175 627
175 697
175 820
176 473
176 634
176 935
176 966
177 225
177 305
177 374
177 393
177 402
177 450
177 581
177 642
177 643
177 657
177 687
177 723
177 740
177 772
177 852
178 227
178 323
178 372
178 474
178 673
179 254
179 452
179 462
179 858
180 273
180 283
180 426
180 671
180 861
180 894
180 941
180 969
181 191
181 234
181 436
181 507
181 531
181 721
181 860
181 872
181 963
182 342
182 625
182 800
183 925
184 232
184 407
184 603
184 715
184 817
185 509
185 536
185 550
185 586
185 681
185 693
185 747
185 986
186 608
186 676
187 275
187 411
187 445
187 765
188 206
188 223
188 289
188 301
188 328
188 399
188 428
188 496
188 536
188 553
188 689
188 918
188 919
188 998
189 215
189 253
189 329
189 435
189 462
190 594
190 906
191 234
191 272
191 513
191 584
191 715
191 860
191 963
192 217
192 521
192 876
192 902
193 235
193 291
193 897
194 266
194 602
195 197
195 397
195 462
195 510
195 652
195 795
195 828
195 970
195 971
196 205
196 224
196 412
196 470
196 504
196 532
196 602
196 718
196 988
197 397
197 462
197 510
197 652
197 702
197 795
197 828
197 970
198 443
198 475
198 487
198 830
198 898
199 200
199 203
199 380
199 465
199 613
199 714
199 738
199 790
199 792
199 824
199 826
199 871
199 874
200 380
200 465
200 613
200 614
200 714
200 824
200 826
201 438
201 485
201 734
201 837
202 226
202 237
202 246
202 313
202 379
202 486
202 506
202 524
202 583
202 594
202 618
202 626
202 644
202 722
202 746
202 777
202 780
202 812
202 830
202 834
202 894
202 906
202 907
202 941
202 975
202 978
202 994
202 995
203 380
203 570
203 738
203 767
203 874
204 237
204 794
204 812
205 412
205 504
205 532
205 602
205 621
205 753
206 328
207 307
207 397
207 452
207 462
207 510
207 511
208 210
208 595
208 625
208 711
208 761
208 832
209 476
209 514
209 875
209 914
210 595
210 625
210 761
210 832
210 968
211 620
211 635
211 735
211 862
211 877
212 400
212 419
212 545
212 675
212 703
212 760
212 800
212 878
212 890
213 350
213 353
213 385
213 731
214 715
214 958
215 253
215 329
215 335
215 462
215 678
215 789
215 799
215 809
216 270
216 600
216 625
216 654
216 796
216 813
216 832
217 219
217 241
217 266
217 276
217 304
217 319
217 320
217 323
217 360
217 372
217 397
217 437
217 452
217 462
217 474
217 487
217 508
217 543
217 573
217 602
217 645
217 673
217 713
217 715
217 781
217 782
217 835
217 836
217 839
217 842
217 928
217 955
217 971
217 982
217 992
217 993
218 265
218 397
218 460
218 788
218 877
218 971
219 304
219 462
219 781
219 782
220 703
220 890
221 393
221 627
222 502
222 625
222 832
222 931
223 496
223 844
223 998
224 276
224 602
224 773
224 988
225 243
225 305
225 393
225 396
225 402
225 450
225 558
225 581
225 642
225 657
225 732
225 772
225 787
226 264
226 313
226 377
226 379
226 506
226 512
226 524
226 541
226 583
226 594
226 722
226 746
226 780
226 834
226 975
226 995
227 319
227 323
227 360
227 474
227 501
227 508
227 573
227 992
228 238
228 251
228 279
228 352
228 435
228 462
228 525
228 637
228 720
228 789
228 801
228 839
228 880
228 980
229 460
229 666
229 769
229 877
229 971
229 977
230 365
231 308
231 395
231 584
231 611
231 730
231 790
231 989
232 328
232 343
232 348
232 603
232 662
233 325
233 524
233 594
233 597
233 944
233 994
234 357
234 380
234 386
234 436
234 531
234 584
234 664
234 715
234 721
234 872
234 958
234 963
235 897
236 273
236 318
236 466
236 490
236 671
236 894
236 922
236 941
236 996
237 277
237 417
237 780
237 812
237 837
237 972
237 975
238 279
238 435
238 462
238 487
238 525
238 572
238 619
238 637
238 801
238 804
238 809
238 839
238 858
238 980
239 277
239 425
239 464
239 486
239 487
239 568
239 574
239 601
239 785
239 838
239 934
239 954
240 636
240 770
241 320
241 462
241 713
241 836
241 928
241 982
242 277
242 475
242 487
242 668
242 964
242 965
243 305
243 374
243 393
243 558
243 586
244 492
244 733
244 752
244 984
245 308
245 611
245 896
246 313
246 524
246 722
246 907
246 975
246 978
247 291
247 356
247 404
247 408
247 607
247 625
247 882
247 886
248 393
248 529
248 551
248 609
248 697
248 881
249 277
249 347
249 440
249 444
249 486
249 487
250 277
250 296
250 486
250 487
250 568
250 574
250 601
251 279
251 720
251 801
251 880
252 257
252 277
252 739
252 838
252 954
253 335
253 462
253 789
253 799
254 280
254 369
254 397
254 462
254 743
254 775
254 795
254 858
255 285
255 657
255 723
255 802
255 811
255 915
256 291
256 427
256 454
256 497
256 542
256 596
256 936
256 999
257 277
257 838
258 259
258 536
258 539
258 586
258 681
258 693
258 747
258 807
258 949
259 493
259 693
259 983
260 499
260 515
261 566
261 877
261 920
262 462
262 544
262 566
262 666
262 853
262 866
262 877
262 920
262 971
263 462
263 789
263 858
264 351
264 512
264 594
264 691
264 780
264 812
264 975
265 394
265 460
265 971
266 276
266 358
266 421
266 602
266 673
266 835
266 952
267 388
267 526
267 716
267 797
267 899
268 406
268 424
268 556
268 580
268 715
268 950
269 431
269 581
269 687
269 723
269 740
270 625
270 654
271 352
271 435
271 462
271 525
271 619
272 306
272 365
272 380
272 436
272 459
272 465
272 479
272 531
272 533
272 577
272 584
272 594
272 658
272 664
272 683
272 715
272 719
272 721
272 737
272 803
272 805
272 872
272 874
272 877
272 887
272 889
272 917
272 921
272 958
272 960
272 963
272 998
273 283
273 318
273 426
273 466
273 467
273 483
273 490
273 555
273 633
273 644
273 671
273 688
273 728
273 734
273 780
273 812
273 837
273 861
273 894
273 922
273 941
273 969
273 987
273 996
274 324
274 378
274 392
274 557
274 798
274 816
274 877
275 445
275 765
275 959
276 360
276 421
276 437
276 462
276 474
276 498
276 501
276 543
276 602
276 645
276 673
276 722
276 835
276 836
276 842
276 902
276 982
276 992
277 278
277 296
277 390
277 398
277 425
277 434
277 439
277 440
277 443
277 462
277 464
277 486
277 487
277 568
277 574
277 594
277 601
277 739
277 757
277 776
277 780
277 785
277 830
277 838
277 854
277 898
277 901
277 934
277 954
277 978
278 325
278 423
278 594
278 750
279 341
279 349
279 352
279 435
279 462
279 525
279 619
279 637
279 720
279 801
279 809
279 873
279 876
279 971
279 980
280 397
280 418
280 452
280 462
280 858
280 864
280 993
281 350
281 401
281 414
281 420
281 731
282 482
282 509
282 536
282 868
282 966
283 555
283 671
283 894
283 941
283 969
283 987
284 372
284 437
284 474
284 573
284 673
285 657
285 663
285 915
286 690
286 812
286 894
286 941
287 542
287 663
287 696
287 886
287 915
288 704
288 735
288 891
288 942
289 328
289 336
289 428
289 582
290 623
290 727
291 340
291 344
291 356
291 408
291 454
291 497
291 542
291 639
291 663
291 706
291 882
291 886
291 897
291 936
291 938
291 999
292 373
292 571
292 780
292 975
293 412
293 439
294 388
294 716
294 941
295 345
295 403
295 451
295 769
295 877
295 971
295 977
296 464
296 486
296 568
296 574
296 601
296 757
296 954
297 436
297 726
297 958
298 688
298 728
298 837
299 363
299 484
299 491
299 684
299 831
300 462
300 560
300 572
300 720
300 809
301 428
301 496
301 844
301 998
302 378
302 462
302 549
302 554
302 620
302 715
302 735
302 863
302 877
302 924
302 927
302 953
303 397
303 462
303 684
303 685
303 736
303 795
303 971
304 320
304 782
305 374
305 393
305 396
305 402
305 450
305 581
305 642
305 643
305 657
305 687
305 723
305 732
305 740
305 787
306 436
306 459
306 584
306 617
306 715
306 887
306 958
307 381
307 452
307 462
307 511
307 631
307 795
307 877
307 962
308 328
308 395
308 584
308 611
308 665
308 712
308 730
308 738
308 790
308 989
309 452
309 462
309 775
309 825
309 864
309 885
309 993
310 733
310 760
310 884
311 735
311 877
311 927
312 356
312 540
312 542
312 607
312 696
312 791
312 882
312 915
312 939
313 379
313 506
313 524
313 583
313 594
313 722
313 780
313 834
313 907
313 975
313 995
314 557
314 585
314 638
314 683
314 735
314 798
314 930
315 455
315 870
315 929
316 647
316 848
316 856
316 868
316 919
317 393
317 627
317 749
318 490
318 555
318 671
318 922
318 941
318 996
319 508
319 673
319 992
320 559
320 713
320 781
320 836
321 499
321 816
322 370
322 386
322 552
322 641
322 660
322 715
322 840
322 859
322 958
323 713
323 992
324 415
324 546
324 877
324 930
325 594
325 746
325 786
325 978
326 359
326 412
326 504
326 606
326 988
327 378
327 528
327 735
327 768
327 778
327 818
327 877
327 924
327 927
327 953
328 336
328 354
328 380
328 399
328 428
328 488
328 582
328 655
328 693
328 715
328 770
328 814
328 904
328 998
329 435
329 462
329 678
329 789
330 429
331 955
332 439
332 448
332 742
332 901
333 544
333 877
333 909
333 920
333 971
334 536
334 651
334 937
335 452
335 462
335 799
335 947
336 354
336 536
336 547
336 582
336 608
336 655
336 689
336 819
336 904
337 733
337 752
337 951
338 357
338 436
338 517
338 584
339 349
339 462
339 480
339 489
339 538
339 548
339 549
339 554
339 566
339 620
339 635
339 692
339 715
339 735
339 862
339 866
339 867
339 877
339 920
339 923
339 924
339 927
339 971
339 990
340 454
340 497
340 706
340 936
340 938
341 389
341 707
341 720
341 841
341 902
342 800
342 832
342 890
343 348
344 356
344 542
344 607
344 687
345 397
345 403
345 460
345 666
345 694
345 877
345 971
345 977
346 715
346 762
346 840
347 440
347 444
347 462
347 487
347 602
347 830
348 584
348 662
349 460
349 462
349 538
349 548
349 620
349 635
349 692
349 735
349 867
349 877
349 909
349 916
349 920
349 923
349 971
349 990
350 414
350 471
350 709
350 731
351 571
351 722
351 780
351 812
352 435
352 462
352 525
352 720
352 801
352 839
352 880
352 980
353 393
353 578
353 656
354 547
354 819
355 571
355 583
355 764
355 780
356 540
356 542
356 596
356 607
356 625
356 657
356 663
356 687
356 791
356 882
356 886
356 915
356 936
356 999
357 517
357 584
357 790
358 751
358 835
359 448
359 532
359 602
359 606
359 742
360 474
360 713
360 982
361 420
361 472
361 875
361 926
362 874
363 397
363 462
363 484
363 491
363 605
363 684
363 831
364 433
364 694
364 771
364 908
364 971
366 659
366 735
366 744
366 758
366 821
366 846
366 927
366 961
367 446
367 647
367 770
367 919
368 382
368 735
368 891
369 462
369 743
369 858
370 386
370 406
370 552
370 556
370 577
370 615
370 641
370 660
370 735
370 833
370 840
370 958
371 438
371 505
371 555
371 563
371 579
371 587
371 589
371 622
371 667
371 671
371 941
372 437
372 474
372 673
372 877
372 982
373 467
373 571
373 728
373 764
373 780
373 941
373 975
373 978
374 393
374 402
374 450
374 643
374 663
374 787
375 625
375 845
375 910
375 933
376 385
377 379
377 512
377 834
377 975
378 528
378 557
378 604
378 735
378 877
378 953
379 506
379 541
379 583
379 834
379 995
380 395
380 436
380 442
380 465
380 582
380 584
380 611
380 613
380 614
380 693
380 712
380 714
380 715
380 730
380 735
380 738
380 767
380 779
380 792
380 800
380 824
380 826
380 871
380 874
380 877
380 896
380 963
381 452
381 462
381 631
382 698
382 704
382 735
382 891
383 419
383 717
383 800
383 878
384 397
384 462
384 510
384 795
385 401
385 731
386 406
386 456
386 552
386 556
386 569
386 577
386 608
386 615
386 641
386 649
386 660
386 661
386 680
386 700
386 715
386 833
386 840
386 877
386 950
386 958
386 971
387 542
387 642
387 657
387 687
387 723
387 772
387 811
387 915
388 393
388 526
388 555
388 729
388 759
388 797
388 899
389 521
389 559
389 707
389 902
389 955
390 434
390 486
390 487
390 594
390 739
390 830
390 901
391 433
391 494
391 694
391 708
391 895
391 971
392 528
392 585
392 620
392 638
392 735
392 798
393 402
393 422
393 450
393 468
393 529
393 551
393 558
393 596
393 609
393 625
393 627
393 639
393 642
393 643
393 656
393 657
393 687
393 732
393 740
393 749
393 780
393 827
393 881
393 912
393 915
393 925
393 940
394 397
394 460
394 612
394 646
394 769
394 971
395 465
395 584
395 611
395 665
395 712
395 715
395 735
395 790
395 989
396 657
396 732
397 416
397 418
397 432
397 452
397 453
397 460
397 462
397 484
397 491
397 510
397 536
397 548
397 602
397 605
397 631
397 652
397 666
397 684
397 685
397 686
397 694
397 695
397 708
397 710
397 715
397 720
397 735
397 736
397 769
397 789
397 795
397 801
397 825
397 843
397 850
397 851
397 858
397 866
397 877
397 895
397 908
397 909
397 911
397 913
397 920
397 958
397 970
397 971
397 977
398 434
398 739
398 854
399 428
400 419
400 610
400 717
400 981
401 709
401 731
402 450
402 581
402 642
402 643
402 657
402 687
402 723
402 740
402 811
402 915
403 460
403 666
403 769
403 877
403 971
403 977
404 408
404 542
404 607
404 811
404 882
404 886
405 536
405 600
405 625
405 634
405 677
405 770
405 974
406 424
406 495
406 556
406 569
406 580
406 608
406 615
406 629
406 649
406 661
406 715
406 726
406 735
406 762
406 840
406 887
406 892
406 950
406 958
406 971
406 997
407 603
407 817
407 893
408 540
408 542
408 607
408 882
408 886
409 984
410 555
410 633
410 671
411 507
411 693
412 448
412 470
412 487
412 504
412 532
412 602
412 606
412 621
412 753
412 988
413 588
413 948
413 971
414 471
414 731
415 620
415 624
415 862
415 877
416 452
416 462
416 828
416 877
416 962
416 970
417 688
417 728
417 837
418 462
418 825
418 945
418 993
419 595
419 596
419 610
419 717
419 733
419 752
419 800
419 878
419 890
419 981
420 471
420 527
420 888
420 926
420 941
420 991
421 835
421 900
421 952
422 627
422 820
423 594
423 777
424 569
424 580
424 649
424 715
424 840
424 950
424 958
425 464
425 574
425 785
425 838
425 934
425 954
426 555
426 894
426 941
426 969
426 987
427 542
427 596
427 639
427 754
427 822
427 984
428 445
428 496
428 590
428 600
428 844
428 918
428 998
429 555
429 748
430 509
430 586
431 642
431 657
431 687
431 723
431 772
431 852
432 684
433 462
433 494
433 694
433 877
433 908
433 971
434 830
435 452
435 462
435 525
435 619
435 637
435 720
435 735
435 789
435 801
435 804
435 955
435 980
436 459
436 462
436 465
436 513
436 533
436 564
436 569
436 584
436 615
436 658
436 664
436 715
436 719
436 735
436 737
436 803
436 805
436 877
436 887
436 889
436 892
436 917
436 921
436 958
436 960
436 963
437 474
437 501
437 673
438 483
438 555
438 622
438 667
438 725
438 748
438 894
438 973
439 487
439 606
440 444
440 487
440 574
440 594
441 591
441 735
442 584
442 611
443 444
443 486
443 487
443 898
443 901
444 486
444 487
444 901
445 507
445 562
445 590
445 693
445 765
445 766
445 959
445 998
446 449
446 647
446 856
446 919
447 473
447 482
447 536
447 651
447 693
447 966
448 487
448 532
448 606
448 673
448 742
449 500
449 598
449 770
449 856
450 642
450 643
450 687
450 723
450 732
450 740
450 939
451 666
451 672
451 769
451 877
452 460
452 462
452 491
452 510
452 511
452 513
452 631
452 640
452 652
452 685
452 694
452 702
452 715
452 735
452 743
452 769
452 789
452 795
452 809
452 825
452 828
452 864
452 866
452 877
452 927
452 962
452 970
452 971
453 462
453 646
453 694
453 771
453 788
453 851
453 971
454 497
454 936
454 999
455 929
456 615
456 630
456 661
456 715
456 958
457 886
458 983
458 998
459 564
459 617
459 715
459 737
459 887
460 462
460 612
460 640
460 684
460 694
460 769
460 771
460 788
460 851
460 877
460 958
460 971
460 977
461 657
461 663
461 915
462 467
462 484
462 486
462 487
462 491
462 494
462 498
462 504
462 510
462 511
462 522
462 525
462 528
462 530
462 555
462 556
462 560
462 584
462 588
462 594
462 602
462 605
462 608
462 620
462 625
462 631
462 641
462 646
462 652
462 657
462 666
462 673
462 684
462 685
462 693
462 694
462 695
462 702
462 710
462 715
462 720
462 735
462 736
462 741
462 743
462 769
462 773
462 775
462 789
462 795
462 801
462 809
462 825
462 828
462 832
462 839
462 843
462 850
462 858
462 864
462 866
462 873
462 874
462 876
462 877
462 885
462 894
462 902
462 911
462 913
462 920
462 927
462 941
462 945
462 947
462 952
462 955
462 962
462 970
462 971
462 978
462 982
462 985
462 993
462 997
463 536
463 550
463 699
464 486
464 574
464 601
464 838
464 934
464 954
465 584
465 611
465 712
465 790
465 792
465 824
465 826
465 874
466 490
466 555
466 671
466 996
467 594
467 650
467 780
467 794
467 808
467 812
467 815
467 903
467 972
468 551
468 609
468 697
468 881
468 888
468 912
469 693
469 747
469 807
469 929
469 983
470 504
470 753
471 709
471 731
472 926
473 482
473 536
473 550
473 586
473 648
473 937
473 966
474 543
474 573
474 602
474 645
474 673
474 842
475 487
475 574
475 964
475 965
476 514
477 536
477 586
478 602
478 705
478 773
478 829
478 900
479 533
479 715
479 719
479 803
479 889
479 917
479 921
479 960
480 548
480 620
480 635
480 735
480 877
481 536
481 935
482 636
482 648
482 868
482 966
483 622
483 667
483 679
483 725
483 748
483 888
484 491
484 684
484 831
484 877
485 650
485 688
485 728
485 734
485 815
485 837
486 487
486 568
486 574
486 594
486 601
486 602
486 757
486 776
486 785
486 793
486 823
486 830
486 835
486 838
486 877
486 898
486 954
487 504
487 568
487 574
487 594
487 602
487 735
487 780
487 793
487 830
487 838
487 898
487 900
487 901
487 941
487 954
487 964
488 582
489 877
490 555
490 671
490 894
490 922
490 996
491 605
491 684
491 685
491 831
492 855
492 943
492 984
493 536
493 693
493 929
494 694
494 708
494 948
494 971
494 977
495 629
495 715
495 956
495 958
496 844
496 918
497 657
497 706
497 936
497 938
497 999
498 543
498 673
498 842
499 515
499 735
499 816
499 865
499 905
499 985
499 997
501 521
501 543
501 645
501 673
501 842
502 813
502 832
503 732
504 602
504 606
504 621
504 742
505 555
505 633
506 524
506 722
507 765
507 766
508 992
509 536
509 586
509 693
509 986
510 652
510 702
510 795
510 877
510 970
511 970
512 691
512 780
512 812
512 975
513 860
513 963
514 914
515 535
515 608
515 715
515 735
515 816
515 857
515 865
515 905
515 997
516 594
516 618
516 780
516 823
516 830
517 584
518 655
519 724
519 733
520 562
520 590
520 693
520 998
521 530
521 559
521 707
521 782
521 876
521 902
521 955
522 565
522 700
522 715
522 727
522 806
522 958
524 594
524 644
524 722
524 780
524 975
524 978
524 995
525 619
525 720
525 801
526 716
528 557
528 638
528 735
528 768
528 818
528 877
528 927
528 953
529 551
529 697
529 881
530 559
530 782
531 721
531 989
532 602
532 606
532 621
532 753
533 658
533 715
533 719
533 735
533 803
533 806
533 877
533 887
533 889
533 917
533 921
534 861
534 894
534 941
534 969
535 567
535 608
535 700
535 701
535 715
535 727
535 735
535 806
535 877
535 905
535 958
535 997
536 550
536 586
536 625
536 651
536 856
536 919
536 949
536 966
537 608
537 676
537 958
538 735
538 867
538 877
538 916
538 923
539 592
539 681
539 693
539 774
539 807
539 949
540 542
540 607
540 791
540 915
540 939
541 583
541 834
542 607
542 706
542 740
542 879
542 939
543 645
543 673
543 842
543 952
544 566
544 853
544 877
544 971
545 800
545 890
546 877
546 930
547 819
548 620
548 692
548 735
548 877
548 923
548 953
549 735
549 891
549 927
550 634
550 636
550 699
550 856
550 966
551 609
551 697
551 881
551 912
552 556
552 615
552 641
552 840
552 958
553 814
554 735
554 877
554 924
554 927
555 563
555 587
555 589
555 622
555 633
555 667
555 671
555 723
555 728
555 794
555 894
555 922
555 941
555 996
556 569
556 577
556 615
556 641
556 840
556 950
556 958
557 735
557 768
557 818
557 877
557 953
558 732
558 886
559 707
560 809
560 839
562 998
563 622
564 737
565 608
565 661
565 700
565 806
565 877
565 976
566 853
566 866
566 877
566 971
567 715
567 997
568 574
568 601
568 757
568 954
569 580
569 615
569 661
569 715
569 762
569 840
569 892
569 958
570 767
571 764
571 780
571 812
571 975
572 809
573 673
573 836
574 757
574 838
574 934
574 954
575 593
576 608
577 615
577 641
577 840
577 877
577 958
578 656
578 827
579 587
579 622
579 667
580 715
580 950
580 958
581 657
581 687
581 740
581 811
582 655
582 998
584 665
584 715
584 730
584 738
584 790
584 872
584 874
584 877
584 960
584 963
584 989
585 638
585 683
585 735
586 681
586 693
586 774
586 807
586 949
587 622
587 667
587 679
587 748
588 605
590 735
590 766
590 998
591 656
592 693
592 774
592 784
592 807
592 986
593 731
594 597
594 602
594 626
594 644
594 731
594 746
594 750
594 763
594 764
594 777
594 780
594 786
594 789
594 810
594 830
594 877
594 941
594 944
594 975
594 978
594 994
595 600
595 625
595 636
595 761
595 931
596 657
596 706
596 897
596 915
596 936
596 938
597 618
597 906
598 647
598 770
599 690
599 894
600 625
600 636
600 682
600 711
600 755
600 770
600 800
600 832
600 848
600 869
600 931
600 974
601 618
601 757
601 793
601 954
602 668
602 670
602 673
602 705
602 715
602 718
602 753
602 773
602 829
602 842
602 900
602 957
602 988
603 817
604 638
604 877
604 971
605 694
605 877
605 971
606 718
607 657
607 791
607 882
607 886
607 939
608 615
608 623
608 630
608 661
608 669
608 676
608 700
608 715
608 727
608 735
608 806
608 840
608 877
608 958
608 971
608 976
608 997
609 697
609 820
609 881
609 888
609 912
610 703
610 717
610 800
610 890
610 981
611 665
611 712
611 715
611 730
611 790
611 989
612 971
612 977
613 714
613 826
613 871
614 714
614 738
614 779
615 641
615 660
615 661
615 715
615 735
615 840
615 877
615 950
615 958
616 800
616 890
617 719
617 887
618 746
618 823
618 830
618 978
619 720
619 801
620 624
620 635
620 735
620 862
620 877
620 927
620 930
620 953
620 958
620 971
620 990
621 753
622 667
622 748
622 973
623 700
623 715
623 727
623 735
623 976
623 997
624 877
624 930
625 636
625 642
625 654
625 677
625 682
625 711
625 738
625 755
625 760
625 761
625 770
625 796
625 800
625 813
625 832
625 845
625 869
625 878
625 884
625 919
625 931
625 933
625 958
625 966
625 968
625 974
625 978
626 746
626 810
626 978
626 995
627 732
627 749
627 820
628 677
629 715
629 958
630 661
630 715
630 735
630 958
631 970
632 709
632 967
633 671
634 648
634 699
634 715
634 935
634 966
635 862
635 877
635 971
636 657
636 682
636 711
636 752
636 755
636 770
636 800
636 832
636 845
636 869
636 910
636 932
636 933
636 968
637 809
637 839
638 683
638 735
638 798
638 877
638 927
639 723
639 754
639 822
640 646
640 788
640 851
640 877
640 971
641 660
641 680
641 715
641 840
641 956
641 958
642 643
642 657
642 663
642 687
642 723
642 740
642 772
642 802
642 811
642 852
642 915
643 687
643 740
643 787
644 746
644 907
644 978
644 995
645 673
645 842
646 694
646 771
646 851
646 877
646 908
646 948
646 971
647 848
647 856
647 919
649 715
649 892
649 950
649 958
650 671
650 780
650 808
650 812
650 903
650 972
652 702
652 795
652 970
653 704
653 715
653 735
653 758
653 877
653 891
653 927
653 942
654 796
655 904
656 693
656 732
656 827
657 663
657 687
657 696
657 723
657 740
657 772
657 802
657 811
657 852
657 886
657 915
658 715
658 805
658 963
659 735
659 744
659 927
659 961
660 661
660 680
660 700
660 715
660 833
660 840
660 859
660 958
661 669
661 676
661 715
661 735
661 833
661 840
661 859
661 877
661 958
662 893
663 879
663 915
664 963
665 715
665 790
665 989
666 769
666 783
666 851
666 877
666 971
666 977
667 748
667 922
667 973
669 715
669 958
669 971
670 988
671 894
671 922
671 941
671 996
672 866
672 971
673 720
673 835
673 842
673 971
674 822
674 884
674 984
675 800
676 715
677 770
678 789
678 877
679 725
679 748
679 941
680 833
680 859
680 958
681 693
681 774
681 784
681 807
681 986
682 711
682 845
682 869
682 933
683 877
684 685
684 694
684 695
684 736
684 831
684 866
684 877
684 971
684 977
685 736
685 850
685 913
687 723
687 732
687 740
687 811
687 852
687 915
688 728
688 780
688 837
688 894
689 819
690 728
690 812
690 894
691 780
691 812
691 975
692 877
692 990
693 747
693 774
693 784
693 807
693 877
693 937
693 949
693 966
693 983
694 720
694 771
694 908
694 971
695 736
696 915
697 881
698 700
698 735
698 816
698 857
698 891
698 958
699 770
699 966
700 715
700 727
700 806
700 927
700 958
700 976
701 997
702 795
702 970
703 752
703 915
704 735
704 758
704 877
704 891
704 927
704 942
705 773
705 829
705 842
705 900
705 957
706 936
706 938
706 999
707 902
708 948
710 795
710 843
710 850
710 911
711 813
711 869
711 933
712 738
712 790
713 836
713 842
713 928
713 982
714 715
714 738
714 792
714 824
714 826
714 871
715 727
715 735
715 738
715 745
715 762
715 803
715 833
715 840
715 859
715 862
715 877
715 892
715 927
715 941
715 950
715 956
715 958
715 960
715 963
715 971
715 977
715 979
716 797
716 883
716 899
717 981
719 917
719 921
720 801
720 804
720 877
720 880
720 902
720 980
721 872
721 877
721 963
722 728
722 830
722 907
722 978
722 995
723 732
723 740
723 811
723 852
724 733
725 748
726 745
727 735
727 976
727 997
728 731
728 734
728 735
728 780
728 837
728 894
728 903
728 941
728 972
728 975
728 978
729 759
729 883
730 790
732 802
732 940
733 752
733 760
733 951
734 780
735 738
735 744
735 758
735 795
735 798
735 816
735 818
735 821
735 846
735 857
735 862
735 863
735 866
735 867
735 877
735 891
735 905
735 916
735 920
735 924
735 927
735 942
735 953
735 958
735 961
735 963
735 971
735 985
735 990
736 769
736 843
736 877
736 913
736 970
736 971
737 803
737 887
737 917
738 779
738 824
738 826
738 871
738 874
738 877
739 776
740 772
740 787
740 811
740 852
740 915
743 858
744 821
744 846
744 877
744 927
744 961
746 777
746 978
747 807
748 941
748 973
749 820
750 786
750 994
752 760
752 855
752 884
754 822
754 882
755 931
756 849
756 877
756 920
756 971
757 954
758 877
758 891
758 927
758 942
760 884
761 832
761 931
761 968
762 958
763 854
764 780
764 812
765 766
768 818
769 783
769 788
769 877
769 920
769 971
769 977
770 848
770 931
770 933
770 974
771 788
771 877
771 908
771 971
772 811
773 829
773 900
773 957
775 809
775 825
775 858
775 864
775 873
775 945
775 993
776 786
778 877
778 924
778 927
778 953
780 812
780 830
780 834
780 837
780 877
780 903
780 907
780 941
780 975
780 978
783 877
783 971
783 977
784 807
784 949
785 838
785 934
786 944
786 978
786 994
788 851
788 877
788 971
789 799
790 874
790 989
791 886
794 812
794 903
794 972
795 850
795 911
795 970
795 971
795 993
796 813
797 899
798 877
798 924
799 947
800 822
800 832
800 890
800 919
800 974
801 980
802 811
802 852
802 915
803 889
803 917
803 960
804 809
804 880
805 963
806 976
806 997
807 949
807 986
808 815
808 903
808 972
809 877
809 955
810 978
812 830
812 915
812 975
813 931
816 877
816 927
816 985
817 893
818 877
818 953
819 904
820 886
821 846
821 927
821 958
821 961
823 830
824 826
824 871
824 958
825 864
825 873
825 885
825 945
825 993
826 871
827 991
828 970
829 900
830 941
830 944
831 877
831 971
832 931
832 968
833 859
833 877
833 958
835 836
835 900
835 952
836 982
836 992
837 894
837 996
838 934
838 954
840 877
840 892
840 950
840 958
841 902
842 854
843 850
843 911
843 970
844 918
844 998
845 933
845 974
846 927
846 961
847 848
848 856
848 919
849 877
849 916
850 911
850 971
851 971
851 977
853 866
853 877
853 971
855 984
856 919
858 864
858 877
858 945
859 958
860 963
861 894
861 969
862 877
863 927
864 873
864 945
864 993
865 985
866 877
866 920
866 971
867 877
867 916
867 920
869 931
869 933
873 945
873 993
875 914
876 902
876 955
877 891
877 908
877 909
877 916
877 920
877 921
877 923
877 927
877 930
877 941
877 942
877 946
877 953
877 958
877 970
877 971
877 977
877 978
877 990
877 997
878 981
882 886
884 943
884 951
884 984
886 936
888 912
889 917
889 960
891 927
891 942
891 961
892 958
894 941
894 969
894 987
895 971
898 901
902 955
903 972
905 985
907 975
907 978
907 995
908 953
908 971
909 920
910 974
916 923
917 960
920 971
920 977
922 941
922 996
923 971
923 990
924 927
924 953
927 942
927 946
927 958
927 961
927 971
928 982
930 946
931 968
932 933
934 954
935 966
936 938
936 999
938 999
941 969
941 975
941 987
941 996
945 993
949 986
950 958
958 963
958 971
958 976
958 997
963 989
970 971
971 977
978 995
985 997
