0 434
0 611
1 122
1 676
1 811
1 861
2 111
2 158
2 210
2 373
2 387
2 395
2 430
2 580
2 759
2 818
2 858
2 912
2 928
2 948
2 979
3 56
3 115
3 290
3 488
3 653
3 894
3 948
4 231
4 324
4 414
4 486
4 545
4 948
5 10
5 119
5 240
5 283
5 490
5 513
5 573
5 897
5 930
5 953
5 996
6 51
6 342
6 374
6 379
6 519
6 643
6 754
6 999
7 196
7 268
7 289
7 318
7 331
7 370
7 371
7 382
7 385
7 425
7 482
7 538
7 562
7 598
7 673
7 696
7 781
7 933
7 944
7 981
8 104
8 214
8 268
8 271
8 281
8 289
8 318
8 331
8 351
8 390
8 425
8 533
8 592
8 786
8 808
8 847
8 867
8 915
9 55
9 62
9 83
9 383
9 440
9 458
9 580
9 582
9 633
9 723
9 745
9 788
10 42
10 84
10 119
10 140
10 240
10 283
10 433
10 490
10 500
10 513
10 573
10 603
10 743
10 767
10 857
10 897
10 945
10 953
10 996
11 74
11 316
11 331
11 425
11 482
11 650
11 913
12 28
12 49
12 301
12 361
12 631
12 638
12 806
12 958
13 94
13 485
13 533
13 740
14 521
14 725
15 133
15 416
15 550
15 926
16 275
16 414
16 482
17 21
17 23
17 207
17 220
17 239
17 445
17 465
17 480
17 507
17 526
17 907
17 923
18 66
18 655
18 678
19 50
19 88
19 178
19 180
19 296
19 380
19 474
19 583
19 658
19 677
19 768
19 919
19 930
20 242
20 512
20 577
20 691
20 697
20 775
20 803
20 975
21 39
21 122
21 158
21 162
21 207
21 250
21 348
21 445
21 450
21 455
21 465
21 480
21 507
21 526
21 581
21 618
21 649
21 717
21 721
21 726
21 811
21 907
21 909
22 42
22 134
22 206
22 217
22 323
22 363
22 439
22 496
22 576
22 580
22 592
22 688
22 728
22 945
22 950
22 978
23 122
23 218
23 445
23 465
23 476
23 507
23 526
23 649
23 717
23 721
23 907
23 923
24 206
24 369
24 453
24 485
24 541
24 904
24 978
25 308
25 313
25 330
25 384
25 580
25 732
26 323
26 667
26 828
26 855
27 28
27 79
27 318
27 586
27 779
27 805
27 982
28 33
28 49
28 79
28 92
28 143
28 144
28 190
28 193
28 212
28 301
28 359
28 388
28 425
28 456
28 459
28 468
28 481
28 482
28 501
28 510
28 517
28 563
28 578
28 638
28 654
28 663
28 699
28 704
28 707
28 735
28 742
28 778
28 784
28 797
28 806
28 866
28 895
28 941
28 949
28 958
28 962
29 103
29 148
29 405
29 553
30 131
30 521
30 542
30 677
30 795
30 863
31 38
31 203
31 587
31 622
31 751
32 39
32 198
32 540
32 601
32 631
33 193
33 388
33 459
33 941
34 122
34 450
34 526
34 738
35 321
35 546
35 883
35 898
36 57
36 161
36 189
36 451
36 569
37 190
37 503
37 557
37 683
37 704
37 742
37 797
37 908
38 42
38 84
38 117
38 349
38 622
39 72
39 107
39 173
39 177
39 186
39 194
39 239
39 273
39 305
39 358
39 377
39 391
39 412
39 483
39 492
39 507
39 601
39 602
39 714
39 726
39 787
39 811
39 907
39 985
39 999
40 122
40 199
40 291
40 625
40 641
40 726
41 244
41 352
41 479
41 485
41 537
41 597
41 629
41 642
41 698
41 746
41 752
41 965
42 64
42 84
42 95
42 113
42 117
42 158
42 176
42 238
42 240
42 283
42 299
42 310
42 320
42 323
42 331
42 349
42 457
42 464
42 482
42 485
42 509
42 513
42 573
42 587
42 592
42 593
42 606
42 619
42 622
42 629
42 656
42 751
42 770
42 830
42 859
42 881
42 915
42 925
42 930
42 945
43 121
43 268
43 316
43 327
43 331
43 425
43 449
43 477
43 482
43 494
43 589
43 872
43 937
43 992
44 65
44 492
45 70
45 158
45 172
45 181
45 187
45 258
45 290
45 395
45 424
45 518
45 614
45 759
45 798
45 815
45 818
45 848
45 849
46 118
46 393
46 423
46 461
46 684
46 757
46 869
46 943
47 106
47 146
47 155
47 183
47 190
47 251
47 336
47 396
47 401
47 462
47 683
47 735
47 797
47 823
47 899
47 922
47 949
47 962
48 62
48 243
48 246
48 660
48 865
49 155
49 212
49 388
49 481
49 526
49 663
49 941
49 958
50 96
50 114
50 180
50 185
50 213
50 252
50 266
50 283
50 296
50 341
50 344
50 380
50 381
50 400
50 448
50 474
50 514
50 521
50 552
50 583
50 630
50 658
50 662
50 677
50 770
50 809
50 863
50 934
50 987
51 63
51 851
51 888
51 999
52 434
53 303
53 498
53 644
53 722
53 761
53 786
53 808
53 915
54 117
54 592
54 675
54 877
55 83
55 288
55 440
55 580
55 582
55 665
55 723
55 732
55 745
56 115
56 158
56 290
56 294
56 346
56 383
56 395
56 408
56 415
56 424
56 429
56 488
56 489
56 502
56 621
56 645
56 653
56 697
56 814
56 818
56 948
56 967
57 63
57 407
57 481
57 495
57 796
57 999
58 122
58 219
58 250
58 618
58 827
59 139
59 692
59 748
59 967
60 106
60 130
60 155
60 182
60 329
60 401
60 405
60 456
60 530
60 615
60 735
60 876
60 949
60 991
61 225
61 280
61 696
62 83
62 159
62 204
62 243
62 246
62 340
62 344
62 529
62 616
62 655
62 660
62 697
62 736
62 812
62 839
62 948
62 986
62 994
63 398
63 708
63 797
64 134
64 192
64 376
64 505
64 508
64 592
64 606
64 619
64 668
64 702
64 734
64 900
65 333
65 492
65 601
65 631
65 777
65 811
65 999
66 616
66 678
66 968
67 307
67 350
67 470
67 579
67 963
67 973
68 98
68 240
68 257
68 283
68 411
68 490
68 573
68 592
68 770
68 819
68 859
68 878
68 881
68 930
68 945
68 953
69 224
69 561
69 783
69 824
69 843
70 129
70 147
70 158
70 172
70 181
70 258
70 290
70 395
70 404
70 417
70 518
70 580
70 614
70 759
70 818
70 849
70 896
71 109
71 352
71 485
71 642
71 813
71 965
72 173
72 273
73 240
73 283
73 767
73 852
74 280
74 311
74 331
74 482
74 485
74 494
74 598
74 696
74 709
74 990
75 158
75 438
75 580
75 799
75 858
75 928
75 979
75 983
76 286
76 353
76 468
76 647
76 680
76 719
76 758
76 905
77 133
77 211
77 306
77 342
77 550
77 681
77 733
77 789
77 822
77 859
77 863
77 926
77 932
77 980
78 132
78 342
78 416
78 559
78 617
78 980
79 143
79 163
79 586
79 784
79 805
79 958
79 982
80 218
80 314
80 482
80 485
80 539
80 771
80 917
81 948
82 171
82 262
82 267
82 278
82 302
82 512
82 532
82 691
82 697
82 803
82 853
82 916
82 948
83 115
83 218
83 288
83 330
83 384
83 395
83 427
83 440
83 580
83 582
83 588
83 627
83 659
83 665
83 723
83 745
83 764
83 788
84 95
84 117
84 238
84 240
84 283
84 402
84 656
84 727
84 852
84 881
84 945
84 953
85 526
85 811
86 592
86 619
86 830
86 877
86 900
86 929
87 532
87 634
87 927
87 938
88 131
88 342
88 677
89 592
89 593
90 342
90 410
90 629
90 677
90 789
90 863
91 122
91 144
91 254
91 263
91 317
91 434
91 481
91 536
91 654
91 663
91 756
91 825
91 871
91 958
92 263
92 958
92 999
93 863
94 145
94 205
94 331
94 405
94 467
94 487
94 544
94 553
94 949
95 117
95 120
95 592
95 656
95 852
95 945
96 213
96 521
96 566
96 584
96 809
96 951
97 182
97 279
97 298
97 517
97 837
97 876
98 229
98 257
98 411
98 770
98 878
98 953
99 229
99 543
99 573
99 632
99 791
99 930
99 953
100 125
100 154
100 196
100 223
100 285
100 289
100 318
100 382
100 425
100 482
100 485
100 560
100 612
100 846
100 867
100 998
101 246
101 458
101 580
101 972
102 224
102 521
102 561
102 725
102 824
102 843
103 182
103 300
103 362
103 405
103 530
103 553
103 615
104 281
104 289
104 318
104 325
104 425
104 533
104 807
104 808
105 565
105 816
106 146
106 155
106 336
106 396
106 401
106 456
106 683
106 742
106 823
106 899
106 922
106 949
106 964
107 186
107 358
107 526
107 602
107 631
107 714
108 999
109 268
109 485
109 575
109 629
109 698
109 813
109 850
110 197
110 232
110 290
110 488
110 595
110 801
110 948
111 580
111 979
112 145
112 365
112 405
112 482
113 120
113 215
113 261
113 331
113 463
113 513
113 592
113 606
113 702
114 185
114 213
114 296
114 381
114 395
114 421
114 448
114 514
114 521
114 583
114 677
115 290
115 294
115 383
115 408
115 415
115 429
115 645
115 818
116 342
117 240
117 283
117 326
117 349
117 464
117 513
117 587
117 606
117 622
117 751
117 881
117 945
117 953
117 996
118 434
118 607
118 869
119 140
119 240
119 283
119 433
119 490
119 513
119 573
119 592
119 603
119 743
119 857
119 897
119 953
119 996
120 261
120 592
120 619
120 830
121 137
121 196
121 268
121 280
121 289
121 331
121 347
121 425
121 477
121 482
121 485
121 494
121 539
121 547
121 571
121 639
121 642
121 696
121 817
121 872
121 913
121 935
121 937
121 949
121 953
121 977
122 158
122 162
122 164
122 195
122 218
122 219
122 220
122 239
122 250
122 263
122 291
122 293
122 348
122 403
122 425
122 445
122 455
122 465
122 480
122 507
122 526
122 580
122 581
122 585
122 602
122 618
122 648
122 649
122 697
122 721
122 726
122 729
122 810
122 816
122 825
122 827
122 860
122 882
122 909
122 923
122 948
122 949
122 979
122 989
122 999
123 221
123 967
124 481
124 663
124 672
124 778
125 223
125 285
125 289
125 425
125 482
125 485
125 516
125 560
125 612
125 846
125 867
125 998
126 323
126 485
126 504
126 686
126 739
126 792
126 884
126 997
127 410
127 608
127 737
127 760
128 469
128 679
128 763
128 936
128 959
129 138
129 158
129 181
129 395
129 417
129 570
129 580
129 759
129 815
129 818
129 893
129 956
130 329
130 517
130 530
130 615
130 876
130 949
131 342
131 542
131 677
131 795
131 862
131 863
132 157
132 416
132 559
133 240
133 416
133 550
133 594
133 733
133 789
133 822
133 926
134 136
134 217
134 323
134 363
134 606
134 728
134 836
134 950
134 978
135 291
135 337
135 395
135 697
135 726
135 741
135 840
135 939
136 226
136 237
136 268
136 323
136 357
136 452
136 534
136 620
136 836
136 984
137 249
137 268
137 316
137 327
137 331
137 482
137 650
137 696
137 913
137 977
137 992
138 158
138 395
138 417
138 570
138 759
138 815
139 159
139 175
139 216
139 514
139 591
139 613
139 635
139 692
139 748
139 967
140 240
140 283
140 433
140 490
140 513
140 573
140 791
140 819
140 897
140 953
140 996
141 158
141 580
142 511
142 512
142 532
142 803
143 190
143 359
143 481
143 510
143 784
143 805
143 895
143 958
143 982
144 263
144 317
144 481
144 536
144 638
144 654
144 825
144 958
145 148
145 155
145 205
145 285
145 325
145 331
145 405
145 425
145 482
145 517
145 544
145 553
145 666
145 674
145 740
145 797
145 949
146 155
146 183
146 328
146 336
146 456
146 481
146 683
146 735
146 790
146 823
146 962
147 158
147 395
147 614
147 818
148 256
148 405
148 553
148 763
149 316
149 331
149 425
149 482
149 547
149 913
150 416
150 926
151 392
151 463
151 619
151 675
151 976
152 493
152 499
153 789
154 289
154 318
154 817
155 172
155 182
155 183
155 235
155 251
155 300
155 328
155 329
155 336
155 366
155 385
155 389
155 396
155 399
155 401
155 405
155 410
155 425
155 431
155 442
155 456
155 462
155 482
155 503
155 517
155 525
155 530
155 553
155 564
155 598
155 624
155 652
155 683
155 684
155 697
155 735
155 790
155 797
155 823
155 833
155 871
155 876
155 899
155 901
155 908
155 922
155 949
155 955
155 958
155 962
155 964
155 991
155 999
156 389
156 578
156 742
156 833
157 617
157 677
157 733
158 172
158 216
158 236
158 246
158 258
158 272
158 290
158 294
158 312
158 313
158 330
158 384
158 387
158 395
158 417
158 424
158 425
158 426
158 427
158 429
158 430
158 438
158 500
158 515
158 523
158 554
158 570
158 580
158 596
158 614
158 670
158 687
158 697
158 759
158 772
158 776
158 799
158 803
158 815
158 818
158 834
158 844
158 848
158 849
158 870
158 879
158 893
158 912
158 928
158 948
158 953
158 956
158 979
158 983
158 999
159 246
159 344
159 660
159 986
159 994
160 323
160 485
160 600
160 997
161 750
161 902
161 958
162 455
162 507
162 526
162 721
163 364
163 389
163 563
163 567
163 638
163 805
164 218
164 239
164 391
164 445
164 526
164 729
164 811
164 861
165 330
165 430
165 580
165 670
165 800
165 858
165 948
165 979
166 269
166 425
166 441
166 446
166 485
166 642
166 720
166 771
166 813
166 850
166 886
167 322
167 356
167 434
167 706
168 179
168 182
168 362
168 517
168 763
168 955
169 542
169 677
170 172
170 275
170 338
170 346
170 383
170 415
170 489
170 818
170 838
170 880
171 234
171 511
171 512
171 532
171 592
171 927
171 938
171 948
172 181
172 187
172 236
172 346
172 395
172 404
172 413
172 515
172 518
172 580
172 596
172 718
172 755
172 798
172 799
172 814
172 815
172 816
172 818
172 848
172 849
172 879
172 896
172 928
172 948
172 999
173 277
173 480
173 483
173 507
173 526
173 676
173 714
173 811
173 827
173 985
174 271
174 365
174 599
174 740
175 613
175 730
175 748
176 209
176 240
176 283
176 310
176 500
176 513
176 603
176 681
176 743
176 767
176 857
176 874
176 897
176 930
176 953
176 996
177 277
178 180
178 677
178 768
179 182
179 362
179 428
179 936
179 959
180 342
180 583
180 768
181 236
181 518
181 614
181 759
181 798
181 818
181 956
182 268
182 298
182 300
182 318
182 329
182 331
182 362
182 366
182 405
182 425
182 428
182 469
182 482
182 517
182 553
182 683
182 763
182 837
182 936
182 949
182 955
182 959
182 962
182 991
183 336
183 442
183 456
183 683
183 735
183 823
183 962
184 407
184 796
184 854
184 999
185 296
185 521
185 725
185 789
185 987
186 273
186 358
186 602
186 811
187 848
187 948
188 280
188 318
188 331
188 482
188 598
189 407
190 235
190 501
190 503
190 535
190 557
190 628
190 704
190 742
190 797
190 833
190 908
190 958
190 993
191 505
191 592
191 606
191 802
192 321
192 332
192 508
192 592
192 820
192 898
193 388
193 663
193 941
194 273
194 676
194 714
195 445
195 455
195 465
195 480
195 507
195 526
195 811
195 907
196 225
196 280
196 289
196 311
196 318
196 331
196 370
196 371
196 382
196 385
196 394
196 418
196 425
196 482
196 562
196 598
196 679
196 696
196 781
196 944
196 981
197 232
197 290
197 502
197 685
197 801
197 894
197 948
198 333
198 492
198 540
198 601
198 631
199 625
199 641
199 697
199 889
200 228
200 694
200 811
200 832
200 969
201 301
201 361
201 481
201 638
201 778
201 958
202 268
202 316
202 331
202 425
202 696
203 587
203 751
204 243
204 580
204 774
204 972
205 405
205 467
205 553
206 237
206 452
206 688
206 836
206 978
207 445
207 465
207 480
207 507
207 526
208 248
208 291
208 337
208 444
208 528
208 765
209 230
209 310
209 457
209 500
209 632
209 874
209 953
210 373
210 387
210 426
210 580
210 858
210 979
211 789
211 932
212 388
212 481
212 958
213 521
213 662
213 809
213 951
214 271
214 482
214 533
214 808
215 463
215 702
216 591
216 748
216 967
217 245
217 323
217 556
217 592
217 667
217 686
217 828
217 855
218 239
218 291
218 305
218 391
218 507
218 526
218 585
218 729
218 811
218 861
218 907
218 958
218 999
219 250
219 618
219 827
219 909
220 239
220 445
220 465
220 507
220 526
220 649
220 664
221 967
222 244
222 485
222 496
222 629
222 642
222 657
222 769
223 284
223 390
223 425
223 482
223 516
223 807
223 867
224 309
224 350
224 521
224 558
224 561
224 583
224 610
224 635
224 651
224 843
224 863
225 280
225 289
225 311
225 318
225 331
225 425
225 482
225 598
225 696
226 237
226 323
226 452
226 688
226 769
226 836
226 978
227 999
228 832
228 969
229 240
229 257
229 283
229 410
229 411
229 464
229 513
229 521
229 543
229 573
229 592
229 608
229 609
229 632
229 681
229 770
229 791
229 845
229 859
229 878
229 930
229 945
229 953
229 996
230 310
230 402
230 513
230 874
231 304
231 324
231 545
231 640
231 948
232 290
232 488
232 502
232 801
232 906
232 948
233 403
233 549
233 726
233 999
234 278
234 532
234 803
234 927
234 938
235 331
235 431
235 551
235 797
235 833
235 946
235 958
236 413
236 515
236 518
236 580
236 718
236 818
236 848
236 879
236 948
237 452
237 688
237 769
238 592
238 656
238 727
238 852
238 859
238 881
238 945
239 277
239 391
239 465
239 526
239 585
239 811
239 923
240 257
240 283
240 310
240 411
240 433
240 464
240 485
240 490
240 500
240 513
240 521
240 543
240 573
240 580
240 592
240 603
240 632
240 743
240 760
240 770
240 789
240 819
240 845
240 857
240 859
240 874
240 878
240 892
240 897
240 930
240 948
240 953
240 996
241 252
241 472
241 527
241 677
241 789
242 290
242 605
242 669
242 697
242 711
242 753
242 766
242 816
242 840
242 853
242 975
243 246
243 315
243 340
243 384
243 440
243 839
243 865
243 972
243 994
244 268
244 368
244 496
244 629
244 642
244 813
244 965
245 323
245 667
245 828
245 950
246 340
246 344
246 580
246 588
246 660
246 736
246 745
246 774
246 788
246 839
246 865
246 986
246 994
247 453
247 508
247 509
247 626
248 291
248 391
248 419
248 444
248 528
248 726
248 759
249 479
249 574
249 575
249 642
249 703
250 337
250 526
250 618
250 649
250 811
250 827
250 989
251 401
251 456
251 615
251 683
251 823
251 833
251 876
251 899
251 949
251 964
252 297
252 326
252 410
252 416
252 425
252 527
252 531
252 594
252 608
252 681
252 737
252 789
252 829
252 930
252 942
252 953
253 268
253 282
253 289
253 422
253 441
253 446
253 479
253 485
253 539
253 592
253 720
253 813
253 850
254 263
254 265
254 317
254 343
254 481
254 756
254 868
254 871
254 958
255 292
255 432
255 580
255 655
255 678
255 960
255 968
256 405
256 467
256 487
256 553
256 724
257 283
257 573
257 632
257 791
257 819
257 878
257 897
257 930
258 395
258 417
258 518
258 614
258 759
258 818
258 849
259 601
259 705
259 911
259 969
260 508
260 509
260 626
261 463
261 592
261 606
261 702
262 302
262 511
262 691
262 697
262 803
263 353
263 468
263 478
263 481
263 680
263 699
263 821
263 921
263 931
263 999
264 350
264 470
264 963
265 343
265 353
265 756
265 868
265 871
265 905
265 958
266 342
266 677
266 863
267 278
267 512
267 520
267 697
267 803
268 269
268 280
268 316
268 318
268 327
268 331
268 347
268 397
268 425
268 435
268 441
268 449
268 477
268 482
268 485
268 494
268 539
268 548
268 569
268 571
268 589
268 590
268 597
268 598
268 639
268 642
268 689
268 695
268 696
268 715
268 720
268 771
268 785
268 872
268 886
268 917
268 935
268 937
268 961
268 977
268 992
269 441
269 485
269 642
270 485
270 508
270 597
270 629
270 642
270 698
270 703
270 752
271 281
271 303
271 318
271 351
271 405
271 425
271 533
271 644
271 740
271 808
271 915
271 981
272 290
272 345
272 454
272 685
272 948
273 305
273 483
273 714
273 787
274 495
274 832
275 324
275 334
275 414
275 682
275 957
276 635
276 966
277 526
277 714
277 811
278 367
278 520
278 532
278 691
278 697
278 726
278 803
278 916
279 366
279 517
279 837
279 955
280 289
280 311
280 316
280 318
280 331
280 425
280 482
280 562
280 598
280 679
280 690
280 696
280 944
281 284
281 303
281 482
281 533
281 722
281 786
282 331
282 446
282 479
283 310
283 326
283 433
283 464
283 482
283 490
283 500
283 513
283 573
283 583
283 592
283 603
283 632
283 743
283 791
283 819
283 857
283 874
283 878
283 897
283 930
283 945
283 953
283 996
284 390
284 425
284 807
285 289
285 425
285 435
285 560
286 353
286 468
286 481
286 646
286 647
286 699
286 719
287 291
287 726
288 440
288 580
288 633
288 652
288 665
288 723
288 732
288 745
288 788
289 303
289 311
289 316
289 318
289 331
289 382
289 385
289 390
289 394
289 425
289 481
289 482
289 485
289 494
289 498
289 516
289 517
289 530
289 533
289 560
289 562
289 592
289 598
289 612
289 679
289 690
289 696
289 747
289 786
289 817
289 846
289 867
289 872
289 944
289 948
289 949
289 998
290 294
290 324
290 345
290 383
290 395
290 408
290 413
290 417
290 424
290 429
290 447
290 454
290 488
290 502
290 515
290 526
290 532
290 580
290 595
290 596
290 623
290 653
290 685
290 697
290 772
290 801
290 848
290 894
290 906
290 948
291 319
291 337
291 386
291 419
291 444
291 528
291 555
291 648
291 697
291 714
291 726
291 738
291 741
291 765
291 827
291 948
292 340
292 762
292 960
292 971
293 648
293 726
293 827
294 408
294 429
294 621
294 645
294 880
294 948
295 323
295 376
295 392
295 482
295 592
295 606
295 802
295 820
295 976
295 988
296 381
296 448
296 514
296 863
297 342
297 527
297 594
297 789
297 932
298 517
298 837
298 949
299 508
299 592
299 883
299 885
300 405
301 361
301 388
301 481
301 638
301 806
301 866
301 958
302 691
302 697
302 803
303 318
303 325
303 351
303 425
303 493
303 498
303 553
303 599
303 644
303 666
303 693
303 722
303 797
303 847
303 915
303 924
304 324
304 623
304 640
304 685
304 910
304 948
304 957
305 602
305 676
305 714
306 342
306 783
307 350
307 963
308 330
308 384
308 491
308 580
308 652
308 659
308 665
308 670
308 723
308 788
308 800
308 831
309 651
310 500
310 513
310 743
310 874
311 318
311 370
311 371
311 382
311 425
311 482
311 538
311 560
311 562
311 696
311 781
311 933
311 944
312 313
312 330
312 387
312 430
312 580
312 670
312 766
312 858
312 979
313 330
313 580
313 665
313 670
314 425
314 771
314 886
314 917
315 678
315 972
316 318
316 331
316 405
316 435
316 482
316 548
316 650
316 715
316 771
316 835
316 872
316 913
316 937
317 481
317 536
317 654
317 672
317 784
317 797
317 825
317 958
318 331
318 370
318 371
318 382
318 385
318 394
318 418
318 425
318 482
318 485
318 538
318 560
318 562
318 592
318 599
318 673
318 690
318 696
318 781
318 872
318 914
318 933
318 944
318 949
318 981
318 990
319 726
320 464
320 727
320 945
321 508
321 592
321 671
321 885
321 898
322 356
322 706
322 757
323 357
323 409
323 482
323 485
323 556
323 568
323 569
323 592
323 600
323 629
323 642
323 667
323 688
323 828
323 836
323 855
323 950
324 486
324 545
324 592
324 640
324 910
324 948
325 405
325 493
325 499
325 666
325 924
326 410
326 466
326 472
326 481
326 543
326 608
326 609
326 681
326 737
326 767
326 773
326 791
326 794
326 845
326 878
326 897
326 918
326 930
326 947
327 435
327 449
327 477
327 482
327 494
327 949
327 977
327 992
328 456
329 428
329 462
329 517
329 530
329 615
329 683
329 876
329 949
330 331
330 384
330 395
330 430
330 580
330 652
330 670
330 697
330 858
331 357
331 382
331 395
331 397
331 406
331 425
331 479
331 482
331 538
331 547
331 548
331 562
331 598
331 639
331 679
331 688
331 690
331 696
331 709
331 715
331 913
331 944
331 949
331 958
331 981
331 990
332 592
332 885
333 492
333 631
334 414
334 532
334 682
335 377
335 522
336 396
336 401
336 456
336 683
336 735
336 823
336 899
336 922
336 962
336 964
337 507
337 637
337 726
338 424
338 488
338 653
338 880
338 948
339 423
339 499
339 684
339 731
339 757
339 869
339 887
339 943
339 999
340 344
340 580
340 627
340 660
340 700
340 736
340 780
340 960
340 967
340 970
340 971
340 994
341 579
341 580
341 635
341 870
341 930
341 966
341 973
342 350
342 421
342 521
342 542
342 583
342 594
342 617
342 677
342 783
342 789
342 795
342 863
342 919
342 926
342 934
342 951
342 953
342 954
342 980
343 468
343 871
344 580
344 780
344 812
345 454
345 948
346 383
346 415
346 429
346 437
346 447
346 488
346 489
346 645
346 818
346 838
346 880
347 435
347 482
347 589
347 590
347 689
348 445
349 622
350 470
350 521
350 579
350 963
350 973
351 498
351 693
351 722
351 808
352 485
352 597
352 642
352 698
352 752
352 965
353 468
353 646
353 647
353 699
353 719
354 697
354 726
354 753
354 816
354 840
355 579
355 963
356 434
356 607
356 611
356 631
356 706
357 485
357 620
357 984
358 412
358 475
358 602
358 701
358 714
358 811
359 510
359 784
359 982
360 526
360 811
361 481
361 638
361 672
361 806
361 866
361 958
362 517
362 763
362 959
363 409
363 556
363 568
363 667
363 728
363 950
364 389
364 563
364 567
364 578
364 958
366 399
366 482
366 517
366 876
366 949
366 955
367 511
367 512
367 755
367 803
367 841
367 948
368 485
368 496
368 569
368 657
368 875
369 376
369 592
369 988
370 382
370 418
370 425
370 560
370 673
370 781
370 914
370 933
370 981
371 425
371 482
371 538
371 696
371 781
371 933
372 742
372 797
372 946
373 387
373 580
373 928
373 979
374 643
374 754
374 999
375 591
375 856
375 960
375 967
376 592
376 802
376 820
376 885
376 988
377 378
377 379
377 412
377 445
377 526
377 602
377 701
378 379
378 602
378 701
378 811
379 412
380 400
380 658
381 448
381 514
381 521
381 583
381 809
382 425
382 482
382 673
382 781
382 944
383 408
383 415
383 424
383 429
383 489
383 645
383 838
383 880
383 948
384 491
384 580
384 633
384 652
384 659
384 665
384 723
384 788
384 800
385 394
385 418
385 425
385 914
385 981
386 697
386 793
387 426
387 430
387 580
387 697
387 858
387 979
388 481
388 797
388 806
388 941
388 958
389 482
389 535
389 567
389 683
389 742
389 797
389 908
389 920
389 982
390 807
391 465
391 480
391 526
391 585
391 729
391 811
392 592
392 675
393 423
393 461
393 684
393 706
393 731
393 757
393 804
393 869
394 425
394 867
394 914
395 413
395 417
395 424
395 430
395 438
395 518
395 523
395 526
395 554
395 570
395 580
395 596
395 652
395 665
395 670
395 687
395 718
395 759
395 776
395 788
395 797
395 799
395 815
395 818
395 834
395 844
395 849
395 893
395 928
395 948
395 956
395 957
395 979
395 983
396 401
396 683
396 823
396 899
396 949
396 964
397 435
397 589
397 785
398 708
398 999
399 525
399 564
399 949
399 991
400 443
400 658
400 919
401 683
401 823
401 899
401 949
401 962
401 964
402 457
402 464
402 484
402 592
402 727
402 743
403 555
403 726
403 810
404 518
404 798
404 818
405 425
405 456
405 467
405 469
405 482
405 487
405 517
405 544
405 553
405 592
405 674
405 683
405 724
405 949
405 959
406 482
406 696
407 451
407 999
408 429
408 488
408 580
408 621
408 645
408 653
408 848
409 556
409 568
409 950
410 472
410 608
410 681
410 737
410 859
410 863
411 573
411 878
411 930
412 445
412 526
412 540
412 602
412 705
412 811
413 515
413 718
413 818
413 848
414 486
414 545
414 948
415 429
415 759
415 948
416 550
416 617
416 932
416 934
416 954
416 980
417 523
417 554
417 570
417 580
417 759
417 815
417 844
417 948
417 956
418 425
418 482
418 781
418 981
419 450
419 726
420 601
420 631
420 911
421 677
421 862
421 863
422 441
422 446
422 485
422 689
422 720
423 607
423 684
423 731
423 757
423 804
423 869
423 887
423 888
423 999
424 454
424 488
424 502
424 772
424 801
424 906
424 948
425 435
425 482
425 485
425 494
425 508
425 517
425 533
425 538
425 562
425 569
425 592
425 612
425 615
425 628
425 642
425 644
425 666
425 673
425 683
425 688
425 690
425 696
425 698
425 722
425 781
425 786
425 797
425 807
425 813
425 899
425 913
425 914
425 924
425 930
425 933
425 935
425 937
425 944
425 949
425 981
425 990
425 991
425 998
426 580
426 815
426 858
426 979
427 580
427 582
427 588
428 517
428 525
428 615
428 949
428 991
429 621
429 645
429 948
430 580
430 652
430 858
430 979
431 790
431 797
431 833
431 946
432 655
432 678
432 762
432 948
432 960
432 970
433 490
433 543
433 897
433 930
433 953
434 481
434 684
434 887
434 999
435 482
435 485
435 571
435 589
435 590
435 695
435 886
435 935
435 977
435 992
436 680
436 699
436 719
437 447
437 580
437 814
437 848
437 880
437 948
438 580
438 687
438 983
439 485
439 496
439 569
439 629
439 642
439 657
440 526
440 580
440 665
440 732
440 745
440 764
440 788
441 477
441 482
441 720
441 771
441 886
441 961
442 456
442 683
442 735
442 876
442 899
442 962
443 583
443 630
443 658
443 919
444 697
444 726
445 455
445 465
445 476
445 480
445 507
445 526
445 585
445 649
445 676
445 721
445 726
445 811
445 860
445 907
445 923
447 489
447 814
447 880
448 514
449 477
449 485
449 494
449 992
450 555
450 726
450 810
451 519
451 873
451 890
451 902
451 999
452 534
452 569
452 592
452 688
452 769
453 509
453 592
453 626
453 978
454 948
455 465
455 480
455 507
455 721
456 482
456 683
456 735
456 797
456 823
456 833
456 901
456 962
456 964
457 460
457 464
457 484
457 603
457 945
458 580
458 972
459 941
460 464
460 500
461 869
462 615
462 683
462 922
462 949
462 964
463 592
463 606
463 702
464 500
464 592
464 619
464 874
464 945
465 476
465 480
465 507
465 526
465 585
465 649
465 697
465 717
465 721
465 811
465 907
465 923
465 989
465 999
466 681
466 773
466 892
466 930
467 487
467 553
467 592
467 724
468 478
468 481
468 536
468 611
468 638
468 646
468 647
468 699
468 719
468 758
468 891
468 958
468 995
468 999
469 553
469 763
469 936
470 809
471 491
471 580
471 652
471 659
471 665
471 723
471 732
471 788
471 800
471 831
472 681
472 859
473 749
473 764
473 864
474 789
474 930
475 602
476 507
476 526
476 649
476 717
476 721
476 811
476 923
477 482
477 494
477 872
477 992
478 680
478 699
478 719
479 485
479 642
479 813
479 850
480 507
480 526
480 618
480 649
480 721
480 811
480 907
481 536
481 567
481 592
481 636
481 638
481 647
481 654
481 663
481 672
481 742
481 756
481 778
481 806
481 811
481 825
481 833
481 866
481 868
481 871
481 887
481 891
481 941
481 958
481 999
482 485
482 493
482 494
482 500
482 508
482 526
482 533
482 538
482 539
482 547
482 548
482 562
482 568
482 571
482 589
482 592
482 598
482 639
482 642
482 650
482 673
482 679
482 689
482 690
482 696
482 703
482 709
482 715
482 747
482 763
482 781
482 789
482 797
482 813
482 823
482 835
482 872
482 876
482 913
482 914
482 917
482 933
482 935
482 937
482 944
482 945
482 949
482 974
482 977
482 990
482 992
483 676
483 714
484 945
485 508
485 537
485 539
485 569
485 571
485 575
485 589
485 592
485 597
485 600
485 629
485 642
485 667
485 697
485 698
485 703
485 746
485 752
485 771
485 813
485 850
485 872
485 886
485 913
485 948
485 961
485 965
485 977
485 978
485 997
486 545
486 948
487 553
487 674
487 724
488 580
488 645
488 653
488 772
488 894
488 948
489 838
489 880
490 513
490 573
490 819
490 897
490 930
490 953
491 580
491 652
491 659
491 665
491 723
491 745
491 831
492 540
492 631
492 911
493 499
493 599
493 666
493 924
494 872
495 705
495 832
496 569
496 573
496 629
496 642
496 657
496 813
496 867
497 758
497 868
497 871
497 891
497 905
497 995
498 722
498 808
498 915
499 666
500 592
500 930
500 953
501 735
501 790
501 797
501 946
502 772
502 801
502 906
502 948
503 704
503 742
503 797
503 833
503 908
503 946
503 993
504 556
504 600
504 686
504 792
504 855
504 884
504 997
505 592
505 606
505 826
506 615
506 823
506 901
507 526
507 721
507 811
507 907
507 923
507 949
508 509
508 541
508 546
508 556
508 592
508 626
508 661
508 688
508 898
509 626
509 978
511 512
511 697
511 755
511 803
511 841
511 916
512 520
512 532
512 697
512 726
512 755
512 803
512 841
513 573
513 603
513 743
513 819
513 857
513 897
513 953
513 996
514 521
514 583
514 987
515 697
515 718
515 798
515 818
515 848
516 867
516 998
517 615
517 724
517 782
517 797
517 837
517 876
517 949
517 955
517 991
519 522
519 526
519 602
519 842
519 890
519 902
520 697
520 803
520 916
521 552
521 566
521 583
521 584
521 635
521 658
521 662
521 665
521 677
521 783
521 809
521 824
521 881
521 919
521 951
522 694
522 842
522 890
522 902
523 554
523 759
523 799
523 815
523 818
523 844
523 893
523 956
524 753
524 816
524 840
525 564
525 782
525 949
525 991
526 555
526 585
526 618
526 631
526 649
526 664
526 676
526 697
526 717
526 721
526 726
526 729
526 811
526 861
526 882
526 907
526 923
526 948
526 949
526 979
526 999
527 594
527 789
528 726
528 810
529 580
529 660
529 736
529 986
529 994
530 615
530 876
530 949
531 829
531 942
532 634
532 697
532 927
532 938
532 948
533 693
533 761
533 813
534 592
534 688
534 836
534 950
536 654
536 663
536 958
537 629
537 703
537 746
537 813
538 562
538 696
538 933
538 944
539 689
539 771
539 785
539 835
540 601
540 631
540 911
541 688
541 978
542 677
542 713
542 863
543 632
543 681
543 791
543 859
543 930
545 938
546 592
547 913
548 937
549 555
549 726
549 810
550 617
550 789
550 822
550 932
551 790
551 797
551 946
551 949
552 583
552 662
552 809
552 951
553 624
553 674
553 724
553 936
553 949
553 999
554 596
554 759
554 815
554 834
554 956
555 581
555 726
555 741
555 810
555 882
556 568
556 855
557 628
557 704
557 742
557 797
557 908
558 651
559 617
559 789
559 859
559 980
560 867
560 998
561 725
561 824
561 843
562 696
562 933
563 567
563 578
563 797
563 833
564 876
564 949
564 991
565 753
565 816
566 584
567 742
567 946
567 982
568 984
569 575
569 629
569 657
569 792
569 875
570 759
570 815
570 956
571 589
571 639
571 977
571 992
572 579
572 963
572 973
573 592
573 819
573 897
573 930
573 953
574 575
574 629
574 642
574 703
574 746
574 752
575 592
575 629
575 642
575 657
575 698
575 703
575 813
576 728
577 697
577 775
577 853
578 920
579 973
580 582
580 592
580 616
580 627
580 633
580 637
580 645
580 652
580 659
580 665
580 670
580 687
580 723
580 732
580 736
580 745
580 759
580 788
580 799
580 800
580 815
580 818
580 831
580 834
580 858
580 864
580 928
580 948
580 952
580 956
580 963
580 979
581 649
581 811
582 588
582 745
583 658
583 919
584 725
584 951
585 811
585 861
586 805
586 958
587 751
588 745
589 590
589 639
589 695
589 930
590 639
590 935
591 692
591 748
591 967
592 593
592 603
592 606
592 619
592 629
592 668
592 671
592 675
592 677
592 688
592 702
592 727
592 734
592 751
592 767
592 773
592 797
592 813
592 820
592 826
592 883
592 885
592 897
592 898
592 900
592 929
592 930
592 945
592 953
592 976
592 978
592 988
592 997
594 789
594 829
595 685
595 801
595 948
596 687
596 776
596 815
596 834
596 844
596 893
596 912
597 698
597 703
597 746
597 752
597 813
597 965
598 629
598 679
598 690
598 696
598 913
599 666
600 667
601 602
601 705
601 818
601 832
601 911
601 999
602 701
602 777
602 811
603 743
603 857
603 945
603 953
603 996
604 938
604 957
605 697
605 711
605 766
606 619
606 668
606 675
606 702
606 734
606 826
606 885
607 706
608 609
608 859
608 930
609 930
611 821
612 846
612 867
612 998
613 730
613 748
614 759
614 849
614 893
615 782
615 876
615 949
615 991
616 627
616 678
616 700
616 736
616 780
616 952
616 960
616 971
617 733
617 934
618 726
618 827
619 751
619 830
619 877
619 878
619 900
619 925
619 929
620 836
621 645
621 653
621 948
623 640
623 910
623 948
624 876
624 901
624 949
625 641
625 816
626 898
627 960
628 704
628 742
628 797
629 642
629 657
629 728
629 813
629 850
630 658
631 705
631 777
631 911
632 791
632 859
632 930
632 953
633 652
633 665
633 723
633 732
633 788
634 916
634 927
634 938
635 710
635 856
635 870
635 963
635 966
635 967
636 663
636 778
636 958
638 663
638 806
638 866
638 958
639 935
639 977
640 910
640 948
642 703
642 746
642 752
642 792
642 813
643 754
643 851
643 888
643 999
644 722
644 808
645 653
645 948
646 647
646 680
646 699
646 719
647 719
647 871
649 664
649 717
649 811
649 907
649 923
650 715
650 913
650 937
652 659
652 665
652 670
652 723
652 732
652 788
652 800
652 831
652 979
653 685
653 772
653 894
653 948
654 756
654 825
654 833
654 871
655 678
655 730
655 762
655 952
655 968
655 970
655 973
656 727
656 945
656 953
657 875
657 997
658 863
659 665
659 723
659 788
659 831
660 986
661 688
663 672
663 714
663 778
663 797
663 866
663 905
663 958
664 717
665 723
665 732
665 745
665 788
665 928
665 948
666 740
666 924
667 997
669 697
669 711
671 885
672 778
672 958
673 781
674 724
674 991
675 976
675 988
676 714
676 811
677 713
677 795
677 862
677 863
678 968
678 970
679 690
679 709
679 990
680 699
680 871
680 905
681 770
681 773
681 794
681 859
681 918
681 930
681 947
682 803
682 948
682 957
683 735
683 790
683 797
683 823
683 833
683 876
683 899
683 922
683 949
683 962
683 964
683 991
684 706
684 731
684 804
684 869
684 887
684 943
684 999
685 818
685 948
686 739
686 792
687 723
687 834
687 948
687 983
688 792
688 978
689 695
689 813
690 696
691 697
691 803
691 916
692 748
692 967
693 722
693 924
694 705
694 969
695 977
696 781
696 914
696 981
697 710
697 711
697 712
697 726
697 744
697 753
697 766
697 775
697 803
697 816
697 827
697 840
697 841
697 853
697 858
697 889
697 916
697 938
697 948
697 957
697 975
697 999
698 703
698 746
698 752
698 813
698 850
698 965
699 921
700 952
700 960
701 832
703 752
703 813
704 742
704 797
704 833
704 908
705 832
705 861
705 969
706 869
707 742
707 797
707 833
707 993
708 999
709 990
710 856
710 903
711 975
712 738
712 816
712 939
713 862
715 977
717 741
717 811
717 923
718 818
719 758
722 915
723 732
723 788
723 831
723 858
723 979
725 843
726 738
726 741
726 765
726 810
726 811
726 816
726 876
726 882
726 948
727 852
727 945
729 811
731 757
731 804
731 869
731 887
731 943
731 999
732 788
733 953
733 980
735 797
735 823
735 899
735 949
735 962
736 839
736 986
736 994
737 760
737 953
738 793
738 939
739 884
741 753
742 797
742 823
742 833
742 908
742 946
742 949
742 993
743 930
743 953
746 813
746 965
747 817
748 967
749 764
749 864
749 940
750 873
751 830
753 816
753 840
753 948
754 999
755 803
755 948
756 868
756 871
757 804
757 869
758 891
758 995
759 798
759 815
759 818
759 849
759 956
760 930
761 786
761 808
761 915
762 970
763 936
763 949
763 959
764 864
764 940
767 953
770 845
770 878
770 930
770 953
771 886
772 801
772 948
773 794
773 859
773 930
773 947
773 953
776 834
776 956
778 931
778 958
779 784
781 944
782 949
782 991
784 805
784 958
784 982
786 808
786 847
786 915
788 831
788 948
788 972
789 829
789 863
789 926
789 945
789 953
790 797
790 833
790 946
791 930
792 884
792 997
793 889
794 859
794 918
794 930
794 947
795 862
795 863
795 954
796 999
797 806
797 823
797 833
797 908
797 946
797 949
797 958
797 982
797 993
797 999
798 818
798 879
798 896
799 928
799 956
801 906
801 948
802 820
802 885
803 816
803 916
803 927
803 948
804 869
804 887
804 943
805 982
806 866
806 941
806 958
808 847
808 915
808 949
809 951
810 882
811 832
811 861
811 923
811 985
811 999
813 835
813 961
813 965
814 838
814 880
815 834
815 844
815 893
815 948
815 956
816 840
816 948
818 848
818 879
818 896
818 928
818 948
818 956
819 878
819 930
819 953
820 885
820 988
822 926
822 930
823 899
823 949
823 962
824 843
825 871
827 989
828 855
829 953
830 877
830 900
833 871
833 946
833 949
838 880
838 948
839 865
839 994
842 890
842 999
844 928
844 956
845 859
845 930
846 867
846 998
847 915
848 948
851 999
852 881
852 929
852 945
853 975
855 950
856 903
857 897
857 996
858 979
859 918
859 930
859 947
860 909
860 989
862 863
862 954
862 980
863 932
863 953
863 954
864 940
866 958
867 998
868 871
869 887
869 999
870 966
871 891
871 905
871 958
871 999
876 949
876 991
877 900
878 930
878 953
879 948
881 945
883 898
884 978
884 997
885 988
887 943
887 999
888 999
890 902
891 995
892 930
893 956
894 948
897 930
897 953
897 996
899 949
899 962
899 964
901 946
901 949
904 978
905 995
906 948
907 923
908 949
909 989
910 948
911 969
912 979
918 930
918 947
921 931
922 949
922 964
925 929
927 938
927 957
928 979
930 953
933 944
934 980
936 949
936 959
940 972
941 958
943 999
945 953
948 957
949 958
949 962
949 964
949 991
953 996
958 982
962 964
962 999
963 973
