0 184
0 305
0 664
0 680
0 901
0 913
1 9
1 24
1 241
1 349
1 372
1 406
1 469
1 721
1 790
1 974
2 129
2 349
2 479
2 558
2 609
2 699
2 803
2 804
3 109
3 179
3 409
3 433
3 436
3 456
3 465
3 803
3 980
4 365
4 408
4 554
5 95
5 123
5 179
5 223
5 267
5 395
5 402
5 415
5 493
5 587
5 589
5 673
5 688
5 753
5 812
6 66
6 110
6 114
6 123
6 150
6 223
6 259
6 290
6 298
6 320
6 429
6 471
6 472
6 486
6 534
6 649
6 702
6 747
6 929
6 965
7 138
7 181
7 236
7 267
7 383
7 487
7 547
7 865
7 882
7 989
8 32
8 89
8 181
8 261
8 305
8 402
8 717
8 802
8 867
8 983
9 96
9 349
9 648
9 705
9 873
9 925
10 245
10 523
10 612
10 991
10 994
12 32
12 126
12 183
12 274
12 368
12 420
12 436
12 467
12 508
12 547
12 573
12 721
12 909
12 953
13 159
13 244
13 332
13 373
13 383
13 435
13 528
13 817
13 957
14 141
14 198
14 265
14 383
14 411
14 429
14 494
14 528
14 592
14 737
14 812
14 888
14 947
15 108
15 185
15 281
15 415
15 641
15 877
16 17
16 47
16 285
16 558
16 648
16 960
17 183
17 235
17 588
17 907
17 950
18 78
18 175
18 316
18 351
18 379
18 512
18 545
19 56
19 163
19 173
19 216
19 321
19 406
19 422
19 429
19 464
19 471
19 511
19 642
19 688
19 730
19 750
19 895
19 947
20 722
20 757
20 772
20 872
20 918
20 961
21 25
21 31
21 109
21 119
21 179
21 180
21 255
21 281
21 282
21 308
21 335
21 400
21 425
21 479
21 531
21 539
21 541
21 550
21 569
21 573
21 647
21 670
21 673
21 680
21 702
21 726
21 740
21 759
21 768
21 783
21 944
21 975
21 982
21 985
21 987
21 991
22 129
22 547
22 589
22 984
23 179
23 383
23 833
24 372
25 400
25 951
25 998
26 72
26 123
26 154
26 164
26 276
26 320
26 487
26 509
26 657
26 755
26 965
27 34
27 320
27 343
27 358
27 431
27 611
27 699
27 984
27 988
28 259
28 301
28 525
28 982
29 30
29 40
29 179
29 239
29 326
29 429
29 693
29 707
29 820
29 925
30 71
30 781
30 958
30 992
31 102
31 166
31 201
31 208
31 400
31 466
31 471
31 500
31 525
31 691
31 733
31 763
31 771
31 822
31 883
31 904
32 33
32 64
32 77
32 95
32 104
32 106
32 156
32 197
32 231
32 289
32 320
32 405
32 406
32 409
32 413
32 486
32 535
32 540
32 630
32 720
32 721
32 867
32 884
32 923
33 66
33 609
33 977
34 467
35 97
35 479
35 734
35 888
36 206
36 228
36 305
36 436
36 438
36 510
36 514
36 584
36 619
36 688
36 847
37 270
37 401
37 444
37 449
37 732
37 741
37 816
38 96
38 112
38 167
38 324
38 349
38 698
38 719
38 816
38 956
39 54
39 159
39 165
39 353
39 368
39 372
39 435
39 916
39 920
39 956
40 76
40 113
40 383
40 581
40 585
41 137
41 663
41 688
41 823
42 161
42 287
42 346
42 428
42 721
42 826
42 916
42 946
43 46
43 121
43 435
43 634
43 660
43 696
43 716
43 842
44 194
44 375
44 519
45 168
45 213
45 270
45 304
45 617
45 662
45 837
45 982
46 96
46 131
46 446
46 665
46 784
47 51
47 94
47 215
47 804
47 901
47 955
48 266
48 270
48 418
48 471
48 473
48 549
48 617
48 929
48 944
49 209
49 226
49 298
49 395
49 857
50 51
50 593
51 57
51 154
51 164
51 170
51 179
51 215
51 228
51 285
51 293
51 298
51 338
51 365
51 431
51 446
51 460
51 507
51 525
51 551
51 609
51 763
51 770
51 783
51 784
51 828
51 877
51 946
51 956
51 992
52 63
52 96
52 192
52 268
52 294
52 517
52 574
52 644
52 662
52 821
52 944
53 106
53 656
54 57
54 66
54 93
54 183
54 270
54 289
54 320
54 444
54 457
54 479
54 544
54 545
54 604
54 742
54 802
54 830
54 866
54 878
54 900
54 929
54 947
54 978
55 66
55 113
55 123
55 185
55 254
55 274
55 313
55 382
55 554
55 563
55 610
55 647
55 750
55 758
55 927
55 934
55 980
56 76
56 143
56 183
56 374
56 395
56 406
56 453
56 617
56 637
56 639
56 774
56 892
57 474
57 533
57 878
57 949
58 96
58 344
58 606
58 732
59 79
59 175
59 455
60 95
60 281
60 290
60 302
60 472
60 541
60 567
60 811
60 866
61 98
61 149
61 353
61 740
61 742
61 806
61 898
62 95
62 101
62 198
63 118
63 373
63 448
63 543
63 658
63 906
64 483
64 531
64 594
64 691
64 955
65 92
65 132
65 366
65 519
65 565
65 676
65 879
65 928
66 154
66 183
66 270
66 274
66 369
66 455
66 582
66 609
66 612
66 624
66 637
66 676
66 725
66 783
66 786
66 813
66 964
67 237
67 259
67 529
67 556
67 837
67 919
68 75
68 758
68 914
69 132
69 217
69 228
69 458
69 532
69 566
69 637
69 699
69 709
69 866
69 927
69 933
69 938
69 949
69 976
71 77
71 78
71 490
71 563
71 877
71 927
72 190
72 338
72 556
72 572
72 774
73 171
73 179
73 547
73 579
73 639
73 742
73 777
74 260
74 265
74 525
74 632
74 685
74 722
74 746
74 784
74 925
74 970
75 77
75 102
75 170
75 179
75 227
75 232
75 269
75 290
75 324
75 330
75 373
75 424
75 468
75 587
75 716
75 727
75 748
75 784
75 811
75 816
75 827
75 944
75 945
76 143
76 214
76 283
76 309
76 420
76 467
76 704
76 743
76 810
77 83
77 179
77 369
77 412
77 456
77 524
77 567
77 572
77 647
77 837
77 875
77 906
77 992
78 351
78 438
78 573
78 992
79 179
79 296
79 887
80 217
80 383
80 691
80 692
80 786
80 885
81 224
81 307
81 472
81 555
81 586
81 721
82 143
82 164
82 572
82 630
82 727
82 852
82 886
83 332
83 405
83 845
84 260
84 263
84 277
84 372
84 804
84 828
85 349
85 383
85 498
85 558
85 631
85 665
85 806
85 870
85 917
86 205
86 257
86 457
86 471
86 528
86 790
86 963
87 120
87 123
87 249
87 373
87 410
87 563
88 151
88 212
88 547
88 551
88 571
88 610
88 680
88 727
88 775
88 917
88 972
88 981
89 139
89 338
89 344
89 375
89 409
89 420
89 528
89 537
89 630
89 666
89 712
89 765
89 780
89 880
89 910
89 964
90 146
90 227
90 367
90 471
90 494
90 516
90 545
90 692
90 752
90 875
90 913
90 969
91 109
91 170
91 175
91 422
91 776
91 992
92 99
92 170
92 305
92 329
92 451
92 646
93 545
93 936
94 650
95 136
95 178
95 179
95 200
95 266
95 275
95 292
95 295
95 372
95 379
95 425
95 546
95 566
95 574
95 581
95 586
95 617
95 624
95 667
95 697
95 701
95 724
95 728
95 738
95 739
95 765
95 801
95 816
95 890
95 908
95 914
95 924
95 929
95 959
95 993
96 118
96 120
96 163
96 170
96 173
96 226
96 228
96 229
96 254
96 291
96 316
96 332
96 362
96 367
96 383
96 396
96 420
96 427
96 546
96 689
96 741
96 784
96 806
96 811
96 815
96 855
96 866
96 917
96 924
96 947
96 967
97 101
97 378
97 479
97 666
97 904
97 969
98 154
98 231
98 408
98 422
98 816
98 912
99 165
99 248
99 327
99 410
99 489
99 687
99 721
99 854
99 897
99 929
99 939
100 113
100 554
100 563
100 600
100 754
101 139
101 201
101 203
101 444
101 479
101 493
101 526
101 603
101 609
101 622
101 643
101 702
101 730
101 944
102 118
102 230
102 349
103 144
103 253
103 292
103 294
103 392
103 412
103 486
103 581
103 629
103 688
103 782
103 914
103 967
104 234
104 306
104 322
104 492
104 730
104 835
105 181
105 375
105 418
105 428
105 439
105 460
105 528
105 568
105 801
105 874
106 150
106 170
106 214
106 240
106 305
106 320
106 392
106 538
106 618
106 685
106 703
106 704
106 732
106 791
106 842
106 857
106 877
106 883
106 889
106 908
106 992
107 413
107 478
107 557
107 753
107 877
107 890
107 929
107 944
108 438
108 442
108 479
108 685
108 722
108 751
109 400
109 448
109 897
110 319
110 348
110 482
110 619
110 794
110 951
110 992
111 265
111 547
111 732
111 768
111 877
111 928
111 992
112 177
112 193
112 308
112 316
112 360
112 849
112 894
112 914
113 235
113 280
113 299
113 321
113 402
113 486
113 533
113 542
113 584
113 663
113 727
113 784
113 789
113 879
113 944
113 947
114 183
114 383
114 413
114 524
114 593
114 632
114 738
114 867
115 467
115 611
115 738
115 893
115 971
115 989
116 155
116 493
116 706
116 834
116 958
116 991
117 344
117 702
118 313
118 383
118 544
118 612
119 513
119 540
119 631
119 834
119 897
120 530
120 638
120 718
120 797
120 865
120 906
121 201
122 125
122 176
122 190
122 236
122 474
122 528
122 800
123 124
123 178
123 186
123 191
123 204
123 230
123 305
123 365
123 399
123 435
123 486
123 523
123 545
123 554
123 613
123 687
123 712
123 722
123 726
123 760
123 765
123 812
123 814
123 822
123 829
123 890
123 901
123 904
123 946
123 947
125 172
125 199
125 200
125 361
125 401
125 438
125 803
126 193
126 513
126 700
126 705
127 215
127 246
127 601
127 742
127 846
128 272
128 320
128 351
128 360
128 597
128 729
128 828
128 877
129 400
129 922
129 991
130 208
130 435
130 526
130 571
130 608
130 619
130 816
130 871
130 989
131 276
131 531
132 179
132 183
132 242
132 528
132 589
132 886
133 148
133 305
133 601
133 663
133 773
134 339
134 471
134 665
134 995
135 179
135 330
135 467
135 481
135 774
135 890
136 228
136 597
136 727
136 843
137 230
137 511
137 545
137 584
137 833
138 172
138 365
138 459
138 470
138 510
138 609
138 614
138 760
138 951
139 349
139 409
139 601
139 671
140 143
140 471
140 499
140 551
140 596
140 730
140 743
140 756
140 763
140 811
140 816
140 834
141 300
141 301
141 390
141 785
141 817
141 929
142 326
142 372
142 383
142 436
142 619
142 630
142 789
142 843
143 213
143 320
143 546
143 549
143 600
143 633
143 663
143 738
143 794
143 877
143 901
143 903
143 925
144 292
144 383
144 609
144 731
144 784
144 842
144 876
144 969
145 512
145 708
145 763
146 821
146 877
147 282
147 310
147 345
147 450
147 594
147 806
147 897
147 992
148 394
148 401
148 726
148 750
149 423
149 435
149 464
149 658
150 589
150 924
150 944
150 982
151 217
151 305
151 365
151 479
151 553
151 804
152 398
152 934
153 154
153 168
153 179
153 233
153 929
153 933
153 941
153 946
154 188
154 443
154 508
154 529
154 594
154 732
154 952
156 367
156 410
156 534
157 196
157 538
157 545
157 579
157 588
157 650
157 812
157 866
158 309
158 574
158 645
158 958
159 734
160 193
160 409
160 547
160 564
160 600
160 620
161 179
161 327
161 753
161 849
161 944
162 349
162 435
162 445
162 538
162 735
162 812
162 819
162 877
162 891
162 969
163 509
163 584
163 644
163 833
164 224
164 418
164 530
164 877
164 884
164 950
165 392
165 732
166 247
166 425
166 583
166 784
166 911
167 176
167 203
167 746
167 779
167 877
167 894
167 999
168 305
168 718
168 779
168 801
168 969
168 981
169 466
169 945
170 228
170 268
170 291
170 298
170 394
170 431
170 491
170 553
170 671
170 755
170 761
170 768
170 784
170 803
170 816
170 919
170 944
170 948
170 991
171 240
171 267
171 494
171 527
171 553
172 305
172 332
172 662
172 795
173 238
173 523
173 598
173 600
173 609
173 706
173 742
173 906
173 914
174 323
174 391
174 424
174 459
174 559
174 664
174 706
174 891
175 513
175 547
175 679
175 684
175 867
175 875
175 889
175 937
175 978
176 235
176 727
176 833
176 944
177 272
177 315
177 471
177 580
177 752
177 938
178 609
178 680
178 766
178 770
178 796
178 833
179 187
179 214
179 215
179 221
179 239
179 265
179 270
179 274
179 276
179 287
179 288
179 295
179 296
179 305
179 308
179 315
179 337
179 338
179 354
179 373
179 388
179 398
179 406
179 439
179 471
179 479
179 491
179 532
179 541
179 545
179 547
179 551
179 559
179 564
179 580
179 610
179 624
179 635
179 636
179 651
179 654
179 660
179 661
179 664
179 693
179 712
179 715
179 746
179 751
179 754
179 770
179 774
179 776
179 779
179 784
179 787
179 804
179 806
179 813
179 858
179 871
179 877
179 916
179 926
179 933
179 955
179 956
179 963
179 969
179 970
179 981
179 992
180 201
180 244
180 260
180 793
181 470
181 713
182 325
182 346
182 420
182 816
182 958
183 185
183 214
183 276
183 278
183 290
183 304
183 305
183 349
183 372
183 383
183 390
183 405
183 425
183 501
183 505
183 517
183 530
183 550
183 556
183 590
183 688
183 693
183 702
183 712
183 783
183 819
183 904
183 929
184 201
184 317
184 413
184 567
185 197
185 249
185 320
185 497
185 545
185 572
185 573
185 595
185 693
185 743
185 956
185 963
186 228
186 274
186 282
186 297
186 351
186 460
186 466
186 545
186 554
186 593
186 614
186 623
186 688
186 699
186 703
186 742
186 762
186 784
186 856
186 901
186 909
186 931
186 943
186 996
187 230
187 299
187 305
187 373
187 394
187 547
187 695
187 727
187 732
187 819
187 877
187 981
188 238
188 373
188 428
188 846
189 260
189 290
189 305
189 332
189 629
189 897
190 323
190 336
190 373
190 742
190 854
191 391
191 981
192 579
192 689
192 846
192 900
193 228
193 244
193 259
193 300
193 313
193 431
193 471
193 619
193 673
193 742
193 801
193 842
193 879
193 897
193 903
193 931
193 991
194 373
194 616
194 815
194 818
194 836
195 308
195 350
195 692
195 694
195 901
196 435
196 637
196 687
196 878
196 903
196 910
196 927
197 391
197 572
197 781
197 846
197 849
197 934
197 963
198 721
199 274
199 511
199 538
200 227
200 320
200 360
200 509
200 778
200 888
200 968
200 978
200 984
201 274
201 382
201 589
201 669
201 792
201 899
201 915
201 960
201 982
202 766
202 789
202 991
203 220
203 274
203 332
203 362
203 479
203 524
203 559
203 679
203 680
203 772
203 862
203 992
204 256
204 265
204 328
204 386
204 522
204 637
204 853
205 315
205 349
205 428
205 576
205 745
206 223
206 754
206 805
206 856
206 875
206 961
207 277
207 368
207 555
207 594
207 658
207 774
207 878
207 897
207 983
208 309
208 383
209 435
209 503
209 572
209 629
209 929
209 974
209 979
210 429
210 435
210 625
210 685
210 806
210 955
211 272
211 496
211 547
211 852
211 897
211 926
211 949
212 245
212 293
212 470
212 525
212 608
212 698
212 731
212 732
212 780
212 853
212 890
212 897
212 991
213 250
213 372
213 471
213 502
213 635
213 738
213 796
213 970
214 222
214 294
214 311
214 316
214 334
214 407
214 460
214 466
214 471
214 547
214 567
214 679
214 833
214 947
214 948
214 995
215 372
215 732
215 773
215 833
215 967
216 257
216 265
216 402
216 493
216 512
216 539
216 757
216 784
216 806
216 938
217 231
217 270
217 301
217 309
217 321
217 349
217 383
217 481
217 545
218 372
218 999
219 308
219 661
219 686
219 730
219 845
219 982
220 223
220 242
220 323
220 366
220 394
220 803
220 843
220 963
221 331
221 515
221 545
221 630
221 727
221 761
221 883
222 260
222 277
222 442
222 458
222 471
222 567
222 797
222 805
223 274
223 323
223 383
223 447
223 547
223 612
223 666
223 667
223 713
223 801
223 855
223 875
224 928
225 318
225 545
225 547
225 609
225 686
225 791
226 617
226 811
227 335
227 355
227 408
227 435
227 693
228 229
228 272
228 276
228 292
228 303
228 354
228 372
228 383
228 496
228 660
228 705
228 771
228 773
228 801
228 805
228 841
228 866
228 901
228 944
229 388
229 731
229 793
229 889
230 323
230 375
230 439
230 529
230 612
230 846
230 879
230 927
231 419
231 631
231 833
231 993
232 326
232 408
232 584
232 665
232 675
232 867
232 942
232 984
233 366
233 585
233 992
234 305
234 593
234 712
234 783
235 545
235 555
235 807
235 816
235 890
236 384
236 456
236 530
236 633
236 636
236 707
236 718
236 823
236 837
236 854
236 988
237 320
237 771
237 817
237 908
238 324
238 362
238 621
238 914
239 542
239 573
239 673
239 694
239 859
240 423
240 446
240 455
240 634
241 298
241 555
241 898
241 982
242 383
242 408
242 412
242 600
243 323
243 332
243 479
243 493
243 702
243 953
244 283
244 560
244 661
244 707
244 948
244 979
245 257
245 372
245 395
245 462
245 578
245 583
245 609
245 937
246 337
246 892
246 984
247 281
247 613
247 708
247 738
247 764
247 909
248 435
248 551
248 576
248 612
248 615
248 840
248 898
249 270
249 415
249 573
249 743
249 821
249 848
249 921
249 947
249 992
250 425
250 610
250 833
250 982
251 411
251 413
251 442
251 445
251 504
251 765
251 963
252 301
252 471
252 514
252 532
252 554
252 559
252 805
252 822
253 294
253 637
253 663
253 806
253 807
253 866
253 867
253 925
253 929
254 407
254 435
254 721
254 763
254 836
254 890
254 936
254 991
255 265
255 541
255 652
255 722
255 735
255 947
256 540
256 625
256 725
256 774
256 982
257 261
257 397
257 415
257 501
257 586
258 370
258 572
258 596
258 929
258 949
259 340
259 375
259 428
259 440
259 452
259 662
259 705
259 742
259 768
259 791
259 866
259 898
259 958
259 993
260 274
260 439
260 467
260 506
260 549
260 555
260 570
260 705
260 836
260 925
260 974
260 982
261 306
261 545
261 619
261 669
261 727
261 931
261 934
261 982
262 769
262 908
262 988
263 351
264 440
264 529
264 565
264 584
264 820
264 955
265 351
265 462
265 591
265 877
266 291
266 326
266 372
266 383
266 512
266 525
266 527
266 558
266 582
266 638
266 646
266 696
266 757
266 760
266 774
266 804
266 821
266 879
266 897
266 904
266 914
266 947
267 286
267 541
267 568
267 813
267 833
268 584
268 805
268 991
269 270
269 324
269 619
269 725
269 759
269 941
270 292
270 312
270 358
270 396
270 408
270 435
270 446
270 471
270 510
270 519
270 554
270 570
270 572
270 603
270 609
270 646
270 663
270 701
270 704
270 721
270 738
270 741
270 765
270 792
270 793
270 823
270 825
270 837
270 851
270 907
270 937
270 944
270 981
270 989
270 993
271 323
271 669
271 833
271 867
271 918
271 933
272 331
272 925
273 409
273 413
273 502
273 725
273 823
274 287
274 288
274 375
274 435
274 456
274 479
274 486
274 492
274 514
274 528
274 545
274 551
274 567
274 593
274 600
274 612
274 648
274 679
274 713
274 790
274 842
274 845
274 850
274 920
274 921
274 944
274 950
274 955
274 962
274 970
274 981
274 982
274 994
275 370
275 373
275 529
275 897
275 939
276 308
276 351
276 373
276 435
276 479
276 501
276 601
276 803
276 826
276 885
276 943
276 944
277 600
277 741
277 838
278 279
278 284
278 381
278 717
278 784
278 897
279 283
279 392
279 537
279 542
279 548
279 609
279 887
279 929
279 950
279 981
280 285
280 323
280 434
280 546
280 695
280 832
280 959
280 991
281 619
282 297
282 305
282 390
282 618
282 629
282 758
282 932
282 949
282 983
283 355
283 534
283 742
284 784
285 706
285 806
285 979
285 984
286 320
286 337
286 508
286 532
286 541
286 545
286 670
286 702
286 877
286 940
287 305
287 418
287 479
287 572
287 783
287 866
287 897
287 929
287 979
288 435
288 486
288 566
288 805
288 842
289 407
289 435
289 614
290 320
290 409
290 479
290 709
290 947
290 950
290 982
291 525
291 582
291 830
291 951
292 301
292 377
292 401
292 660
292 771
292 845
292 879
292 971
292 984
293 306
293 394
293 408
293 428
293 471
293 515
293 535
293 545
293 547
293 562
293 612
293 712
294 307
294 687
294 770
294 945
295 459
295 606
295 843
295 929
296 307
296 479
296 581
296 648
296 783
296 897
296 947
296 989
297 545
297 561
297 568
297 678
297 808
297 813
298 410
298 428
298 981
299 343
299 609
299 658
299 770
300 301
300 547
300 604
300 634
300 774
300 850
301 332
301 365
301 408
301 431
301 453
301 550
301 555
301 609
301 633
301 660
301 693
301 784
301 825
301 840
301 846
301 865
301 866
301 877
301 887
301 969
302 404
302 474
302 533
302 570
302 640
302 897
302 900
302 939
302 950
303 340
303 519
303 783
303 934
304 612
304 714
304 738
304 744
304 802
304 816
304 833
305 322
305 332
305 336
305 360
305 375
305 479
305 497
305 501
305 525
305 534
305 537
305 548
305 554
305 557
305 647
305 704
305 781
305 803
305 842
305 849
305 894
305 905
305 917
305 929
306 317
306 519
306 696
306 706
306 745
306 849
306 877
306 937
306 946
306 951
307 380
307 554
307 593
307 845
307 947
308 349
308 375
308 484
308 535
308 590
308 602
308 638
308 640
308 736
308 758
308 800
308 851
308 867
308 927
308 946
308 991
309 465
309 762
309 770
309 953
310 545
310 731
310 901
311 455
311 650
311 759
312 690
313 429
313 501
313 575
313 833
313 862
313 897
314 510
314 892
315 363
315 435
315 475
315 527
315 547
315 567
315 649
315 696
315 713
315 877
315 891
315 977
315 981
316 330
316 419
316 610
316 694
316 761
316 810
316 811
316 833
316 845
316 866
316 879
316 897
316 983
318 348
318 504
319 452
319 479
319 509
319 510
319 572
319 579
319 754
319 933
319 959
319 969
319 988
320 370
320 439
320 517
320 527
320 602
320 629
320 702
320 709
320 724
320 784
320 809
320 869
320 923
320 926
320 932
320 969
321 572
321 752
321 842
322 350
322 435
322 825
323 325
323 434
323 505
323 525
323 526
323 549
323 648
323 742
323 756
323 779
323 856
323 912
323 917
323 929
323 938
324 332
324 366
324 407
324 612
324 679
324 780
324 843
324 960
324 979
325 603
325 986
326 373
326 539
326 742
326 836
326 878
326 900
327 669
327 701
327 718
327 773
327 927
327 947
328 609
328 641
328 986
328 991
329 341
329 351
329 409
329 784
329 866
330 439
330 479
330 551
330 698
330 829
330 893
330 970
330 976
330 991
330 992
331 452
331 543
331 712
331 760
331 783
332 383
332 418
332 496
332 528
332 538
332 547
332 578
332 722
332 746
332 804
332 808
332 846
332 908
332 926
332 929
333 443
335 345
335 410
335 489
335 583
335 663
335 817
336 444
336 608
336 906
336 919
337 394
337 413
337 519
337 648
337 715
337 725
337 740
337 783
337 796
337 803
337 897
337 933
337 969
337 982
338 353
338 554
338 566
338 568
338 604
338 609
338 916
338 927
338 929
339 399
339 547
339 574
339 779
340 372
340 558
340 654
340 814
340 833
340 877
340 884
340 936
341 343
341 439
341 545
341 600
341 879
341 897
341 947
342 417
343 498
343 574
343 789
343 877
344 373
344 445
344 465
344 501
344 568
344 628
344 705
344 788
344 834
344 958
345 833
346 372
346 545
346 669
346 931
346 947
347 907
348 450
348 783
348 893
349 377
349 383
349 398
349 483
349 501
349 529
349 533
349 551
349 553
349 554
349 569
349 612
349 617
349 667
349 700
349 715
349 748
349 749
349 759
349 791
349 817
349 819
349 897
349 916
349 944
349 984
350 383
350 532
350 544
350 665
350 742
350 776
350 840
350 850
350 889
350 892
351 424
351 688
351 708
351 779
351 782
351 907
351 927
351 984
352 551
352 695
352 758
352 879
353 473
353 554
353 609
353 725
353 794
353 934
353 940
353 961
353 977
354 471
354 583
356 673
356 904
356 939
356 961
356 990
357 833
357 842
357 877
357 921
358 426
358 610
358 619
359 713
360 949
361 460
361 555
361 770
362 528
362 825
363 572
363 573
363 878
364 371
364 762
364 866
365 448
365 467
365 479
365 486
365 659
365 706
365 786
365 802
365 808
365 867
365 897
366 545
366 593
367 545
367 612
367 986
368 449
368 493
368 530
368 572
368 750
368 877
368 909
368 933
368 963
368 964
368 970
369 391
369 511
370 477
370 602
370 686
370 866
370 950
370 963
371 541
371 568
371 736
372 383
372 393
372 479
372 511
372 558
372 574
372 590
372 877
372 889
372 946
372 977
372 978
372 984
373 381
373 407
373 417
373 424
373 450
373 454
373 464
373 467
373 483
373 507
373 594
373 612
373 629
373 633
373 644
373 684
373 741
373 743
373 762
373 768
373 789
373 806
373 807
373 836
373 875
373 941
373 946
373 955
373 958
373 963
373 994
374 681
374 938
375 481
375 502
375 617
375 698
375 729
375 774
375 807
375 810
375 970
376 763
376 770
376 869
377 429
377 713
378 460
378 516
378 623
378 845
378 874
378 969
379 743
380 383
380 471
380 515
380 545
380 568
380 612
380 663
380 806
380 837
381 831
381 880
381 978
382 423
382 574
382 636
383 400
383 422
383 467
383 481
383 505
383 507
383 524
383 546
383 547
383 554
383 560
383 566
383 590
383 600
383 614
383 618
383 619
383 646
383 705
383 772
383 774
383 784
383 802
383 811
383 823
383 833
383 875
383 898
383 902
383 904
383 929
383 950
383 951
383 959
383 966
383 980
383 983
383 984
383 991
383 992
383 994
384 413
385 635
385 802
385 823
385 992
386 411
386 487
386 524
386 555
386 655
386 667
386 881
386 936
386 991
387 774
387 993
388 623
388 897
389 515
390 732
391 464
391 538
391 658
391 663
391 705
391 783
391 811
391 816
391 975
392 667
392 740
392 743
392 767
392 788
392 969
393 482
393 526
393 565
393 581
393 651
393 693
393 851
394 488
394 526
394 627
394 728
394 816
394 820
395 419
395 552
395 584
395 607
395 669
395 732
395 793
396 435
396 955
396 981
396 991
397 417
397 659
397 718
397 812
397 861
397 887
398 600
398 877
398 951
398 985
399 572
399 690
400 551
400 607
400 773
400 851
400 897
400 912
400 916
400 995
401 644
401 732
402 431
402 712
402 742
402 866
404 551
404 845
404 935
405 529
405 536
405 705
405 775
405 800
405 940
406 612
406 874
406 955
407 486
407 581
408 465
408 513
408 616
408 651
408 666
408 831
408 963
409 429
409 548
409 568
409 629
409 810
409 818
409 919
409 993
410 564
410 601
410 684
410 702
410 703
410 712
410 713
410 816
411 418
411 702
412 448
412 496
412 541
412 637
412 697
412 803
412 937
413 471
413 475
413 492
413 530
413 606
413 683
413 715
413 882
413 961
414 428
414 550
414 690
414 890
415 466
415 541
415 561
415 602
415 980
416 744
416 922
416 947
417 451
417 806
417 873
417 984
418 523
418 551
418 802
418 975
419 467
419 479
419 603
419 712
419 714
419 825
419 837
419 842
419 959
419 967
419 980
420 439
420 503
420 537
420 609
420 771
420 906
420 984
421 460
421 568
421 803
421 833
421 922
422 525
422 584
422 834
422 949
423 479
423 589
423 654
423 821
423 988
424 452
424 581
424 683
424 698
424 742
424 810
424 833
424 877
425 624
425 702
425 984
426 528
426 866
426 897
427 534
427 576
427 802
427 848
428 532
428 567
428 579
428 596
428 641
428 647
428 706
428 776
428 805
428 811
428 830
428 843
428 917
428 984
429 545
429 551
429 639
429 710
429 867
429 896
429 897
430 554
430 919
430 936
431 442
431 541
431 554
431 558
431 772
431 791
431 877
431 900
432 837
433 790
433 899
435 460
435 500
435 528
435 547
435 558
435 572
435 605
435 648
435 668
435 721
435 738
435 740
435 784
435 789
435 846
435 849
435 879
435 890
435 895
435 961
435 979
435 996
436 501
436 609
436 784
436 811
436 812
436 914
437 544
437 774
437 909
438 611
438 703
438 774
439 521
439 547
439 944
440 568
440 648
440 690
440 732
440 800
440 847
441 671
441 811
442 569
442 584
442 611
442 897
443 472
443 840
443 908
443 936
444 479
444 842
444 937
445 558
445 823
445 897
446 470
446 493
446 553
446 753
446 790
446 813
446 825
446 855
447 530
447 605
447 718
447 839
448 591
448 644
448 871
448 904
448 905
449 471
449 539
449 563
449 675
449 772
449 997
450 477
450 572
451 505
451 511
451 729
451 763
451 933
452 470
452 588
452 722
452 774
452 963
453 571
453 603
453 686
453 719
454 752
455 460
455 547
455 776
455 866
456 486
456 742
456 757
457 460
457 551
457 591
457 706
457 877
457 981
458 585
458 587
458 634
458 718
458 877
458 880
458 965
458 988
459 554
459 716
459 948
460 473
460 542
460 544
460 639
460 660
460 670
460 720
460 746
460 777
460 823
460 863
460 936
460 969
460 994
461 479
461 619
461 658
461 674
461 878
461 890
462 555
462 627
462 723
462 795
462 932
462 947
462 991
463 816
463 909
463 972
463 981
464 708
464 718
464 732
464 966
465 467
465 503
465 572
465 702
465 828
465 991
466 689
466 742
466 783
466 793
466 970
466 979
467 468
467 471
467 482
467 504
467 540
467 594
467 598
467 662
467 712
467 754
467 778
467 810
468 501
468 626
468 875
468 914
468 918
468 962
469 547
469 684
469 808
469 876
469 897
469 953
470 859
470 994
471 474
471 492
471 499
471 505
471 510
471 517
471 540
471 551
471 639
471 641
471 642
471 651
471 669
471 680
471 742
471 784
471 808
471 813
471 854
471 858
471 859
471 869
471 873
471 879
471 885
471 886
471 904
471 914
471 917
471 961
471 983
472 541
472 545
472 573
472 617
472 719
472 784
472 817
472 851
472 870
473 649
473 676
474 697
474 739
474 814
474 831
474 996
475 551
475 601
475 727
475 758
475 776
475 868
475 886
475 897
475 929
475 970
476 544
476 572
477 837
477 851
478 491
478 547
478 555
478 579
478 849
479 485
479 538
479 548
479 551
479 564
479 572
479 619
479 680
479 688
479 692
479 768
479 804
479 817
479 825
479 868
479 901
479 908
479 947
479 960
479 981
479 992
480 793
480 800
480 903
481 531
481 713
481 994
482 548
482 560
482 609
482 730
483 811
483 869
483 937
483 938
484 548
484 700
485 547
485 612
485 809
485 997
486 587
486 605
486 786
486 969
487 512
487 732
487 845
487 908
488 772
489 547
489 561
489 976
490 583
490 684
490 946
491 768
491 803
492 534
492 650
492 743
492 917
492 976
493 573
493 612
493 705
493 726
493 732
494 554
494 578
494 817
494 981
495 541
495 747
495 804
495 965
497 748
497 759
499 527
499 551
499 685
499 705
499 877
499 916
500 544
500 627
500 753
500 878
501 547
501 619
501 891
501 901
501 911
502 606
502 609
502 970
503 529
503 556
503 733
503 736
503 911
504 816
504 858
505 801
506 763
506 948
507 751
507 834
508 743
508 825
508 845
508 938
509 562
509 682
509 792
509 800
509 819
509 991
510 556
510 600
510 643
510 732
510 751
510 893
511 558
511 751
511 771
511 826
512 574
512 630
512 708
512 770
512 809
512 891
512 945
512 971
513 530
513 950
514 955
515 583
515 870
516 708
516 758
517 761
517 964
518 529
519 572
519 733
519 778
519 910
519 916
519 947
520 568
520 767
520 824
521 545
521 666
521 863
521 877
521 982
522 830
523 553
523 611
523 644
523 750
523 974
524 530
524 600
524 602
524 712
524 764
524 801
524 932
524 987
525 594
525 644
525 716
525 833
525 843
525 903
525 929
525 969
526 897
527 732
527 774
527 855
527 897
527 914
527 944
527 980
528 536
528 545
528 551
528 639
528 662
528 663
528 664
528 667
528 727
528 745
528 771
528 784
528 833
528 835
528 837
529 784
529 792
529 822
529 884
530 572
530 585
530 752
530 840
530 877
530 963
530 966
530 983
530 988
531 605
531 660
531 800
531 885
531 936
532 709
532 998
533 571
533 793
534 868
534 977
534 999
535 566
535 589
535 601
535 692
535 802
535 836
535 895
535 943
536 550
536 552
536 713
536 720
536 735
536 758
536 902
537 728
537 808
537 977
538 676
538 762
538 788
538 806
538 889
538 927
539 702
540 603
540 707
540 816
540 833
540 898
540 931
540 950
540 969
541 584
541 841
541 866
541 867
541 877
541 886
541 889
541 908
541 914
541 930
541 952
541 988
542 608
542 791
542 963
543 631
543 739
544 640
544 679
544 739
544 834
544 842
544 879
544 892
544 895
545 554
545 580
545 595
545 599
545 658
545 663
545 666
545 736
545 754
545 776
545 797
545 802
545 825
545 828
545 836
545 841
545 866
545 884
545 891
545 936
545 950
545 952
545 956
545 991
546 772
546 882
547 553
547 557
547 558
547 559
547 567
547 582
547 641
547 642
547 645
547 658
547 660
547 662
547 663
547 679
547 685
547 692
547 696
547 702
547 720
547 724
547 729
547 758
547 766
547 775
547 787
547 803
547 806
547 848
547 871
547 877
547 897
547 916
547 929
547 933
547 936
547 944
547 978
547 988
547 997
548 587
548 613
548 818
548 940
549 754
550 827
550 972
551 579
551 601
551 646
551 699
551 721
551 732
551 756
551 805
551 813
551 833
551 834
551 854
551 908
551 909
551 958
551 960
551 980
551 991
552 779
552 953
553 566
553 576
553 791
554 584
554 744
554 870
554 949
554 975
555 644
555 760
555 769
555 786
555 816
555 877
555 947
555 975
556 609
556 742
556 783
556 914
557 658
557 774
557 886
558 721
558 823
560 663
560 982
562 928
563 806
563 863
563 877
563 928
563 984
564 605
564 663
564 685
565 590
565 897
565 945
566 584
566 600
566 707
566 789
566 917
567 668
567 779
567 895
567 984
568 579
568 584
568 587
568 648
568 776
568 803
568 833
568 912
568 977
568 996
569 881
569 897
569 905
571 658
571 823
571 865
571 944
572 583
572 591
572 610
572 659
572 667
572 683
572 712
572 720
572 769
572 776
572 781
572 833
572 834
572 859
572 865
572 894
572 927
572 964
572 989
573 688
573 786
573 802
573 879
573 894
573 906
573 957
574 811
574 999
576 631
577 842
577 895
578 981
579 583
579 806
579 833
579 865
579 954
580 617
580 824
580 953
582 594
582 643
582 805
582 991
583 956
584 609
584 636
584 716
584 740
584 808
584 811
584 877
584 897
584 914
584 915
584 933
584 979
584 984
584 992
585 750
585 800
585 970
586 632
586 701
586 717
586 760
586 777
586 992
587 589
587 616
587 677
587 687
587 800
587 854
587 895
587 917
587 929
588 654
588 981
589 593
589 770
591 706
592 621
593 658
593 836
593 848
593 871
594 806
594 856
595 601
595 817
595 907
596 952
596 980
597 687
597 701
597 733
599 605
599 664
599 687
600 629
600 731
600 745
600 778
600 799
600 842
600 963
601 616
601 663
601 712
601 774
601 877
602 622
602 747
602 750
603 768
603 884
603 897
604 846
604 853
604 946
605 843
605 946
605 994
606 725
606 747
607 716
607 747
607 945
608 708
608 732
608 783
608 941
608 971
609 612
609 621
609 654
609 664
609 685
609 686
609 702
609 727
609 742
609 758
609 781
609 784
609 826
609 854
609 863
609 871
609 998
610 773
611 617
611 943
612 744
612 811
612 892
612 941
613 783
613 892
614 663
614 690
614 725
614 916
614 927
614 930
615 735
615 972
617 664
617 738
617 762
617 800
617 808
617 830
617 877
617 963
617 984
619 728
619 959
620 978
621 891
621 909
621 961
622 823
623 842
624 807
624 903
625 629
625 794
625 980
626 751
626 757
626 784
626 806
627 732
627 734
627 738
628 809
628 882
629 642
629 861
629 884
629 929
632 690
632 830
632 833
632 903
632 908
632 929
632 972
632 999
633 685
633 803
633 826
633 922
634 861
634 992
635 804
635 981
636 755
636 832
636 851
637 647
637 648
637 657
637 658
637 714
637 749
637 754
637 807
637 939
637 984
637 995
639 821
640 746
641 745
641 877
642 872
643 791
644 825
644 831
644 833
645 757
645 897
647 877
648 680
648 707
648 736
648 784
648 822
648 836
648 843
648 895
648 908
648 940
648 944
648 962
648 977
649 738
649 851
649 944
650 733
650 876
651 781
651 784
652 745
652 956
653 671
653 801
654 805
655 804
655 914
655 994
656 947
656 981
656 990
657 972
658 659
658 679
658 742
658 766
658 784
658 848
658 897
658 921
658 927
659 947
660 706
660 718
660 774
660 793
660 868
660 882
660 900
660 909
660 914
660 982
661 908
661 986
662 728
662 859
662 973
663 671
663 689
663 745
663 798
663 842
663 857
663 875
663 911
663 963
664 666
664 701
664 877
664 878
665 732
665 789
666 732
667 829
667 913
667 991
667 994
668 740
668 774
669 724
669 796
669 956
670 914
671 804
671 897
671 996
672 709
672 783
672 784
672 885
672 958
673 721
673 775
674 762
674 917
675 919
676 714
676 775
677 901
678 816
678 867
679 806
679 970
679 992
680 726
680 877
680 888
680 920
681 837
682 727
682 866
683 694
683 888
684 805
684 984
685 807
685 982
686 944
687 947
687 954
688 842
690 825
690 836
690 865
690 891
691 784
691 906
691 958
692 877
692 897
692 992
694 732
694 800
695 732
696 886
696 897
696 969
697 861
698 914
698 956
699 807
699 839
700 784
700 842
700 950
700 954
700 980
701 728
701 956
701 983
702 741
702 759
702 794
702 897
702 952
703 805
703 974
704 758
704 897
705 878
705 911
705 982
706 774
706 861
706 866
706 889
706 890
707 797
708 804
709 817
710 761
711 991
712 897
712 920
712 921
712 963
713 746
713 905
713 963
715 861
717 877
717 975
718 788
718 828
718 964
719 783
719 953
720 833
720 877
720 917
720 988
721 724
721 783
721 878
721 892
721 985
722 754
724 866
725 741
725 799
725 927
726 806
726 966
727 737
727 774
727 784
727 886
727 958
729 825
729 895
730 863
730 979
731 745
731 806
731 807
731 823
731 944
731 985
732 742
732 767
732 809
732 812
732 825
732 877
732 902
732 922
732 982
733 802
733 892
734 862
734 940
736 906
736 923
736 947
736 984
737 779
737 837
737 921
738 742
738 784
738 831
739 877
739 996
740 976
741 784
741 800
741 804
741 808
741 914
741 916
742 774
742 782
742 784
742 786
742 806
742 816
742 840
742 867
742 878
742 897
742 949
742 955
742 958
742 969
743 938
743 943
743 948
744 833
745 901
745 986
746 879
746 967
748 955
749 830
750 760
750 908
751 770
753 840
753 889
754 783
754 885
754 955
755 870
756 803
756 947
756 949
756 966
756 969
756 981
756 995
757 770
758 845
758 897
758 981
759 846
760 897
761 842
762 956
762 993
763 833
763 866
764 970
765 799
766 851
766 891
766 992
768 790
768 816
768 846
768 949
769 921
769 976
770 914
770 925
771 944
772 877
772 970
772 979
773 806
773 843
773 892
773 936
774 834
774 949
774 963
774 981
775 835
775 846
775 969
776 784
776 788
776 840
776 876
776 949
777 782
777 877
777 926
777 933
778 994
779 815
779 846
779 878
779 985
781 948
781 969
781 986
783 904
783 944
783 946
783 951
784 816
784 819
784 822
784 834
784 848
784 856
784 877
784 902
784 908
784 927
784 944
784 949
784 976
784 985
784 995
785 888
785 929
786 798
786 838
786 843
786 890
787 833
787 891
787 962
787 977
788 914
790 928
791 847
791 912
791 970
797 963
798 981
801 883
801 936
802 806
802 906
802 949
802 972
802 982
802 986
802 989
802 993
803 852
803 929
803 933
803 950
803 961
804 817
804 938
804 979
804 988
806 809
806 813
806 846
806 877
806 947
806 966
806 981
807 936
808 880
809 883
809 952
810 944
811 833
811 836
811 895
811 897
813 998
814 816
814 982
815 963
816 866
816 867
816 917
816 918
816 949
817 955
817 969
817 982
818 833
819 998
820 833
820 834
820 915
821 864
822 909
822 922
822 944
822 979
824 837
825 938
826 832
826 931
827 892
828 835
829 926
830 848
830 929
830 974
833 843
833 897
833 949
833 953
833 991
837 942
837 945
838 930
839 866
839 944
839 969
840 869
840 996
841 856
842 910
842 979
843 986
846 886
846 985
847 880
847 917
848 911
848 952
851 896
852 994
854 908
854 914
855 881
856 997
857 890
858 869
858 929
861 903
861 926
861 996
863 951
865 877
865 880
865 884
865 885
865 897
866 867
866 877
866 890
866 905
866 914
866 955
866 981
867 877
867 955
867 999
868 871
869 894
871 893
871 929
873 914
875 885
875 919
875 980
877 895
877 897
877 929
877 939
877 944
877 950
877 953
877 972
877 978
877 979
877 980
877 994
878 957
878 982
879 937
879 984
881 968
883 888
883 962
883 981
890 953
891 963
893 981
895 897
897 902
898 999
899 963
899 969
902 910
903 983
907 947
908 951
908 960
908 963
909 927
909 975
909 979
911 917
911 980
912 929
914 929
914 953
915 917
915 969
917 935
917 936
917 974
919 992
921 927
923 958
926 930
926 998
927 937
927 944
927 977
929 969
929 980
929 981
933 962
936 963
943 995
944 950
945 981
946 950
947 998
949 963
949 975
951 989
954 964
954 974
955 958
958 992
970 992
981 988
983 984
