0 50
0 65
0 67
0 102
0 166
0 169
0 175
0 187
0 188
0 204
0 211
0 225
0 301
0 312
0 386
0 441
0 458
0 463
0 466
0 506
0 550
0 557
0 629
0 631
0 719
0 734
0 773
0 776
0 810
0 832
0 866
0 874
0 909
0 933
0 955
0 958
1 41
1 287
1 362
1 365
1 493
1 521
1 655
1 764
1 859
1 936
1 996
2 73
2 136
2 178
2 297
2 396
2 452
2 823
2 880
2 993
3 120
3 136
3 157
3 187
3 205
3 217
3 260
3 309
3 316
3 341
3 344
3 378
3 438
3 474
3 567
3 583
3 650
3 793
3 797
3 808
3 823
3 855
3 858
3 895
3 903
3 941
3 995
4 36
4 45
4 57
4 71
4 90
4 469
5 66
5 172
5 200
5 292
5 309
5 504
5 525
5 573
5 678
5 687
5 695
5 723
5 823
5 881
5 917
5 944
6 382
6 741
6 756
6 848
6 901
7 390
7 823
7 952
8 13
8 32
8 62
8 120
8 255
8 272
8 382
8 680
8 756
8 986
9 177
9 187
9 210
9 278
9 377
9 823
10 268
10 517
10 524
10 531
10 827
10 901
10 987
11 222
11 520
11 583
12 59
12 77
12 93
12 145
12 243
12 247
12 258
12 265
12 291
12 356
12 397
12 483
12 500
12 508
12 539
12 564
12 717
12 734
12 836
12 980
13 37
13 91
13 255
13 718
13 756
14 104
14 303
14 313
14 935
15 42
15 155
15 175
15 223
15 386
15 506
15 546
15 577
15 810
15 866
15 970
16 103
16 238
16 748
16 794
16 892
16 895
16 900
17 576
17 859
17 882
17 979
17 989
18 107
18 287
18 554
18 655
19 172
19 190
19 525
19 614
19 723
19 917
20 195
20 287
20 640
20 963
20 996
20 997
21 48
21 52
21 287
21 497
21 960
21 996
22 67
22 102
22 225
22 433
22 531
22 702
23 120
23 187
23 222
23 244
23 261
23 305
23 321
23 331
23 344
23 353
23 432
23 520
23 529
23 542
23 580
23 583
23 638
23 671
23 823
23 851
23 961
23 965
24 66
24 120
24 200
24 389
24 420
24 425
24 573
24 643
24 723
24 829
24 910
25 138
25 238
25 406
25 715
25 759
25 807
25 819
25 874
25 892
25 900
26 137
26 145
26 212
26 247
26 291
26 427
26 539
26 564
26 603
26 627
26 663
26 717
26 730
26 735
26 822
26 864
27 171
27 187
27 190
27 237
27 331
27 357
27 405
27 542
27 639
27 745
28 67
28 187
28 531
28 617
28 636
28 775
28 874
29 187
29 363
29 401
29 888
29 926
30 251
30 464
30 483
30 491
30 617
30 743
30 832
30 895
30 959
30 998
31 171
31 237
31 357
31 542
31 602
32 62
32 192
32 756
32 966
32 978
32 986
33 72
33 766
33 912
34 475
34 874
34 892
35 132
35 183
35 281
35 420
35 493
35 497
35 540
35 552
35 673
35 728
35 979
36 45
36 823
37 91
37 271
37 718
37 734
38 47
38 169
38 493
38 824
39 638
39 796
39 924
40 246
40 545
40 772
40 791
40 988
41 287
41 307
41 365
41 521
41 764
41 936
42 117
42 175
42 386
42 506
42 577
42 667
42 676
42 970
43 92
43 191
43 308
43 407
43 499
43 544
43 897
43 907
43 984
43 989
44 196
44 493
44 727
44 728
44 750
44 802
44 873
44 982
44 989
44 997
45 82
45 232
45 419
45 469
45 497
45 562
45 573
45 723
45 823
47 259
47 499
47 817
48 61
48 81
48 497
48 960
49 291
49 663
49 672
49 821
49 843
50 67
50 112
50 275
50 570
50 635
50 874
50 892
50 962
51 272
51 382
51 613
51 823
51 926
52 61
52 526
52 687
52 960
53 313
53 413
53 750
54 102
54 329
54 595
54 719
54 940
55 120
55 187
55 354
55 641
55 649
55 696
55 723
55 733
55 755
55 772
55 791
55 872
55 977
55 988
56 394
56 410
56 723
56 988
57 69
57 120
57 214
57 292
57 293
57 318
57 333
57 569
57 596
57 606
57 620
57 792
57 823
58 562
58 687
59 77
59 113
59 145
59 173
59 247
59 291
59 356
59 427
59 462
59 592
59 654
59 677
59 717
59 790
59 836
60 187
60 209
60 325
60 345
60 355
60 601
60 762
60 942
61 187
61 190
61 245
61 287
61 398
61 497
61 501
61 526
61 538
61 960
62 192
62 344
62 377
62 539
62 613
62 680
62 756
62 986
63 90
63 120
63 122
63 250
63 259
63 327
63 335
63 393
63 449
63 456
63 459
63 653
63 909
64 107
64 554
64 707
65 94
65 194
65 400
65 431
65 473
65 617
65 627
65 664
65 666
65 691
65 895
66 120
66 200
66 376
66 389
66 402
66 504
66 522
66 573
66 643
66 723
66 811
66 829
66 881
66 910
67 90
67 102
67 112
67 161
67 166
67 173
67 187
67 216
67 223
67 225
67 238
67 256
67 275
67 297
67 312
67 329
67 348
67 388
67 406
67 433
67 475
67 506
67 527
67 528
67 531
67 557
67 595
67 618
67 631
67 635
67 667
67 702
67 719
67 743
67 758
67 771
67 786
67 788
67 932
67 934
67 953
67 962
67 991
69 115
69 232
69 792
69 809
70 184
70 212
70 230
70 251
70 403
70 458
70 464
70 468
70 483
70 584
70 743
70 748
70 832
70 853
70 895
70 904
70 915
70 959
70 998
71 78
71 83
71 105
71 115
71 120
71 136
71 152
71 157
71 182
71 187
71 190
71 271
71 274
71 283
71 297
71 332
71 344
71 381
71 408
71 419
71 438
71 440
71 452
71 454
71 474
71 516
71 535
71 548
71 568
71 611
71 723
71 740
71 751
71 792
71 808
71 823
71 842
71 855
71 870
71 872
71 877
71 886
71 891
71 899
71 903
71 931
71 947
72 119
72 186
72 218
72 670
72 709
72 766
72 867
72 968
73 120
73 214
73 293
73 297
73 452
73 596
73 792
73 823
73 880
73 993
74 125
74 177
74 187
74 210
74 300
74 322
74 377
75 792
76 176
76 281
76 493
76 659
76 763
76 979
77 243
77 427
77 734
77 735
77 980
78 823
78 886
79 372
79 387
79 435
79 780
79 815
80 145
80 187
80 212
80 213
80 581
80 617
80 619
80 627
80 734
81 287
81 960
82 84
82 156
82 245
82 271
82 283
82 390
82 501
82 573
82 723
82 944
83 136
83 408
83 474
83 823
84 200
84 245
84 390
84 409
84 501
84 573
84 585
84 723
84 952
85 169
85 273
85 655
85 723
85 936
85 982
86 187
86 359
86 616
86 720
86 783
87 430
87 556
87 580
87 637
87 639
87 875
88 220
88 352
88 723
89 482
89 907
90 92
90 96
90 99
90 101
90 106
90 116
90 122
90 129
90 162
90 167
90 169
90 187
90 193
90 203
90 219
90 224
90 233
90 248
90 250
90 259
90 271
90 289
90 298
90 327
90 328
90 335
90 342
90 399
90 404
90 443
90 450
90 459
90 477
90 484
90 499
90 506
90 511
90 531
90 571
90 590
90 640
90 653
90 661
90 665
90 683
90 704
90 712
90 713
90 761
90 771
90 785
90 812
90 817
90 839
90 841
90 854
90 865
90 878
90 879
90 906
90 909
90 933
90 989
91 127
91 144
91 187
91 255
91 422
91 453
91 639
91 663
91 718
91 875
91 905
92 99
92 169
92 227
92 370
92 374
92 423
92 482
92 499
92 544
92 723
92 824
92 897
92 906
92 907
92 964
92 984
93 137
93 145
93 187
93 212
93 346
93 549
93 619
93 637
93 642
93 648
93 672
93 721
93 734
93 974
94 184
94 277
94 366
94 392
94 403
94 530
94 551
94 617
94 627
94 895
95 190
95 287
95 396
95 497
95 686
95 804
96 167
96 289
96 342
97 302
97 483
97 551
97 895
98 169
98 215
98 670
98 913
99 287
99 370
99 612
99 679
99 897
99 906
99 907
100 515
100 518
100 750
100 778
100 935
100 983
101 918
102 175
102 188
102 225
102 557
102 719
102 784
102 788
103 633
103 892
103 955
103 966
104 244
104 405
104 413
104 442
104 825
105 120
105 136
105 274
105 823
105 931
106 399
106 590
106 693
107 467
107 655
107 703
108 125
108 159
108 168
108 177
108 187
108 210
108 290
108 300
108 344
108 377
108 401
108 583
108 608
108 664
108 768
109 230
109 412
109 483
109 832
109 957
109 959
109 998
110 114
110 303
110 518
110 710
110 729
110 767
111 396
111 497
111 686
112 348
112 531
112 570
112 719
112 786
113 173
113 258
113 269
113 291
113 299
113 539
113 663
113 672
113 836
113 945
114 202
114 228
114 237
114 518
114 729
114 767
115 292
115 296
115 469
115 792
115 809
115 823
116 169
116 450
116 699
116 761
116 856
117 155
117 175
117 386
117 506
117 546
117 577
117 667
117 676
117 810
117 932
117 940
117 970
118 187
118 320
118 330
118 517
118 524
118 756
118 978
118 987
119 282
119 505
119 592
120 126
120 143
120 152
120 172
120 187
120 210
120 214
120 217
120 231
120 240
120 244
120 262
120 266
120 271
120 272
120 274
120 287
120 297
120 316
120 333
120 334
120 378
120 408
120 411
120 428
120 438
120 451
120 454
120 455
120 474
120 497
120 516
120 517
120 535
120 567
120 573
120 593
120 601
120 602
120 617
120 649
120 723
120 728
120 733
120 740
120 743
120 746
120 749
120 751
120 768
120 772
120 781
120 787
120 791
120 792
120 793
120 805
120 808
120 823
120 826
120 838
120 842
120 855
120 867
120 872
120 875
120 877
120 886
120 891
120 899
120 903
120 916
120 941
120 947
120 995
121 186
121 490
121 495
121 617
121 632
121 969
122 343
122 812
122 909
123 187
123 258
123 263
123 291
123 336
123 534
123 541
123 672
123 682
123 706
123 717
123 800
123 821
123 843
123 951
124 297
124 451
124 452
124 481
124 792
124 823
124 925
125 159
125 187
125 290
125 414
125 432
125 609
125 768
125 942
126 669
126 710
126 711
126 738
126 770
126 772
126 806
126 871
127 187
127 255
127 422
127 639
127 716
127 869
127 875
128 184
128 366
128 431
128 531
128 627
129 224
129 298
129 484
130 133
130 723
131 144
131 149
131 187
131 430
131 446
131 513
131 637
131 639
131 648
131 777
131 875
131 884
132 151
132 227
132 242
132 728
132 830
132 859
133 396
133 497
133 840
133 954
134 187
134 257
134 303
134 304
134 334
134 387
134 476
134 649
134 669
134 772
134 823
134 870
134 977
135 148
135 187
135 689
136 190
136 274
136 334
136 408
136 411
136 474
136 751
136 805
136 823
136 826
136 886
136 903
137 145
137 247
137 258
137 397
137 531
137 564
137 566
137 822
138 238
138 388
138 531
138 715
138 892
138 898
138 900
139 273
139 707
139 859
139 979
140 187
140 470
140 539
140 663
140 846
141 714
141 824
141 906
141 994
142 396
142 497
142 623
142 820
142 828
142 930
142 954
143 280
143 710
143 806
143 870
143 875
143 977
144 255
144 453
144 875
144 905
145 213
145 247
145 265
145 508
145 539
145 564
145 625
145 663
145 672
145 734
145 822
146 192
146 367
146 591
146 978
147 169
147 180
147 391
147 443
147 496
147 561
147 571
147 657
147 661
147 761
147 782
147 785
147 883
147 913
148 187
148 613
148 664
148 909
148 981
149 174
149 175
149 430
149 639
149 777
149 869
149 875
150 328
150 644
150 731
151 226
151 713
152 157
152 217
152 309
152 411
152 454
152 535
152 607
152 733
152 751
152 753
152 823
152 877
152 880
153 200
153 279
153 376
153 389
153 573
153 598
153 614
153 723
153 948
154 175
154 412
154 617
154 668
154 778
154 863
154 864
155 175
155 223
155 254
155 301
155 506
155 577
155 708
155 724
155 785
155 810
155 813
155 816
155 866
155 867
155 904
155 932
155 940
156 200
156 409
156 504
156 525
156 573
156 640
156 723
156 952
157 187
157 200
157 217
157 240
157 309
157 340
157 411
157 440
157 493
157 607
157 751
157 823
157 877
157 903
158 338
158 539
158 625
158 692
158 734
158 974
159 187
159 609
159 768
160 223
160 519
160 589
160 667
160 674
160 724
160 857
161 348
161 531
161 570
161 618
162 289
163 187
163 422
163 639
163 648
163 672
163 716
163 769
163 869
163 875
164 236
164 326
164 743
164 895
164 957
165 428
165 494
166 175
166 188
166 631
166 932
166 933
167 250
167 342
167 393
167 499
167 610
167 653
167 709
167 731
167 918
168 187
168 222
168 253
168 345
168 371
168 428
168 432
168 457
168 603
169 175
169 184
169 187
169 193
169 199
169 338
169 391
169 404
169 443
169 450
169 468
169 483
169 484
169 496
169 512
169 515
169 561
169 571
169 628
169 630
169 657
169 661
169 699
169 712
169 722
169 761
169 782
169 785
169 841
169 883
169 909
169 913
170 262
170 772
170 823
170 837
171 253
171 357
171 361
171 372
171 405
171 542
171 602
171 745
171 781
171 961
172 279
172 385
172 448
172 573
172 598
172 723
172 914
172 948
173 291
173 346
173 427
173 790
173 836
174 268
174 517
174 583
174 741
174 827
174 901
174 978
175 223
175 270
175 301
175 351
175 386
175 456
175 468
175 506
175 519
175 539
175 551
175 557
175 577
175 582
175 589
175 657
175 676
175 708
175 754
175 758
175 760
175 785
175 810
175 816
175 857
175 867
175 887
175 895
175 904
175 970
175 999
176 281
176 287
176 659
176 763
176 989
177 187
177 210
177 239
177 322
177 347
177 377
177 719
177 834
178 297
178 344
178 451
178 452
178 481
178 525
178 563
178 568
178 596
178 728
178 792
178 925
178 946
179 201
179 228
179 615
179 767
179 815
180 722
180 883
180 913
181 225
181 287
181 417
181 655
181 911
181 936
181 997
182 217
182 271
182 309
182 440
182 535
182 751
182 823
182 877
183 493
183 552
183 728
183 829
183 873
184 187
184 252
184 277
184 366
184 406
184 530
184 531
184 551
184 584
184 627
184 639
184 691
184 778
184 832
184 895
184 975
185 234
185 620
186 187
186 285
186 412
186 464
186 465
186 468
186 483
186 489
186 490
186 495
186 514
186 617
186 730
186 765
186 863
186 864
186 895
186 967
186 969
187 189
187 209
187 210
187 212
187 217
187 222
187 228
187 237
187 238
187 239
187 243
187 244
187 253
187 255
187 258
187 260
187 261
187 268
187 271
187 274
187 278
187 290
187 292
187 300
187 311
187 313
187 316
187 317
187 320
187 322
187 325
187 330
187 331
187 344
187 345
187 347
187 350
187 351
187 355
187 358
187 363
187 371
187 377
187 387
187 401
187 428
187 432
187 445
187 457
187 461
187 462
187 468
187 478
187 483
187 502
187 513
187 517
187 520
187 524
187 529
187 542
187 551
187 556
187 567
187 580
187 583
187 591
187 601
187 609
187 611
187 613
187 627
187 629
187 639
187 646
187 648
187 649
187 652
187 664
187 667
187 677
187 680
187 689
187 697
187 705
187 706
187 729
187 742
187 750
187 751
187 762
187 768
187 772
187 781
187 782
187 789
187 792
187 796
187 799
187 800
187 806
187 823
187 825
187 832
187 834
187 843
187 851
187 858
187 862
187 863
187 875
187 888
187 926
187 942
187 967
187 971
187 981
187 987
187 990
187 992
188 211
188 301
188 312
188 392
188 531
188 582
188 773
188 932
189 222
189 237
189 317
189 457
189 478
189 520
189 580
189 583
190 220
190 352
190 373
190 383
190 389
190 396
190 414
190 448
190 538
190 585
190 645
190 723
190 757
190 938
190 948
190 972
191 308
191 499
191 558
191 906
191 943
192 255
192 680
192 756
192 875
193 407
193 547
193 665
193 879
194 400
194 509
194 627
194 691
195 287
195 418
195 996
196 420
196 493
196 727
196 802
196 859
197 306
197 396
197 611
197 820
198 249
198 406
198 531
198 759
198 819
198 874
198 892
199 203
199 227
199 264
199 493
199 540
199 559
199 728
199 860
199 876
200 245
200 279
200 292
200 409
200 414
200 426
200 448
200 501
200 504
200 573
200 614
200 687
200 695
200 723
200 823
200 829
200 881
200 910
200 917
200 944
200 949
201 429
201 532
201 646
201 815
202 228
202 303
202 518
202 647
203 493
203 673
203 725
203 728
203 859
203 989
204 301
205 340
205 451
205 823
206 373
206 588
206 611
206 927
207 379
207 852
208 534
208 642
208 734
209 253
209 325
209 347
209 355
209 566
209 601
209 762
209 942
210 239
210 278
210 300
210 386
210 428
210 697
210 990
211 216
211 312
211 582
211 631
211 773
211 932
212 269
212 338
212 346
212 488
212 531
212 549
212 617
212 627
212 642
212 700
212 734
212 772
212 974
213 539
213 581
213 734
213 971
214 271
214 395
214 606
215 323
215 496
215 657
215 670
215 867
216 348
216 433
216 527
216 786
216 874
217 266
217 274
217 297
217 309
217 332
217 344
217 381
217 411
217 452
217 454
217 481
217 516
217 548
217 641
217 751
217 753
217 823
217 826
217 868
217 877
217 939
217 996
219 263
219 311
219 315
219 375
219 461
219 487
219 498
219 533
219 556
219 566
219 616
219 637
219 654
219 672
219 739
219 747
219 823
220 229
220 352
220 414
220 448
220 723
221 228
221 360
221 545
221 696
221 755
221 772
221 823
222 325
222 432
222 445
222 457
222 478
222 520
222 583
222 627
222 671
222 781
222 942
223 441
223 519
223 553
223 589
223 667
223 676
223 867
223 887
224 298
224 812
224 909
225 348
225 456
225 539
225 595
225 631
225 702
225 719
225 758
225 784
225 933
225 962
226 227
226 574
226 907
227 242
227 424
227 685
227 830
227 859
227 984
227 989
228 303
228 364
228 429
228 515
228 518
228 542
228 705
228 729
228 823
228 870
228 894
228 935
228 977
229 604
229 976
230 251
230 326
230 464
230 483
230 959
231 805
231 808
231 855
231 992
232 292
232 296
232 792
232 809
232 823
232 829
233 343
233 824
233 854
233 906
233 943
234 448
234 804
235 255
235 258
235 291
235 663
235 672
235 800
235 821
235 875
236 483
236 743
237 520
237 542
237 600
237 602
237 745
237 781
237 796
237 823
238 286
238 302
238 388
238 406
238 531
238 617
238 715
238 743
238 759
238 892
238 900
239 278
239 457
239 697
239 834
239 862
239 990
240 309
240 408
240 723
240 751
240 823
240 925
241 304
241 410
241 435
241 669
241 870
242 424
242 559
242 578
242 685
242 728
242 830
242 860
242 873
243 427
243 564
243 692
243 717
243 818
243 945
243 980
244 313
244 413
244 825
244 935
245 368
245 419
245 501
245 504
245 678
245 723
245 749
245 751
245 811
245 823
245 944
245 952
246 429
246 815
247 564
247 717
247 822
248 328
248 416
248 610
248 644
248 683
248 885
248 889
248 922
249 286
249 388
249 406
249 490
249 531
249 759
249 819
250 653
250 812
251 277
251 326
251 403
251 464
251 483
251 491
251 531
251 743
251 773
251 832
251 957
252 285
252 468
252 551
252 617
252 730
253 428
253 603
254 456
254 477
254 503
254 667
254 724
254 726
254 754
254 867
255 382
255 556
255 680
255 716
255 718
255 760
255 875
255 905
256 527
256 788
257 304
257 476
257 669
257 733
257 845
257 870
258 291
258 336
258 470
258 599
258 663
258 706
258 800
258 866
259 452
259 484
259 565
259 617
259 950
259 984
260 320
260 330
260 401
260 517
260 664
260 768
260 875
260 888
260 926
261 321
261 580
261 652
261 671
261 965
262 378
262 662
262 723
262 772
262 823
262 923
263 311
263 461
263 591
263 616
264 559
264 728
264 859
264 860
264 873
264 956
265 397
265 500
265 717
265 734
265 980
266 408
266 455
266 474
266 823
266 826
266 903
266 916
266 989
267 292
267 296
267 723
267 792
267 823
268 347
268 524
268 926
269 346
269 539
269 549
269 700
269 721
269 822
269 942
270 867
270 904
271 292
271 293
271 493
271 573
271 596
271 606
271 658
271 792
271 797
271 823
271 944
272 320
272 517
272 768
273 420
273 611
273 727
273 882
273 982
273 989
273 997
274 408
274 455
274 474
274 723
274 751
274 823
274 826
274 842
274 877
274 903
275 312
275 570
275 626
275 635
276 323
276 736
276 785
277 366
277 392
277 530
277 551
277 617
277 627
277 778
278 317
278 478
278 559
278 583
278 942
278 990
279 376
279 425
279 614
279 643
279 723
279 917
280 710
280 806
281 493
281 540
281 544
281 552
281 659
281 763
281 873
282 284
282 505
282 661
282 742
283 419
283 555
283 723
284 503
285 412
285 468
285 490
285 551
285 599
285 617
285 627
285 672
285 967
285 969
286 715
286 807
286 892
286 898
286 957
286 966
287 307
287 398
287 418
287 420
287 434
287 444
287 467
287 493
287 497
287 521
287 611
287 640
287 655
287 688
287 728
287 757
287 764
287 785
287 814
287 823
287 859
287 876
287 906
287 936
287 960
287 963
287 973
287 989
287 996
287 997
288 306
288 396
288 593
288 686
288 960
289 327
289 610
289 653
290 609
290 617
290 768
290 981
291 336
291 539
291 599
291 617
291 627
291 631
291 663
291 665
291 672
291 682
291 706
291 732
291 800
291 846
292 296
292 309
292 333
292 354
292 368
292 560
292 620
292 705
292 723
292 757
292 792
292 809
292 872
292 877
292 886
293 297
293 333
293 469
293 606
293 658
293 792
293 797
293 823
294 807
294 892
294 966
295 396
295 497
296 809
297 354
297 451
297 452
297 481
297 563
297 596
297 792
297 823
297 829
297 877
297 944
297 946
298 393
298 463
298 712
298 812
299 599
299 677
299 818
300 322
300 377
300 862
301 343
301 348
301 386
301 466
301 557
301 709
301 719
301 758
301 776
301 991
302 483
302 531
303 515
303 729
303 772
303 815
303 977
303 983
304 305
304 387
304 435
304 545
304 669
304 696
304 723
304 750
304 845
304 977
305 372
305 410
305 435
305 696
305 710
305 772
305 780
305 823
305 872
306 396
306 497
306 820
306 828
307 362
307 417
307 764
307 936
308 374
308 499
308 544
308 558
308 634
308 714
308 810
309 332
309 344
309 411
309 535
309 573
309 607
309 701
309 751
309 753
309 823
309 877
310 349
310 351
310 503
310 684
310 694
310 724
310 754
311 315
311 375
311 461
311 533
311 566
311 639
312 386
312 506
312 582
312 631
312 759
312 773
312 933
312 940
312 958
313 515
313 518
313 705
313 750
314 734
314 771
314 779
315 436
315 518
315 533
315 556
315 566
315 616
315 639
315 654
315 772
315 869
315 884
315 945
316 567
316 650
316 733
316 858
316 872
316 899
316 903
316 972
317 654
317 942
318 606
319 824
319 854
319 906
320 613
320 926
320 990
321 586
321 660
321 965
323 561
323 670
323 722
323 909
323 913
324 479
324 672
324 821
325 345
325 347
325 349
325 350
325 355
325 601
325 603
325 652
325 823
325 862
325 926
325 942
325 990
326 464
326 483
326 663
326 743
326 832
326 945
326 957
327 459
327 812
327 878
327 909
328 416
328 683
329 348
329 433
329 527
329 531
329 784
329 786
329 962
330 513
330 517
330 524
330 613
330 901
330 926
331 542
331 638
331 671
331 745
331 796
332 411
332 751
332 823
332 868
332 877
333 560
333 723
333 797
333 823
333 946
334 455
334 740
334 808
334 868
335 459
335 812
335 909
335 989
336 663
336 672
336 706
336 821
337 374
337 499
337 558
337 994
338 625
338 642
338 692
338 795
338 974
339 675
340 701
340 823
341 344
342 393
342 416
342 590
342 610
342 653
342 885
343 565
343 824
344 428
344 471
344 531
344 567
344 594
344 681
344 733
344 772
344 793
344 796
344 823
344 837
344 872
344 899
345 347
345 355
345 371
345 428
345 583
345 652
345 762
345 942
346 539
346 619
346 700
346 719
346 721
347 350
347 355
347 371
347 601
347 627
347 652
347 823
347 942
348 406
348 433
348 475
348 483
348 527
348 531
348 570
348 667
348 758
348 786
348 866
348 874
348 892
348 932
348 962
349 477
349 592
349 667
349 684
349 724
349 754
349 810
350 462
351 456
351 810
351 867
351 904
352 604
352 723
353 428
353 638
354 560
354 792
354 823
355 601
355 603
356 427
356 836
356 980
357 542
357 781
357 961
358 605
358 617
358 624
358 765
358 980
359 536
359 654
359 720
359 783
359 818
360 662
360 772
360 837
361 405
361 442
361 542
361 600
361 781
362 365
362 460
362 493
362 521
362 764
362 792
362 936
363 401
363 967
365 521
365 996
366 392
366 412
366 489
366 551
366 617
366 627
366 778
366 853
367 523
367 591
367 680
367 718
367 981
368 560
368 620
368 792
368 823
369 436
370 824
370 921
371 428
371 432
372 387
372 435
372 696
372 780
373 510
373 611
373 686
373 757
373 927
374 499
374 558
375 461
375 498
375 654
375 720
376 389
376 425
376 573
376 614
376 723
376 917
378 384
378 567
378 621
378 649
378 650
378 733
378 772
378 823
378 872
379 646
379 823
379 835
379 977
380 395
380 597
380 723
380 872
380 917
380 960
381 751
381 823
381 931
382 756
382 978
383 645
383 723
383 938
383 972
384 567
384 733
384 772
384 823
384 872
385 390
385 562
385 687
385 723
385 823
385 829
386 463
386 506
386 531
386 546
386 557
386 577
386 667
386 676
386 867
386 933
386 940
386 958
387 394
387 435
387 476
387 696
387 780
387 791
387 823
388 406
388 483
388 531
388 668
388 715
388 759
388 928
389 425
389 522
389 643
389 723
390 419
390 792
390 823
391 547
391 761
391 785
391 823
391 856
391 879
391 918
392 489
392 530
392 627
392 666
392 778
393 653
394 669
394 696
394 780
394 806
394 896
395 572
395 787
396 439
396 460
396 463
396 492
396 493
396 497
396 593
396 597
396 611
396 686
396 757
396 820
396 823
396 828
396 919
396 976
397 427
397 500
397 717
397 980
398 448
398 497
398 538
398 960
398 996
399 693
399 731
399 885
400 473
400 509
400 550
400 666
400 691
400 799
401 926
402 425
402 497
402 522
402 723
403 550
403 584
403 743
403 895
404 761
405 413
405 772
405 781
405 825
406 531
406 715
406 759
406 819
406 853
406 895
406 900
407 547
407 879
407 918
408 474
408 751
408 823
408 842
408 903
409 573
409 678
409 723
409 737
409 881
409 944
410 545
410 669
410 823
411 548
411 751
411 823
411 868
411 877
412 465
412 468
412 487
412 495
412 514
412 617
412 627
412 667
412 730
412 795
412 864
412 967
412 969
412 975
413 772
413 825
414 859
414 972
415 515
415 696
415 806
415 870
415 977
416 610
416 693
416 885
416 889
417 467
417 814
418 640
418 963
418 996
419 420
419 501
419 555
419 687
419 792
420 493
420 540
420 552
420 576
420 723
420 725
420 728
420 774
420 779
420 801
420 804
420 859
420 860
420 865
420 873
420 882
420 907
420 979
420 997
421 772
421 985
422 716
422 777
422 869
422 875
423 714
423 906
423 937
424 493
424 559
424 651
424 728
425 522
425 614
425 643
425 723
425 829
425 949
426 522
426 573
426 723
426 749
426 792
426 811
426 823
426 952
427 539
427 663
427 717
428 432
428 583
428 603
428 942
429 815
429 823
430 446
430 637
430 639
430 777
430 875
431 530
431 550
431 617
431 627
431 692
431 799
431 864
431 895
432 457
432 583
433 531
433 570
433 758
433 786
433 962
434 493
434 859
434 950
434 979
435 669
435 696
436 468
436 556
436 884
437 858
437 872
438 471
438 733
438 772
438 808
438 823
438 941
438 995
439 497
439 623
439 698
439 840
439 960
440 607
440 772
440 877
441 519
441 667
442 781
443 450
443 630
443 761
444 497
444 757
444 820
444 823
444 876
445 457
445 478
445 520
445 583
446 639
446 777
446 869
447 461
447 533
447 566
447 616
447 654
447 720
447 739
447 884
448 569
448 573
448 597
448 604
448 611
448 757
448 798
448 976
449 657
449 782
450 484
450 742
450 761
450 841
450 879
450 996
451 452
451 568
451 823
451 899
451 925
451 946
452 469
452 481
452 563
452 596
452 606
452 792
452 823
452 880
452 925
452 993
453 905
454 751
454 823
454 837
454 877
455 474
455 481
455 823
455 826
455 842
455 877
455 916
456 708
456 810
456 813
456 867
456 904
457 520
457 781
457 935
458 464
458 483
458 550
458 551
458 743
458 832
458 895
458 915
458 928
458 998
459 812
460 497
460 521
460 554
460 703
460 764
461 566
461 654
462 603
462 942
464 483
464 531
464 539
464 743
464 778
464 892
464 957
464 959
465 468
465 551
465 864
466 506
467 703
467 751
467 814
468 495
468 514
468 617
468 765
468 863
468 864
468 967
468 969
469 481
469 695
469 823
470 599
470 663
470 672
470 790
470 800
470 821
471 681
471 808
471 823
471 941
472 503
472 667
472 724
472 726
473 491
473 506
473 531
473 551
473 575
473 617
473 666
473 832
473 895
474 728
474 808
474 823
474 826
474 842
474 903
474 916
474 947
475 636
475 719
475 807
475 819
475 874
475 900
475 928
476 845
476 870
476 977
477 506
477 592
477 674
477 684
477 694
477 724
477 726
477 754
478 583
479 720
479 821
480 637
480 654
480 875
480 884
481 596
481 751
481 823
481 925
482 544
482 634
482 844
482 912
482 984
483 491
483 531
483 536
483 617
483 631
483 666
483 690
483 743
483 803
483 832
483 853
483 856
483 874
483 895
483 915
483 918
483 955
483 957
483 959
483 998
484 630
484 670
484 761
484 841
485 782
485 785
487 654
487 739
487 760
487 875
488 539
488 617
488 700
488 734
488 971
489 627
490 495
490 514
490 617
490 624
490 795
490 967
491 551
491 743
491 823
491 958
492 521
492 996
493 497
493 540
493 544
493 552
493 574
493 659
493 664
493 673
493 685
493 725
493 727
493 728
493 757
493 763
493 774
493 801
493 802
493 806
493 823
493 859
493 860
493 865
493 897
493 913
493 929
493 936
493 960
493 989
494 823
495 514
495 627
495 668
495 795
495 867
495 967
496 561
496 571
496 628
496 661
496 761
496 785
496 883
497 611
497 623
497 640
497 644
497 698
497 723
497 728
497 764
497 781
497 820
497 823
497 825
497 840
497 859
497 873
497 876
497 907
497 919
497 920
497 930
497 944
497 954
497 960
497 989
497 996
498 533
498 739
498 831
499 544
499 558
499 714
499 779
499 824
499 859
499 889
499 906
499 907
499 943
499 950
499 989
499 994
500 564
500 619
500 717
500 822
501 573
501 585
501 723
502 741
502 827
502 978
503 724
503 726
503 867
503 968
504 573
504 678
504 695
504 737
504 823
504 829
504 881
504 944
505 709
505 782
506 546
506 557
506 571
506 577
506 617
506 631
506 667
506 676
506 810
506 867
506 887
506 904
506 940
506 958
506 968
506 970
506 991
507 677
508 624
508 642
508 692
508 803
508 945
509 531
509 551
509 617
509 627
509 853
509 892
509 895
510 543
510 611
510 723
510 798
511 909
512 785
513 517
513 524
513 613
513 825
513 827
514 617
514 795
514 864
514 967
515 738
515 935
515 983
516 751
516 823
517 573
517 613
517 716
517 747
517 848
517 926
517 942
517 978
517 987
518 672
518 729
518 772
518 815
519 667
519 867
519 887
519 999
520 724
520 745
520 789
521 686
521 764
521 936
521 963
521 982
522 573
522 723
522 829
522 949
523 756
524 613
524 827
524 848
524 926
524 978
525 573
525 811
525 952
526 920
526 960
527 531
527 570
527 786
528 531
528 595
528 618
528 631
528 719
528 773
528 932
529 990
530 551
530 617
530 627
530 778
530 975
531 539
531 551
531 575
531 577
531 626
531 631
531 635
531 636
531 655
531 663
531 667
531 715
531 719
531 721
531 724
531 748
531 758
531 759
531 778
531 819
531 874
531 892
531 895
531 928
531 934
531 955
531 966
531 984
532 767
533 654
534 617
534 624
534 642
534 765
534 803
534 833
534 849
534 945
534 951
535 607
535 751
535 823
536 720
536 760
537 720
537 744
537 760
538 593
538 960
538 979
539 617
539 627
539 642
539 663
539 667
539 691
539 692
539 700
539 721
539 734
539 735
539 747
539 765
539 812
539 833
539 849
539 945
539 971
539 974
540 552
540 559
540 659
540 728
541 599
541 663
541 677
541 720
542 600
542 602
542 723
542 745
542 772
542 781
542 785
542 796
542 852
542 872
542 961
542 990
543 611
543 798
543 804
544 679
544 824
544 844
544 854
544 984
544 994
545 837
546 577
546 676
546 867
546 940
546 970
546 999
547 665
547 839
547 879
548 751
548 823
548 960
549 721
549 734
550 551
550 575
550 584
550 627
550 832
551 627
551 642
551 743
551 778
551 799
551 864
551 967
551 975
552 659
552 728
553 589
553 667
553 724
553 766
553 867
553 999
555 687
556 566
556 654
556 869
557 810
557 932
558 824
558 906
558 943
558 994
559 728
559 859
559 860
559 873
560 620
560 792
560 993
561 571
561 628
561 675
562 573
562 687
562 823
562 952
563 823
563 877
564 692
564 717
564 734
564 822
564 980
565 683
565 771
566 627
566 654
567 621
567 641
567 650
567 733
567 772
567 823
567 858
567 872
567 985
568 823
570 962
571 628
571 630
571 661
571 761
571 841
571 912
571 913
573 643
573 645
573 678
573 695
573 723
573 749
573 772
573 792
573 811
573 823
573 829
573 881
573 917
573 944
573 946
573 949
573 952
573 977
574 578
574 579
574 651
574 685
574 830
574 859
574 929
574 956
575 584
575 627
575 895
576 673
576 823
576 873
576 882
576 943
576 979
576 989
577 676
577 970
578 579
578 728
578 763
578 859
578 907
578 956
579 685
579 859
579 956
580 660
580 671
580 965
581 668
581 692
581 734
581 945
581 971
582 758
582 773
582 784
582 932
583 762
584 627
584 719
584 853
584 895
584 998
587 667
588 804
588 927
589 724
589 810
589 867
589 887
590 683
590 922
591 718
592 819
592 968
594 641
594 772
594 923
595 631
595 702
595 758
595 784
595 810
596 823
596 946
596 993
597 903
598 723
598 914
598 948
599 663
599 760
599 785
599 884
599 902
599 971
600 825
602 748
602 781
602 977
603 942
604 804
604 976
605 697
605 803
605 967
606 792
606 797
606 823
607 751
607 823
607 877
608 664
608 768
608 823
609 768
610 785
611 757
611 787
611 789
611 798
611 804
611 817
611 893
612 679
612 728
613 823
614 723
614 737
614 917
614 949
615 641
615 662
615 772
615 837
615 872
616 637
616 654
617 627
617 633
617 663
617 668
617 672
617 730
617 765
617 778
617 795
617 799
617 823
617 832
617 853
617 864
617 892
617 895
617 945
617 966
617 967
617 969
617 974
617 975
617 996
618 631
618 719
618 758
620 751
620 792
620 823
621 641
621 733
621 823
621 872
622 638
622 796
622 851
622 924
623 698
623 876
624 692
624 849
625 951
626 786
627 666
627 690
627 724
627 761
627 778
627 799
627 810
627 864
627 884
627 892
627 958
627 967
627 975
627 978
628 761
628 841
629 776
629 932
629 958
630 699
630 761
630 841
631 719
631 758
631 887
631 932
631 933
632 969
633 807
633 966
634 771
634 844
634 964
635 953
636 874
637 639
637 777
637 875
638 796
639 875
639 884
639 981
640 688
640 996
641 649
641 650
641 723
641 733
641 772
641 806
641 823
641 837
641 872
641 923
641 985
642 875
642 945
642 974
643 723
643 829
643 881
643 949
644 731
645 723
645 823
645 938
645 948
645 972
646 767
646 806
646 835
647 772
647 815
647 838
647 852
648 869
648 875
649 733
649 751
649 772
649 823
649 837
649 872
649 896
650 733
650 772
650 823
650 872
650 985
651 743
652 781
654 741
654 744
654 747
654 756
654 836
654 875
654 884
655 814
655 823
656 723
657 670
657 726
657 785
658 792
658 797
659 673
659 728
659 752
659 763
659 989
660 965
661 699
661 761
661 784
662 772
662 837
663 672
663 706
663 732
663 800
663 821
663 823
664 689
664 981
665 879
666 691
667 708
667 724
667 766
667 810
667 904
667 999
668 863
668 864
668 895
669 806
669 870
670 722
670 761
670 883
670 913
670 943
671 942
671 965
672 706
672 717
672 732
672 800
672 821
672 843
672 846
672 977
672 980
673 725
673 929
675 817
675 824
676 813
676 940
676 970
677 720
678 723
678 737
678 881
678 949
679 897
679 964
681 966
682 800
682 843
683 909
684 694
684 724
684 754
685 859
686 698
687 823
688 996
689 862
690 794
690 955
692 734
692 765
692 895
692 945
692 951
692 999
694 816
695 723
696 772
696 780
697 834
699 709
699 761
699 918
700 734
700 932
701 823
702 719
702 758
702 784
702 786
702 788
704 712
704 909
705 750
705 772
705 835
705 983
706 732
706 800
707 979
707 989
708 810
708 857
708 904
709 823
709 887
710 870
711 738
711 806
714 824
714 943
715 794
715 892
715 895
715 900
715 966
716 905
717 735
718 875
719 758
719 932
719 933
720 783
720 908
721 734
722 913
723 757
723 764
723 823
723 829
723 859
723 881
723 886
723 910
723 914
723 917
723 938
723 944
723 948
723 949
723 952
723 996
724 726
724 766
724 785
724 968
725 728
725 859
725 860
725 865
725 873
725 989
726 968
727 979
727 982
727 989
728 763
728 830
728 859
728 860
728 873
728 907
728 929
728 956
728 968
728 979
728 989
729 851
729 894
730 863
731 771
732 800
733 751
733 772
733 823
733 872
734 951
734 971
736 785
736 918
737 808
737 881
738 770
738 772
738 823
739 747
739 818
739 831
740 751
740 805
740 823
740 903
740 947
741 756
741 827
741 848
741 978
743 832
743 892
743 895
744 760
744 908
746 808
746 826
746 891
746 903
746 992
747 945
748 794
748 892
748 898
748 966
749 944
749 952
750 894
751 772
751 823
751 868
751 872
751 877
751 886
751 903
751 925
751 931
751 939
751 941
751 944
752 771
753 823
753 868
753 877
754 968
755 772
755 791
756 848
756 901
757 764
757 787
757 798
757 804
757 893
757 927
758 784
758 788
758 898
759 874
760 783
761 785
761 839
761 841
761 883
761 909
761 918
764 814
764 936
764 963
764 996
765 778
765 803
765 833
765 945
765 969
765 974
767 815
767 852
769 875
770 772
770 871
770 977
771 850
771 950
772 785
772 791
772 808
772 823
772 837
772 838
772 845
772 855
772 858
772 871
772 872
772 877
772 896
772 923
772 977
773 932
773 958
774 859
775 874
776 932
777 848
777 875
778 975
779 907
779 918
779 979
780 870
781 895
781 961
781 990
782 785
782 875
785 989
787 804
787 823
790 800
790 836
791 896
792 797
792 809
792 812
792 823
792 877
792 899
792 903
792 930
792 960
793 855
793 992
794 892
794 895
794 955
794 966
795 967
795 969
796 851
796 924
798 804
798 893
798 927
799 895
800 846
800 942
801 865
801 989
802 982
803 833
803 849
803 945
805 808
805 823
806 823
806 870
806 977
807 898
808 823
808 855
808 868
808 872
808 992
810 816
810 857
810 867
810 887
810 904
810 970
810 999
811 823
811 944
812 878
812 909
814 859
815 823
815 835
815 977
816 867
816 887
817 907
818 884
819 892
820 840
820 930
820 954
821 957
823 826
823 829
823 842
823 859
823 868
823 872
823 877
823 880
823 886
823 899
823 903
823 906
823 916
823 931
823 938
823 939
823 944
823 945
823 946
823 947
823 963
823 977
823 988
823 989
823 996
824 847
824 850
824 854
824 906
824 937
824 943
824 994
826 842
826 903
826 916
827 978
829 910
829 949
829 993
832 895
832 915
832 998
834 862
834 990
835 977
837 872
839 879
840 919
841 878
842 891
842 903
842 916
844 906
844 982
844 984
845 870
847 907
848 901
848 926
848 978
849 945
849 951
850 950
851 924
853 895
853 915
854 937
854 984
857 867
857 999
858 872
859 860
859 865
859 873
859 882
859 911
859 944
859 956
859 960
859 979
859 982
859 989
860 873
860 956
862 990
864 895
864 967
864 969
867 887
867 904
867 958
867 999
869 875
870 977
872 896
872 899
873 989
875 884
875 905
875 926
877 992
882 979
882 989
883 913
885 889
885 950
886 903
887 904
888 987
890 921
891 903
891 916
892 900
892 928
892 955
894 935
895 915
895 969
895 998
897 907
897 956
897 964
897 984
898 900
899 903
901 926
903 916
903 931
903 941
904 940
904 999
907 989
909 922
910 949
911 997
914 938
916 947
917 944
920 960
926 977
930 954
932 933
932 958
934 953
938 972
940 970
942 990
943 984
943 994
944 952
945 951
946 977
950 984
950 990
951 974
955 966
956 997
957 959
960 996
963 996
964 984
967 969
970 991
973 996
979 989
989 996
989 997
