0 1
0 13
0 21
0 23
0 24
0 25
0 30
0 48
0 70
0 72
0 73
0 78
0 79
0 82
1 25
1 30
1 64
1 97
2 9
2 13
2 14
2 41
2 45
2 61
2 63
2 71
2 81
2 84
3 7
3 24
3 50
3 54
3 68
3 69
3 70
3 86
3 97
4 12
4 16
4 17
4 28
4 29
4 32
4 34
4 35
4 36
4 38
4 46
4 49
4 55
4 62
4 76
4 95
5 19
5 75
5 77
5 78
5 80
5 96
6 15
6 17
6 29
6 35
6 38
6 59
6 67
6 71
6 94
7 20
7 22
7 24
7 50
7 54
7 68
7 69
7 70
7 77
7 86
7 89
7 91
7 97
8 18
8 20
9 13
9 17
9 35
9 37
9 40
9 41
9 45
9 51
9 61
9 63
9 65
9 66
9 71
9 74
9 81
9 84
9 90
9 93
9 98
10 13
10 40
10 71
10 75
10 80
10 81
10 90
11 48
11 60
11 77
11 78
11 79
11 80
11 83
12 17
12 34
12 36
12 46
12 55
12 81
13 14
13 19
13 21
13 25
13 35
13 37
13 40
13 41
13 45
13 63
13 70
13 71
13 73
13 75
13 78
13 80
13 81
13 82
13 84
13 88
13 90
13 98
14 41
14 61
14 63
14 71
14 80
14 81
14 84
14 88
14 90
15 17
15 28
15 35
15 36
15 46
15 49
15 55
16 17
16 43
16 70
16 71
16 99
17 20
17 27
17 28
17 29
17 31
17 32
17 33
17 34
17 35
17 36
17 37
17 38
17 39
17 43
17 44
17 46
17 49
17 51
17 52
17 54
17 55
17 56
17 57
17 58
17 59
17 62
17 66
17 67
17 68
17 70
17 71
17 76
17 80
17 81
17 84
17 92
17 94
17 95
17 98
17 99
18 20
18 24
18 25
18 27
18 30
18 33
18 50
18 66
18 68
18 69
18 70
18 89
18 90
19 74
19 80
19 82
19 90
20 25
20 27
20 31
20 33
20 39
20 56
20 58
20 70
20 81
20 85
20 92
21 42
21 60
21 73
21 78
21 87
22 24
22 68
22 70
22 86
23 33
23 47
23 48
23 71
23 72
24 25
24 27
24 31
24 54
24 68
24 69
24 70
24 78
24 85
25 42
25 53
25 64
25 69
25 71
25 94
26 71
26 95
27 33
27 52
27 58
27 70
27 90
28 35
28 36
28 46
28 49
29 34
29 35
29 36
29 38
29 46
29 55
29 76
30 64
30 78
31 33
31 39
31 56
31 70
31 85
32 38
32 44
32 59
32 62
32 66
32 67
33 70
33 71
33 85
34 36
34 46
34 55
34 76
35 36
35 38
35 46
35 49
35 55
35 58
35 59
35 66
35 81
35 87
36 43
36 52
36 55
36 59
36 71
36 76
37 41
37 57
37 61
37 63
37 71
37 80
37 81
37 84
37 90
38 49
38 52
38 59
38 62
38 94
39 52
39 56
39 58
39 70
39 71
39 85
40 61
40 71
40 80
40 81
40 84
40 88
40 90
40 93
41 45
41 51
41 57
41 61
41 63
41 65
41 71
41 76
41 81
41 82
41 84
41 90
42 73
42 78
42 83
43 46
43 99
44 46
44 59
44 62
44 66
44 67
45 51
45 65
45 71
45 81
45 98
46 81
46 93
46 99
47 48
47 72
47 78
47 79
48 70
48 71
48 72
48 73
48 75
48 78
48 79
49 55
49 59
49 76
50 54
50 68
50 69
50 70
50 97
51 71
51 81
51 98
52 58
52 62
52 66
52 70
52 71
52 92
53 70
53 91
53 97
54 68
54 69
54 70
54 86
54 97
55 76
56 58
56 68
56 70
57 61
57 63
57 71
57 81
57 84
57 90
58 66
58 80
58 92
58 94
59 71
60 61
60 77
60 78
60 83
60 87
61 71
61 80
61 81
61 84
61 90
62 66
62 67
62 71
63 71
63 80
63 81
63 84
63 88
63 90
65 71
65 74
65 84
66 92
66 94
68 69
68 70
68 86
68 89
68 97
69 70
69 97
70 71
70 75
70 76
70 78
70 84
70 85
70 86
70 89
70 97
71 75
71 76
71 77
71 80
71 81
71 84
71 88
71 90
71 95
71 98
72 78
73 75
73 78
73 79
74 98
75 77
75 78
75 80
75 87
75 93
75 95
75 96
77 78
78 80
78 83
78 90
79 81
80 81
80 82
80 84
80 88
80 90
81 84
81 88
81 90
81 93
81 95
81 98
82 88
84 88
84 90
85 92
86 97
87 90
88 90
90 92
93 95
