0 28
0 30
0 87
1 2
1 20
1 40
1 53
1 73
1 95
2 20
2 40
2 73
3 15
3 26
3 30
3 38
3 40
3 46
3 47
3 57
3 67
3 77
3 80
3 82
3 84
3 90
3 97
3 99
4 13
4 44
4 45
4 63
5 30
5 49
5 86
7 14
7 18
7 28
7 35
7 42
7 61
7 73
7 74
7 87
7 98
8 46
8 47
8 68
8 73
8 99
9 20
9 52
9 53
10 18
10 21
10 49
10 85
10 96
10 99
11 13
11 30
11 39
11 45
11 47
11 69
11 73
11 89
11 92
11 99
12 19
12 20
12 50
12 64
12 86
12 93
13 20
13 29
13 30
13 39
13 42
13 43
13 44
13 45
13 47
13 51
13 62
13 63
13 73
13 81
13 88
13 99
14 28
14 36
14 42
14 49
14 61
14 74
14 97
15 26
15 30
15 47
15 57
15 84
16 35
16 42
16 60
16 64
16 70
16 73
16 75
16 76
16 78
17 21
17 30
17 55
17 87
18 21
18 42
18 48
18 55
18 58
18 85
18 96
19 20
19 30
19 32
19 40
19 48
19 73
19 86
19 93
20 23
20 29
20 30
20 33
20 40
20 42
20 45
20 46
20 47
20 50
20 51
20 52
20 53
20 55
20 59
20 63
20 73
20 83
20 91
20 93
20 95
20 99
21 30
21 37
21 47
21 48
21 55
21 58
21 68
21 85
21 96
22 24
22 26
22 27
22 47
22 68
22 81
22 88
22 99
23 42
23 73
23 83
23 95
23 99
24 26
24 27
24 31
24 39
24 45
24 99
25 49
25 65
25 96
26 30
26 31
26 42
26 46
26 47
26 51
26 57
26 68
26 72
26 73
26 80
26 84
26 86
26 87
26 89
26 94
26 99
27 39
27 45
27 47
27 88
27 99
28 36
28 61
28 96
29 39
29 43
29 44
29 45
29 47
29 62
29 73
29 92
29 99
30 32
30 34
30 37
30 39
30 42
30 45
30 46
30 47
30 48
30 49
30 56
30 57
30 65
30 67
30 68
30 71
30 73
30 77
30 79
30 80
30 82
30 84
30 88
30 89
30 90
30 94
30 96
30 97
30 99
31 39
31 99
32 35
32 42
32 50
32 64
32 73
32 86
33 43
33 45
33 59
33 73
33 99
34 37
34 57
34 79
34 82
34 84
34 97
34 99
35 36
35 42
35 60
35 64
35 70
35 73
35 75
35 76
35 86
36 41
36 42
36 61
36 74
36 98
37 82
37 99
38 47
38 82
38 90
38 97
39 44
39 45
39 57
39 59
39 92
39 99
40 73
40 86
40 99
41 74
41 75
41 98
42 44
42 45
42 47
42 50
42 53
42 60
42 64
42 70
42 73
42 75
42 76
42 78
42 82
42 86
42 91
42 96
42 99
43 45
43 51
43 52
43 59
43 73
43 99
44 45
44 47
44 69
44 99
45 50
45 51
45 59
45 62
45 63
45 69
45 81
45 92
45 94
45 99
46 68
46 80
46 94
46 99
47 57
47 62
47 63
47 68
47 71
47 80
47 81
47 92
47 99
48 58
48 82
48 85
48 96
49 58
49 65
49 66
49 85
49 96
50 54
50 64
50 86
50 93
51 63
51 73
51 92
52 53
52 73
53 68
53 73
53 95
54 64
54 86
54 99
55 96
56 79
56 82
57 67
57 77
57 80
57 82
57 90
57 97
57 99
58 65
58 85
59 92
60 75
60 78
61 73
61 83
62 63
62 99
63 69
63 92
63 99
64 70
64 75
64 76
64 78
64 86
64 91
65 85
65 96
66 96
67 77
67 84
67 90
68 71
68 77
68 79
68 80
68 81
68 96
68 99
69 73
70 78
71 81
71 88
71 99
73 76
73 82
73 83
73 88
73 92
73 93
73 95
73 96
74 96
75 76
75 98
76 99
77 82
77 84
77 90
77 97
77 99
79 82
80 94
80 99
81 88
81 99
82 84
82 90
82 97
82 99
83 95
85 96
85 99
87 96
88 99
89 94
89 99
90 97
93 99
94 99
97 99
