0 71
0 160
0 237
0 293
0 424
1 9
1 24
1 33
1 52
1 70
1 72
1 74
1 82
1 83
1 102
1 132
1 137
1 166
1 186
1 202
1 219
1 227
1 262
1 275
1 298
1 306
1 311
1 350
1 358
1 373
1 374
1 379
1 390
1 392
1 400
1 407
1 409
1 420
1 427
1 433
1 466
1 488
1 494
2 9
2 32
2 35
2 61
2 71
2 72
2 98
2 102
2 117
2 153
2 159
2 161
2 168
2 180
2 189
2 234
2 249
2 254
2 351
2 374
2 380
2 396
2 428
2 449
2 460
3 10
3 72
3 192
3 272
3 280
3 358
3 494
4 72
4 159
4 197
5 229
5 247
5 287
5 387
6 247
6 290
6 329
6 334
6 363
6 387
7 16
7 287
7 303
7 327
7 406
8 134
8 287
8 319
8 370
8 464
9 32
9 35
9 43
9 44
9 72
9 98
9 102
9 108
9 110
9 117
9 128
9 142
9 149
9 153
9 159
9 168
9 174
9 180
9 181
9 189
9 197
9 232
9 234
9 235
9 237
9 254
9 286
9 287
9 293
9 298
9 351
9 366
9 373
9 374
9 375
9 380
9 392
9 396
9 408
9 424
9 449
9 487
10 72
10 341
11 37
11 54
11 82
11 151
11 188
11 204
11 214
11 223
11 230
11 256
11 271
11 285
11 333
11 456
12 40
12 97
12 255
12 282
12 287
12 330
12 343
12 372
13 84
13 131
13 274
13 304
13 336
13 355
13 357
13 386
13 445
13 464
13 499
14 53
14 65
14 124
14 373
14 379
15 16
15 25
15 69
15 90
15 147
15 229
15 241
15 273
15 370
15 381
15 425
15 461
16 107
16 183
16 303
16 327
16 329
16 334
16 363
16 370
16 387
16 490
17 36
17 63
17 107
17 131
17 144
17 279
17 357
17 422
17 440
18 36
18 107
18 127
18 131
18 154
18 175
18 212
18 218
18 312
18 410
18 464
18 498
19 107
19 131
19 413
19 464
20 22
20 107
20 126
20 127
20 264
20 281
20 399
20 413
20 440
20 464
20 489
21 72
21 254
21 286
21 374
21 449
22 107
22 126
22 131
22 440
22 462
22 464
23 102
23 156
23 298
23 374
23 458
24 33
24 43
24 48
24 52
24 72
24 83
24 85
24 131
24 150
24 226
24 263
24 278
24 299
24 321
24 349
24 350
24 353
24 373
24 379
24 466
24 478
25 29
25 90
25 216
25 308
25 319
25 406
25 411
25 464
26 47
26 141
26 251
26 347
27 28
27 46
27 49
27 87
27 95
27 131
27 355
27 442
27 475
27 491
28 72
28 87
28 200
28 203
28 355
28 442
28 491
29 69
29 90
29 94
29 216
29 287
29 308
29 318
29 319
29 325
29 359
29 411
29 434
29 436
29 437
30 36
30 42
30 107
30 131
30 292
30 294
30 305
31 59
31 63
31 144
31 193
31 269
31 322
31 464
32 72
32 180
32 234
33 52
33 70
33 72
33 83
33 124
33 137
33 166
33 219
33 226
33 227
33 299
33 306
33 311
33 373
33 407
33 420
33 427
33 432
33 494
33 497
34 72
34 110
34 113
34 374
34 460
34 479
34 487
35 72
35 375
35 417
36 95
36 107
36 126
36 127
36 131
36 279
36 287
36 322
36 336
36 355
36 370
36 422
36 440
36 464
36 485
36 499
37 43
37 105
37 131
37 172
37 175
37 177
37 187
37 204
37 211
37 217
37 246
37 252
37 271
37 285
37 287
37 333
37 355
37 456
38 87
38 200
38 203
38 355
39 161
39 287
39 314
39 330
39 345
39 366
39 408
39 423
39 444
40 97
40 143
40 255
40 266
40 282
40 287
40 289
40 330
40 343
40 366
40 448
41 69
41 90
41 147
41 241
41 370
42 131
42 218
42 292
42 355
43 48
43 53
43 72
43 92
43 102
43 107
43 112
43 118
43 132
43 136
43 146
43 150
43 165
43 186
43 226
43 263
43 284
43 287
43 298
43 311
43 315
43 346
43 353
43 373
43 377
43 379
43 385
43 400
43 427
43 455
43 463
44 72
44 286
44 375
44 451
44 460
45 52
45 184
45 186
45 262
45 278
45 298
45 457
45 494
46 87
46 131
46 176
46 212
46 243
46 261
46 300
46 324
46 336
46 355
46 357
46 438
46 468
46 496
47 131
47 141
47 245
47 251
47 347
47 405
48 53
48 150
48 165
48 186
48 226
48 284
48 321
48 346
48 373
48 379
48 484
49 53
49 72
49 112
49 115
49 136
49 148
49 151
49 155
49 182
49 186
49 188
49 231
49 256
49 260
49 271
49 276
49 283
49 339
49 364
49 374
49 398
49 403
49 463
49 469
49 482
50 53
50 124
50 131
50 155
50 307
50 364
50 391
50 476
50 478
51 72
51 133
51 162
51 170
51 225
51 270
51 293
52 132
52 341
52 494
53 62
53 65
53 72
53 105
53 107
53 124
53 125
53 131
53 136
53 146
53 239
53 307
53 313
53 362
53 373
53 374
53 379
53 400
53 426
53 463
53 478
54 56
54 217
54 271
55 99
55 103
55 116
55 167
55 221
55 330
55 345
55 412
56 82
56 151
56 204
56 217
56 271
57 107
57 144
57 322
57 401
57 464
58 317
58 355
58 405
58 414
58 453
59 107
59 131
59 144
59 383
59 404
59 464
60 257
60 287
60 326
61 102
62 65
62 92
62 124
62 125
62 239
62 313
62 400
62 426
62 463
62 478
63 72
63 107
63 144
63 193
63 269
63 287
63 322
63 370
63 394
63 401
63 413
63 464
64 133
64 161
64 170
64 196
64 201
64 270
64 330
64 342
64 366
64 395
64 418
64 428
65 67
65 82
65 124
65 125
65 182
65 186
65 239
65 307
65 313
65 362
65 379
65 400
65 463
65 464
66 142
66 145
66 487
67 112
67 148
67 205
67 213
67 307
67 391
67 463
67 482
68 72
68 293
69 90
69 107
69 131
69 142
69 147
69 183
69 241
69 247
69 273
69 287
69 298
69 318
69 327
69 354
69 370
69 381
69 388
69 464
69 483
69 485
70 83
70 150
70 166
70 202
70 219
70 311
70 373
70 379
70 390
70 427
70 432
71 72
71 117
71 122
71 145
71 160
71 161
71 162
71 163
71 170
71 225
71 233
71 244
71 287
71 293
71 342
71 355
71 366
71 418
71 424
71 428
71 459
71 481
72 73
72 76
72 80
72 88
72 98
72 102
72 103
72 104
72 106
72 107
72 108
72 110
72 113
72 117
72 128
72 130
72 131
72 133
72 142
72 143
72 145
72 153
72 159
72 160
72 161
72 162
72 168
72 170
72 180
72 181
72 184
72 189
72 197
72 207
72 209
72 227
72 228
72 229
72 232
72 234
72 240
72 248
72 254
72 286
72 287
72 293
72 298
72 322
72 330
72 337
72 343
72 344
72 348
72 351
72 358
72 366
72 373
72 374
72 375
72 379
72 380
72 381
72 387
72 392
72 396
72 408
72 416
72 417
72 418
72 424
72 442
72 447
72 449
72 451
72 458
72 459
72 460
72 463
72 471
72 474
72 479
72 481
72 483
72 484
72 487
73 88
73 108
73 374
74 83
74 132
74 219
74 227
74 306
74 330
74 373
74 409
74 420
74 427
74 433
75 84
75 131
75 212
75 300
75 355
75 473
76 145
76 293
76 310
76 424
76 454
76 471
76 481
77 161
77 170
77 201
77 328
77 342
77 428
77 492
78 287
78 343
79 136
79 362
79 379
79 400
80 98
80 234
80 248
80 374
81 169
81 208
81 229
81 287
81 290
81 483
82 101
82 102
82 105
82 112
82 115
82 120
82 123
82 135
82 140
82 151
82 185
82 188
82 204
82 206
82 211
82 217
82 220
82 231
82 236
82 252
82 256
82 271
82 285
82 288
82 295
82 307
82 353
82 355
82 360
82 379
82 396
82 435
82 469
82 491
83 102
83 166
83 202
83 219
83 298
83 366
83 373
83 432
84 131
84 175
84 218
84 304
84 336
84 357
85 263
85 278
85 350
86 102
86 265
86 408
86 474
87 95
87 107
87 131
87 200
87 203
87 222
87 347
87 355
87 369
87 438
87 442
87 468
87 491
87 496
88 102
88 248
88 374
89 103
89 181
89 287
89 314
89 330
89 374
89 412
90 131
90 147
90 241
90 287
90 319
90 327
90 354
90 370
90 381
90 461
90 464
90 465
91 333
91 373
92 346
92 353
92 379
92 455
93 194
93 229
93 257
93 287
93 415
93 452
93 483
94 147
94 216
94 308
94 318
94 319
94 325
94 359
94 370
94 436
95 131
95 152
95 222
95 355
95 376
95 438
95 442
95 468
95 475
96 208
96 229
96 483
97 161
97 215
97 255
97 266
97 287
97 289
97 330
97 343
97 448
98 117
98 128
98 210
98 235
98 248
98 374
98 417
98 449
98 458
98 477
99 103
99 170
99 199
99 314
99 366
99 423
100 116
100 167
100 255
100 302
100 330
100 374
100 446
101 105
101 112
101 115
101 211
101 256
101 276
101 307
101 338
101 379
101 435
101 469
101 493
102 108
102 112
102 128
102 132
102 153
102 155
102 156
102 158
102 166
102 170
102 174
102 181
102 192
102 207
102 210
102 228
102 248
102 265
102 286
102 287
102 293
102 298
102 337
102 348
102 353
102 358
102 366
102 373
102 374
102 379
102 382
102 408
102 416
102 417
102 428
102 441
102 449
102 451
102 458
102 474
102 494
103 181
103 287
103 345
103 366
104 107
104 155
104 182
104 276
104 309
104 364
104 398
104 478
105 107
105 112
105 115
105 131
105 211
105 236
105 242
105 256
105 260
105 271
105 277
105 288
105 323
105 355
105 435
105 469
105 478
105 497
106 134
106 190
106 370
106 434
107 111
107 121
107 126
107 127
107 131
107 140
107 144
107 162
107 173
107 175
107 193
107 197
107 222
107 253
107 264
107 279
107 281
107 287
107 298
107 301
107 322
107 336
107 343
107 355
107 357
107 366
107 367
107 370
107 373
107 374
107 383
107 387
107 394
107 399
107 405
107 413
107 422
107 434
107 440
107 462
107 464
107 475
107 483
107 485
107 489
108 374
108 417
108 451
109 336
109 340
109 355
109 367
110 142
110 145
110 396
110 479
111 131
111 413
111 464
112 115
112 120
112 124
112 135
112 148
112 182
112 242
112 260
112 271
112 283
112 288
112 298
112 307
112 338
112 353
112 355
112 364
112 374
112 391
112 398
112 400
112 403
112 469
112 478
113 374
113 396
114 161
114 170
114 267
114 287
114 328
114 342
114 366
114 374
114 444
115 211
115 231
115 256
115 271
115 277
115 323
115 435
115 469
115 472
115 493
116 161
116 167
116 181
116 221
116 289
116 330
116 343
116 345
116 412
117 168
117 180
117 234
117 351
118 150
118 165
118 186
118 315
118 346
118 353
118 373
118 377
118 379
119 121
119 157
119 178
119 229
119 287
119 331
119 393
119 483
120 217
120 220
120 256
120 271
120 360
120 472
121 157
121 178
121 229
121 287
121 331
121 483
121 485
122 233
122 293
122 424
123 148
123 206
123 256
123 360
123 469
124 125
124 239
124 313
124 400
124 463
125 239
125 379
125 391
125 400
125 426
125 463
126 127
126 131
126 281
126 399
126 440
126 464
126 489
127 131
127 279
127 281
127 422
127 440
127 464
128 232
128 235
128 286
128 293
128 374
128 375
128 447
128 449
129 170
129 287
130 142
130 145
130 396
130 424
130 460
130 479
131 142
131 144
131 154
131 173
131 175
131 178
131 218
131 222
131 243
131 256
131 271
131 274
131 287
131 288
131 292
131 294
131 298
131 304
131 305
131 312
131 322
131 332
131 336
131 355
131 357
131 366
131 369
131 381
131 383
131 386
131 387
131 401
131 404
131 410
131 413
131 415
131 422
131 439
131 440
131 445
131 462
131 464
131 468
131 469
131 472
131 473
131 483
131 498
131 499
132 166
132 262
132 306
132 420
132 488
132 494
132 497
133 161
133 196
133 270
133 293
133 330
133 342
133 374
133 395
133 424
133 428
134 190
134 434
134 464
135 242
135 339
135 441
136 362
136 379
136 400
136 463
137 299
137 427
138 370
138 437
139 186
139 373
139 379
139 431
140 256
140 288
141 251
141 347
141 405
141 414
141 429
142 159
142 287
142 342
142 374
142 396
142 424
142 449
142 479
142 487
143 170
143 198
143 255
143 287
143 343
143 494
144 287
144 322
144 370
144 394
144 413
144 440
144 464
145 293
145 424
146 186
146 315
146 373
146 379
146 455
147 241
147 287
147 354
147 370
147 388
147 425
147 461
148 182
148 205
148 231
148 260
148 283
149 184
149 298
150 165
150 186
150 209
150 226
150 263
150 299
150 315
150 321
150 346
150 350
150 353
150 373
150 377
150 379
150 424
150 463
151 204
151 217
151 223
151 230
151 252
151 271
151 285
151 333
152 355
152 442
152 468
152 475
153 232
153 380
154 218
154 305
154 404
154 410
154 498
155 182
155 276
155 353
155 364
155 398
155 430
155 478
156 298
156 337
156 374
156 416
156 458
156 474
157 178
157 229
157 253
157 287
157 331
157 393
157 483
157 485
158 163
158 225
159 168
159 180
159 197
159 366
159 374
159 396
159 460
159 479
160 293
160 298
160 424
160 481
161 162
161 170
161 181
161 196
161 201
161 221
161 267
161 270
161 287
161 328
161 330
161 342
161 366
161 374
161 395
161 412
161 418
161 423
161 424
161 428
161 492
162 163
162 225
162 244
162 287
162 293
162 366
162 424
162 459
162 483
163 225
163 244
163 293
163 424
163 459
164 205
164 307
164 476
164 478
165 186
165 219
165 226
165 298
165 315
165 346
165 353
165 361
165 364
165 373
165 377
165 455
165 463
165 480
165 484
166 186
166 202
166 219
166 311
166 407
166 420
166 427
166 494
167 221
167 287
167 330
167 356
167 446
168 180
168 197
168 351
169 208
169 247
169 287
169 290
170 181
170 199
170 201
170 221
170 225
170 229
170 267
170 270
170 287
170 293
170 298
170 314
170 328
170 330
170 342
170 366
170 395
170 396
170 424
170 444
170 483
170 492
171 246
171 486
172 177
172 187
172 256
173 264
173 322
173 355
173 366
173 399
173 413
173 464
174 210
174 228
174 298
174 337
174 408
175 312
175 355
175 439
175 498
176 355
177 185
177 271
178 191
178 208
178 229
178 253
178 287
178 331
178 343
178 344
178 393
178 483
178 485
179 275
179 341
179 392
179 494
180 234
180 351
180 374
180 380
180 396
181 199
181 221
181 287
181 330
181 343
181 345
181 366
181 412
181 444
182 268
182 276
182 287
182 307
182 364
182 398
182 403
182 430
182 463
182 478
183 303
183 327
183 442
183 490
184 373
184 419
184 457
184 494
186 226
186 284
186 315
186 346
186 353
186 373
186 377
186 379
186 385
186 400
186 424
186 427
186 455
186 463
187 246
188 204
188 223
188 230
189 287
189 374
189 449
191 208
191 229
191 253
191 287
191 331
191 344
191 483
192 272
192 280
192 298
192 358
192 374
193 287
193 322
193 464
194 287
194 452
194 483
195 343
195 372
195 384
196 201
196 270
196 366
196 418
196 428
197 234
197 380
197 460
198 287
198 372
198 421
198 485
199 314
199 330
199 352
199 366
199 423
199 444
200 355
200 491
201 270
201 293
201 342
201 418
201 424
201 428
202 219
202 299
202 311
202 427
202 432
203 258
203 340
203 355
203 367
203 369
203 442
203 475
204 217
204 223
204 256
204 271
204 285
204 355
205 307
205 476
205 482
206 256
206 271
206 277
206 469
206 472
207 374
207 408
208 257
208 287
208 290
208 326
208 331
208 387
208 483
208 485
209 346
209 353
209 379
209 463
210 298
210 348
210 382
210 408
211 256
211 323
211 360
211 435
212 300
212 336
212 473
213 307
213 391
214 246
214 271
214 285
214 333
215 266
215 282
215 287
215 289
215 330
215 343
215 483
216 308
216 319
216 325
216 359
216 370
216 436
216 464
217 223
217 230
217 271
217 285
217 295
217 333
217 357
218 274
218 287
218 305
218 355
218 404
218 410
218 498
219 226
219 299
219 306
219 353
219 373
219 379
219 390
219 420
219 427
221 267
221 287
221 298
221 330
221 343
221 366
221 412
221 483
222 224
222 261
222 324
222 336
222 355
222 438
222 475
222 496
223 271
223 285
224 300
224 324
224 355
224 438
224 496
225 287
225 293
225 330
225 424
225 459
226 263
226 278
226 321
226 373
226 494
227 349
227 420
227 497
228 374
229 247
229 253
229 287
229 290
229 331
229 344
229 387
229 393
229 420
229 452
229 483
229 485
230 271
231 260
231 288
233 237
233 293
233 424
234 351
234 374
235 374
235 449
235 451
236 256
236 271
236 277
236 283
236 323
236 336
236 469
236 472
236 493
237 293
237 424
239 313
239 374
239 426
241 287
241 308
241 461
242 338
242 441
243 300
243 312
244 424
244 459
244 481
245 347
245 405
245 453
246 335
246 355
246 397
246 450
246 453
246 486
247 287
247 290
247 343
247 370
247 387
247 483
247 485
247 490
248 374
248 449
249 293
249 310
249 424
249 454
250 263
250 321
250 373
250 379
251 340
251 347
251 429
252 271
253 287
253 290
253 344
253 483
253 485
254 286
254 298
254 374
254 375
254 424
254 449
255 287
255 302
255 330
255 343
255 378
256 271
256 277
256 295
256 323
256 355
256 360
256 364
256 400
256 463
256 469
256 472
256 493
257 452
257 483
258 271
258 340
258 355
259 287
259 356
260 283
260 323
260 463
260 478
261 324
261 355
261 429
261 438
261 496
262 275
262 341
262 392
262 419
262 494
262 495
263 321
263 364
263 373
263 379
263 484
264 413
264 440
264 462
265 298
265 373
265 374
266 287
266 330
266 343
267 287
267 330
267 366
267 418
267 424
267 492
268 478
269 322
269 464
270 330
270 342
270 424
270 428
271 277
271 295
271 307
271 333
271 355
271 379
271 429
271 456
271 464
272 280
272 358
272 494
273 287
273 370
273 381
273 425
274 336
274 498
275 341
275 494
275 495
276 307
276 364
276 398
276 478
277 323
277 469
277 493
278 373
278 420
279 422
279 440
280 298
280 358
280 373
280 392
280 494
281 399
281 440
282 287
282 330
283 478
284 321
284 346
284 373
284 484
285 333
285 429
285 456
286 375
287 289
287 290
287 293
287 297
287 301
287 302
287 318
287 320
287 322
287 326
287 329
287 330
287 331
287 334
287 342
287 343
287 344
287 345
287 347
287 352
287 355
287 356
287 357
287 366
287 370
287 372
287 373
287 374
287 378
287 381
287 382
287 384
287 387
287 393
287 415
287 421
287 423
287 424
287 425
287 434
287 436
287 443
287 444
287 446
287 448
287 452
287 454
287 460
287 464
287 483
287 485
287 490
287 492
288 309
289 343
290 331
290 343
290 483
291 298
291 382
291 408
292 294
292 355
293 298
293 310
293 328
293 342
293 366
293 424
293 444
293 459
293 471
293 479
293 481
293 483
293 487
294 404
296 391
297 415
298 316
298 348
298 351
298 355
298 365
298 366
298 373
298 374
298 382
298 389
298 392
298 402
298 408
298 427
298 458
298 494
299 311
299 350
299 374
299 390
299 392
299 419
299 427
299 466
300 304
300 336
300 355
300 357
300 386
300 439
300 473
301 434
301 464
301 467
302 330
302 343
302 446
303 327
303 334
304 336
304 357
304 386
304 445
305 357
305 404
305 410
306 407
306 409
306 420
306 433
306 484
306 497
307 309
307 364
307 373
307 398
307 403
307 430
307 476
307 478
307 482
308 318
308 319
308 325
308 359
308 370
308 436
309 364
309 398
309 476
310 395
310 424
310 454
310 471
310 481
311 373
311 390
311 427
312 439
312 498
313 463
314 343
314 366
315 346
315 353
315 373
315 377
315 379
315 385
316 365
316 389
316 402
317 405
317 453
318 319
318 325
318 331
318 370
318 381
318 406
318 425
319 359
319 370
319 436
319 467
320 483
321 373
322 336
322 347
322 355
322 370
322 371
322 381
322 383
322 394
322 399
322 413
322 464
322 478
323 379
323 435
323 469
324 438
324 475
325 327
325 359
325 370
325 381
325 406
325 434
325 436
326 343
327 461
327 465
327 490
328 342
328 366
329 334
329 363
329 387
329 483
330 342
330 343
330 345
330 352
330 366
330 372
330 373
330 374
330 378
330 387
330 412
330 424
330 444
330 446
330 481
330 483
331 393
331 483
331 485
332 357
333 374
333 456
334 370
334 387
336 355
336 357
336 386
336 413
336 445
336 473
336 499
337 374
337 416
337 458
337 474
338 339
338 435
338 441
338 472
339 441
340 355
340 367
340 369
341 373
341 420
341 494
341 495
342 366
342 418
342 492
343 372
343 378
343 384
343 387
343 421
343 446
343 448
343 483
344 483
345 366
346 353
346 373
346 377
346 379
346 385
346 427
346 484
346 494
347 355
347 405
347 414
347 429
347 453
347 491
348 382
348 408
349 350
350 373
350 427
350 466
351 374
351 380
352 412
353 373
353 379
353 400
353 463
353 484
353 494
354 461
355 357
355 369
355 370
355 373
355 374
355 376
355 414
355 422
355 424
355 438
355 440
355 442
355 464
355 468
355 473
355 475
355 483
355 491
355 496
355 499
356 363
356 370
356 387
356 490
357 370
357 386
357 413
357 439
357 445
357 464
357 473
357 498
357 499
359 370
359 387
359 436
359 464
360 472
361 373
361 379
362 373
362 379
362 400
362 426
362 463
362 470
363 370
363 387
364 398
364 430
364 476
364 478
366 370
366 373
366 387
366 418
366 423
366 428
366 444
366 481
366 492
368 414
370 381
370 387
370 406
370 411
370 425
370 434
370 437
370 452
370 461
370 464
370 483
370 490
372 384
372 448
373 374
373 377
373 379
373 385
373 407
373 420
373 426
373 449
373 463
373 480
373 484
373 488
373 494
374 375
374 389
374 396
374 408
374 416
374 417
374 447
374 449
374 451
374 458
374 459
374 474
374 477
374 483
375 424
375 449
376 438
376 442
376 468
377 385
377 455
379 385
379 391
379 400
379 427
379 431
379 463
379 464
379 470
379 482
379 494
380 396
381 425
381 437
381 464
382 408
383 464
384 448
385 455
386 445
386 499
387 452
387 464
387 483
387 485
388 461
389 402
390 427
390 432
390 466
391 441
391 463
391 482
392 419
392 457
392 494
393 483
393 485
394 464
395 428
396 424
396 447
396 460
396 479
396 487
398 430
398 476
398 478
399 440
399 489
400 426
400 463
400 470
401 483
403 478
405 450
405 453
407 494
407 497
409 420
409 433
409 497
413 462
413 464
414 429
415 483
416 458
416 474
417 477
418 428
419 494
420 433
420 497
422 440
423 444
424 444
424 459
424 481
424 483
424 487
425 437
426 463
427 432
430 478
431 463
432 497
433 488
433 497
434 464
434 467
438 442
438 475
440 464
442 491
447 449
449 451
451 477
452 483
454 471
455 484
458 474
464 467
464 483
468 475
469 472
469 493
479 487
483 485
494 495
