0 69
0 124
0 128
0 301
1 226
1 234
1 396
2 28
2 92
2 100
2 102
2 206
2 359
2 364
3 55
3 121
3 196
3 262
3 300
3 456
3 487
3 493
4 156
4 187
4 325
5 61
5 109
5 392
5 491
5 493
6 31
6 489
7 33
7 75
7 109
7 121
7 172
7 456
7 491
7 493
8 29
8 56
8 89
8 149
8 162
8 201
8 253
8 310
8 362
8 380
8 412
8 435
8 439
8 445
8 484
9 18
9 40
9 59
9 162
9 252
9 253
9 345
10 95
10 284
10 334
10 340
10 409
10 471
11 38
11 85
12 59
12 62
12 124
12 159
12 160
12 171
12 197
12 209
12 227
12 230
12 266
12 275
12 280
12 293
12 295
12 325
12 435
12 458
12 493
13 59
13 130
13 160
13 189
13 209
13 227
13 230
13 275
13 295
13 358
14 17
14 41
14 48
14 108
14 161
14 174
14 253
14 271
14 294
14 311
14 472
14 488
14 493
15 212
15 236
15 269
15 427
16 27
16 186
16 207
16 338
17 41
17 107
17 216
17 226
17 401
17 448
17 450
17 452
17 480
18 56
18 77
18 133
18 162
18 385
19 39
19 57
19 69
19 92
19 150
19 258
19 298
19 308
19 436
19 449
20 124
20 164
20 190
20 236
20 256
20 305
20 375
20 494
21 29
21 105
21 133
21 191
21 230
21 233
21 292
21 470
22 80
22 120
22 197
22 325
22 354
22 436
22 471
22 492
22 496
23 79
23 87
23 124
23 157
23 164
23 185
23 236
23 256
23 269
23 281
23 314
23 315
23 318
23 376
23 427
23 438
23 443
23 461
23 493
24 61
24 109
24 220
24 489
24 493
25 51
25 132
25 166
25 342
25 344
25 359
25 405
25 429
25 447
26 44
26 124
26 142
26 154
26 277
26 317
26 367
26 405
26 432
26 462
26 493
27 53
27 59
27 88
27 91
27 101
27 128
27 186
27 207
27 219
27 338
27 360
27 368
27 399
27 441
27 442
27 446
27 447
28 351
28 359
28 386
29 45
29 59
29 62
29 66
29 72
29 78
29 84
29 93
29 95
29 133
29 176
29 189
29 191
29 197
29 198
29 208
29 210
29 224
29 227
29 230
29 233
29 235
29 253
29 274
29 275
29 289
29 295
29 307
29 328
29 340
29 355
29 397
29 401
29 433
29 475
30 95
30 197
30 321
30 400
30 404
30 436
30 474
31 55
31 109
31 268
31 317
31 493
32 48
32 85
32 163
32 177
32 335
32 413
33 109
33 121
33 155
33 172
33 262
33 456
33 491
33 493
34 74
34 99
34 137
34 176
34 184
34 188
34 229
34 284
34 423
34 471
35 55
35 121
35 262
35 306
35 456
35 493
36 51
36 69
36 134
36 173
36 344
36 447
36 455
36 467
37 115
37 141
37 143
37 218
37 288
37 394
38 244
38 291
39 48
39 57
39 69
39 73
39 92
39 93
39 95
39 102
39 110
39 123
39 141
39 150
39 173
39 178
39 197
39 206
39 229
39 253
39 258
39 265
39 284
39 308
39 313
39 340
39 344
39 390
39 422
39 448
39 449
39 471
40 65
40 89
40 133
40 162
40 345
40 385
40 484
41 48
41 57
41 59
41 85
41 108
41 127
41 161
41 163
41 174
41 179
41 217
41 253
41 271
41 273
41 286
41 311
41 362
41 383
41 401
41 416
41 426
41 435
41 468
41 472
41 488
42 77
42 145
42 233
42 253
42 255
42 328
42 357
42 411
42 460
43 47
43 141
43 233
43 299
43 368
43 395
43 405
44 61
44 117
44 124
44 142
44 154
44 168
44 181
44 277
44 462
44 469
45 59
45 84
45 198
45 210
45 230
45 397
45 475
46 60
46 124
46 136
46 181
46 241
46 268
46 313
46 393
47 139
47 215
47 368
47 382
47 395
47 405
48 56
48 64
48 85
48 124
48 163
48 174
48 177
48 243
48 244
48 271
48 273
48 311
48 319
48 335
48 336
48 389
48 401
48 413
48 416
48 438
49 144
49 151
49 155
49 245
49 356
49 461
49 481
49 487
50 113
50 341
50 363
50 396
50 438
50 443
50 461
51 92
51 112
51 134
51 173
51 197
51 344
51 447
51 455
51 467
51 483
52 124
52 152
52 180
52 211
52 240
52 262
52 300
52 408
52 456
52 466
52 493
53 88
53 101
53 399
53 405
54 124
54 205
54 222
54 248
54 313
54 368
54 410
55 61
55 152
55 196
55 262
55 268
55 300
55 456
55 469
55 491
55 493
56 59
56 65
56 108
56 149
56 197
56 201
56 252
56 253
56 310
56 311
56 362
56 380
56 412
56 435
56 439
56 445
57 69
57 92
57 93
57 100
57 102
57 110
57 150
57 178
57 197
57 258
57 284
57 298
57 308
57 390
57 447
57 455
57 471
58 117
58 367
59 65
59 66
59 78
59 84
59 85
59 95
59 105
59 106
59 126
59 133
59 156
59 159
59 160
59 189
59 191
59 197
59 198
59 208
59 209
59 210
59 224
59 227
59 230
59 233
59 235
59 237
59 274
59 278
59 289
59 292
59 295
59 297
59 307
59 311
59 325
59 328
59 340
59 355
59 376
59 397
59 415
59 433
59 435
59 447
59 460
59 461
59 470
59 471
59 475
60 124
60 136
60 246
60 300
60 309
60 313
60 366
60 384
60 393
60 491
60 493
61 68
61 75
61 92
61 109
61 124
61 141
61 147
61 172
61 213
61 262
61 268
61 296
61 313
61 329
61 392
61 454
61 456
61 461
61 487
61 489
61 490
61 491
61 493
62 78
62 95
62 105
62 130
62 133
62 160
62 171
62 187
62 189
62 197
62 209
62 227
62 230
62 233
62 237
62 266
62 271
62 275
62 280
62 284
62 295
62 325
62 354
62 358
62 371
62 397
62 407
62 415
63 67
63 85
63 98
63 138
63 169
63 192
63 401
63 417
64 163
64 177
65 78
65 89
65 133
65 162
65 252
65 278
65 328
65 345
65 385
66 191
66 289
66 307
67 85
67 98
67 169
67 238
67 401
68 182
68 250
68 434
68 493
69 73
69 74
69 92
69 93
69 95
69 100
69 110
69 123
69 132
69 134
69 150
69 173
69 176
69 178
69 184
69 188
69 191
69 197
69 206
69 251
69 258
69 265
69 284
69 287
69 298
69 308
69 325
69 342
69 344
69 351
69 359
69 364
69 379
69 390
69 401
69 405
69 418
69 422
69 429
69 435
69 447
69 449
69 467
69 471
69 492
70 108
70 253
70 311
70 373
71 91
71 124
71 327
71 405
71 418
71 446
72 133
72 191
72 198
72 307
73 93
73 110
73 178
73 258
73 390
73 449
74 95
74 102
74 188
74 197
74 206
74 264
74 284
74 308
74 340
74 351
74 423
74 471
75 172
75 262
75 300
75 306
75 456
75 461
75 491
75 493
76 95
76 109
76 111
76 122
76 125
76 148
76 299
76 313
76 347
76 368
76 387
76 405
77 78
77 233
77 255
77 411
77 433
77 458
77 460
78 105
78 133
78 197
78 224
78 230
78 233
78 255
78 276
78 284
78 292
78 295
78 328
78 333
78 345
78 369
78 385
78 411
78 433
78 460
78 461
78 470
79 190
79 437
80 95
80 120
80 124
80 130
80 187
80 188
80 197
80 202
80 249
80 257
80 290
80 321
80 325
80 339
80 340
80 354
80 400
80 436
80 492
80 496
81 95
81 197
81 436
82 108
82 253
82 324
82 479
83 126
83 312
84 133
84 198
84 210
84 235
84 274
84 397
84 475
85 94
85 98
85 107
85 108
85 163
85 165
85 169
85 192
85 238
85 243
85 244
85 247
85 253
85 291
85 296
85 311
85 319
85 401
85 413
85 417
85 461
85 493
86 165
86 201
86 253
87 113
87 157
87 164
87 185
87 315
87 318
87 376
87 438
87 459
87 493
88 170
88 219
89 162
89 252
89 385
89 435
89 439
89 484
90 115
90 239
91 128
91 146
91 219
91 301
91 342
91 463
92 93
92 95
92 110
92 123
92 124
92 132
92 134
92 141
92 150
92 173
92 178
92 197
92 227
92 258
92 284
92 304
92 308
92 344
92 379
92 390
92 405
92 422
92 436
92 447
92 455
92 467
92 471
92 483
93 110
93 123
93 150
93 166
93 173
93 178
93 258
93 344
93 359
93 390
93 422
93 447
93 449
93 471
94 107
94 138
94 192
94 319
94 401
95 106
95 171
95 176
95 188
95 195
95 197
95 202
95 203
95 249
95 253
95 257
95 258
95 259
95 263
95 284
95 295
95 304
95 308
95 321
95 325
95 334
95 340
95 353
95 354
95 400
95 401
95 404
95 405
95 409
95 436
95 461
95 471
95 474
96 109
96 147
96 168
96 182
96 329
96 440
96 454
96 476
96 487
97 316
97 363
97 391
97 438
97 443
97 461
98 169
98 401
98 417
99 176
99 184
99 188
99 229
99 326
99 340
99 423
99 471
100 102
100 150
100 206
100 284
100 308
100 337
100 359
100 379
101 207
101 219
101 242
101 323
101 374
101 442
102 337
102 351
102 359
102 379
102 386
103 302
104 137
104 188
104 229
104 284
104 471
105 133
105 224
105 227
105 233
105 276
105 292
105 328
105 369
105 433
105 470
106 197
106 284
106 304
106 325
106 334
106 340
106 436
107 138
107 401
108 133
108 253
108 271
108 311
108 324
108 435
108 439
108 440
108 479
109 121
109 213
109 220
109 300
109 392
109 487
109 489
109 490
109 491
109 493
110 123
110 178
110 258
110 280
110 344
110 422
110 436
110 449
110 471
111 124
111 125
111 131
111 225
111 313
111 347
111 368
111 382
111 395
111 405
112 132
112 166
112 197
112 228
112 251
112 265
112 287
112 342
112 344
112 418
113 270
113 341
113 396
113 438
113 443
113 461
114 343
114 349
114 370
115 124
115 141
115 143
115 218
115 288
115 360
115 394
115 405
115 463
116 148
116 204
116 368
116 405
117 129
117 151
117 154
117 199
117 367
118 152
118 240
118 262
118 268
118 300
118 322
118 408
118 466
118 469
118 493
118 495
119 124
119 136
119 246
119 313
120 156
120 197
120 259
120 325
120 436
121 172
121 456
121 493
122 124
122 131
122 148
122 225
122 260
122 299
122 347
122 368
122 387
122 405
123 197
123 325
123 390
123 422
123 449
124 129
124 131
124 136
124 141
124 142
124 147
124 148
124 154
124 158
124 167
124 175
124 181
124 185
124 187
124 200
124 205
124 214
124 222
124 225
124 230
124 232
124 239
124 241
124 246
124 248
124 260
124 279
124 300
124 302
124 309
124 313
124 317
124 322
124 330
124 331
124 332
124 343
124 347
124 349
124 352
124 366
124 368
124 370
124 372
124 376
124 381
124 382
124 393
124 402
124 405
124 406
124 410
124 421
124 425
124 438
124 447
124 456
124 461
124 466
124 469
124 477
124 482
124 486
124 493
124 495
124 499
125 131
125 215
125 382
125 405
126 197
126 282
126 303
127 161
127 311
127 472
127 488
128 301
129 152
129 180
129 181
129 211
129 300
129 322
129 367
129 493
130 189
130 227
130 275
130 295
130 358
130 415
131 148
131 225
131 347
131 368
131 382
131 405
132 228
132 251
132 258
132 265
132 287
132 342
132 418
132 447
132 455
133 155
133 191
133 197
133 198
133 224
133 227
133 230
133 233
133 292
133 295
133 307
133 311
133 328
133 397
133 433
133 435
133 436
133 439
133 460
133 470
134 173
134 308
134 342
134 344
134 447
134 455
134 467
134 483
135 261
135 302
135 418
135 465
136 167
136 232
136 241
136 246
136 279
136 313
136 330
136 331
136 372
136 405
137 188
137 197
137 284
137 308
137 471
138 192
138 247
138 401
138 417
139 215
139 368
139 382
139 395
139 405
140 253
140 453
141 143
141 197
141 199
141 204
141 218
141 288
141 360
141 368
141 393
141 394
141 405
141 451
141 473
142 154
142 181
142 277
142 300
142 322
142 367
142 432
142 462
142 493
143 218
143 288
143 360
143 394
143 451
144 155
144 168
144 245
144 285
144 356
144 461
144 481
144 493
145 223
145 233
145 252
145 460
146 301
146 360
146 402
147 168
147 182
147 311
147 356
147 377
147 454
147 461
147 493
148 197
148 225
148 299
148 347
148 368
148 381
148 387
148 405
149 201
149 253
149 310
149 380
149 412
149 435
149 439
150 197
150 206
150 298
150 308
150 379
150 422
150 436
150 467
151 155
151 168
151 356
151 430
151 461
151 478
152 181
152 211
152 240
152 300
152 408
152 456
152 461
152 466
152 469
152 487
152 493
152 495
153 311
153 328
153 333
153 357
154 277
155 245
155 262
155 283
155 285
155 346
155 356
155 376
155 430
155 438
155 461
155 478
155 481
155 491
155 493
156 187
156 197
156 263
156 297
156 312
156 325
156 339
156 436
157 185
157 281
157 314
157 315
157 318
157 376
157 424
157 438
157 459
158 200
158 332
158 432
158 477
159 171
159 197
159 227
159 280
159 295
160 227
160 295
160 358
160 415
160 458
161 217
161 311
162 252
162 345
162 435
163 174
163 177
163 253
163 273
163 311
163 335
163 401
163 413
164 247
164 256
164 314
164 318
164 376
164 438
166 265
166 342
166 344
166 418
167 246
167 309
168 182
168 250
168 311
168 329
168 377
168 391
168 438
168 440
168 454
168 461
168 476
168 487
168 491
168 493
169 319
169 401
170 183
170 242
171 197
171 227
171 295
171 415
172 368
172 456
172 493
173 342
173 344
173 447
173 455
173 467
173 483
174 179
174 253
174 273
174 342
174 383
174 426
174 447
174 468
174 472
175 211
175 262
175 317
175 322
176 184
176 229
176 284
176 423
176 471
177 401
177 413
178 188
178 258
178 284
178 308
178 390
178 449
179 286
179 311
179 388
179 426
179 468
180 181
180 199
180 211
180 317
180 322
180 367
180 469
180 493
181 199
181 211
181 300
181 317
181 322
181 405
181 408
181 456
181 469
181 493
181 495
182 220
182 313
182 348
182 377
182 454
182 487
182 493
183 242
183 442
184 195
184 197
184 221
184 229
184 258
184 284
184 340
184 423
184 436
184 471
185 281
185 376
185 459
185 494
186 323
186 338
187 188
187 197
187 297
187 325
188 197
188 206
188 284
188 436
188 471
189 227
189 230
189 295
189 415
190 305
191 198
191 208
191 233
191 235
191 274
191 289
191 295
191 307
191 325
191 433
191 453
192 247
192 319
192 401
192 417
192 493
193 270
193 430
193 438
193 461
194 347
194 368
194 382
194 405
195 197
195 284
195 326
195 409
196 268
196 493
197 202
197 203
197 206
197 221
197 227
197 249
197 253
197 257
197 259
197 266
197 282
197 284
197 286
197 290
197 293
197 295
197 303
197 304
197 308
197 312
197 321
197 325
197 326
197 334
197 339
197 340
197 353
197 354
197 358
197 359
197 390
197 400
197 404
197 405
197 409
197 423
197 431
197 435
197 436
197 471
197 474
197 492
197 493
197 496
198 227
198 230
198 274
198 397
198 475
199 211
199 317
199 322
200 332
200 432
200 469
200 477
201 253
201 362
201 412
201 435
201 439
201 445
202 221
202 257
202 321
202 325
202 353
202 354
202 400
202 404
202 431
202 436
202 474
203 304
205 222
205 313
205 330
205 343
205 349
205 401
205 405
205 410
205 421
205 482
206 264
206 284
206 351
206 359
206 364
206 471
207 219
207 418
207 446
208 235
208 307
208 475
209 275
209 295
209 415
210 397
211 300
211 322
211 408
211 461
212 236
212 256
212 305
212 401
213 341
213 491
213 493
214 299
214 313
214 352
214 405
214 406
215 368
215 395
215 405
215 473
217 253
218 288
218 360
218 368
218 394
218 405
218 451
218 473
219 446
220 392
220 490
220 491
220 493
221 230
221 257
221 325
221 353
221 354
221 404
221 431
221 436
222 241
222 248
222 299
222 313
222 330
222 372
222 410
222 456
222 482
222 499
223 233
223 333
224 233
224 276
224 289
224 433
225 347
225 368
225 405
226 234
226 413
226 448
227 230
227 237
227 253
227 275
227 292
227 295
227 312
227 325
227 355
227 415
227 475
228 265
228 342
229 284
229 423
229 436
229 471
230 235
230 237
230 295
231 493
232 241
232 313
232 330
232 372
233 237
233 253
233 255
233 276
233 278
233 289
233 292
233 328
233 369
233 411
233 460
233 470
233 484
234 336
234 403
234 448
235 307
235 475
236 256
236 269
237 328
237 355
238 401
240 246
240 300
240 408
240 466
240 469
240 493
240 495
241 246
241 313
241 330
241 347
241 372
241 393
241 421
241 493
242 323
242 374
242 442
243 253
243 311
243 413
243 416
244 401
245 285
245 454
245 461
246 279
246 313
246 331
246 372
246 425
247 401
248 300
248 313
248 421
248 499
249 259
249 334
249 354
249 436
250 320
250 348
250 377
250 454
250 461
251 287
251 308
251 342
251 418
251 457
252 435
252 484
253 271
253 273
253 278
253 311
253 313
253 324
253 398
253 413
253 433
253 435
253 453
253 479
253 488
253 493
253 498
254 273
254 311
254 383
255 276
255 328
255 411
255 433
256 269
256 281
256 305
256 314
256 375
256 427
256 494
257 259
257 284
257 290
257 353
257 354
257 404
257 431
257 436
258 308
258 390
258 422
258 447
258 449
259 354
259 436
260 330
260 343
260 349
260 350
260 370
261 302
261 441
262 300
262 306
262 330
262 405
262 456
262 461
262 466
262 491
262 493
262 495
263 266
263 312
264 364
265 287
265 342
265 344
266 293
268 466
268 469
268 493
269 305
269 494
270 316
270 346
270 361
270 363
270 391
270 438
270 443
270 461
271 324
271 398
271 401
271 414
271 435
271 453
271 468
271 479
271 498
272 305
272 459
273 281
273 286
273 311
273 388
273 401
273 416
273 426
273 439
273 468
274 475
275 295
275 358
275 415
276 292
276 328
276 484
277 462
278 385
279 313
279 331
279 425
280 295
280 458
281 376
281 424
281 459
282 312
282 371
283 435
283 438
283 461
283 478
283 493
284 304
284 308
284 326
284 409
284 423
284 431
284 471
284 492
285 461
285 493
286 311
286 388
286 426
286 468
287 342
288 360
288 368
288 394
288 405
288 451
288 473
289 307
290 325
290 339
290 492
290 496
292 470
293 303
295 358
295 415
297 339
299 347
299 368
299 381
299 387
299 405
300 309
300 322
300 332
300 367
300 408
300 456
300 461
300 466
300 469
300 477
300 493
300 495
302 418
302 419
302 428
302 465
303 325
303 371
303 407
304 340
304 354
304 436
304 471
305 375
305 427
305 494
306 456
306 493
306 495
308 337
308 422
308 447
309 366
309 368
309 384
309 393
309 405
309 454
309 477
309 493
310 380
310 412
310 439
310 444
311 319
311 383
311 388
311 389
311 391
311 401
311 413
311 426
311 438
311 461
311 468
311 472
311 484
311 488
311 493
312 325
312 371
313 322
313 325
313 330
313 343
313 347
313 350
313 352
313 360
313 366
313 368
313 370
313 372
313 384
313 393
313 405
313 410
313 421
313 425
313 456
313 461
313 473
313 482
313 493
313 499
314 318
315 318
315 376
316 361
316 363
316 391
316 438
316 461
317 322
317 367
317 408
317 493
319 401
319 417
319 438
319 452
320 348
320 438
321 325
321 436
322 367
322 405
322 456
322 469
322 493
323 374
323 442
325 339
325 354
325 400
325 404
325 436
325 471
325 492
325 496
326 334
326 471
327 446
328 369
328 460
329 440
329 461
329 493
330 343
330 349
330 370
330 405
330 410
330 486
330 493
330 499
331 425
332 432
332 477
333 357
333 385
334 340
334 409
334 447
335 413
336 401
336 403
336 448
337 351
337 359
337 379
337 386
338 399
338 418
338 446
338 463
339 436
340 353
340 409
340 436
340 471
341 378
341 396
341 461
341 497
342 418
342 447
343 347
343 368
343 370
343 405
343 410
343 482
343 485
343 486
344 447
344 455
344 467
345 435
346 438
346 461
346 478
347 360
347 368
347 387
347 405
347 463
348 440
349 370
349 405
349 499
350 410
350 482
351 359
351 379
351 386
351 471
351 493
352 368
352 485
352 486
353 354
353 404
353 431
354 404
354 431
354 436
354 471
354 492
356 461
356 481
357 385
358 415
359 364
359 386
359 471
360 402
360 405
360 447
360 451
360 473
361 363
361 391
361 438
361 461
362 380
362 412
362 445
363 391
363 438
363 443
363 461
365 374
365 442
366 393
366 405
366 493
368 382
368 395
368 405
368 451
368 461
368 473
368 493
369 460
370 406
370 485
370 486
370 499
372 405
372 493
373 414
373 445
374 405
374 442
375 494
376 424
376 459
376 461
377 454
377 461
377 493
378 396
378 438
378 443
378 461
378 497
380 435
380 439
380 484
381 387
381 405
382 405
383 389
384 393
385 435
387 405
388 426
389 416
390 449
391 461
392 490
392 491
393 493
394 473
395 405
396 438
396 443
396 461
396 497
397 475
398 445
398 498
399 446
399 463
400 436
400 474
401 405
401 413
401 417
401 438
401 448
401 450
401 468
401 480
401 493
403 448
404 431
404 436
404 471
404 474
405 418
405 441
405 446
405 447
405 461
405 473
405 485
405 487
405 493
406 485
408 456
408 466
408 469
408 493
408 495
409 436
410 421
410 482
410 499
411 460
412 445
414 445
418 428
418 442
418 465
419 464
422 449
423 471
424 459
430 461
431 436
432 456
434 461
435 439
435 444
436 471
436 474
436 492
437 494
438 461
438 478
439 444
440 487
440 493
441 442
443 497
447 455
447 467
447 483
447 493
448 493
450 480
451 473
454 476
454 487
454 493
455 467
456 461
456 469
456 491
456 493
461 478
461 481
461 487
461 493
466 469
466 493
466 495
467 483
469 493
469 495
472 488
476 493
485 486
487 489
487 491
487 493
489 493
490 493
491 493
492 496
493 495
