0 1
0 8
0 45
0 46
0 58
0 65
0 86
0 89
0 90
0 95
1 45
1 46
1 51
1 65
1 86
1 89
1 90
1 95
2 26
2 27
2 39
2 47
2 54
2 73
2 78
2 95
3 7
3 8
3 18
3 31
3 45
3 46
3 48
3 53
3 57
3 64
3 72
3 76
3 80
3 86
3 88
3 89
3 95
4 21
4 31
4 33
4 40
4 45
4 57
4 60
4 69
4 76
4 80
4 81
4 82
4 91
5 45
5 48
5 80
6 8
6 10
6 34
6 45
6 51
6 61
6 68
6 89
7 53
7 76
7 88
8 9
8 10
8 18
8 20
8 24
8 32
8 35
8 41
8 43
8 45
8 51
8 61
8 67
8 68
8 72
8 77
8 83
8 84
8 95
9 13
9 32
9 41
9 63
9 95
10 18
10 20
10 24
10 34
10 35
10 41
10 43
10 45
10 51
10 68
10 76
10 80
10 83
10 84
10 86
10 89
10 95
11 33
11 53
11 64
11 76
11 80
11 95
12 26
12 32
12 47
12 56
12 78
12 94
13 32
13 37
13 47
13 52
13 63
13 76
13 80
13 81
13 82
13 87
13 95
14 63
14 81
14 87
14 95
15 17
15 41
15 68
15 85
15 95
16 41
16 72
16 85
16 95
17 36
17 50
17 68
17 95
18 29
18 30
18 42
18 45
18 51
18 53
18 58
18 75
18 80
18 89
18 93
18 95
19 81
19 87
19 95
19 96
20 26
20 34
20 38
20 41
20 51
20 68
20 89
20 95
21 31
21 76
21 82
22 23
22 25
22 31
22 57
22 60
22 63
22 76
22 80
22 81
22 82
22 91
22 95
23 31
23 40
23 57
23 69
23 76
23 80
23 82
23 91
23 95
24 34
24 35
24 38
24 43
24 51
24 68
24 72
24 76
24 95
25 76
25 80
25 82
26 27
26 32
26 47
26 56
26 78
26 95
27 32
27 36
27 41
27 45
27 54
27 55
27 68
27 74
27 76
27 95
28 61
28 65
28 77
28 89
28 95
29 42
29 45
29 93
29 95
30 42
30 45
30 58
30 75
31 40
31 45
31 51
31 57
31 69
31 76
31 80
31 81
31 82
31 87
31 91
32 40
32 41
32 45
32 47
32 55
32 59
32 62
32 63
32 68
32 70
32 73
32 76
32 78
32 80
32 82
32 94
32 95
33 45
33 57
33 76
33 80
34 38
34 41
34 51
34 68
34 72
34 79
34 85
34 89
34 95
35 45
35 51
35 67
35 84
35 95
36 39
36 41
36 45
36 50
36 62
36 68
36 95
37 63
38 68
38 72
38 79
38 89
38 95
39 41
39 45
39 50
39 51
39 55
39 62
39 63
39 70
39 74
39 89
39 95
40 57
40 69
40 76
40 80
40 82
40 91
41 45
41 50
41 51
41 55
41 61
41 63
41 68
41 72
41 79
41 85
41 95
41 98
41 99
42 45
42 48
42 71
42 86
42 93
42 95
43 51
43 67
43 68
43 84
43 95
44 76
44 81
44 92
45 46
45 48
45 50
45 51
45 53
45 62
45 63
45 68
45 71
45 73
45 76
45 77
45 79
45 80
45 84
45 86
45 88
45 89
45 90
45 91
45 93
45 95
46 53
46 58
46 65
46 77
46 86
46 89
46 95
47 63
47 68
47 94
48 51
48 68
48 71
48 89
48 93
48 95
49 63
49 81
49 92
50 79
50 84
50 95
51 53
51 61
51 64
51 67
51 68
51 72
51 76
51 83
51 84
51 85
51 89
51 93
51 95
52 87
53 63
53 64
53 76
53 80
53 88
53 89
53 95
54 70
54 73
55 78
56 95
57 64
57 76
57 80
57 82
57 91
58 71
58 75
58 86
58 89
58 90
59 97
60 76
60 87
61 77
61 89
61 95
62 70
62 73
62 74
62 79
62 89
62 95
63 78
63 80
63 81
63 87
63 91
63 95
64 76
64 80
64 88
65 77
65 89
65 95
66 81
67 84
67 95
68 72
68 76
68 79
68 83
68 84
68 85
68 89
68 95
69 76
69 80
69 91
70 74
72 79
72 85
72 95
74 95
76 78
76 80
76 81
76 82
76 87
76 88
76 89
76 91
76 95
77 89
77 95
78 94
78 95
79 85
79 95
79 99
80 81
80 82
80 87
80 88
80 89
80 91
81 87
81 89
81 92
81 95
81 96
82 91
83 95
84 89
84 95
85 95
86 89
86 90
86 95
87 92
87 95
87 96
88 95
89 90
89 95
91 95
92 96
94 95
95 98
95 99
98 99
