0 382
0 730
1 74
1 197
1 622
2 492
3 659
3 839
3 982
4 125
4 128
4 613
4 898
5 205
5 709
6 784
6 900
7 132
7 205
7 379
7 520
7 555
7 812
8 68
8 74
8 78
8 97
8 132
8 205
8 265
8 292
8 479
8 565
8 647
8 656
8 660
8 700
8 709
8 749
8 861
8 884
8 903
9 455
9 468
9 492
9 602
10 492
10 560
10 640
11 226
11 634
11 846
11 910
12 74
12 138
12 197
12 273
12 306
12 359
12 412
12 492
12 541
12 658
12 858
13 477
13 872
14 24
14 471
14 632
14 952
15 69
15 492
15 688
15 756
16 151
16 254
16 324
16 492
17 117
17 283
18 56
18 777
19 315
19 659
19 683
19 971
20 340
20 433
20 487
20 568
20 605
21 179
21 598
22 197
22 246
22 662
22 845
22 961
23 24
23 65
23 132
23 205
23 229
23 257
23 294
23 320
23 324
23 333
23 344
23 366
23 390
23 392
23 492
23 547
23 558
23 606
23 632
23 643
23 670
23 700
23 719
23 728
23 764
23 776
23 814
23 919
23 929
23 930
23 999
24 74
24 116
24 132
24 145
24 197
24 205
24 260
24 287
24 294
24 300
24 332
24 333
24 366
24 368
24 379
24 390
24 391
24 392
24 431
24 439
24 454
24 471
24 492
24 494
24 519
24 526
24 550
24 562
24 632
24 700
24 726
24 728
24 747
24 752
24 764
24 792
24 793
24 814
24 888
24 900
24 906
24 938
24 952
24 955
24 966
24 969
24 983
24 990
24 995
24 999
25 766
25 794
26 390
26 483
26 570
26 708
27 52
27 74
27 165
27 197
27 492
27 499
27 532
27 778
27 816
27 962
28 74
28 109
28 480
28 768
28 793
28 940
29 69
29 74
29 163
29 197
29 247
29 270
29 305
29 412
29 455
29 492
29 602
29 805
29 916
30 659
30 863
31 70
31 567
31 570
31 958
32 74
32 197
32 492
32 503
32 534
32 557
32 585
32 627
32 705
33 74
33 127
33 132
33 205
33 391
33 594
33 599
33 632
33 700
33 745
34 74
34 131
34 132
34 205
34 271
34 349
34 363
34 561
34 700
34 835
34 877
35 299
35 394
35 416
35 448
35 492
35 924
35 985
36 342
36 796
37 815
37 974
38 74
38 197
38 228
38 269
38 377
38 455
38 492
38 585
38 607
38 636
38 923
39 522
39 648
39 824
40 632
40 888
40 906
41 213
41 527
41 529
41 659
42 134
42 246
42 732
43 72
43 137
43 153
43 209
43 394
43 448
43 536
43 554
43 628
43 689
43 751
43 804
43 985
43 993
44 492
45 74
45 114
45 197
45 209
45 357
45 376
45 492
45 595
45 611
45 639
45 779
45 834
45 910
45 920
46 96
46 408
46 464
46 712
46 774
47 132
47 205
47 230
47 391
47 414
47 599
47 675
47 745
48 606
48 999
49 92
49 213
49 527
49 767
49 783
49 886
49 898
49 942
50 74
50 197
50 307
50 326
50 492
50 577
50 624
50 705
50 780
50 843
50 903
51 74
51 155
51 705
52 74
52 105
52 155
52 166
52 169
52 188
52 189
52 197
52 224
52 225
52 289
52 492
52 531
52 705
52 791
52 865
53 132
53 205
53 348
53 349
53 700
54 901
54 911
55 294
55 430
55 509
55 670
55 726
55 728
56 84
56 137
56 286
56 299
56 378
56 448
56 456
56 539
56 554
56 649
56 665
56 777
56 787
56 804
56 810
56 813
56 901
56 910
56 951
56 985
57 132
57 343
57 395
57 884
58 110
58 197
58 262
58 322
58 417
58 605
58 903
59 505
59 784
59 887
59 900
59 901
59 972
60 74
60 197
60 295
61 903
62 294
63 89
63 465
63 766
63 788
63 841
63 900
63 926
64 74
64 107
64 197
64 198
64 492
64 532
65 182
65 569
65 814
65 891
65 930
65 970
66 70
66 390
66 567
66 570
66 737
67 442
67 519
67 564
67 570
67 643
68 97
68 126
68 132
68 205
68 265
68 647
68 749
69 74
69 90
69 138
69 159
69 183
69 197
69 273
69 290
69 301
69 335
69 377
69 412
69 434
69 441
69 492
69 602
69 607
69 729
69 730
69 759
69 826
69 836
70 132
70 215
70 337
70 390
70 422
70 467
70 492
70 505
70 519
70 527
70 564
70 567
70 570
70 613
70 700
70 784
70 821
70 871
70 886
70 900
70 901
70 958
71 390
71 422
71 462
71 492
71 564
71 570
71 643
71 741
71 821
71 900
72 137
72 153
72 209
72 339
72 394
72 448
72 536
72 554
72 751
72 804
72 933
72 985
73 197
74 79
74 83
74 86
74 90
74 94
74 97
74 98
74 103
74 104
74 107
74 115
74 123
74 129
74 132
74 136
74 137
74 138
74 140
74 143
74 144
74 148
74 153
74 155
74 161
74 165
74 166
74 168
74 169
74 179
74 180
74 183
74 184
74 187
74 188
74 189
74 193
74 194
74 197
74 198
74 199
74 201
74 205
74 207
74 208
74 209
74 210
74 216
74 218
74 225
74 240
74 245
74 255
74 260
74 263
74 266
74 273
74 275
74 277
74 278
74 282
74 289
74 294
74 295
74 297
74 299
74 300
74 304
74 307
74 312
74 317
74 318
74 328
74 331
74 333
74 336
74 341
74 349
74 352
74 355
74 373
74 375
74 376
74 377
74 385
74 388
74 390
74 392
74 393
74 394
74 396
74 413
74 424
74 425
74 428
74 429
74 432
74 448
74 453
74 455
74 463
74 464
74 466
74 475
74 477
74 480
74 483
74 485
74 487
74 488
74 490
74 492
74 494
74 498
74 499
74 503
74 512
74 514
74 518
74 520
74 521
74 522
74 523
74 525
74 531
74 532
74 537
74 541
74 556
74 565
74 568
74 570
74 571
74 572
74 574
74 580
74 584
74 585
74 587
74 588
74 589
74 592
74 602
74 603
74 604
74 605
74 606
74 608
74 610
74 614
74 624
74 627
74 632
74 636
74 639
74 642
74 648
74 650
74 659
74 661
74 667
74 669
74 673
74 681
74 687
74 694
74 700
74 703
74 705
74 711
74 713
74 722
74 725
74 728
74 729
74 734
74 743
74 744
74 760
74 766
74 776
74 778
74 780
74 793
74 797
74 801
74 806
74 807
74 808
74 816
74 827
74 831
74 835
74 843
74 853
74 856
74 865
74 866
74 867
74 872
74 875
74 884
74 889
74 890
74 897
74 900
74 901
74 902
74 903
74 910
74 922
74 926
74 931
74 935
74 953
74 955
74 957
74 962
74 979
74 981
74 984
74 992
74 994
74 995
74 996
75 179
75 311
76 181
76 197
76 429
76 981
77 234
78 205
78 308
78 349
78 370
78 460
78 493
78 561
78 600
78 700
79 249
79 307
79 609
79 624
80 361
81 95
81 492
81 498
81 889
82 266
82 307
82 556
82 624
83 144
83 166
83 189
83 197
83 295
83 673
83 996
84 299
84 394
84 492
84 649
84 810
84 910
85 233
85 659
85 839
85 971
85 982
86 187
86 189
86 197
86 307
86 410
86 432
86 681
86 705
86 831
86 996
87 231
87 764
88 132
88 197
88 205
88 383
88 568
88 605
88 630
88 882
88 903
88 978
89 367
89 766
89 788
89 926
90 121
90 183
90 197
90 301
90 492
90 579
90 607
90 720
90 729
90 799
91 122
91 196
91 334
91 625
91 880
92 390
92 492
92 527
92 570
92 659
92 767
92 815
92 886
92 900
92 901
92 942
92 974
93 713
94 327
95 138
95 149
95 218
95 277
95 492
95 498
95 818
95 830
95 862
96 712
96 774
97 126
97 132
97 197
97 205
97 265
97 292
97 349
97 391
97 632
97 709
97 721
97 749
97 884
97 903
98 107
98 154
98 194
98 197
98 208
98 318
98 485
98 669
98 853
98 953
99 122
100 390
100 483
100 570
101 412
101 455
101 680
102 187
102 197
102 636
102 761
102 802
103 155
103 189
103 197
103 295
103 453
103 705
104 197
104 318
104 727
105 184
105 187
105 197
105 705
105 831
106 163
106 492
107 165
107 197
107 318
107 373
107 485
107 492
107 607
107 705
107 831
107 962
109 480
109 768
109 793
110 417
110 487
110 543
111 132
111 406
111 524
111 884
112 273
112 412
112 492
112 502
112 549
112 718
113 138
113 218
113 325
113 492
113 910
113 913
113 920
114 115
114 138
114 178
114 218
114 281
114 339
114 351
114 376
114 481
114 492
114 540
114 634
114 758
114 786
114 846
114 848
114 910
114 975
114 985
115 281
115 492
115 654
115 758
115 786
115 910
115 926
116 254
116 344
117 174
117 203
117 283
117 314
117 390
117 492
117 497
117 505
117 570
117 643
117 900
117 901
118 146
118 501
118 650
119 333
119 606
119 873
119 917
119 988
120 132
120 990
121 799
122 177
122 403
122 435
122 625
122 880
123 166
123 197
123 295
123 485
123 531
123 705
124 197
124 263
124 377
124 412
124 492
124 756
124 795
125 128
125 390
125 539
125 542
125 570
125 613
125 898
126 250
126 350
127 132
127 205
127 349
127 391
127 561
127 594
127 599
127 700
127 745
127 822
127 903
127 906
128 390
128 482
128 492
128 527
128 539
128 613
128 659
128 898
129 155
129 169
129 187
129 189
129 197
129 289
129 705
129 935
130 281
130 492
130 654
130 786
130 910
131 132
131 205
131 271
131 349
131 363
131 561
131 600
131 700
131 835
132 138
132 145
132 152
132 167
132 180
132 187
132 197
132 200
132 205
132 218
132 219
132 226
132 230
132 236
132 239
132 257
132 260
132 264
132 265
132 271
132 272
132 274
132 280
132 292
132 294
132 295
132 300
132 307
132 308
132 324
132 333
132 336
132 348
132 349
132 350
132 361
132 363
132 364
132 366
132 368
132 373
132 374
132 379
132 383
132 391
132 392
132 407
132 411
132 412
132 414
132 426
132 448
132 452
132 455
132 460
132 471
132 488
132 490
132 492
132 493
132 517
132 520
132 522
132 524
132 526
132 527
132 547
132 555
132 561
132 564
132 565
132 566
132 568
132 571
132 573
132 586
132 594
132 599
132 600
132 605
132 606
132 609
132 612
132 615
132 618
132 628
132 632
132 647
132 648
132 652
132 655
132 656
132 659
132 675
132 677
132 700
132 705
132 712
132 713
132 717
132 724
132 728
132 745
132 746
132 749
132 753
132 764
132 770
132 777
132 784
132 793
132 809
132 811
132 814
132 822
132 824
132 835
132 839
132 842
132 860
132 868
132 873
132 877
132 884
132 888
132 900
132 901
132 903
132 906
132 910
132 917
132 926
132 930
132 944
132 949
132 950
132 955
132 966
132 985
132 990
132 995
132 999
133 205
133 999
134 138
134 197
134 211
134 263
134 273
134 356
134 428
134 469
134 492
134 677
134 733
134 776
134 900
134 977
134 991
135 659
136 138
136 197
136 273
136 365
136 399
136 492
136 502
136 776
136 847
136 991
137 153
137 209
137 243
137 299
137 394
137 448
137 492
137 495
137 536
137 554
137 689
137 750
137 751
137 804
137 910
137 924
137 985
137 993
138 139
138 173
138 197
138 211
138 218
138 227
138 246
138 252
138 267
138 273
138 299
138 302
138 312
138 325
138 347
138 361
138 377
138 387
138 390
138 397
138 399
138 412
138 428
138 448
138 469
138 472
138 474
138 487
138 492
138 498
138 510
138 513
138 527
138 532
138 541
138 549
138 581
138 583
138 607
138 639
138 658
138 664
138 677
138 693
138 696
138 698
138 701
138 712
138 732
138 733
138 754
138 776
138 830
138 833
138 845
138 850
138 875
138 889
138 900
138 910
138 926
138 942
138 977
138 991
139 302
139 469
139 492
139 677
140 161
140 165
140 197
140 198
140 210
140 705
140 808
140 984
141 303
141 403
141 440
142 151
143 175
143 195
143 197
143 214
143 261
143 294
143 303
143 313
143 342
143 353
143 384
143 426
143 448
143 458
143 465
143 492
143 501
143 505
143 559
143 674
143 684
143 784
143 796
143 878
143 901
143 911
143 921
143 972
144 199
144 295
144 673
145 197
145 368
145 392
145 431
145 562
145 632
145 652
145 752
145 793
145 906
145 955
145 966
145 983
145 995
146 367
146 501
147 197
147 492
147 659
147 839
147 971
147 982
148 197
148 377
148 382
148 415
148 492
148 496
148 515
148 730
149 218
149 246
149 492
149 498
149 677
149 701
149 889
150 218
150 341
150 492
150 845
150 910
151 324
151 663
151 873
151 986
152 205
152 555
152 700
153 185
153 197
153 209
153 243
153 394
153 448
153 492
153 495
153 536
153 554
153 628
153 689
153 751
153 787
153 804
153 910
153 924
153 985
153 993
154 194
154 197
154 669
155 166
155 169
155 197
155 289
155 492
155 531
155 705
155 825
155 935
155 996
156 235
156 254
156 344
156 372
156 790
158 209
158 690
159 335
159 492
159 759
160 197
160 373
160 499
160 801
161 165
161 197
161 210
161 295
161 485
161 711
161 984
162 294
162 494
162 670
162 728
162 912
163 795
164 412
164 455
164 492
165 187
165 189
165 197
165 198
165 205
165 210
165 245
165 255
165 275
165 295
165 307
165 318
165 328
165 336
165 349
165 373
165 375
165 379
165 413
165 425
165 429
165 485
165 492
165 499
165 518
165 521
165 531
165 532
165 580
165 585
165 604
165 667
165 669
165 705
165 729
165 744
165 777
165 778
165 791
165 808
165 816
165 831
165 890
165 902
165 910
165 927
165 937
165 953
165 962
165 979
165 984
166 188
166 189
166 295
166 453
166 492
166 531
166 705
167 383
167 574
167 618
167 903
168 197
168 205
168 266
168 421
168 492
168 556
168 646
168 793
169 189
169 197
169 289
169 307
169 492
169 705
169 957
170 182
170 333
170 929
170 930
171 201
171 278
171 385
171 592
171 897
172 746
173 263
173 423
173 478
173 492
173 776
173 798
173 875
173 947
173 991
174 283
174 314
174 519
174 590
174 900
175 353
175 900
176 218
176 492
176 913
177 380
177 435
177 492
178 492
178 634
178 910
179 197
179 311
179 492
179 679
179 680
179 722
179 805
179 866
180 190
180 197
180 204
180 205
180 207
180 237
180 304
180 504
180 571
180 605
180 612
180 642
180 713
180 749
180 793
181 197
181 429
181 669
181 981
182 294
182 459
182 558
182 632
182 929
182 930
183 197
183 244
183 291
183 354
183 377
183 419
183 579
183 607
183 720
183 729
183 759
183 799
183 859
183 908
183 967
184 584
185 209
185 243
185 394
185 448
185 554
185 689
185 751
185 804
185 985
185 993
186 709
187 189
187 197
187 217
187 255
187 289
187 326
187 410
187 492
187 700
187 705
187 831
187 937
187 996
188 189
188 197
188 225
188 295
188 352
188 531
188 705
188 807
188 865
188 931
188 996
189 197
189 224
189 225
189 289
189 295
189 307
189 352
189 432
189 492
189 531
189 667
189 669
189 705
189 791
189 807
189 831
189 865
189 935
189 996
190 307
190 793
191 197
191 398
191 659
192 218
192 226
192 323
192 339
192 437
192 492
192 689
192 695
192 765
192 837
192 846
192 910
192 968
193 197
193 429
193 827
193 994
194 197
194 669
195 197
195 380
195 426
195 796
196 303
196 313
196 403
196 435
196 892
197 198
197 199
197 201
197 205
197 208
197 209
197 210
197 218
197 228
197 240
197 242
197 245
197 246
197 248
197 255
197 263
197 266
197 269
197 270
197 272
197 273
197 275
197 278
197 289
197 292
197 294
197 295
197 301
197 304
197 307
197 308
197 317
197 318
197 323
197 325
197 327
197 328
197 331
197 333
197 336
197 339
197 349
197 350
197 354
197 355
197 361
197 366
197 373
197 375
197 377
197 385
197 388
197 390
197 393
197 394
197 396
197 405
197 412
197 413
197 415
197 424
197 425
197 428
197 429
197 432
197 448
197 455
197 463
197 464
197 466
197 469
197 480
197 485
197 487
197 492
197 496
197 498
197 499
197 502
197 503
197 504
197 505
197 512
197 513
197 514
197 515
197 518
197 519
197 521
197 523
197 526
197 530
197 531
197 532
197 533
197 534
197 537
197 538
197 549
197 557
197 560
197 563
197 565
197 568
197 571
197 572
197 580
197 585
197 587
197 589
197 591
197 592
197 602
197 603
197 604
197 605
197 610
197 612
197 616
197 617
197 622
197 624
197 629
197 631
197 632
197 636
197 639
197 647
197 656
197 658
197 659
197 661
197 667
197 669
197 672
197 679
197 680
197 681
197 687
197 688
197 700
197 703
197 705
197 711
197 713
197 714
197 717
197 720
197 722
197 727
197 728
197 729
197 730
197 733
197 734
197 736
197 739
197 743
197 744
197 745
197 749
197 756
197 759
197 760
197 761
197 764
197 766
197 776
197 778
197 780
197 785
197 793
197 797
197 799
197 801
197 802
197 804
197 806
197 807
197 808
197 810
197 816
197 824
197 825
197 826
197 827
197 831
197 838
197 847
197 853
197 859
197 865
197 866
197 867
197 875
197 890
197 895
197 900
197 901
197 902
197 903
197 908
197 910
197 917
197 922
197 923
197 926
197 928
197 931
197 934
197 947
197 953
197 957
197 962
197 967
197 979
197 981
197 984
197 985
197 990
197 991
197 992
197 993
197 994
197 996
197 999
198 210
198 245
198 375
198 518
198 979
199 331
199 485
199 587
199 808
200 205
200 265
200 516
200 648
200 656
200 824
200 903
201 278
201 336
201 385
201 463
201 592
201 705
201 996
202 273
202 492
202 541
203 492
203 505
203 707
203 900
204 304
204 612
204 642
205 221
205 241
205 250
205 253
205 257
205 264
205 265
205 271
205 274
205 280
205 285
205 292
205 294
205 304
205 307
205 308
205 324
205 333
205 336
205 343
205 344
205 348
205 349
205 350
205 361
205 363
205 366
205 370
205 379
205 383
205 390
205 391
205 392
205 395
205 407
205 411
205 414
205 448
205 452
205 460
205 463
205 466
205 485
205 487
205 488
205 490
205 492
205 493
205 517
205 522
205 524
205 526
205 547
205 555
205 561
205 565
205 566
205 568
205 573
205 586
205 594
205 599
205 600
205 606
205 615
205 618
205 632
205 638
205 647
205 648
205 655
205 656
205 659
205 660
205 675
205 700
205 705
205 709
205 713
205 716
205 717
205 724
205 728
205 745
205 746
205 753
205 764
205 770
205 776
205 793
205 809
205 811
205 824
205 835
205 860
205 861
205 868
205 872
205 877
205 898
205 900
205 901
205 903
205 906
205 917
205 926
205 930
205 932
205 937
205 944
205 947
205 950
205 955
205 990
205 995
206 239
206 294
206 333
206 366
206 430
207 282
207 492
207 504
207 571
207 642
207 793
208 373
208 492
208 499
208 669
208 853
209 243
209 299
209 394
209 448
209 492
209 495
209 554
209 628
209 689
209 750
209 751
209 787
209 804
209 810
209 910
209 924
209 933
209 939
209 985
209 993
210 328
210 485
210 492
210 521
210 523
210 705
210 808
210 984
211 387
211 492
211 664
211 833
211 977
212 264
212 811
212 990
213 527
213 659
213 886
213 942
214 796
214 972
215 390
215 570
216 681
216 705
216 996
217 705
218 246
218 252
218 277
218 302
218 312
218 325
218 347
218 389
218 397
218 448
218 492
218 498
218 540
218 549
218 641
218 662
218 677
218 698
218 706
218 729
218 830
218 845
218 850
218 879
218 889
218 900
218 909
218 910
218 920
218 961
219 526
219 632
219 966
220 632
220 899
221 307
221 605
221 713
221 793
222 671
223 589
223 936
224 705
225 289
225 295
225 352
225 705
226 339
226 401
226 437
226 492
226 528
226 712
226 848
226 910
226 968
226 985
226 989
227 837
227 848
229 239
229 333
229 430
229 659
230 391
230 599
230 700
231 764
231 980
232 713
232 978
233 659
233 971
234 999
235 917
236 809
237 480
237 638
238 766
238 915
238 918
238 926
239 294
239 333
239 366
239 430
239 471
239 492
239 659
239 692
239 728
239 906
240 255
240 485
241 565
242 492
242 910
242 959
243 394
243 448
243 689
243 751
243 985
243 993
244 492
245 375
245 413
245 744
245 979
246 492
246 498
246 507
246 677
246 722
246 732
246 845
246 875
246 910
246 920
247 270
247 305
247 412
247 455
247 492
247 916
248 266
248 793
249 307
249 609
249 624
249 793
249 870
250 292
250 700
250 749
251 492
251 602
251 680
252 418
252 492
252 733
253 383
253 407
253 476
253 543
253 605
253 618
253 704
253 855
253 903
255 295
255 485
255 521
255 610
255 667
255 705
255 808
256 659
257 294
257 333
257 366
257 430
257 492
257 606
257 929
258 366
258 657
258 719
258 793
258 904
258 917
259 492
260 294
260 332
260 333
260 368
260 392
260 439
260 562
260 632
260 752
261 674
261 901
262 383
262 417
262 903
263 273
263 412
263 472
263 478
263 492
263 525
263 583
263 593
263 677
263 776
263 875
263 991
264 717
264 811
264 990
265 700
265 749
266 307
266 421
266 463
266 480
266 492
266 556
266 624
266 646
266 694
266 705
266 793
267 492
267 754
267 875
268 377
268 699
268 820
269 636
269 669
270 305
270 412
270 455
270 492
270 680
271 349
271 363
271 561
271 700
271 745
271 835
272 279
272 298
272 445
272 487
272 605
273 338
273 359
273 365
273 386
273 412
273 428
273 455
273 468
273 489
273 492
273 498
273 502
273 541
273 549
273 776
273 847
273 893
274 391
274 517
274 700
274 745
275 485
275 521
275 610
277 492
277 498
277 862
277 889
278 385
278 463
278 514
278 584
278 592
278 705
278 897
279 298
279 445
279 605
280 292
280 615
280 647
280 753
280 950
281 910
282 504
282 642
283 497
283 505
283 564
283 900
284 449
284 505
284 784
284 887
284 900
284 901
285 369
285 479
285 656
285 709
286 339
286 378
286 448
286 456
286 492
286 649
286 665
286 810
287 454
287 550
287 632
287 752
287 906
287 995
288 294
288 471
288 632
288 906
288 969
289 295
289 307
289 705
289 791
289 865
289 935
289 937
289 957
289 996
290 377
290 415
290 492
290 730
290 976
292 349
292 350
292 460
292 492
292 493
292 565
292 615
292 647
292 660
292 700
292 753
292 770
292 824
292 861
292 903
292 950
293 570
294 320
294 324
294 329
294 333
294 344
294 349
294 366
294 368
294 390
294 392
294 430
294 444
294 471
294 492
294 494
294 506
294 509
294 520
294 526
294 550
294 555
294 558
294 606
294 632
294 657
294 670
294 692
294 700
294 710
294 712
294 726
294 728
294 752
294 757
294 790
294 814
294 817
294 839
294 900
294 906
294 912
294 917
294 929
294 930
294 938
294 943
294 946
294 949
294 990
294 995
294 999
295 307
295 485
295 492
295 531
295 532
295 568
295 580
295 624
295 667
295 703
295 705
295 734
295 793
295 808
295 831
295 865
295 931
295 996
296 606
296 764
296 781
296 800
296 949
297 705
297 831
298 433
298 445
298 487
298 568
298 605
298 903
299 307
299 339
299 394
299 448
299 492
299 554
299 649
299 676
299 777
299 810
299 813
299 834
299 924
299 985
300 492
300 526
300 632
300 966
300 995
300 997
302 469
302 492
302 677
303 313
303 403
303 435
303 440
303 892
304 307
304 492
304 605
304 612
304 642
304 700
304 705
304 713
304 793
304 903
305 412
305 455
305 492
305 916
306 492
307 309
307 321
307 326
307 339
307 371
307 385
307 480
307 487
307 492
307 514
307 556
307 588
307 592
307 609
307 624
307 626
307 638
307 646
307 705
307 731
307 772
307 780
307 793
307 831
307 843
307 849
307 856
307 870
307 996
307 999
308 349
308 370
308 452
308 460
308 493
308 561
308 565
308 566
308 647
310 674
310 901
310 921
311 492
311 679
311 722
311 805
311 866
311 895
312 492
312 641
312 845
312 850
312 909
312 961
313 403
313 440
314 900
315 683
315 702
315 828
316 339
316 437
316 528
316 678
316 910
317 336
317 705
317 831
318 727
318 816
319 412
319 492
319 530
319 661
320 558
321 556
322 383
322 704
322 881
322 903
323 339
323 437
323 848
324 344
324 917
324 986
325 345
325 389
325 397
325 492
325 498
325 540
325 641
325 698
325 706
325 845
325 850
325 909
325 910
326 577
327 622
327 669
328 808
329 333
329 366
329 430
329 632
330 361
330 774
330 789
331 587
331 667
331 703
332 368
332 392
332 439
332 632
332 752
333 366
333 430
333 492
333 520
333 632
333 670
333 692
333 726
333 728
333 814
333 900
333 906
333 917
333 919
333 929
333 930
333 999
334 492
334 501
335 492
335 759
336 385
336 492
336 584
336 669
336 705
336 793
337 390
337 448
337 467
337 871
338 492
338 541
339 394
339 401
339 437
339 448
339 492
339 528
339 554
339 628
339 677
339 678
339 837
339 848
339 910
339 968
340 433
340 487
340 838
341 345
341 492
341 548
341 639
341 920
342 353
342 492
342 684
343 395
343 524
343 884
344 492
344 527
344 659
344 663
344 719
344 814
344 917
344 970
344 986
344 999
345 492
345 639
345 677
345 779
345 910
345 920
346 606
346 620
346 668
346 873
346 999
347 492
347 677
347 696
347 776
348 349
348 700
349 363
349 391
349 452
349 460
349 492
349 493
349 555
349 561
349 565
349 594
349 600
349 632
349 647
349 656
349 659
349 700
349 705
349 745
349 753
349 835
349 860
349 868
349 877
349 900
349 903
350 565
350 660
350 753
350 861
351 492
351 846
351 910
351 975
352 531
352 705
352 865
353 361
353 384
353 390
353 426
353 505
353 900
353 901
353 972
354 492
354 908
354 967
355 492
355 607
355 669
356 492
356 583
356 593
356 776
357 376
357 492
357 910
357 914
358 775
359 386
359 468
359 489
359 492
360 527
360 659
360 783
360 803
360 839
360 857
360 894
361 405
361 408
361 448
361 464
361 492
361 511
361 645
361 766
361 777
361 789
362 839
363 561
363 573
363 700
363 835
364 490
364 990
365 428
365 492
365 513
365 776
365 847
365 893
366 430
366 492
366 494
366 520
366 570
366 632
366 659
366 670
366 692
366 700
366 705
366 726
366 728
366 903
366 929
366 930
366 999
367 500
367 552
367 918
368 392
368 431
368 632
368 752
368 995
369 656
369 700
370 452
370 460
370 493
370 932
371 492
371 624
372 917
373 388
373 485
373 492
373 499
373 669
373 801
373 808
373 953
374 573
375 979
376 492
376 611
376 834
376 910
376 914
377 382
377 415
377 441
377 455
377 492
377 496
377 515
377 607
377 729
377 730
377 759
377 847
377 885
379 520
379 555
379 586
379 632
379 700
379 917
381 470
381 527
381 659
381 740
382 415
382 441
382 492
382 496
382 515
382 730
382 885
383 407
383 476
383 492
383 543
383 565
383 568
383 574
383 605
383 618
383 700
383 704
383 793
383 855
383 881
383 903
383 978
384 426
385 463
385 514
385 705
385 897
386 412
386 492
387 492
387 658
388 499
388 629
388 727
389 397
389 492
389 845
390 422
390 442
390 448
390 467
390 473
390 483
390 492
390 505
390 519
390 527
390 539
390 559
390 564
390 567
390 570
390 590
390 632
390 643
390 700
390 737
390 741
390 766
390 769
390 783
390 815
390 821
390 871
390 900
390 901
390 958
390 963
390 965
391 414
391 517
391 547
391 561
391 594
391 599
391 647
391 675
391 700
391 745
391 822
391 877
391 884
391 990
392 430
392 431
392 439
392 454
392 562
392 632
392 659
392 700
392 747
392 752
392 888
392 903
392 906
392 983
392 995
393 681
393 705
393 937
394 416
394 448
394 492
394 495
394 536
394 554
394 625
394 628
394 676
394 689
394 751
394 777
394 787
394 804
394 810
394 900
394 910
394 924
394 939
394 985
394 993
395 524
395 700
395 884
396 429
396 492
396 927
396 934
397 492
397 698
397 706
397 845
397 850
397 961
398 659
398 900
399 492
399 776
400 492
400 581
400 776
400 875
400 947
400 991
401 492
401 989
402 568
402 605
402 630
402 735
402 903
402 978
403 435
403 440
403 625
403 880
403 900
404 900
405 448
405 511
405 623
405 635
405 645
406 656
406 884
407 574
407 605
407 618
407 903
407 987
408 464
408 492
408 645
408 712
408 766
408 774
408 910
408 926
409 570
410 603
410 705
410 996
411 516
411 522
412 455
412 468
412 475
412 485
412 492
412 498
412 502
412 530
412 541
412 549
412 602
412 661
412 679
412 680
412 712
412 714
412 748
412 776
412 900
412 903
412 916
412 961
413 518
413 979
414 547
414 700
414 717
415 492
415 756
416 448
416 554
416 985
418 492
418 498
418 733
418 889
419 492
419 607
420 539
420 659
420 715
421 646
422 570
423 492
423 776
423 798
423 954
423 991
424 556
424 624
424 856
424 925
425 492
425 521
426 796
426 901
426 926
427 448
427 560
427 926
428 474
428 492
428 581
428 776
428 875
428 947
428 991
429 492
429 669
429 827
429 927
429 934
429 981
429 994
430 526
430 659
430 692
431 562
431 632
432 705
433 487
433 568
433 605
433 632
433 713
433 793
433 838
433 872
434 492
434 598
434 714
435 440
435 501
436 445
436 568
436 605
436 903
437 448
437 492
437 528
437 678
437 910
438 659
438 782
438 832
439 632
439 752
441 515
442 505
442 519
442 564
442 643
443 488
444 533
444 606
444 999
445 605
446 508
446 910
447 492
447 539
447 633
448 464
448 481
448 492
448 495
448 536
448 554
448 628
448 649
448 665
448 666
448 676
448 690
448 700
448 750
448 751
448 776
448 777
448 787
448 804
448 810
448 813
448 837
448 876
448 900
448 901
448 910
448 924
448 933
448 939
448 985
448 993
448 998
449 505
449 784
449 887
449 900
449 901
450 560
450 777
451 768
451 793
452 460
452 493
452 724
452 749
452 932
453 531
454 550
454 632
454 995
455 489
455 492
455 530
455 602
455 661
455 680
455 722
455 748
455 776
455 847
457 606
457 668
457 873
457 999
458 559
458 900
458 901
459 919
459 929
459 930
460 493
460 561
460 566
460 647
460 868
460 932
461 492
461 725
463 492
463 514
463 584
463 592
463 705
463 793
464 492
464 554
464 712
464 926
465 492
465 544
465 766
465 773
465 794
465 823
465 876
465 926
466 532
466 624
466 727
466 816
467 570
468 489
468 492
468 549
468 602
468 686
468 956
469 492
469 685
469 977
470 527
470 659
470 740
470 857
471 632
471 817
471 906
471 952
471 955
471 995
472 492
472 593
472 875
473 783
474 492
474 677
475 722
475 866
476 618
476 903
477 487
477 713
477 793
477 819
477 838
477 872
477 960
478 492
478 581
478 776
478 875
479 656
479 884
480 492
480 768
480 793
480 829
480 940
481 492
481 554
481 787
481 837
481 939
481 959
481 985
482 539
482 715
482 755
483 519
483 567
483 570
483 613
483 659
483 708
483 869
484 793
484 945
485 492
485 499
485 521
485 523
485 532
485 610
485 667
485 669
485 681
485 705
485 711
485 807
485 808
485 816
485 831
485 879
485 996
486 638
486 793
487 568
487 605
487 612
487 700
487 819
487 838
487 872
487 903
487 960
487 978
488 903
489 686
490 700
490 717
491 930
492 496
492 498
492 501
492 502
492 503
492 505
492 510
492 511
492 513
492 515
492 519
492 525
492 530
492 531
492 532
492 534
492 539
492 540
492 541
492 544
492 548
492 549
492 552
492 554
492 555
492 557
492 559
492 570
492 573
492 579
492 581
492 583
492 585
492 593
492 595
492 596
492 598
492 600
492 602
492 605
492 606
492 607
492 612
492 628
492 632
492 639
492 641
492 643
492 647
492 649
492 654
492 658
492 659
492 661
492 662
492 664
492 667
492 669
492 670
492 676
492 677
492 679
492 680
492 685
492 686
492 688
492 690
492 693
492 696
492 698
492 700
492 701
492 705
492 706
492 712
492 714
492 718
492 722
492 729
492 730
492 732
492 733
492 748
492 754
492 756
492 759
492 761
492 764
492 766
492 773
492 774
492 776
492 777
492 779
492 786
492 787
492 793
492 795
492 797
492 798
492 802
492 804
492 805
492 808
492 810
492 820
492 826
492 830
492 833
492 834
492 836
492 837
492 845
492 846
492 847
492 848
492 853
492 858
492 862
492 864
492 866
492 867
492 875
492 876
492 877
492 879
492 887
492 889
492 893
492 900
492 901
492 903
492 908
492 909
492 910
492 913
492 916
492 920
492 924
492 926
492 928
492 933
492 942
492 947
492 948
492 954
492 956
492 961
492 962
492 963
492 968
492 969
492 971
492 973
492 976
492 977
492 981
492 985
492 988
492 989
492 991
492 993
492 994
492 999
493 600
493 700
493 810
493 932
494 509
494 670
494 728
494 929
495 536
495 554
495 689
495 751
495 804
495 985
495 993
496 515
496 730
496 756
496 885
497 900
498 510
498 677
498 733
498 818
498 830
498 862
498 889
498 910
499 585
499 629
499 669
499 687
499 705
499 727
499 801
499 853
499 910
499 953
499 994
500 552
500 900
500 926
501 551
501 619
501 650
501 901
501 926
502 513
502 549
502 677
502 718
502 776
502 847
503 557
503 854
504 571
504 642
505 519
505 539
505 545
505 570
505 631
505 659
505 674
505 707
505 784
505 799
505 900
505 901
506 573
509 726
509 728
510 693
510 733
510 845
510 910
511 635
511 712
513 549
514 584
514 592
514 705
514 780
514 831
514 910
515 885
516 522
517 700
517 745
517 822
518 979
519 546
519 564
519 570
519 575
519 590
519 643
519 659
519 707
519 784
519 900
520 526
520 555
520 573
520 632
520 700
520 809
520 812
520 966
520 990
521 610
521 808
522 647
522 648
522 793
522 903
523 580
524 648
524 709
524 884
525 593
525 677
525 875
526 573
526 632
526 752
526 966
527 529
527 539
527 570
527 582
527 601
527 659
527 764
527 767
527 783
527 803
527 886
527 898
527 900
527 974
528 678
529 582
529 659
529 783
531 705
531 734
531 903
531 931
532 604
532 667
532 711
532 727
532 778
532 808
532 816
532 902
532 962
533 606
533 999
534 572
534 585
534 627
534 867
535 571
535 591
536 554
536 628
536 751
536 804
536 985
537 992
538 867
539 570
539 613
539 633
539 659
539 715
539 755
539 898
540 700
540 706
540 845
541 549
541 677
541 847
542 613
542 633
543 903
544 794
544 876
545 707
545 784
545 900
546 564
547 700
547 990
548 910
548 920
549 607
549 705
549 948
550 632
550 906
550 995
552 901
552 915
553 632
553 983
554 628
554 676
554 677
554 689
554 751
554 766
554 777
554 787
554 804
554 813
554 910
554 924
554 933
554 985
554 993
555 573
555 700
555 990
556 659
556 731
556 793
556 856
556 925
559 564
559 631
559 723
559 796
559 887
559 900
559 901
560 640
560 666
560 777
561 600
561 700
561 745
561 753
561 835
561 877
561 903
562 632
562 955
563 888
563 966
563 997
564 570
564 575
564 590
564 643
564 737
564 741
564 821
564 900
564 901
565 566
565 615
565 647
565 700
565 724
565 749
565 753
565 903
565 950
566 700
567 570
567 958
568 571
568 605
568 630
568 672
568 704
568 713
568 735
568 852
568 872
568 882
568 903
568 941
568 978
569 814
569 970
570 637
570 659
570 737
570 766
570 783
570 900
570 901
570 910
570 942
570 958
570 965
571 591
571 612
571 713
571 793
571 903
573 586
573 632
573 700
573 900
573 944
573 955
573 990
574 903
574 987
575 643
576 901
578 659
578 764
578 781
579 607
579 799
581 658
581 776
581 798
581 875
581 947
581 954
581 991
582 769
582 783
583 593
583 677
585 627
585 867
588 705
589 616
589 725
589 928
590 900
591 612
592 831
592 897
593 677
594 599
594 700
594 745
595 758
595 834
595 910
596 679
596 722
596 866
596 895
598 714
598 991
599 647
599 675
599 700
599 745
600 647
600 700
600 753
601 659
602 680
603 681
603 705
604 711
604 902
604 962
605 653
605 735
605 882
605 903
605 941
605 978
606 620
606 632
606 657
606 659
606 668
606 783
606 790
606 873
606 900
606 917
606 949
606 983
606 999
607 699
607 729
607 730
607 785
607 799
607 802
607 820
608 831
609 624
609 626
609 870
611 834
611 910
612 642
612 793
613 898
615 647
615 700
615 724
615 753
615 950
618 704
618 903
618 917
620 668
620 873
620 999
621 710
621 728
624 669
624 705
624 849
625 880
625 901
626 705
628 750
628 787
628 910
628 924
628 933
628 985
628 993
630 735
630 882
630 903
630 978
631 887
631 900
631 901
631 926
632 659
632 670
632 677
632 700
632 747
632 752
632 764
632 840
632 888
632 906
632 929
632 955
632 966
632 969
632 983
632 995
632 999
634 846
634 910
635 645
636 761
638 793
639 677
639 742
639 779
639 845
639 920
639 985
640 666
640 777
641 845
641 850
641 909
642 793
643 659
643 741
644 771
644 926
646 793
647 700
647 724
647 749
647 753
647 884
647 950
648 746
648 824
648 903
649 810
649 985
650 918
651 781
651 800
652 697
652 888
652 955
653 713
654 786
654 910
655 721
656 700
656 749
657 719
657 790
657 873
657 904
657 917
657 949
657 999
658 776
658 991
659 683
659 700
659 702
659 738
659 740
659 763
659 764
659 766
659 781
659 782
659 783
659 803
659 828
659 839
659 857
659 863
659 869
659 873
659 887
659 888
659 900
659 901
659 917
659 942
659 946
659 952
659 966
659 971
659 988
659 999
660 770
661 748
662 845
662 850
662 910
662 961
663 970
663 986
664 677
664 833
664 977
665 900
666 777
666 789
668 873
669 793
669 827
669 853
669 953
669 981
669 994
670 700
670 726
670 728
670 906
670 917
670 938
672 882
673 703
673 922
674 901
675 700
676 933
677 700
677 776
677 875
677 910
677 920
677 947
677 976
677 977
679 722
679 805
679 866
679 895
681 705
681 957
681 996
682 746
683 764
683 863
684 900
684 972
688 756
688 836
688 976
689 804
689 910
689 985
689 993
690 985
691 793
693 776
695 765
697 955
697 983
698 845
699 729
700 705
700 713
700 741
700 745
700 749
700 753
700 770
700 793
700 835
700 860
700 868
700 877
700 900
700 901
700 903
700 906
700 932
700 950
700 955
700 978
700 990
700 999
701 732
701 845
702 828
704 881
704 903
705 729
705 734
705 780
705 791
705 793
705 816
705 825
705 831
705 903
705 931
705 935
705 937
705 996
706 845
706 879
706 920
707 900
709 884
711 902
711 962
712 766
712 771
712 774
712 777
712 844
712 926
713 775
713 793
713 903
713 999
714 722
715 755
716 944
719 774
719 790
719 873
719 900
719 917
719 949
721 749
721 884
722 866
722 895
723 900
724 950
726 728
727 816
728 906
728 917
728 938
729 730
729 759
729 799
729 820
729 826
730 759
730 885
731 772
731 856
733 889
735 882
735 978
736 867
741 900
741 901
744 979
745 822
745 877
745 990
746 903
749 884
750 837
750 939
751 804
751 985
752 888
752 906
752 995
753 903
753 950
754 875
754 947
757 888
758 910
764 781
764 946
764 980
764 999
765 910
766 773
766 788
766 794
766 823
766 844
766 876
766 900
766 915
766 926
767 886
768 793
770 793
771 926
773 823
773 926
774 844
776 793
776 847
776 875
776 947
776 954
776 977
776 991
777 810
777 900
777 901
777 926
777 985
777 998
778 816
780 831
781 800
782 783
783 803
783 832
783 857
783 886
784 887
784 900
784 901
786 910
787 910
787 924
787 985
788 841
788 926
790 904
790 917
790 949
790 999
792 906
792 995
793 829
793 856
793 903
793 940
793 996
796 972
798 991
800 917
804 933
804 985
804 993
805 895
806 981
806 994
807 865
810 910
810 973
810 985
810 998
814 891
814 930
814 999
816 962
817 906
818 862
818 889
819 960
821 900
827 994
830 889
831 897
831 935
831 996
833 977
834 910
835 868
836 976
837 939
838 872
839 851
839 863
839 946
839 971
839 982
839 999
840 888
840 955
841 926
845 850
845 889
845 909
845 910
845 914
845 961
846 910
847 893
847 910
847 948
848 910
850 920
850 961
852 903
853 953
854 928
855 903
856 925
859 923
859 992
860 877
864 926
865 935
868 877
873 917
873 999
874 903
875 910
875 947
875 991
876 926
877 903
877 990
881 903
882 978
884 990
886 900
887 900
887 901
888 983
888 995
891 970
900 901
900 910
900 912
900 921
900 926
900 985
901 910
901 911
901 921
901 926
901 972
902 962
903 917
903 978
903 987
904 917
904 949
904 999
906 930
906 943
906 952
906 969
906 995
908 967
910 914
910 920
910 926
910 968
910 975
910 985
910 989
912 938
917 949
917 988
917 999
919 929
919 930
923 967
929 930
933 985
933 993
935 996
937 996
939 985
942 974
946 964
947 991
952 969
968 989
971 982
973 998
985 993
995 997
