0 1
0 15
0 17
0 23
0 28
0 32
0 42
0 43
0 49
0 66
0 68
0 74
0 78
0 82
0 91
0 93
0 98
1 17
1 42
1 66
1 74
1 91
2 5
2 28
2 31
2 36
2 43
2 48
2 88
2 98
3 5
3 14
3 16
3 71
3 81
3 82
3 88
3 89
4 7
4 10
4 11
4 19
4 61
4 62
4 65
4 94
5 9
5 14
5 16
5 24
5 36
5 63
5 71
5 88
6 7
6 10
6 21
6 25
6 51
6 62
6 65
6 83
7 11
7 21
7 25
7 28
7 52
7 57
7 59
7 62
7 65
7 68
7 70
7 78
7 79
7 80
7 83
7 86
7 90
7 92
7 95
7 98
8 18
8 19
8 22
8 56
8 57
8 62
8 67
8 87
8 88
9 14
9 22
9 25
9 39
9 63
9 71
9 73
10 65
10 75
11 22
11 28
11 46
11 52
11 59
11 65
11 70
11 80
11 83
11 86
11 90
11 91
11 95
11 97
12 28
12 43
12 55
12 58
12 74
13 19
13 20
13 22
13 29
13 33
13 50
13 56
13 62
13 68
13 83
13 85
13 87
13 94
13 95
14 16
14 24
14 28
14 71
14 88
15 23
15 42
15 43
15 76
15 82
15 91
15 93
16 28
16 30
16 35
16 64
16 70
16 81
16 88
16 89
16 98
17 23
17 27
17 76
17 78
17 84
17 99
18 19
18 22
18 57
18 67
18 87
19 20
19 22
19 26
19 29
19 33
19 50
19 56
19 57
19 62
19 67
19 68
19 77
19 85
19 87
19 88
19 94
20 33
20 44
20 77
20 94
21 25
21 52
21 79
21 80
21 90
21 92
21 95
22 25
22 33
22 44
22 50
22 56
22 57
22 61
22 62
22 78
22 79
22 85
22 87
22 92
22 94
23 42
23 66
23 78
23 82
23 93
24 39
24 63
24 64
24 71
24 72
24 73
24 79
24 88
24 94
24 95
25 28
25 46
25 51
25 52
25 57
25 59
25 68
25 79
25 80
25 83
25 90
25 92
26 49
26 53
26 78
26 94
27 76
27 84
27 99
28 31
28 34
28 35
28 36
28 38
28 43
28 44
28 48
28 54
28 55
28 58
28 59
28 63
28 64
28 68
28 69
28 71
28 81
28 82
28 88
28 89
28 90
28 91
28 95
28 96
28 98
29 33
29 44
29 50
29 94
30 43
30 55
30 63
30 91
31 58
31 69
31 98
32 42
32 82
32 91
33 44
33 50
33 68
33 83
33 85
33 94
34 38
34 72
34 86
34 88
34 97
35 36
35 43
35 64
35 81
36 48
36 54
36 64
36 69
36 88
37 41
37 78
38 72
38 86
38 92
38 95
38 97
39 63
39 64
39 72
39 73
39 88
40 65
40 68
40 80
41 45
41 78
42 66
42 71
42 74
42 78
42 82
42 91
42 93
43 48
43 55
43 58
43 69
43 91
43 93
44 61
44 77
44 78
44 87
44 94
45 49
46 70
46 86
46 95
46 97
47 51
47 65
48 66
48 69
48 98
49 78
50 94
51 68
51 80
52 59
52 70
52 79
52 83
52 90
52 92
52 95
53 78
54 55
54 58
54 63
54 64
54 88
54 91
54 96
55 64
55 69
55 83
55 91
55 98
56 57
56 62
56 67
56 78
56 85
56 87
56 94
57 62
57 67
57 68
57 87
57 94
58 69
58 98
59 70
59 79
59 83
59 90
59 92
60 84
61 62
61 68
61 75
61 87
62 68
62 80
62 83
62 87
62 94
62 95
63 64
63 71
63 88
64 68
64 71
64 78
64 81
64 88
64 89
65 83
66 74
66 76
66 81
66 82
66 91
67 87
68 75
68 83
68 87
68 94
69 98
70 80
70 83
70 86
70 90
70 92
70 95
70 97
71 81
71 88
72 73
72 88
73 86
73 88
74 91
74 93
76 78
76 99
77 94
77 97
78 91
78 94
78 98
78 99
79 80
79 83
79 90
79 92
79 95
80 83
80 90
81 88
81 89
82 93
83 90
83 92
84 91
86 92
86 95
86 97
87 88
87 94
87 95
88 89
88 91
88 95
88 97
90 92
91 93
92 95
