0 9
0 25
0 29
0 42
0 45
0 67
0 97
1 4
1 13
1 18
1 20
1 29
1 38
1 44
1 45
1 46
1 52
1 54
1 55
1 64
1 67
1 77
1 89
1 90
1 97
2 4
2 17
2 64
2 84
2 92
3 17
3 35
3 40
3 64
3 78
4 7
4 10
4 13
4 14
4 17
4 19
4 21
4 27
4 28
4 31
4 44
4 47
4 57
4 59
4 60
4 61
4 62
4 63
4 64
4 71
4 75
4 79
4 84
4 92
4 96
5 13
5 34
5 48
5 60
5 79
5 84
5 93
6 15
6 17
6 21
6 40
6 43
6 64
7 14
7 17
7 48
7 71
7 84
7 96
8 20
8 22
8 33
8 44
8 46
8 80
8 86
8 90
9 13
9 25
9 29
9 39
9 48
9 53
9 67
9 91
9 97
10 59
10 63
10 84
10 85
10 96
11 17
11 24
11 32
11 40
11 64
11 71
12 13
12 17
12 36
12 48
12 61
12 67
12 72
12 80
12 97
13 17
13 18
13 20
13 25
13 26
13 30
13 34
13 36
13 39
13 40
13 48
13 51
13 55
13 60
13 61
13 64
13 67
13 69
13 74
13 79
13 80
13 84
13 87
13 93
13 97
14 17
14 19
14 31
14 57
14 64
14 71
14 84
14 96
15 17
15 43
16 48
16 67
17 18
17 20
17 22
17 24
17 27
17 28
17 31
17 32
17 40
17 48
17 57
17 64
17 65
17 71
17 78
17 83
17 84
17 88
17 90
17 92
18 20
18 21
18 22
18 23
18 27
18 33
18 37
18 40
18 44
18 46
18 49
18 57
18 58
18 70
18 73
18 82
18 86
18 90
19 48
19 85
20 22
20 27
20 33
20 38
20 40
20 44
20 46
20 49
20 58
20 67
20 73
20 82
20 90
20 91
20 95
20 97
21 28
21 38
21 40
21 43
21 57
21 64
22 33
22 37
22 40
22 45
22 46
22 49
22 58
22 73
22 82
22 84
22 86
22 90
23 38
23 55
23 91
24 57
24 64
25 29
25 39
25 53
25 81
25 97
26 61
26 69
26 72
26 87
27 40
27 76
27 86
27 95
28 31
28 62
28 64
28 71
28 75
28 84
29 39
29 53
29 60
29 81
29 97
30 34
30 51
30 79
31 47
31 48
31 62
31 63
31 71
31 75
31 84
31 99
32 64
32 65
32 88
33 37
33 40
33 44
33 46
33 48
33 49
33 54
33 58
33 73
33 82
33 86
33 90
34 48
34 51
34 60
34 79
34 93
35 57
35 64
35 78
35 88
36 45
36 63
36 72
36 80
36 97
37 40
37 49
37 58
37 73
37 82
37 86
37 90
38 46
38 49
38 52
38 64
38 67
38 82
38 91
39 45
39 50
39 53
39 67
39 80
39 97
40 43
40 44
40 49
40 52
40 56
40 60
40 64
40 70
40 76
40 78
40 82
40 86
40 89
40 90
40 91
40 94
40 95
40 99
41 48
41 60
41 68
42 45
42 55
42 67
42 89
43 64
43 66
43 76
44 46
44 58
44 82
44 90
44 91
45 55
45 67
45 86
45 89
46 84
47 63
47 84
47 99
48 51
48 59
48 60
48 63
48 64
48 67
48 68
48 71
48 72
48 77
48 79
48 81
48 84
48 85
48 89
48 93
48 98
48 99
49 58
49 73
49 90
50 67
50 87
51 60
51 79
52 67
53 72
53 97
54 67
55 67
55 89
55 97
56 64
57 64
57 65
57 78
57 83
57 88
57 94
58 64
58 90
59 63
59 64
59 71
59 85
59 99
60 61
60 64
60 68
60 77
60 79
60 80
60 84
60 87
60 93
61 69
61 72
61 80
62 71
62 75
62 84
63 71
63 79
63 84
63 85
63 88
63 99
64 65
64 70
64 71
64 73
64 76
64 78
64 80
64 82
64 83
64 84
64 86
64 87
64 88
64 90
64 92
64 95
64 97
65 71
65 78
65 84
66 76
67 79
67 89
67 97
68 77
69 79
69 97
70 86
70 90
71 75
71 83
71 84
71 88
71 92
72 74
72 80
72 97
73 90
74 80
74 87
75 84
76 95
77 98
78 83
79 80
79 87
81 97
82 86
84 88
84 96
84 99
85 99
86 90
89 97
94 95
