0 152
0 166
0 250
0 251
0 304
0 310
0 460
0 585
0 627
0 681
0 682
0 919
0 929
0 972
1 375
1 474
1 745
1 811
1 815
2 81
2 101
2 157
2 164
2 175
2 204
2 226
2 241
2 335
2 409
2 455
2 485
2 538
2 547
2 551
2 644
2 663
2 664
2 667
2 708
2 712
2 749
2 755
2 759
2 852
2 856
2 876
2 889
2 912
2 973
3 18
3 75
3 111
3 139
3 158
3 175
3 192
3 197
3 330
3 583
3 603
3 697
3 735
3 763
4 48
4 418
4 771
5 138
5 302
5 588
5 754
5 760
5 806
6 30
6 166
6 185
6 257
6 418
6 621
6 784
6 867
6 888
6 929
6 944
7 104
7 333
7 349
7 503
7 504
7 530
7 598
7 830
7 845
7 959
8 325
8 458
8 835
9 108
9 109
9 120
9 175
9 198
9 206
9 279
9 316
9 326
9 341
9 395
9 469
9 496
9 547
9 551
9 658
9 721
9 818
9 827
9 871
9 899
9 912
9 957
10 73
10 170
10 267
10 406
10 956
11 131
11 187
11 319
11 574
11 641
11 678
11 718
11 758
11 802
11 834
12 319
12 348
12 461
12 641
12 645
13 90
13 177
13 219
13 581
13 637
13 724
13 975
14 111
14 140
14 214
14 924
15 315
15 390
15 430
15 589
15 846
15 855
16 52
16 113
16 117
16 219
16 244
16 520
16 522
16 896
16 925
17 239
17 677
17 808
18 54
18 75
18 100
18 111
18 124
18 158
18 175
18 176
18 197
18 293
18 432
18 469
18 514
18 547
18 562
18 583
18 615
18 634
18 735
18 763
18 789
18 841
18 912
18 942
19 179
19 329
19 393
19 664
19 678
20 55
20 474
20 547
20 640
20 877
20 996
21 370
21 393
21 664
21 678
21 991
22 469
22 523
22 901
22 913
23 48
23 96
23 186
23 278
23 358
23 399
23 418
23 454
23 667
23 674
23 761
23 771
23 898
24 110
24 191
24 246
24 547
24 746
24 903
24 964
25 288
25 623
26 175
26 249
26 258
26 347
26 408
26 421
26 527
26 614
27 99
27 107
27 162
27 397
27 431
27 495
27 725
27 777
27 814
27 931
27 977
28 146
28 166
28 521
28 611
28 720
28 727
28 929
29 31
29 156
29 175
29 197
29 529
29 912
29 927
30 70
30 166
30 257
30 306
30 358
30 528
30 720
30 776
30 784
30 839
30 853
30 867
30 888
30 929
31 175
31 197
31 529
31 831
31 927
31 939
32 134
32 237
32 838
32 919
32 929
33 70
33 83
33 286
33 419
33 567
33 722
33 819
33 820
33 867
34 303
34 323
34 599
34 639
34 681
34 842
34 932
35 144
35 175
35 206
35 292
35 441
35 509
36 145
36 193
36 296
36 368
36 461
36 533
36 574
36 599
37 119
37 223
37 407
37 542
37 667
37 918
38 108
38 153
38 228
38 341
38 469
38 551
38 695
38 800
38 818
38 935
39 602
39 614
39 799
39 826
39 883
40 42
40 175
40 212
40 386
40 551
40 622
41 44
41 143
41 175
41 209
41 238
41 314
41 332
41 340
41 373
41 511
41 563
41 609
41 617
41 664
41 690
41 786
41 923
41 986
42 141
42 175
42 191
42 255
42 341
42 375
42 382
42 386
42 469
42 551
42 565
42 582
42 622
42 694
42 695
42 721
42 850
42 877
42 884
43 131
43 296
43 319
43 574
44 45
44 71
44 155
44 196
44 267
44 333
44 393
44 406
44 434
44 503
44 543
44 573
44 664
44 667
44 669
44 711
44 741
44 780
44 794
44 804
44 830
44 914
44 956
44 959
44 992
45 434
45 503
45 667
45 845
45 906
46 57
46 549
46 979
47 79
47 357
47 373
47 393
47 502
47 546
47 664
47 675
47 753
47 790
47 870
47 951
47 994
48 70
48 96
48 186
48 278
48 358
48 399
48 418
48 454
48 607
48 674
48 761
48 771
49 131
49 465
49 758
49 878
50 53
50 152
50 166
50 251
50 521
50 585
50 592
50 655
50 682
50 919
50 929
51 95
51 106
51 293
51 450
51 515
51 547
52 57
52 63
52 82
52 157
52 175
52 177
52 188
52 204
52 232
52 264
52 295
52 299
52 403
52 416
52 443
52 469
52 547
52 551
52 589
52 605
52 610
52 658
52 671
52 685
52 696
52 744
52 760
52 764
52 861
52 896
52 907
52 922
52 946
52 979
53 521
53 929
54 84
54 106
54 144
54 175
54 197
54 215
54 293
54 328
54 459
54 466
54 500
54 551
54 577
54 635
54 800
54 803
54 912
55 346
55 474
55 640
55 707
55 815
55 877
55 996
56 251
56 338
56 681
57 91
57 295
57 299
57 416
57 549
57 610
57 613
57 670
57 764
57 777
57 861
57 907
57 922
58 151
58 175
58 192
58 479
58 648
58 809
58 970
59 77
59 88
59 122
59 272
59 317
59 337
59 596
59 760
60 144
60 175
60 469
61 438
62 166
62 465
62 491
62 536
62 681
63 662
64 108
64 175
64 275
64 469
64 658
64 676
64 721
64 849
64 884
64 912
65 127
65 358
65 418
65 606
65 717
65 720
65 771
65 772
65 784
66 542
66 667
66 906
67 209
67 378
67 393
67 502
67 664
67 675
67 753
67 844
68 239
68 374
68 389
68 512
68 547
68 552
68 669
68 808
69 70
69 567
69 748
69 810
69 820
69 835
69 867
69 900
69 965
70 83
70 86
70 93
70 96
70 111
70 131
70 136
70 147
70 160
70 166
70 175
70 191
70 208
70 239
70 247
70 256
70 261
70 268
70 284
70 285
70 286
70 294
70 338
70 356
70 358
70 365
70 373
70 394
70 402
70 406
70 413
70 419
70 444
70 480
70 481
70 494
70 505
70 511
70 543
70 552
70 558
70 566
70 567
70 574
70 597
70 631
70 633
70 649
70 664
70 675
70 713
70 722
70 725
70 748
70 750
70 784
70 786
70 787
70 800
70 810
70 819
70 820
70 835
70 865
70 872
70 883
70 887
70 890
70 900
70 919
70 929
70 937
70 940
70 963
70 965
70 980
70 981
70 992
71 406
71 711
71 780
71 998
72 313
72 777
73 267
73 406
74 154
74 369
74 731
75 293
75 330
75 583
75 615
75 735
75 841
76 393
76 629
76 664
76 675
76 726
76 753
76 893
77 88
77 122
77 272
77 317
77 337
77 569
77 596
77 777
77 822
77 854
77 864
78 142
78 318
78 417
78 469
78 601
78 783
78 912
79 373
79 393
79 546
79 629
79 664
79 726
79 753
79 786
80 92
80 101
80 203
80 303
80 320
80 398
80 438
80 657
80 816
81 157
81 204
81 409
81 538
81 547
81 644
81 708
82 412
82 664
82 712
82 738
83 284
83 356
83 402
83 722
83 819
83 835
84 95
84 106
84 175
84 215
84 450
84 466
84 515
84 635
84 800
84 803
85 102
85 380
85 614
85 809
86 325
86 444
86 664
87 680
87 785
87 805
88 122
88 317
88 822
89 380
89 779
89 833
89 970
90 177
90 443
90 907
90 946
90 975
91 416
91 605
91 670
91 861
92 168
92 195
92 323
92 709
92 842
93 96
93 208
93 231
93 294
93 419
93 558
93 820
93 835
93 865
93 980
94 232
94 295
94 443
94 560
94 742
94 744
95 106
95 175
95 215
95 450
96 278
96 356
96 358
96 399
96 418
96 607
96 674
96 771
96 898
96 958
97 240
97 382
97 551
97 618
98 221
98 239
98 282
98 389
98 402
98 453
98 488
98 512
98 557
98 600
98 929
98 981
98 992
99 107
99 118
99 162
99 397
99 431
99 495
99 725
99 767
99 777
99 977
100 432
100 615
100 634
100 735
101 118
101 123
101 128
101 138
101 181
101 396
101 423
101 425
101 431
101 435
101 440
101 451
101 473
101 478
101 532
101 540
101 545
101 547
101 568
101 591
101 596
101 632
101 654
101 666
101 700
101 706
101 760
101 767
101 769
101 777
101 795
101 796
101 806
101 854
101 886
101 921
101 929
101 975
101 978
102 111
102 344
102 406
102 493
102 851
103 118
103 322
103 361
103 385
103 431
103 473
103 540
103 545
103 767
103 777
103 795
104 311
104 333
104 349
104 434
104 445
104 503
104 504
104 530
104 664
104 667
104 845
104 906
104 959
104 998
105 469
105 730
105 912
106 111
106 120
106 139
106 144
106 175
106 197
106 233
106 254
106 293
106 450
106 459
106 469
106 515
106 577
106 583
106 634
106 635
106 697
106 803
106 912
106 950
106 995
107 162
107 397
107 431
107 495
107 596
107 725
107 777
107 814
107 931
107 977
108 109
108 141
108 153
108 175
108 191
108 198
108 252
108 275
108 279
108 326
108 341
108 395
108 469
108 499
108 547
108 551
108 658
108 695
108 714
108 721
108 818
108 827
108 871
108 884
108 899
108 912
108 935
108 957
109 120
109 175
109 326
109 395
109 469
109 721
109 871
109 957
110 111
110 151
110 202
110 225
110 258
110 406
110 469
110 523
110 578
110 672
110 734
110 737
110 779
110 833
110 847
111 140
111 151
111 161
111 175
111 176
111 192
111 197
111 200
111 214
111 233
111 258
111 275
111 293
111 321
111 362
111 380
111 404
111 406
111 467
111 469
111 508
111 517
111 518
111 551
111 555
111 577
111 603
111 614
111 664
111 667
111 723
111 734
111 735
111 747
111 779
111 800
111 809
111 880
111 912
111 924
111 934
111 970
111 995
112 239
112 282
112 488
112 512
113 117
113 219
113 537
113 925
114 191
114 433
114 755
114 877
114 993
115 134
115 528
115 929
116 337
116 596
116 822
117 132
117 219
117 537
117 637
117 896
117 975
118 295
118 322
118 361
118 371
118 385
118 396
118 411
118 431
118 457
118 473
118 540
118 545
118 547
118 568
118 586
118 596
118 725
118 767
118 777
118 795
118 837
118 904
119 140
119 407
119 542
119 667
119 690
119 918
119 954
120 153
120 175
120 191
120 235
120 260
120 316
120 326
120 341
120 374
120 395
120 466
120 469
120 547
120 551
120 658
120 676
120 721
120 757
120 827
120 849
120 871
120 899
120 912
120 957
121 175
121 800
121 817
122 272
122 298
122 317
122 596
122 698
122 752
122 822
122 854
122 864
123 138
123 301
123 706
123 886
124 175
124 518
124 736
125 240
125 341
125 353
125 382
125 469
125 551
126 662
127 182
127 358
127 405
127 705
127 717
128 301
128 435
128 440
128 513
128 654
128 706
128 769
128 904
129 220
129 358
129 564
129 958
130 175
130 469
130 824
130 912
131 166
131 180
131 187
131 195
131 210
131 296
131 319
131 376
131 461
131 468
131 469
131 476
131 536
131 556
131 574
131 641
131 681
131 687
131 718
131 760
131 772
131 773
131 802
131 834
131 863
131 874
132 219
132 244
132 269
132 335
132 410
132 443
132 537
132 896
133 963
134 237
134 521
134 693
134 929
135 195
135 303
135 559
136 182
136 312
136 363
136 720
136 771
137 261
137 356
137 358
137 365
137 394
137 402
137 418
137 780
137 875
137 958
137 962
138 195
138 301
138 425
138 469
138 473
138 532
138 547
138 584
138 588
138 589
138 666
138 760
138 806
138 886
138 990
139 508
139 583
139 603
139 723
139 736
139 789
140 175
140 178
140 209
140 222
140 223
140 224
140 281
140 287
140 321
140 327
140 373
140 380
140 406
140 434
140 462
140 484
140 503
140 523
140 539
140 542
140 543
140 602
140 614
140 664
140 667
140 690
140 734
140 780
140 826
140 830
140 845
140 883
140 906
140 909
140 913
140 918
140 954
140 959
140 966
140 969
141 153
141 341
141 382
141 469
141 496
141 547
141 551
141 636
141 658
141 694
141 884
142 175
142 253
142 417
142 469
142 601
142 721
142 751
142 783
142 912
142 917
143 150
143 175
143 209
143 664
143 675
144 172
144 175
144 197
144 206
144 292
144 297
144 318
144 360
144 469
144 509
144 593
144 638
144 721
144 768
144 807
144 899
144 912
144 917
144 950
145 193
145 368
145 461
145 533
145 665
146 554
147 239
147 374
147 552
147 716
147 992
148 262
148 373
148 393
148 401
148 471
148 543
148 664
148 678
148 775
148 821
148 885
148 916
148 991
148 998
149 175
149 345
149 469
149 721
149 859
149 912
150 209
150 378
150 664
150 675
150 756
151 176
151 192
151 200
151 214
151 467
151 492
151 527
151 555
151 723
151 734
151 747
151 789
151 809
151 841
151 880
151 934
152 166
152 310
152 358
152 585
152 592
152 627
152 655
152 682
152 919
152 929
152 961
152 972
152 989
153 175
153 228
153 252
153 341
153 469
153 551
153 695
153 818
153 850
153 884
153 935
154 194
154 300
154 337
154 354
154 369
154 379
154 392
154 486
154 516
154 569
154 596
154 599
154 718
154 725
154 731
154 733
154 805
154 822
154 854
154 912
155 170
155 267
155 406
155 780
155 956
156 175
156 197
156 293
156 577
156 683
156 800
156 912
156 945
156 995
157 164
157 226
157 277
157 375
157 409
157 443
157 469
157 474
157 485
157 547
157 551
157 644
157 653
157 685
157 707
157 745
157 811
157 815
157 852
157 856
157 876
157 889
157 910
157 993
158 293
158 583
159 358
159 489
159 762
159 784
159 867
160 284
160 356
160 358
160 413
160 463
160 567
160 594
160 664
160 819
160 887
161 518
161 650
161 723
161 747
161 789
162 181
162 341
162 361
162 396
162 397
162 431
162 495
162 525
162 540
162 551
162 596
162 664
162 725
162 740
162 767
162 774
162 777
162 814
162 837
162 931
162 977
163 239
163 374
163 552
163 661
163 664
163 715
163 716
163 992
164 409
164 485
164 653
164 856
165 257
165 929
166 175
166 250
166 251
166 269
166 304
166 310
166 313
166 358
166 394
166 460
166 521
166 536
166 554
166 574
166 585
166 592
166 611
166 627
166 641
166 681
166 682
166 693
166 718
166 797
166 821
166 867
166 869
166 919
166 929
166 952
166 961
166 972
166 981
166 989
167 516
167 569
167 680
167 733
168 709
168 778
168 842
168 932
169 175
169 441
169 469
169 509
169 577
169 912
170 406
170 956
171 596
171 915
171 949
172 175
172 297
172 469
172 721
172 768
172 912
173 195
173 203
173 320
174 516
174 569
174 680
174 733
174 785
174 805
174 892
175 191
175 197
175 198
175 200
175 202
175 206
175 215
175 235
175 236
175 240
175 245
175 249
175 253
175 255
175 263
175 269
175 285
175 288
175 292
175 293
175 295
175 297
175 309
175 318
175 326
175 328
175 329
175 330
175 341
175 352
175 353
175 358
175 360
175 372
175 374
175 378
175 386
175 395
175 405
175 406
175 409
175 417
175 422
175 432
175 436
175 441
175 450
175 462
175 464
175 466
175 467
175 469
175 496
175 499
175 503
175 509
175 511
175 514
175 515
175 517
175 518
175 523
175 529
175 543
175 547
175 551
175 552
175 555
175 562
175 565
175 571
175 572
175 577
175 582
175 583
175 588
175 593
175 601
175 603
175 614
175 615
175 622
175 624
175 634
175 635
175 638
175 640
175 650
175 654
175 656
175 658
175 664
175 667
175 673
175 675
175 676
175 683
175 685
175 694
175 697
175 710
175 721
175 723
175 729
175 730
175 734
175 735
175 747
175 751
175 757
175 763
175 777
175 781
175 782
175 799
175 800
175 801
175 803
175 807
175 809
175 817
175 831
175 841
175 859
175 867
175 873
175 879
175 880
175 884
175 895
175 899
175 906
175 907
175 912
175 913
175 917
175 927
175 935
175 936
175 939
175 940
175 942
175 945
175 947
175 950
175 957
175 959
175 970
175 975
175 987
175 993
175 995
175 999
176 200
176 214
176 362
176 517
176 723
176 924
177 560
177 581
177 637
177 724
177 975
178 321
178 883
179 329
179 370
179 393
179 406
179 543
179 664
179 743
180 303
180 391
180 427
180 544
180 574
180 709
181 513
181 568
181 591
181 654
181 777
181 921
182 312
182 363
182 720
182 929
183 238
183 388
183 511
183 600
183 664
183 728
183 786
184 190
184 221
185 621
185 784
185 867
185 888
185 929
186 278
186 358
186 418
186 771
187 376
187 536
187 556
187 574
187 641
187 718
187 802
187 834
188 227
188 423
188 449
188 532
188 589
188 626
188 689
188 912
188 941
189 589
189 846
189 926
189 948
190 221
190 633
190 940
190 963
191 229
191 341
191 375
191 429
191 455
191 469
191 474
191 507
191 547
191 551
191 565
191 590
191 685
191 694
191 704
191 755
191 807
191 873
191 877
191 903
191 912
191 938
191 947
191 964
191 993
192 367
192 472
192 479
192 493
192 555
192 648
192 667
192 734
192 737
192 809
192 880
192 970
193 664
193 665
193 929
194 379
194 381
194 596
194 752
194 915
195 230
195 303
195 320
195 323
195 337
195 427
195 559
195 574
195 657
195 668
195 709
195 739
195 858
196 267
196 780
196 914
197 215
197 233
197 292
197 293
197 328
197 450
197 464
197 466
197 469
197 500
197 515
197 529
197 547
197 551
197 562
197 577
197 583
197 683
197 781
197 782
197 800
197 801
197 803
197 831
197 841
197 912
197 927
197 939
197 945
197 987
197 995
198 279
198 469
198 551
198 695
198 714
198 721
198 884
198 912
198 935
199 245
199 469
199 658
199 676
199 721
199 849
199 897
199 899
199 912
200 517
200 723
200 736
201 285
201 490
201 835
201 940
202 344
202 469
202 656
202 672
202 779
202 833
204 241
204 276
204 341
204 375
204 409
204 538
204 547
204 640
204 644
204 708
204 738
204 749
204 759
204 852
204 856
204 876
204 877
204 889
204 907
205 262
205 401
205 406
205 543
205 664
205 998
206 469
206 509
206 638
207 315
207 430
207 589
207 613
207 651
207 846
208 231
208 294
208 567
208 820
208 980
209 332
209 343
209 373
209 378
209 406
209 502
209 511
209 524
209 579
209 664
209 675
209 726
209 753
209 756
209 836
209 844
210 376
210 468
210 476
210 641
212 350
212 469
212 551
212 622
213 558
213 566
213 587
213 835
214 258
214 362
214 380
214 517
214 880
214 924
215 803
216 469
216 547
216 685
216 850
217 237
218 462
218 602
218 667
218 702
218 825
218 826
219 264
219 269
219 295
219 324
219 335
219 410
219 443
219 469
219 742
219 832
219 894
219 907
220 358
220 607
221 256
221 829
222 484
222 667
222 906
222 918
222 954
223 542
223 667
224 281
224 667
224 883
224 909
225 258
225 347
225 469
225 578
225 583
225 770
225 779
225 847
225 955
226 375
226 409
226 485
226 856
226 876
226 889
226 973
227 291
227 976
228 469
228 496
228 551
228 818
228 884
228 912
228 935
229 429
229 507
229 547
229 565
229 590
229 685
229 938
230 320
230 559
230 668
230 739
231 294
231 307
231 419
231 494
231 820
231 835
231 965
232 264
232 269
232 295
232 443
232 560
232 894
233 293
233 450
233 515
233 572
233 763
233 995
234 489
234 647
234 691
234 867
234 891
235 469
235 721
235 899
235 912
236 266
236 813
237 693
237 929
238 358
238 388
238 511
238 548
238 600
238 728
238 765
238 786
238 866
238 992
239 258
239 358
239 374
239 388
239 389
239 453
239 488
239 497
239 511
239 512
239 552
239 600
239 661
239 664
239 669
239 716
239 787
239 808
239 829
239 835
239 840
239 940
239 960
239 991
239 992
240 341
240 353
240 382
240 469
240 551
240 618
240 721
241 485
241 708
241 852
241 876
241 889
241 973
242 491
242 681
243 308
243 470
243 701
243 930
244 264
244 269
244 295
244 324
244 443
244 742
244 744
244 832
245 275
245 658
245 676
245 721
245 899
246 547
246 685
246 903
246 912
246 993
247 356
247 402
247 860
247 962
248 358
248 405
248 717
248 772
249 408
249 614
250 251
250 428
250 460
250 688
250 919
250 929
251 428
251 437
251 460
251 681
251 797
251 869
251 919
251 967
252 469
252 884
253 417
253 469
253 601
253 751
253 912
254 293
254 459
254 572
254 697
255 341
255 353
255 386
255 510
255 551
255 618
256 274
256 481
256 558
256 566
256 631
256 649
256 835
257 867
257 929
258 527
258 542
258 578
258 614
258 648
258 664
258 770
258 847
258 955
259 570
259 720
259 750
259 929
260 316
260 469
260 676
260 721
260 757
260 899
260 912
261 294
261 356
261 875
261 962
262 283
262 355
262 401
262 406
262 471
262 543
262 664
262 775
262 916
262 991
262 998
263 297
263 593
263 917
264 269
264 295
264 742
265 269
265 403
265 483
265 547
265 764
265 907
266 412
266 813
267 401
267 406
267 424
267 434
267 664
267 711
267 780
268 713
269 295
269 335
269 410
269 443
269 469
269 547
269 742
269 744
270 406
270 543
270 780
270 870
270 885
270 998
271 295
271 442
271 560
271 581
271 689
271 724
271 946
271 975
272 317
272 596
272 822
272 864
273 358
273 607
273 958
274 285
274 444
274 649
274 835
274 940
274 963
275 341
275 469
275 499
275 658
275 721
276 409
276 538
276 708
276 852
276 876
276 973
277 474
277 547
277 707
277 811
277 877
277 996
278 358
278 399
278 402
278 418
278 454
278 674
278 761
278 771
279 326
279 469
279 871
279 912
280 359
280 547
280 877
280 996
281 667
281 883
281 909
282 512
283 503
283 543
283 612
283 998
284 402
284 413
284 594
284 722
284 819
284 835
285 366
285 469
285 595
285 604
285 664
285 722
285 835
285 940
285 963
285 971
285 980
286 713
286 722
287 434
287 469
287 667
287 906
288 523
288 623
288 825
288 883
289 384
289 589
289 760
289 926
289 948
290 406
290 424
290 448
290 543
290 664
290 780
290 943
291 449
291 452
291 760
291 767
291 846
291 976
292 297
292 441
292 469
292 509
292 912
293 450
293 459
293 469
293 515
293 551
293 572
293 601
293 615
293 634
293 697
293 735
293 763
293 800
293 803
293 841
293 912
293 995
294 419
294 494
294 820
294 900
294 980
295 324
295 335
295 351
295 403
295 410
295 416
295 443
295 469
295 534
295 547
295 560
295 589
295 670
295 744
295 832
295 894
295 896
295 907
295 925
296 319
296 556
296 574
296 802
297 469
297 593
297 768
297 917
298 337
298 358
298 381
298 506
298 596
298 698
298 864
299 416
299 605
299 671
299 696
300 354
300 392
300 731
300 854
301 425
301 440
301 519
301 666
301 760
301 766
301 886
302 498
302 588
302 754
302 760
302 806
302 846
303 320
303 323
303 336
303 427
303 596
303 599
303 641
303 709
303 718
303 760
303 842
303 929
303 932
304 310
304 585
304 627
304 681
304 682
304 919
304 929
304 952
304 961
304 972
305 339
305 457
305 545
305 837
306 784
306 853
306 867
307 494
307 587
307 835
307 965
308 523
308 527
308 575
308 614
308 628
308 895
309 422
309 800
309 831
309 995
310 682
310 919
310 929
310 972
310 989
311 333
311 406
311 475
311 503
311 504
311 530
311 598
311 845
311 959
312 358
312 526
312 720
313 431
313 506
313 525
313 596
313 915
313 968
314 373
314 502
314 579
314 844
315 589
315 926
315 975
316 469
316 676
316 721
316 899
316 912
317 337
317 596
317 822
318 417
318 601
318 721
318 783
318 912
319 348
319 556
319 574
319 641
319 709
319 718
319 867
320 559
320 668
320 739
321 327
321 667
321 702
321 966
322 361
322 385
322 411
322 473
322 545
322 767
322 777
322 795
322 985
323 574
323 599
323 639
323 842
323 858
323 932
324 443
325 458
326 395
326 469
326 721
326 827
326 871
326 899
326 912
326 957
327 462
327 503
327 523
327 602
327 623
327 702
327 741
328 803
329 370
329 373
329 393
329 664
329 678
330 547
330 562
330 603
330 735
331 536
331 641
331 681
331 687
331 878
332 563
332 617
332 844
332 986
333 349
333 445
333 503
333 504
333 530
333 667
333 845
333 959
334 340
334 383
334 393
334 664
334 726
335 537
335 832
336 427
336 709
336 778
337 596
337 822
338 491
338 681
339 457
339 545
339 985
340 511
340 563
340 617
340 786
340 986
340 998
341 353
341 382
341 469
341 496
341 547
341 551
341 571
341 589
341 618
341 622
341 685
341 694
341 714
341 721
341 807
341 850
341 884
341 903
341 912
341 947
342 784
342 853
342 862
342 867
342 929
343 378
343 511
343 609
343 786
343 997
344 779
344 851
345 469
345 541
345 721
345 859
345 912
346 547
346 993
347 469
347 527
347 614
348 533
348 574
348 596
348 645
349 445
349 475
349 503
349 504
349 667
349 845
349 959
350 551
350 622
350 912
351 377
351 442
351 522
352 464
352 466
352 469
352 781
352 800
352 950
352 987
353 382
353 469
353 510
353 551
354 369
354 516
354 569
354 731
354 733
355 401
355 406
355 471
355 543
355 678
355 916
355 998
356 358
356 394
356 402
356 463
356 480
356 594
356 597
356 719
356 748
356 819
356 835
356 875
356 887
356 962
357 373
357 664
358 364
358 365
358 387
358 394
358 399
358 402
358 406
358 418
358 444
358 447
358 454
358 477
358 487
358 489
358 503
358 531
358 533
358 535
358 547
358 561
358 564
358 570
358 597
358 606
358 607
358 664
358 674
358 705
358 709
358 716
358 720
358 722
358 732
358 750
358 761
358 771
358 776
358 784
358 820
358 835
358 839
358 867
358 872
358 898
358 929
358 953
358 958
358 988
359 877
359 993
360 638
360 768
360 817
361 371
361 396
361 411
361 431
361 440
361 446
361 473
361 525
361 540
361 545
361 586
361 725
361 760
361 767
361 777
361 795
361 837
362 924
364 365
364 387
364 477
364 482
364 684
364 732
365 387
365 394
365 402
365 564
365 664
365 732
365 962
366 595
366 604
366 649
366 664
366 835
366 971
367 380
367 493
367 800
367 851
368 461
368 533
368 574
368 665
368 984
369 516
369 731
369 785
370 393
370 406
370 543
370 664
370 753
371 396
371 446
371 473
371 540
371 586
371 767
371 777
371 837
372 469
372 577
373 393
373 401
373 420
373 502
373 511
373 524
373 543
373 546
373 664
373 675
373 678
373 716
373 726
373 753
373 790
373 835
373 992
373 994
373 998
374 458
374 552
374 686
374 716
374 808
374 840
374 992
375 653
375 707
375 815
376 468
376 536
376 574
376 641
376 718
376 874
376 919
377 522
377 777
377 907
378 420
378 502
378 511
378 524
378 664
378 998
379 506
379 591
379 596
379 698
379 752
379 949
380 493
380 501
380 650
380 779
380 809
380 847
380 851
380 880
381 506
381 596
381 698
381 752
381 864
382 469
382 510
382 551
382 618
382 622
382 694
383 664
383 726
383 753
383 893
384 390
384 430
384 498
384 589
384 630
384 760
384 823
384 846
384 948
385 473
385 777
386 469
386 551
386 622
386 685
386 694
387 402
387 447
387 477
388 550
388 664
388 786
388 992
389 511
389 552
389 786
389 808
389 992
390 767
390 823
391 574
391 812
391 902
392 486
392 854
393 406
393 543
393 552
393 664
393 675
393 678
393 743
393 753
393 835
393 885
393 940
393 959
393 991
393 998
394 875
395 469
395 658
395 714
395 721
395 827
395 871
395 884
395 912
395 957
396 431
396 473
396 506
396 540
396 545
396 586
396 596
396 620
396 725
396 767
396 777
396 837
397 431
397 495
397 596
397 725
397 777
397 814
397 931
397 977
398 657
399 418
399 454
399 607
399 674
399 761
399 771
399 898
400 452
400 652
401 511
401 543
401 664
401 678
401 775
401 870
401 883
401 916
401 991
401 998
402 531
402 547
402 567
402 684
402 719
402 771
402 819
402 860
402 875
402 962
403 483
403 534
403 907
404 555
404 786
404 880
405 570
405 705
405 772
406 424
406 434
406 448
406 469
406 503
406 511
406 536
406 543
406 547
406 664
406 667
406 675
406 711
406 741
406 775
406 780
406 794
406 830
406 835
406 845
406 870
406 883
406 885
406 914
406 929
406 943
406 956
406 959
406 998
407 667
407 690
407 918
407 954
408 614
408 911
409 469
409 485
409 547
409 876
409 877
409 973
410 742
411 473
411 540
411 545
411 777
411 904
412 699
413 566
413 819
414 984
415 670
415 671
416 452
416 581
416 610
416 696
416 861
416 907
417 469
417 601
417 783
417 912
418 574
418 607
418 674
418 761
418 771
418 867
418 929
418 953
419 865
419 965
419 980
420 511
420 579
420 664
420 997
421 614
421 734
422 464
422 466
422 469
422 577
422 673
422 782
422 800
422 803
422 831
422 912
422 945
422 950
423 452
423 907
424 448
424 664
424 943
425 435
425 532
425 584
425 586
425 632
425 666
425 760
425 846
425 886
426 580
427 574
427 709
427 902
428 585
428 688
429 469
429 507
429 547
429 565
429 685
429 873
429 938
430 589
430 613
430 651
430 846
431 495
431 545
431 574
431 596
431 725
431 760
431 767
431 777
431 795
431 814
431 837
431 904
431 931
431 977
432 514
432 634
433 469
433 547
433 755
433 993
434 503
434 530
434 664
434 667
434 780
434 845
434 959
435 440
435 451
435 568
435 706
435 760
435 769
435 796
436 469
436 817
437 681
437 967
438 516
438 805
439 468
439 476
439 574
439 641
439 863
440 457
440 513
440 545
440 591
440 700
440 725
440 760
440 767
440 777
440 904
440 978
441 469
441 509
441 950
442 522
442 646
443 560
443 764
443 894
443 907
444 458
444 664
444 835
444 940
444 963
445 503
445 530
445 845
445 959
446 473
446 586
446 767
446 777
446 837
447 477
447 482
447 732
447 844
448 543
448 943
449 452
449 568
449 652
449 689
450 583
450 995
451 478
451 568
451 777
452 522
452 626
452 652
452 689
452 777
452 846
452 941
453 488
454 674
454 761
454 771
455 708
455 852
455 889
456 522
457 545
457 586
457 596
457 798
457 978
458 490
458 664
458 835
458 882
458 940
458 963
458 971
459 572
460 919
460 961
461 533
461 665
462 523
462 539
462 614
462 623
462 667
462 690
462 788
462 799
462 857
462 913
463 480
463 505
463 594
463 597
463 820
464 466
464 469
464 577
464 673
464 781
464 800
464 831
464 945
464 950
464 995
464 999
465 476
465 536
465 574
465 641
465 681
465 687
465 758
465 878
465 929
466 469
466 577
466 664
466 721
466 782
466 800
466 817
466 831
466 950
466 987
466 995
466 999
467 469
467 492
467 555
467 734
467 880
468 476
468 641
468 718
468 874
469 496
469 507
469 509
469 510
469 511
469 541
469 547
469 549
469 551
469 565
469 572
469 577
469 582
469 583
469 590
469 601
469 603
469 614
469 618
469 622
469 635
469 636
469 638
469 658
469 664
469 670
469 676
469 681
469 690
469 692
469 694
469 695
469 696
469 710
469 714
469 721
469 729
469 730
469 745
469 751
469 757
469 767
469 768
469 781
469 783
469 800
469 803
469 817
469 824
469 827
469 828
469 831
469 835
469 849
469 850
469 851
469 859
469 871
469 873
469 877
469 879
469 884
469 897
469 899
469 907
469 908
469 912
469 917
469 933
469 935
469 936
469 940
469 947
469 957
469 966
469 970
469 993
469 995
470 553
471 543
471 660
471 678
471 743
471 991
471 998
472 479
472 648
472 880
473 540
473 545
473 586
473 620
473 725
473 767
473 777
473 795
473 837
474 547
474 551
474 640
474 707
474 745
474 811
474 815
474 877
474 910
474 996
475 503
475 504
475 598
475 667
475 830
475 845
475 959
476 574
476 641
476 681
476 718
476 758
476 773
476 863
476 874
476 878
476 982
477 487
477 607
477 732
478 568
478 632
478 706
479 667
479 809
479 880
479 970
480 505
481 558
481 566
483 534
483 907
484 667
484 690
484 788
484 918
484 954
485 852
485 876
486 596
486 731
486 854
487 684
487 732
488 512
488 557
488 677
488 981
489 570
489 691
489 762
489 776
489 867
489 929
490 595
490 835
490 940
490 963
491 681
492 734
492 880
493 779
494 835
494 865
494 965
495 596
495 777
495 814
495 931
495 977
496 547
496 551
496 636
496 818
497 664
497 675
497 836
498 754
498 760
499 658
499 676
499 721
499 897
499 899
499 912
501 779
502 511
502 524
502 579
502 664
502 675
502 678
502 844
502 986
502 997
503 504
503 530
503 547
503 664
503 667
503 711
503 775
503 780
503 804
503 830
503 845
503 918
503 959
504 573
504 598
504 830
504 845
504 959
505 594
505 597
505 719
506 596
506 625
506 725
506 752
506 777
506 864
506 915
506 949
507 547
507 565
507 622
507 685
507 692
507 755
507 873
507 905
508 518
509 912
510 551
511 600
511 609
511 617
511 664
511 667
511 669
511 716
511 765
511 786
511 835
511 836
511 840
511 844
511 866
511 923
511 986
511 992
513 545
513 654
513 978
514 562
514 583
514 615
514 634
514 735
514 747
514 841
515 803
515 995
516 559
516 569
516 596
516 679
516 733
516 805
516 837
516 854
516 892
516 929
518 736
518 747
518 789
518 791
519 666
519 760
519 886
520 744
520 896
520 946
521 611
521 727
521 919
521 929
522 646
522 652
522 760
522 946
523 539
523 575
523 602
523 623
523 664
523 667
523 702
523 799
523 825
523 912
523 913
524 664
524 675
524 844
525 596
525 725
526 576
526 720
526 776
527 543
527 614
528 535
528 561
528 642
528 693
528 867
528 929
528 988
529 577
529 995
530 573
530 598
530 664
530 780
530 959
531 564
531 771
532 584
532 666
532 760
532 886
533 574
533 645
533 718
534 744
534 907
535 561
535 611
535 642
535 693
535 727
535 867
535 929
535 988
536 574
536 641
536 681
536 682
536 687
536 718
536 758
536 784
536 874
536 878
536 929
537 832
537 907
538 644
538 663
538 749
538 759
539 703
540 586
540 767
540 777
540 795
540 837
541 721
541 879
541 912
542 664
542 667
542 780
543 612
543 660
543 664
543 667
543 675
543 678
543 775
543 780
543 794
543 821
543 867
543 870
543 906
543 916
543 991
543 998
544 574
545 586
545 596
545 620
545 760
545 767
545 777
545 795
545 798
545 904
545 929
545 977
545 978
545 985
546 664
546 675
546 836
547 551
547 565
547 582
547 583
547 590
547 622
547 636
547 658
547 659
547 664
547 685
547 692
547 694
547 704
547 707
547 712
547 721
547 744
547 746
547 755
547 800
547 807
547 811
547 835
547 843
547 850
547 873
547 876
547 877
547 889
547 903
547 905
547 908
547 910
547 912
547 920
547 936
547 938
547 946
547 947
547 964
547 983
547 993
547 995
547 996
548 786
548 866
549 907
549 979
550 716
550 840
550 992
551 565
551 571
551 577
551 582
551 618
551 622
551 636
551 658
551 664
551 685
551 694
551 695
551 696
551 704
551 714
551 721
551 800
551 807
551 831
551 850
551 873
551 876
551 877
551 884
551 912
551 947
551 964
551 993
551 998
552 608
552 616
552 661
552 664
552 669
552 686
552 716
552 786
552 835
552 940
552 992
553 857
553 881
554 929
556 574
557 664
557 677
557 787
558 566
558 587
558 810
558 835
559 668
559 739
559 858
560 744
560 894
561 642
561 693
561 784
561 929
561 988
562 583
562 615
562 735
562 841
562 942
563 617
563 664
563 997
565 590
565 685
565 704
565 721
565 938
566 649
566 664
566 835
567 664
567 722
567 748
567 810
567 820
567 835
567 867
567 900
567 965
567 980
568 654
568 706
568 760
568 769
568 777
568 796
569 679
569 733
569 777
569 805
569 854
569 892
570 705
570 720
570 835
572 697
572 763
573 830
573 845
573 959
574 585
574 596
574 641
574 645
574 681
574 718
574 758
574 802
574 816
574 834
574 842
574 874
574 878
575 602
575 614
575 667
575 788
575 825
575 857
575 913
576 691
576 720
576 776
577 710
577 721
577 781
577 800
577 801
577 831
577 912
577 927
577 945
577 950
577 987
577 995
578 770
579 664
579 844
581 637
581 724
581 946
581 975
582 622
582 694
582 873
583 603
583 615
583 734
583 735
583 736
583 841
583 912
583 995
584 666
584 886
585 627
585 682
585 919
585 929
585 972
586 725
586 760
586 767
586 777
586 795
586 806
586 837
586 921
587 835
587 965
588 630
588 760
588 806
588 926
588 990
589 613
589 651
589 666
589 696
589 754
589 760
589 777
589 846
589 855
589 926
589 948
590 685
590 905
590 938
590 993
591 700
592 655
592 929
593 917
594 597
594 664
594 784
594 872
595 604
595 835
595 940
595 971
596 625
596 698
596 706
596 725
596 731
596 733
596 740
596 752
596 774
596 777
596 785
596 816
596 822
596 864
596 904
596 915
596 929
596 931
596 949
596 968
597 929
598 845
598 959
599 639
599 665
600 609
600 716
600 728
600 765
600 786
600 866
600 991
600 992
601 783
601 912
602 702
604 835
604 963
605 610
605 696
606 953
607 674
607 771
607 784
607 898
608 716
608 840
608 992
609 664
609 716
609 923
609 997
610 744
611 727
611 919
611 929
612 664
612 885
612 998
613 651
613 846
613 855
613 926
613 975
614 664
614 847
614 848
614 867
614 880
614 911
615 634
615 735
615 800
615 841
615 912
615 942
616 677
616 829
616 835
616 960
616 981
617 664
617 997
618 912
619 682
620 725
620 767
620 777
620 837
621 888
621 929
621 944
622 694
622 849
622 850
622 871
622 873
623 667
623 825
623 826
624 730
624 824
624 912
625 698
625 949
626 652
626 941
627 919
627 952
627 961
627 972
628 667
628 895
629 664
629 726
629 753
629 893
630 760
630 806
631 649
631 835
632 706
633 677
633 787
633 829
633 960
633 992
634 942
637 724
637 975
640 685
640 707
640 745
640 811
640 815
640 877
640 996
641 645
641 681
641 687
641 718
641 758
641 802
641 863
641 874
641 878
641 929
641 982
642 834
642 929
643 780
643 800
644 889
647 720
647 862
647 867
647 891
648 734
648 880
648 970
649 719
649 835
649 971
650 737
650 809
650 880
651 926
652 689
652 941
653 907
653 910
654 921
655 682
656 833
657 816
658 676
658 721
658 828
658 897
658 899
658 912
659 807
659 843
659 873
659 947
659 983
660 664
660 821
663 749
663 759
664 667
664 675
664 678
664 686
664 690
664 716
664 726
664 741
664 743
664 753
664 756
664 775
664 777
664 780
664 786
664 790
664 820
664 821
664 835
664 838
664 844
664 885
664 893
664 912
664 913
664 919
664 923
664 940
664 951
664 959
664 966
664 981
664 991
664 994
664 997
664 998
666 760
666 777
666 886
666 975
667 690
667 737
667 775
667 780
667 804
667 809
667 825
667 830
667 835
667 845
667 857
667 883
667 901
667 906
667 912
667 913
667 918
667 929
667 954
667 959
667 966
667 969
667 998
668 739
669 715
669 929
669 992
670 671
670 861
670 907
670 922
672 770
672 833
673 800
673 831
673 945
673 950
674 761
674 771
674 898
675 753
675 756
675 835
675 836
675 844
675 951
675 998
676 721
676 849
676 897
676 899
676 957
678 726
678 753
678 821
678 991
679 733
679 892
680 733
680 805
681 687
681 797
681 834
681 867
681 919
681 929
681 952
682 919
682 929
682 972
683 927
683 939
684 732
684 875
685 692
685 694
685 704
685 755
685 807
685 873
685 877
685 903
685 905
685 912
685 938
685 947
686 716
686 992
689 941
690 909
690 918
690 954
691 720
691 776
691 867
692 807
692 873
692 905
693 929
694 850
694 884
694 912
695 884
695 935
696 764
696 907
697 763
698 822
698 864
700 978
701 881
701 912
701 930
703 901
703 913
704 755
704 807
704 873
704 964
704 993
706 760
706 767
706 769
707 811
707 815
707 996
708 852
708 889
709 740
709 778
709 812
709 932
710 831
710 987
711 780
711 794
711 845
711 914
711 956
711 959
712 738
713 820
713 882
713 890
713 937
714 721
714 884
714 899
714 912
716 786
716 840
716 866
716 870
716 992
717 772
717 929
718 802
718 834
718 874
719 860
720 762
720 776
720 784
720 867
720 888
720 929
721 757
721 783
721 800
721 827
721 828
721 849
721 859
721 871
721 879
721 884
721 897
721 899
721 912
721 935
721 947
721 957
722 748
722 820
723 747
724 975
725 752
725 767
725 777
725 814
725 837
725 931
725 977
726 743
726 893
726 991
727 929
728 765
728 786
729 730
729 912
730 824
730 912
731 752
731 805
731 854
733 752
733 777
733 805
733 854
733 892
733 929
734 779
734 809
734 880
734 934
734 970
735 803
735 841
735 912
735 942
736 789
740 774
741 780
742 907
743 821
743 991
744 894
744 907
745 811
745 815
745 910
746 903
746 964
748 810
748 820
748 835
748 929
748 980
749 889
751 824
751 912
752 777
752 915
752 949
753 756
753 893
753 994
754 760
755 877
755 903
755 907
755 964
755 993
758 773
758 863
758 878
759 811
760 777
760 806
760 823
760 846
760 886
760 926
760 941
760 990
762 929
764 907
765 786
767 777
767 795
767 837
767 904
768 917
769 796
770 847
770 955
771 953
773 982
775 991
775 998
776 867
776 929
776 953
777 785
777 814
777 837
777 864
777 886
777 912
777 921
777 931
777 977
777 978
779 847
779 851
779 912
779 970
780 794
780 885
780 914
780 959
780 991
781 800
781 801
781 912
781 950
781 987
781 995
782 800
783 912
784 835
784 839
784 853
784 862
784 867
784 929
784 944
784 974
785 805
785 868
786 808
786 835
786 866
786 923
788 857
789 791
790 994
794 830
794 943
797 869
798 837
798 904
798 985
799 954
800 817
800 831
800 877
800 879
800 912
800 945
800 950
800 999
801 912
801 995
802 874
804 906
804 959
805 854
805 892
806 846
807 850
807 873
807 908
807 912
807 983
809 970
810 820
810 835
810 900
810 980
811 815
811 873
811 877
811 910
811 996
812 902
814 931
814 977
815 910
817 912
818 884
818 912
818 935
819 820
819 890
820 835
820 865
820 900
820 965
820 980
821 992
822 864
822 929
824 912
826 883
827 871
827 884
827 899
827 912
827 957
827 998
828 912
829 960
829 981
830 913
830 959
831 945
831 950
831 987
831 995
835 865
835 929
835 940
835 960
835 963
835 971
835 986
835 997
836 951
837 977
838 929
839 867
840 992
841 942
842 932
843 873
843 908
843 947
843 983
846 855
846 926
846 948
846 990
847 955
849 912
850 903
850 947
852 876
852 889
852 973
853 862
853 867
853 929
854 929
857 913
859 912
861 922
862 867
862 929
865 965
865 980
867 888
867 891
867 912
867 929
867 944
868 929
870 885
870 998
871 957
873 903
873 947
873 983
873 996
876 889
876 973
877 993
877 996
878 929
879 912
880 970
882 940
882 963
883 929
883 966
883 969
884 899
884 912
884 935
884 957
885 912
885 956
888 929
888 944
888 974
889 973
896 946
897 899
899 912
899 957
900 980
901 913
903 947
903 964
907 912
907 946
908 983
909 966
909 969
912 917
912 929
912 935
912 947
912 957
915 949
915 968
916 998
918 954
919 929
919 972
920 993
923 940
926 948
927 939
927 995
929 944
929 952
929 972
929 981
929 988
931 977
940 963
940 992
944 974
945 950
947 964
947 983
951 992
952 961
952 972
952 989
960 981
961 989
963 981
965 980
981 992
986 997
987 995
991 998
993 996
995 999
