0 13
0 26
0 49
0 53
0 100
0 107
0 111
0 146
0 188
0 214
0 269
0 294
0 333
0 337
0 346
0 394
0 459
0 462
0 477
0 486
0 496
1 6
1 60
1 252
1 358
1 398
1 400
1 427
2 247
2 362
2 451
2 482
2 485
3 124
3 146
3 195
3 289
3 389
3 405
3 412
3 413
3 416
3 462
4 29
4 51
4 107
4 118
4 290
4 400
4 422
4 469
4 483
5 48
5 290
5 398
6 31
6 249
6 358
6 398
6 463
6 478
7 47
7 55
7 107
7 252
7 388
7 398
7 400
7 405
7 478
8 104
8 156
8 407
8 441
8 462
9 146
9 193
9 307
9 316
10 15
10 78
10 157
10 162
10 295
10 355
10 413
11 276
11 280
11 282
11 386
11 444
12 125
12 322
12 357
12 366
13 22
13 26
13 42
13 49
13 188
13 208
13 214
13 290
13 294
13 337
14 104
14 109
14 134
14 149
14 156
14 283
14 378
14 405
14 407
14 441
14 462
14 474
15 23
15 30
15 38
15 81
15 83
15 110
15 132
15 146
15 157
15 162
15 166
15 170
15 187
15 225
15 241
15 253
15 279
15 280
15 288
15 290
15 295
15 307
15 355
15 376
15 379
15 396
15 398
15 400
15 413
15 414
15 426
15 443
15 445
15 447
15 462
15 468
15 470
16 124
16 146
16 416
17 28
17 405
17 499
18 42
18 44
18 111
18 148
19 36
19 107
19 131
19 152
19 212
19 217
19 326
19 328
19 400
19 432
20 36
20 196
20 258
20 308
20 400
21 135
21 153
21 392
21 398
21 463
21 478
21 493
22 26
22 42
22 44
22 53
22 111
22 294
22 348
22 394
22 405
22 496
23 166
23 216
23 241
23 243
23 252
23 318
23 386
23 390
23 398
23 400
23 405
23 413
23 444
23 445
24 37
24 125
24 146
24 208
24 277
24 336
24 344
24 366
24 394
24 462
25 59
25 79
25 93
25 128
25 146
26 44
26 111
26 294
26 348
27 298
27 405
27 458
27 462
27 475
28 56
28 116
28 156
28 163
28 211
28 238
28 240
28 247
28 265
28 275
28 290
28 299
28 313
28 340
28 398
28 405
28 418
28 448
28 451
28 460
28 462
28 476
28 478
28 485
29 51
29 98
29 107
29 118
29 164
29 258
29 326
29 400
29 422
29 449
29 468
29 483
30 83
30 117
30 139
30 146
30 166
30 241
30 379
30 386
30 398
30 400
30 414
30 433
30 444
31 60
31 154
31 252
31 279
31 398
31 405
31 478
32 315
33 372
33 438
34 64
34 330
34 353
34 481
35 105
35 186
35 207
35 278
35 306
35 356
35 364
35 405
35 462
36 107
36 222
36 308
36 331
36 381
36 398
36 400
36 449
36 468
37 214
37 277
37 322
37 336
37 366
37 486
38 78
38 81
38 95
38 162
38 165
38 171
38 259
38 320
38 413
38 414
39 85
39 104
39 105
39 186
39 306
39 356
39 462
40 107
40 183
40 329
40 342
40 370
40 373
40 398
40 400
40 422
41 67
41 291
41 307
41 332
41 402
42 44
42 111
43 48
43 127
43 228
43 397
43 398
43 460
43 478
44 294
44 322
44 348
44 394
44 462
44 486
45 329
45 370
45 382
45 400
45 422
45 468
46 386
47 55
47 83
47 107
47 126
47 146
47 179
47 202
47 246
47 252
47 279
47 284
47 286
47 323
47 388
47 392
47 398
47 400
47 405
47 422
47 423
47 437
47 442
47 460
47 462
47 468
47 478
47 489
47 493
48 89
48 127
48 209
48 211
48 252
48 290
48 351
48 375
48 397
48 398
48 400
48 405
48 460
48 463
48 478
48 495
48 499
49 201
49 294
49 337
49 394
50 116
50 405
50 418
50 451
50 485
51 107
51 118
51 258
51 308
51 398
51 400
51 483
52 168
52 281
52 282
52 444
53 69
53 100
53 111
53 188
53 208
53 214
53 333
53 394
53 460
53 486
53 496
54 405
54 462
55 107
55 252
55 286
55 323
55 327
55 388
55 398
55 400
55 405
55 422
55 423
55 442
55 471
55 478
56 147
56 163
56 200
56 211
56 247
56 261
56 265
56 290
56 299
56 303
56 340
56 374
56 398
56 405
56 418
56 451
56 460
56 478
56 485
56 499
57 94
57 242
57 405
57 460
58 214
58 268
59 79
59 93
59 128
59 136
59 146
59 190
59 223
59 227
59 273
59 310
59 414
59 447
60 206
60 279
60 290
60 358
60 398
60 400
60 405
60 428
60 460
60 478
61 166
61 354
61 379
61 386
61 433
62 231
62 306
62 356
62 462
63 70
63 405
64 330
64 481
65 409
66 126
66 156
66 297
66 398
66 405
66 420
66 431
66 458
66 462
66 484
66 491
67 70
67 129
67 146
67 195
67 226
67 256
67 262
67 289
67 291
67 307
67 311
67 325
67 383
67 398
67 462
68 339
68 400
68 422
69 144
69 145
69 148
69 214
69 394
69 486
69 496
70 129
70 146
70 194
70 195
70 221
70 285
70 289
70 291
70 307
70 311
70 312
70 321
70 325
70 352
70 383
70 405
70 424
70 455
70 486
70 497
71 83
71 97
71 107
71 146
71 175
71 177
71 212
71 271
71 284
71 326
71 398
71 400
71 421
71 432
71 436
71 468
71 470
71 478
71 494
72 156
72 215
72 378
72 405
72 462
72 474
73 142
73 353
73 404
74 84
74 122
74 244
74 290
74 314
74 327
74 398
75 309
75 398
75 405
75 460
75 495
76 193
76 316
76 402
77 470
78 146
78 171
78 414
79 128
79 136
79 141
79 146
79 190
79 254
79 307
79 403
79 414
80 98
80 107
80 108
80 252
80 398
80 400
80 422
81 95
81 146
81 162
81 171
81 190
81 203
81 223
81 252
81 254
81 310
81 371
81 398
81 413
81 414
81 447
81 452
81 478
82 252
82 279
82 345
82 398
82 399
82 400
82 428
82 463
82 478
83 91
83 107
83 123
83 130
83 146
83 166
83 177
83 185
83 212
83 241
83 252
83 280
83 284
83 318
83 341
83 386
83 395
83 398
83 400
83 405
83 432
83 436
83 444
83 453
83 467
83 468
83 470
83 478
83 494
84 244
84 290
84 314
84 327
84 398
85 105
85 146
85 186
85 224
85 231
85 306
85 356
85 377
85 398
85 405
85 462
86 156
86 173
86 215
86 267
86 302
86 378
86 462
87 144
87 148
87 189
87 294
87 321
87 346
87 366
87 394
87 405
87 429
87 430
87 486
88 166
88 241
89 209
89 375
89 397
89 398
89 460
90 161
90 405
90 441
90 462
91 185
91 341
91 470
92 99
92 156
92 267
92 302
92 405
92 462
93 124
93 128
93 146
93 227
94 102
94 242
94 460
95 141
95 146
95 165
95 190
95 203
95 223
95 254
95 310
95 371
95 398
95 413
95 414
95 419
95 440
96 181
96 240
96 272
96 405
96 418
96 460
97 271
97 284
97 400
97 421
98 107
98 108
98 400
98 465
99 156
99 267
99 302
99 405
99 458
100 214
100 394
100 405
100 462
100 486
100 496
101 185
101 470
102 290
102 317
102 405
102 460
102 495
103 132
103 141
103 146
103 190
103 273
103 289
103 400
103 414
103 419
104 107
104 109
104 126
104 134
104 146
104 149
104 156
104 192
104 213
104 234
104 267
104 283
104 343
104 356
104 378
104 398
104 405
104 407
104 438
104 441
104 458
104 462
104 474
104 486
105 156
105 186
105 278
105 306
105 356
105 364
105 398
105 405
105 462
106 257
106 290
106 398
106 460
106 493
107 108
107 118
107 130
107 131
107 146
107 162
107 164
107 183
107 196
107 202
107 205
107 212
107 217
107 222
107 239
107 246
107 252
107 279
107 284
107 289
107 290
107 299
107 300
107 309
107 318
107 326
107 329
107 339
107 342
107 370
107 382
107 385
107 386
107 387
107 388
107 392
107 398
107 400
107 405
107 418
107 422
107 444
107 449
107 460
107 462
107 463
107 465
107 468
107 469
107 470
107 478
107 480
107 483
108 252
108 300
108 398
108 400
108 422
108 468
108 480
109 283
109 405
109 407
109 441
109 462
110 146
110 157
110 162
110 170
110 187
110 355
110 376
110 413
111 294
111 306
112 152
112 246
112 252
112 279
112 398
112 405
112 437
112 498
113 119
113 305
114 402
115 216
115 280
115 282
115 386
115 391
116 163
116 211
116 247
116 398
116 405
116 418
116 482
116 485
117 139
117 241
117 379
117 413
117 444
118 164
118 196
118 258
118 290
118 308
118 326
118 329
118 387
118 398
118 400
118 422
118 468
118 469
118 483
119 146
119 221
119 352
120 236
120 242
120 296
120 405
121 141
121 146
121 174
122 290
122 398
122 461
122 463
122 471
122 478
122 479
122 493
123 453
123 470
124 128
124 146
124 190
124 195
124 199
124 212
124 318
124 359
124 386
124 400
124 402
124 412
124 414
124 416
124 419
124 422
124 457
124 462
124 470
125 133
125 160
125 186
125 208
125 224
125 322
125 324
125 356
125 357
125 366
125 393
125 394
125 400
125 405
125 462
125 490
126 156
126 172
126 215
126 218
126 237
126 267
126 297
126 298
126 398
126 400
126 405
126 420
126 458
126 462
126 475
126 478
126 484
126 491
127 290
127 460
128 132
128 136
128 141
128 146
128 190
128 227
128 273
128 352
128 398
128 405
128 414
128 419
128 447
128 452
129 262
129 291
129 383
130 177
130 280
130 386
130 395
130 400
130 470
131 326
131 328
131 400
131 432
132 146
132 227
132 413
132 419
133 160
133 207
133 322
133 393
133 405
134 138
134 156
134 159
134 192
134 213
134 306
134 405
134 438
134 462
134 472
134 485
135 252
135 290
135 392
135 398
135 463
135 478
136 141
136 146
136 190
136 223
136 369
136 414
136 447
137 146
137 289
138 192
138 213
138 306
138 405
138 462
138 472
139 241
139 354
139 379
139 470
140 146
140 195
140 289
140 293
141 146
141 190
141 273
141 369
141 398
141 410
141 413
141 414
141 416
141 419
142 144
142 269
142 321
142 353
142 404
142 481
143 146
143 195
144 148
144 266
144 269
144 274
144 301
144 307
144 321
144 353
144 356
144 394
144 405
144 406
144 408
144 409
144 429
144 430
144 459
144 462
144 481
146 156
146 157
146 162
146 163
146 165
146 166
146 174
146 190
146 193
146 195
146 199
146 203
146 210
146 212
146 213
146 227
146 241
146 252
146 254
146 259
146 273
146 279
146 284
146 289
146 290
146 291
146 292
146 293
146 295
146 306
146 307
146 310
146 311
146 322
146 329
146 335
146 344
146 350
146 354
146 356
146 357
146 359
146 361
146 366
146 369
146 371
146 383
146 386
146 389
146 390
146 391
146 394
146 396
146 398
146 400
146 403
146 405
146 406
146 410
146 411
146 412
146 413
146 414
146 416
146 419
146 422
146 429
146 439
146 441
146 444
146 447
146 450
146 452
146 456
146 457
146 460
146 462
146 463
146 470
146 471
146 475
146 478
146 481
146 486
147 166
147 211
147 242
147 245
147 309
147 398
147 400
147 405
147 460
147 462
147 478
147 499
148 294
148 306
148 356
148 383
148 405
148 409
148 481
149 283
149 462
150 462
151 400
151 405
151 460
152 206
152 246
152 252
152 260
152 279
152 290
152 398
152 400
152 446
152 460
152 462
152 463
152 478
152 498
153 179
153 290
153 398
153 461
153 463
153 471
153 493
154 246
154 279
154 290
154 398
154 463
154 478
155 178
155 193
155 289
155 405
156 172
156 173
156 186
156 191
156 192
156 198
156 211
156 215
156 218
156 237
156 240
156 248
156 252
156 267
156 290
156 297
156 298
156 334
156 338
156 378
156 400
156 405
156 420
156 431
156 441
156 458
156 460
156 462
156 475
156 478
156 484
156 491
157 162
157 210
157 253
157 295
157 355
157 390
157 413
158 398
158 428
158 434
158 478
159 306
159 405
159 458
159 462
160 207
160 393
160 394
160 405
161 405
161 441
161 462
162 166
162 187
162 225
162 227
162 230
162 232
162 253
162 254
162 288
162 295
162 304
162 320
162 355
162 405
162 413
162 414
162 419
162 462
162 470
163 211
163 238
163 240
163 247
163 275
163 299
163 309
163 313
163 340
163 374
163 398
163 400
163 405
163 418
163 448
163 451
163 460
163 485
164 308
164 400
166 197
166 241
166 243
166 246
166 251
166 326
166 335
166 379
166 386
166 390
166 405
166 414
166 433
166 444
166 470
167 290
167 375
167 397
167 398
168 354
168 401
168 413
168 444
169 291
169 349
169 405
170 355
171 176
172 198
172 298
172 405
172 458
173 215
173 378
173 405
173 462
175 212
175 400
175 421
175 466
175 488
176 414
177 284
177 436
177 494
178 289
178 293
179 246
179 252
179 290
179 392
179 398
179 405
179 425
179 428
179 460
179 463
179 471
179 478
179 493
180 212
180 217
180 323
180 400
180 432
181 240
181 272
181 405
181 464
182 218
182 405
182 484
183 329
183 370
183 400
183 422
184 190
184 369
184 414
184 452
185 280
185 341
185 398
185 400
185 405
185 470
185 494
186 207
186 214
186 224
186 278
186 306
186 315
186 356
186 364
186 366
186 377
186 394
186 398
186 405
186 462
187 288
188 294
188 333
188 337
188 486
189 271
190 223
190 227
190 254
190 369
190 371
190 393
190 414
190 419
190 447
191 192
191 405
191 462
191 474
192 213
192 438
192 462
192 472
193 316
193 398
193 456
194 221
194 269
194 352
194 481
195 223
195 227
195 252
195 289
195 291
195 307
195 310
195 316
195 352
195 389
195 398
195 400
195 403
195 405
195 412
195 414
195 416
195 419
196 250
196 258
196 308
196 398
196 400
196 422
196 449
196 468
196 478
197 270
197 386
198 338
198 405
198 458
198 462
199 350
200 211
200 261
200 374
200 398
200 462
201 394
202 279
202 290
202 323
202 329
202 345
202 398
202 400
202 422
202 442
202 463
202 468
203 254
203 310
203 414
204 290
204 398
204 405
204 471
204 478
204 493
205 329
205 370
205 400
205 422
206 229
206 384
206 398
206 399
206 427
206 428
206 478
207 224
207 306
207 322
207 324
207 356
207 377
207 405
207 462
207 486
208 214
208 336
208 344
208 366
208 380
208 394
208 405
208 477
208 486
209 351
209 397
209 398
210 452
211 238
211 240
211 242
211 247
211 265
211 275
211 299
211 340
211 374
211 398
211 400
211 405
211 418
211 451
211 460
211 485
211 499
212 271
212 398
212 400
212 432
212 468
213 302
213 405
213 441
213 462
213 472
213 474
214 307
214 322
214 337
214 344
214 356
214 366
214 394
214 405
214 458
214 462
214 486
215 237
215 302
215 356
215 378
215 405
215 462
215 484
216 251
216 276
216 282
216 318
216 386
216 400
216 414
216 444
217 284
217 326
217 398
217 400
218 267
218 398
218 405
218 462
218 484
219 224
219 377
220 233
220 298
220 405
220 475
221 291
221 311
221 312
221 325
221 424
221 455
221 462
222 400
222 449
223 227
223 241
223 403
223 414
223 447
223 452
224 324
224 356
224 377
224 462
225 230
225 232
225 304
225 400
225 413
226 455
227 419
228 398
228 478
229 279
229 384
229 398
229 427
229 478
230 232
230 413
231 306
231 356
232 304
232 413
233 298
233 405
233 458
234 462
235 244
235 398
235 478
236 272
236 405
236 451
236 462
237 267
237 302
237 405
237 458
237 462
238 247
238 265
238 275
238 299
238 313
238 340
238 398
238 448
238 485
239 400
239 468
240 247
240 252
240 272
240 299
240 398
240 405
240 415
240 451
240 460
240 462
240 463
240 464
240 485
241 246
241 252
241 253
241 280
241 319
241 335
241 354
241 379
241 386
241 398
241 400
241 405
241 414
241 433
241 444
241 462
241 468
241 478
242 398
242 405
242 418
242 460
244 290
244 314
244 327
244 463
244 478
246 252
246 279
246 290
246 323
246 329
246 398
246 400
246 405
246 422
246 423
246 427
246 437
246 446
246 462
246 463
246 468
246 478
246 498
247 275
247 290
247 299
247 313
247 340
247 362
247 374
247 398
247 400
247 405
247 418
247 451
247 460
247 476
247 485
248 458
249 279
249 398
250 400
250 483
251 282
251 386
251 400
251 444
252 260
252 272
252 279
252 290
252 317
252 323
252 329
252 358
252 382
252 388
252 392
252 398
252 400
252 405
252 417
252 422
252 423
252 427
252 428
252 432
252 436
252 437
252 439
252 446
252 460
252 462
252 463
252 468
252 470
252 478
252 485
252 493
252 498
253 280
253 318
253 355
253 376
253 386
253 405
253 413
253 422
253 443
254 310
254 369
254 371
254 413
254 414
254 440
254 452
255 288
255 396
255 443
256 307
257 317
257 352
257 398
257 405
257 460
257 492
258 279
258 400
258 460
258 483
259 413
259 414
259 435
260 279
260 290
260 398
260 405
260 446
260 462
260 463
260 478
261 303
261 374
261 485
261 499
262 291
262 307
262 383
263 395
263 470
264 398
264 405
264 460
264 462
265 299
265 340
265 451
266 321
266 352
266 405
267 302
267 400
267 405
267 462
267 475
268 394
268 486
268 490
269 353
269 404
269 462
269 481
270 386
270 444
271 284
272 398
272 405
272 415
272 460
272 462
272 464
272 485
273 400
273 410
273 414
273 419
273 452
274 321
274 471
275 299
275 340
275 485
276 280
276 282
276 386
276 444
277 322
277 336
277 366
277 380
277 394
277 486
278 356
279 290
279 307
279 345
279 358
279 388
279 398
279 400
279 405
279 417
279 428
279 446
279 460
279 463
279 468
279 478
279 493
280 386
280 390
280 391
280 400
280 401
280 405
280 444
280 478
281 444
282 386
282 390
282 400
282 405
282 444
282 445
282 468
283 343
283 356
283 405
283 407
283 460
283 462
283 485
284 328
284 398
284 400
284 436
284 452
284 460
284 470
284 494
285 305
285 497
286 388
286 398
286 422
287 356
287 462
288 295
288 396
289 293
289 353
289 389
289 400
289 405
289 414
289 450
290 299
290 314
290 327
290 345
290 351
290 365
290 368
290 375
290 384
290 386
290 392
290 397
290 398
290 400
290 405
290 417
290 422
290 427
290 428
290 434
290 437
290 446
290 451
290 460
290 461
290 462
290 463
290 470
290 471
290 478
290 479
290 493
291 307
291 321
291 332
291 383
291 405
291 455
291 497
293 405
293 486
294 348
294 394
294 398
294 405
295 396
295 400
295 414
295 452
296 405
296 478
297 462
298 363
298 398
298 405
298 458
298 462
298 475
298 485
299 309
299 313
299 340
299 398
299 400
299 405
299 418
299 448
299 451
299 460
299 485
299 486
299 499
300 329
300 400
300 422
300 468
300 480
301 405
301 409
302 398
302 405
302 462
303 374
303 398
303 405
303 462
304 413
304 414
304 462
306 315
306 356
306 367
306 405
306 462
306 486
307 330
307 332
307 349
307 352
307 353
307 366
307 383
307 398
307 400
307 402
307 405
307 424
307 454
307 478
307 481
307 487
307 497
308 400
308 449
308 468
309 405
309 458
309 460
310 371
310 413
310 414
310 416
310 419
310 452
311 312
311 325
311 352
312 325
312 424
312 497
313 398
313 418
313 485
314 327
314 398
314 478
314 493
315 356
315 367
315 462
317 398
317 405
317 460
317 492
317 495
318 386
318 390
318 391
318 398
318 400
318 405
318 413
318 433
318 444
318 445
318 470
319 443
320 400
320 413
321 353
321 356
321 394
321 404
321 409
321 481
322 336
322 344
322 356
322 357
322 360
322 366
322 380
322 405
322 462
322 477
322 486
323 388
323 398
323 400
323 405
324 462
326 328
326 400
326 468
327 398
327 478
328 432
329 339
329 342
329 370
329 373
329 388
329 398
329 400
329 422
329 460
329 468
329 480
329 489
330 462
330 481
331 381
332 462
333 394
333 462
333 496
334 363
334 405
334 462
335 354
335 379
337 462
338 405
338 458
338 462
339 342
339 370
339 373
339 382
339 398
339 400
339 422
340 398
340 405
340 418
340 485
342 370
342 373
342 382
342 398
342 400
342 405
342 422
343 462
344 394
344 405
344 462
344 490
345 392
345 398
345 399
345 400
345 405
345 427
345 428
345 463
345 478
346 406
346 429
346 459
347 405
348 496
349 402
351 398
351 460
352 383
352 398
352 429
352 462
352 481
353 356
353 404
353 405
353 481
354 405
355 400
355 413
355 414
355 470
356 377
356 394
356 398
356 400
356 405
356 419
356 438
356 441
356 462
356 474
356 478
357 360
357 394
357 398
358 398
358 400
358 478
362 398
362 405
362 451
362 476
362 482
362 485
363 398
363 405
363 458
363 462
363 475
364 486
365 368
365 398
366 394
366 405
366 462
366 477
368 398
368 478
368 493
369 414
369 452
370 382
370 400
370 422
371 414
371 440
371 452
372 438
372 462
373 382
373 400
373 422
374 418
374 460
375 397
375 398
375 405
375 460
375 463
375 478
375 493
376 413
377 393
378 405
378 462
379 386
379 398
379 414
380 394
380 462
381 400
382 398
382 400
382 422
383 454
384 398
384 427
384 428
384 463
384 478
385 400
385 422
385 465
385 468
386 390
386 391
386 398
386 400
386 419
386 443
386 444
386 468
386 470
387 400
387 422
387 468
388 398
388 405
388 423
388 442
390 400
390 444
390 445
391 444
392 398
392 400
392 405
392 427
392 428
392 434
392 460
392 463
392 471
392 478
392 493
393 398
394 400
394 405
394 413
394 462
394 477
394 486
395 400
395 470
397 398
397 460
397 478
398 399
398 400
398 405
398 414
398 417
398 418
398 419
398 422
398 423
398 425
398 427
398 428
398 434
398 437
398 439
398 441
398 442
398 444
398 446
398 451
398 452
398 458
398 460
398 461
398 462
398 463
398 468
398 469
398 470
398 471
398 478
398 479
398 485
398 492
398 493
398 495
398 498
398 499
399 427
399 428
399 478
400 405
400 413
400 414
400 418
400 419
400 421
400 422
400 423
400 428
400 432
400 437
400 439
400 442
400 443
400 444
400 446
400 449
400 458
400 460
400 462
400 463
400 465
400 467
400 468
400 469
400 470
400 474
400 475
400 478
400 480
400 483
400 485
400 488
400 493
400 494
402 426
402 454
403 447
403 452
404 405
405 413
405 415
405 418
405 419
405 420
405 422
405 425
405 428
405 431
405 436
405 438
405 441
405 446
405 451
405 458
405 460
405 462
405 463
405 464
405 468
405 471
405 473
405 474
405 475
405 478
405 484
405 485
405 486
405 492
405 493
405 495
405 499
406 429
406 430
407 462
409 459
409 478
410 419
412 462
413 414
413 416
413 462
413 470
414 419
414 440
414 452
414 462
415 460
415 462
415 464
416 457
416 462
417 478
418 448
418 451
418 460
418 462
418 478
418 485
420 491
421 488
422 460
422 463
422 465
422 468
422 480
422 489
425 463
425 478
425 493
427 428
427 460
427 463
427 478
428 434
428 446
428 463
428 468
428 478
428 493
429 430
429 459
431 458
431 462
432 478
433 444
434 463
434 478
436 470
437 463
437 478
438 458
438 462
438 478
441 462
441 463
441 472
441 474
444 460
444 470
446 478
447 452
451 458
451 460
451 462
451 464
451 482
451 485
453 470
455 497
456 487
458 460
458 462
458 475
458 484
458 485
460 462
460 463
460 471
460 478
460 485
460 486
460 492
460 493
460 495
461 463
461 471
461 478
461 493
462 463
462 472
462 474
462 475
462 478
462 484
462 485
462 486
462 491
463 468
463 471
463 478
463 479
463 493
464 485
465 468
467 470
468 469
468 470
468 480
468 494
469 483
471 478
471 479
471 493
473 475
475 482
478 479
478 485
478 493
479 493
486 496
