0 6
0 26
0 37
0 83
0 90
0 115
0 148
0 156
0 195
0 239
0 281
0 305
0 343
0 344
0 352
0 396
0 425
0 427
0 433
0 444
1 85
1 170
1 183
1 190
1 202
1 231
1 252
1 256
1 278
1 434
1 438
2 56
2 101
2 154
2 170
2 202
2 233
2 275
2 276
2 277
2 302
2 314
2 388
2 394
2 413
2 418
2 449
2 451
2 468
2 474
3 90
3 103
3 120
3 153
3 175
3 177
3 199
3 227
3 245
3 316
3 320
3 346
3 354
3 382
3 437
3 459
3 499
4 58
4 83
4 90
4 134
4 269
4 285
4 311
4 344
4 377
4 425
4 480
4 498
5 46
5 86
5 114
5 200
5 247
5 322
6 14
6 20
6 49
6 70
6 77
6 88
6 90
6 112
6 115
6 130
6 145
6 149
6 172
6 177
6 192
6 232
6 239
6 243
6 259
6 263
6 281
6 284
6 285
6 290
6 311
6 320
6 322
6 342
6 344
6 352
6 377
6 396
6 423
6 426
6 433
6 435
6 444
6 457
6 461
6 469
6 473
6 480
6 484
6 499
7 31
7 63
7 70
7 161
7 193
7 329
7 340
7 364
7 457
8 75
8 144
8 170
8 180
8 183
8 211
8 296
8 406
8 438
8 458
8 466
9 95
9 146
9 289
9 291
9 365
10 39
10 315
10 395
10 446
11 38
11 90
11 148
11 153
11 199
11 227
11 320
11 321
11 344
11 346
11 382
11 415
11 432
11 435
11 459
12 15
12 17
12 188
12 330
12 472
12 483
13 205
13 216
13 218
14 90
14 115
14 243
14 263
14 396
14 423
14 426
14 463
15 17
15 68
15 105
15 147
15 188
15 260
15 291
15 330
15 351
15 409
15 420
15 440
15 472
16 28
16 235
16 375
16 440
17 240
17 244
17 409
18 60
18 112
18 129
18 160
18 174
18 234
18 254
18 271
18 287
18 338
18 408
18 414
18 431
18 436
18 457
19 22
19 60
19 106
19 167
19 174
19 234
19 287
19 338
19 414
20 88
20 130
20 149
20 192
20 243
20 411
20 463
21 144
21 170
21 211
21 282
21 326
21 406
21 466
22 51
22 60
22 167
22 174
22 216
22 234
22 287
22 338
22 400
22 401
22 405
22 408
22 414
23 71
23 111
23 121
23 163
23 345
23 452
24 322
24 324
24 421
25 46
25 106
25 229
25 247
25 287
26 83
26 90
26 215
26 239
26 257
26 352
26 379
26 396
27 47
27 159
28 62
28 105
28 119
28 136
28 191
28 194
28 207
28 235
28 272
28 291
28 375
28 440
28 450
28 478
29 38
29 90
29 148
29 227
29 307
29 321
29 344
29 349
29 377
29 415
29 432
29 435
29 498
29 499
30 165
30 182
30 228
30 277
30 464
31 161
31 193
31 364
31 493
32 41
32 57
32 157
32 162
32 251
32 475
33 41
33 53
33 76
33 135
33 139
33 380
33 404
33 447
34 40
34 105
34 111
34 113
34 211
34 273
34 357
34 414
34 420
34 443
34 452
35 53
35 69
35 189
35 194
35 209
35 264
35 335
35 346
35 424
35 439
36 45
36 47
36 65
36 67
36 74
36 110
36 117
36 125
36 126
36 151
36 159
36 223
36 268
36 298
36 334
36 370
36 414
37 90
37 127
37 221
37 257
37 297
37 425
37 427
37 433
37 444
37 490
38 90
38 103
38 148
38 153
38 199
38 227
38 320
38 344
38 346
38 382
38 415
38 435
38 440
38 448
39 395
39 471
40 71
40 110
40 345
40 357
41 135
41 162
41 300
41 386
42 58
42 107
42 148
42 291
42 312
42 344
42 349
42 435
42 499
43 79
43 105
43 128
43 283
44 81
44 140
44 224
44 375
44 407
44 440
44 481
44 486
45 74
45 110
45 151
45 341
45 442
46 86
46 229
46 247
47 74
47 82
47 100
47 126
47 151
47 159
47 210
47 223
47 333
47 398
48 73
48 98
48 110
48 147
48 242
48 301
48 341
48 347
48 348
48 393
48 442
48 456
49 90
49 137
49 352
49 396
49 426
49 461
49 473
50 54
50 112
50 149
50 161
50 234
50 254
50 287
50 340
50 364
50 457
51 90
51 216
51 287
51 414
51 476
52 84
52 188
52 260
52 440
53 90
53 91
53 93
53 139
53 164
53 194
53 198
53 203
53 237
53 238
53 264
53 299
53 335
53 396
53 404
53 440
53 446
53 447
53 494
54 112
54 212
54 234
54 254
54 270
54 337
54 385
54 457
55 75
55 99
55 206
55 248
55 250
55 253
55 282
55 296
55 326
55 477
56 110
56 208
56 219
56 277
57 76
57 150
57 157
57 162
57 251
57 299
57 300
57 304
57 308
57 375
57 380
57 386
57 440
57 446
57 447
57 475
57 495
58 103
58 153
58 175
58 177
58 189
58 245
58 264
58 307
58 313
58 346
58 354
58 378
58 382
58 412
58 450
58 459
58 482
58 492
58 493
58 497
59 153
59 175
59 177
59 245
59 316
59 346
59 497
60 161
60 167
60 174
60 234
60 270
60 284
60 287
60 338
60 364
60 405
60 414
60 431
60 436
60 457
61 73
61 110
61 121
61 147
61 242
61 301
61 347
61 374
61 393
61 456
62 95
62 146
62 187
62 291
62 416
62 440
63 161
63 193
63 241
63 254
64 105
64 179
64 420
65 151
65 186
65 332
65 334
65 370
65 391
65 442
66 84
66 188
66 246
66 260
66 483
67 126
67 151
67 268
67 332
68 84
68 188
68 481
68 483
69 76
69 236
69 264
69 307
69 390
69 424
69 439
69 447
70 77
70 92
70 230
70 261
70 267
70 290
70 342
70 364
70 400
70 493
71 105
71 111
71 118
71 121
71 128
71 147
71 163
71 176
71 273
71 288
71 345
71 357
71 393
71 420
71 452
72 170
72 201
72 202
72 339
72 355
72 410
72 434
72 438
73 98
73 110
73 147
73 242
73 301
73 347
73 353
73 393
73 442
73 456
74 82
74 117
74 125
74 126
74 147
74 178
74 186
74 223
74 228
74 310
74 332
74 398
75 80
75 94
75 99
75 152
75 160
75 170
75 200
75 248
75 253
75 262
75 296
75 326
75 356
75 372
75 414
75 454
75 485
75 488
76 78
76 93
76 120
76 189
76 195
76 237
76 264
76 293
76 307
76 313
76 380
76 390
76 404
76 424
76 439
76 459
76 489
76 494
77 92
77 108
77 127
77 149
77 173
77 215
77 226
77 230
77 261
77 267
77 286
77 290
77 344
77 360
77 362
77 364
77 367
77 400
77 445
77 463
77 467
77 470
78 120
78 264
78 307
78 313
78 390
79 105
79 240
79 246
79 249
79 323
80 94
80 262
81 140
81 291
81 465
81 481
81 486
82 117
82 125
82 159
82 223
82 310
82 332
82 391
82 398
83 90
83 214
83 225
83 234
83 257
83 285
83 297
83 344
83 352
83 425
83 427
83 480
84 224
84 481
84 483
85 170
85 231
85 252
85 339
85 434
86 247
86 322
87 112
87 129
87 161
87 234
87 254
87 258
87 457
88 130
88 145
88 284
88 384
88 417
88 463
88 469
89 119
89 136
89 164
89 191
89 303
89 435
89 440
89 453
90 103
90 105
90 107
90 115
90 134
90 137
90 149
90 156
90 172
90 189
90 192
90 199
90 221
90 225
90 227
90 239
90 254
90 257
90 261
90 263
90 281
90 285
90 297
90 305
90 321
90 322
90 327
90 343
90 344
90 352
90 364
90 377
90 379
90 382
90 396
90 400
90 413
90 423
90 425
90 426
90 427
90 428
90 433
90 435
90 440
90 444
90 445
90 449
90 461
90 463
90 467
90 473
90 480
90 489
90 490
90 492
90 498
91 139
91 237
91 238
91 307
91 335
92 127
92 149
92 226
92 254
92 261
92 400
92 445
93 135
93 139
93 203
93 447
94 152
94 170
94 183
94 206
94 248
94 262
94 282
94 322
94 356
94 488
95 138
95 146
95 184
95 187
95 207
95 260
95 279
95 289
95 291
95 328
95 365
95 416
95 440
96 155
96 160
96 205
96 218
96 294
96 401
96 414
96 485
97 145
97 149
97 384
97 463
98 110
98 147
98 242
98 301
98 331
98 341
98 347
98 348
98 393
98 456
99 253
99 262
99 282
99 296
99 322
99 466
100 182
100 218
100 333
100 370
100 422
101 116
101 154
101 166
101 170
101 182
101 202
101 276
101 277
101 302
101 413
101 418
101 451
101 468
101 474
102 122
102 127
102 149
102 192
102 215
102 243
102 286
102 317
102 342
102 364
102 402
102 463
102 467
102 479
103 153
103 175
103 245
103 264
103 316
103 344
103 346
103 435
103 437
103 448
103 482
103 497
104 135
104 150
104 299
104 380
104 447
104 495
105 110
105 128
105 147
105 179
105 204
105 249
105 288
105 301
105 306
105 323
105 351
105 357
105 420
105 443
105 452
105 460
106 155
106 160
106 167
106 205
106 216
106 218
106 229
106 401
106 462
107 143
107 148
107 269
107 344
107 377
107 428
107 435
107 498
108 173
108 367
108 400
108 467
109 196
109 210
110 111
110 121
110 125
110 126
110 147
110 163
110 176
110 242
110 268
110 288
110 301
110 341
110 347
110 348
110 353
110 357
110 393
110 399
110 440
110 442
110 456
111 121
111 170
111 273
111 301
111 345
111 420
111 443
111 452
112 129
112 161
112 212
112 234
112 254
112 258
112 259
112 267
112 271
112 337
112 338
112 340
112 344
112 363
112 364
112 373
112 385
112 414
112 417
112 431
112 457
113 273
113 288
113 323
113 420
114 155
114 160
114 200
114 216
114 229
114 318
114 322
114 324
114 359
114 414
114 419
114 485
115 149
115 243
115 423
115 426
115 484
116 202
116 314
116 366
116 388
116 418
117 126
117 151
117 223
117 332
117 334
118 121
118 124
118 163
118 319
118 345
119 303
119 350
119 440
120 153
120 264
120 265
120 288
120 307
120 313
120 354
120 390
120 412
120 424
120 457
120 459
120 489
120 492
121 124
121 128
121 141
121 142
121 147
121 163
121 179
121 273
121 288
121 301
121 319
121 331
121 332
121 345
121 357
121 374
121 399
121 442
121 443
121 452
122 149
122 192
122 215
122 286
122 317
122 342
122 400
122 402
122 463
122 467
122 479
123 164
123 325
123 375
123 440
123 471
124 141
124 142
124 147
124 163
124 169
124 319
124 331
124 341
124 353
124 374
124 381
124 393
124 403
124 456
125 178
125 186
125 223
125 268
125 310
125 332
125 398
126 159
126 223
126 268
126 291
126 310
126 334
126 345
126 391
127 149
127 342
127 360
127 400
127 445
128 131
128 244
128 249
128 288
128 323
128 351
128 420
129 161
129 254
129 271
129 470
130 149
130 284
130 342
130 426
130 469
130 493
131 240
132 170
132 219
132 274
133 200
133 229
133 296
133 322
133 421
134 344
134 377
134 480
134 490
135 150
135 157
135 203
135 299
135 300
135 304
135 307
135 376
135 380
135 386
135 426
135 447
135 494
135 495
136 303
136 397
136 440
137 149
137 396
137 426
138 184
138 187
138 207
138 279
138 289
138 291
138 365
139 195
139 237
139 299
139 335
139 404
139 440
139 447
140 168
140 188
140 376
140 465
140 486
141 163
141 331
141 345
141 374
141 381
142 163
142 169
142 319
142 331
142 403
143 217
143 344
143 377
143 428
143 498
144 170
144 211
144 248
144 250
144 282
144 477
145 149
145 384
145 426
145 461
145 469
146 291
146 328
146 416
146 450
147 169
147 176
147 219
147 242
147 268
147 298
147 301
147 322
147 331
147 341
147 347
147 348
147 353
147 393
147 399
147 440
147 442
147 456
148 153
148 217
148 312
148 321
148 344
148 415
148 435
148 491
148 498
148 499
149 171
149 192
149 215
149 284
149 286
149 317
149 320
149 342
149 344
149 363
149 364
149 400
149 402
149 411
149 417
149 463
149 467
149 479
150 157
150 203
150 251
150 299
150 335
150 380
150 447
150 475
150 495
151 223
151 255
151 268
151 298
151 391
151 442
151 456
152 296
153 175
153 177
153 227
153 316
153 320
153 378
153 382
153 448
153 459
153 489
153 499
154 202
154 277
154 302
154 451
155 160
155 205
155 218
155 229
155 318
155 322
155 441
155 462
156 281
156 352
156 425
156 444
157 162
157 251
157 300
157 386
157 446
157 475
158 251
158 304
158 308
158 446
159 178
159 223
159 310
159 332
159 333
159 370
159 398
160 181
160 205
160 218
160 229
160 292
160 318
160 322
160 344
160 385
160 401
160 414
160 441
160 462
161 192
161 193
161 205
161 215
161 216
161 232
161 234
161 241
161 254
161 259
161 261
161 266
161 271
161 290
161 299
161 309
161 322
161 329
161 340
161 342
161 344
161 363
161 364
161 389
161 400
161 402
161 414
161 457
161 470
162 195
162 251
162 299
162 300
162 386
162 447
162 494
162 495
163 288
163 319
163 345
163 348
163 353
163 374
163 403
163 443
163 452
163 456
164 191
164 375
164 453
165 228
165 274
165 370
165 464
166 170
166 275
166 277
166 394
166 449
166 474
167 174
167 287
167 338
167 340
167 414
167 431
167 457
168 207
168 260
168 279
168 397
168 465
169 301
169 353
169 374
169 381
169 403
170 180
170 183
170 190
170 201
170 202
170 206
170 211
170 223
170 231
170 252
170 256
170 258
170 276
170 278
170 296
170 322
170 339
170 355
170 387
170 388
170 392
170 410
170 413
170 429
170 434
170 438
170 449
170 463
170 468
171 215
171 286
171 411
171 463
172 343
172 426
172 473
173 342
173 367
173 400
173 445
174 234
174 259
174 270
174 287
174 338
174 385
174 414
174 431
174 436
175 177
175 245
175 316
175 346
175 354
175 497
175 499
176 223
176 242
176 301
176 348
176 353
176 393
177 227
177 245
177 316
177 346
177 437
177 497
177 499
178 223
178 310
178 332
178 398
179 204
179 420
180 202
180 252
180 387
180 392
180 438
181 216
181 296
181 414
182 219
182 233
182 262
182 274
182 277
182 361
182 413
182 449
183 190
183 202
183 220
183 282
183 369
183 387
183 406
183 438
183 466
184 279
184 289
184 291
184 375
184 397
185 197
185 322
185 324
185 455
185 485
186 223
186 310
186 332
186 398
187 272
187 291
187 328
187 407
187 416
187 440
187 478
188 246
188 260
188 330
188 472
188 483
189 194
189 198
189 203
189 209
189 264
189 335
189 439
189 440
189 460
189 494
190 231
190 410
191 303
191 325
191 395
191 440
191 446
191 453
191 471
192 215
192 234
192 317
192 342
192 363
192 364
192 377
192 400
192 402
192 411
192 426
192 435
192 463
192 479
193 241
193 290
193 329
193 364
193 400
194 209
194 264
194 335
194 439
194 460
194 489
194 494
195 227
195 264
195 307
195 313
195 390
195 424
195 439
195 459
196 333
196 370
197 322
197 324
197 359
197 419
197 485
198 238
198 460
199 227
199 320
199 382
199 415
199 432
199 435
200 248
200 296
200 322
200 336
200 359
200 419
200 421
200 455
201 202
201 231
201 355
201 366
202 211
202 220
202 228
202 277
202 278
202 296
202 314
202 339
202 355
202 366
202 388
202 410
202 413
202 414
202 418
202 422
202 434
202 458
203 335
203 447
204 420
205 216
205 218
205 229
205 318
205 322
205 364
205 401
205 414
205 441
205 462
205 485
206 250
206 253
206 282
206 296
206 466
206 477
207 246
207 291
207 407
207 420
207 440
207 465
207 486
208 277
208 413
208 449
209 335
209 460
209 494
211 250
211 326
211 406
211 458
211 466
212 234
212 340
212 364
212 414
212 457
213 358
213 361
213 430
213 449
214 257
214 285
214 297
214 344
214 490
215 267
215 286
215 290
215 342
215 344
215 367
215 402
215 417
215 463
215 467
215 479
216 292
216 294
216 383
216 396
216 408
216 414
216 476
217 225
217 349
217 428
217 491
217 499
218 247
218 294
218 318
218 322
218 383
218 401
218 441
218 462
219 228
219 233
219 274
219 361
220 314
220 355
220 366
220 388
221 257
221 285
221 352
221 425
222 230
222 267
222 290
222 322
222 344
222 362
222 364
222 371
222 373
222 400
222 493
223 242
223 301
223 310
223 332
223 398
223 399
224 481
224 486
225 257
225 285
225 297
225 344
225 490
226 267
226 360
226 400
226 445
227 316
227 320
227 344
227 346
227 382
227 432
227 435
227 448
227 497
228 345
228 464
229 247
229 292
229 318
229 322
229 414
229 462
230 254
230 267
230 342
230 371
230 400
230 445
230 463
230 493
231 252
231 256
231 278
231 355
231 387
231 392
231 429
231 434
231 468
232 254
232 258
232 259
232 271
232 363
232 457
232 470
233 274
233 361
234 254
234 270
234 337
234 338
234 340
234 414
234 425
234 436
235 350
235 375
235 439
235 440
236 264
236 335
236 390
236 404
236 424
236 439
237 404
237 447
238 335
238 404
238 447
238 494
239 327
239 344
239 377
239 396
240 244
240 260
240 323
240 351
240 409
240 420
240 440
241 259
241 329
241 363
241 400
241 457
242 268
242 301
242 341
242 347
242 348
242 393
242 442
242 456
243 284
243 364
243 396
243 423
243 426
244 249
244 306
244 351
244 420
245 316
245 346
245 382
245 435
245 497
246 260
246 440
246 483
247 292
247 322
247 462
248 253
248 262
248 282
248 296
248 488
249 283
249 306
249 323
249 351
250 282
250 296
250 326
250 477
251 308
251 475
252 256
252 278
252 339
252 388
252 392
252 434
253 282
253 296
253 326
253 458
253 466
253 477
254 259
254 270
254 271
254 322
254 340
254 363
254 364
254 414
254 457
254 470
255 399
255 442
256 278
256 339
256 434
257 425
257 427
257 428
257 490
258 271
258 340
258 457
259 266
259 287
259 290
259 309
259 340
259 363
259 364
259 373
259 470
260 440
260 472
260 483
261 267
261 290
261 342
261 364
261 373
261 400
261 414
262 282
262 296
262 322
262 488
263 426
263 461
263 473
264 307
264 320
264 335
264 346
264 390
264 400
264 424
264 435
264 439
264 440
264 447
264 492
264 494
264 499
265 354
265 412
265 459
265 489
265 492
266 363
266 364
266 414
267 290
267 360
267 373
267 400
268 310
268 334
268 391
269 285
269 311
269 344
269 377
269 480
270 287
270 338
270 364
270 414
270 436
271 363
271 457
271 463
272 328
272 440
272 478
273 288
273 357
273 420
273 443
275 302
275 368
275 394
275 449
275 468
276 302
276 388
276 413
276 418
276 451
277 302
277 370
277 394
277 413
277 420
277 449
277 468
279 289
279 291
279 365
280 442
280 456
281 352
281 396
281 425
281 427
281 433
281 444
281 490
282 296
282 458
282 466
282 477
283 306
283 323
284 384
284 463
284 469
284 484
284 493
285 297
285 344
285 425
285 480
285 490
286 342
286 367
286 396
286 402
286 463
286 479
287 338
287 363
287 383
287 414
287 431
287 436
287 440
287 457
288 357
288 396
288 420
288 440
288 452
288 456
289 291
289 365
289 440
289 465
290 329
290 362
290 363
290 364
290 371
290 373
290 389
290 400
290 479
290 493
291 328
291 344
291 365
291 375
291 416
291 420
291 440
291 450
291 465
291 483
292 318
292 322
292 462
293 354
293 459
294 408
295 376
295 446
296 414
296 438
296 466
296 477
297 344
297 377
297 400
297 490
298 333
298 399
298 442
299 380
299 447
300 386
301 341
301 347
301 348
301 393
301 399
301 456
302 413
302 451
302 468
303 350
303 440
304 376
304 446
304 495
305 352
305 379
305 427
306 323
307 313
307 320
307 412
307 424
307 439
307 499
308 475
309 364
310 332
310 398
311 344
311 377
311 480
312 344
312 491
312 498
313 344
313 390
313 424
313 439
314 355
314 388
314 413
314 418
315 395
315 446
316 320
316 335
316 346
316 497
317 342
317 463
318 322
318 401
319 345
319 353
320 346
320 382
320 435
320 459
321 435
321 499
322 324
322 336
322 359
322 388
322 414
322 419
322 455
322 462
322 467
322 485
322 496
323 420
324 359
324 419
324 485
325 375
325 440
325 453
325 471
326 466
326 477
327 344
327 396
328 375
328 407
328 416
329 364
330 472
331 345
331 353
331 374
331 403
332 333
332 348
332 391
332 398
333 370
333 422
335 439
335 460
335 494
336 421
336 496
337 385
337 457
338 340
338 414
338 419
338 431
338 436
339 410
339 413
339 429
340 364
340 457
341 347
341 348
341 393
341 456
342 344
342 364
342 367
342 400
342 402
342 417
342 463
342 467
342 479
342 493
343 352
343 379
343 396
343 425
343 428
344 349
344 352
344 363
344 377
344 379
344 382
344 400
344 425
344 426
344 427
344 428
344 433
344 444
344 463
344 480
344 498
344 499
345 381
345 403
345 452
346 428
346 435
346 437
346 497
346 499
347 393
348 353
348 393
348 442
348 456
349 435
349 499
350 440
352 379
352 396
352 425
352 427
352 444
353 374
353 381
353 393
354 412
354 459
354 489
354 497
355 366
355 388
355 410
355 413
355 429
356 372
356 454
357 420
357 452
358 361
358 430
358 449
359 419
359 485
360 400
360 463
361 449
362 371
362 373
362 389
362 467
362 493
363 364
363 367
363 457
364 371
364 373
364 385
364 389
364 400
364 414
364 426
364 470
364 479
364 493
366 388
366 413
367 400
367 445
367 463
367 479
368 468
368 474
369 458
369 466
371 373
371 400
371 493
372 454
373 400
373 463
373 493
374 381
374 403
375 440
375 450
375 478
376 395
376 440
376 446
376 475
377 428
377 435
377 480
377 490
377 498
377 499
378 426
379 425
379 433
380 447
380 495
382 435
382 499
384 469
384 484
385 414
385 463
386 446
387 392
387 438
388 406
388 410
388 413
388 418
389 400
390 424
390 439
390 492
392 438
393 403
393 442
393 456
394 413
394 449
394 468
395 440
395 471
396 400
396 423
396 425
396 426
396 463
396 484
397 407
397 440
397 465
399 442
400 402
400 417
400 435
400 445
400 463
400 479
400 493
402 417
402 463
404 447
404 494
405 408
405 414
406 458
406 466
407 465
407 486
408 414
409 420
410 429
411 463
412 459
412 489
413 418
413 451
413 474
414 431
414 436
414 440
414 441
414 462
414 470
414 476
415 432
415 435
415 498
415 499
416 440
416 478
417 436
417 463
417 467
417 479
419 485
423 426
424 439
424 499
425 427
425 433
425 444
425 463
426 461
426 473
427 433
428 435
428 491
428 498
430 449
431 436
432 435
432 448
435 437
435 448
435 459
435 497
435 499
437 440
439 447
440 446
440 450
440 453
440 460
440 465
440 471
440 478
440 487
440 499
443 452
446 475
447 460
447 471
451 468
453 471
456 472
457 467
457 470
458 466
459 489
459 492
460 494
461 473
463 467
463 469
463 479
463 484
467 479
468 474
482 498
491 498
491 499
