0 44
0 136
0 355
1 47
1 48
1 74
1 101
1 149
1 154
1 298
1 332
1 403
1 417
1 461
1 468
2 18
2 35
2 39
2 56
2 90
2 94
2 95
2 98
2 99
2 135
2 154
2 164
2 165
2 178
2 193
2 196
2 200
2 208
2 229
2 282
2 285
2 313
2 361
2 370
2 399
2 405
2 406
2 409
2 410
2 488
2 491
2 496
3 31
3 128
3 200
3 204
3 441
3 480
4 9
4 51
4 67
4 153
4 154
4 202
4 274
4 289
4 304
4 494
5 24
5 38
5 62
5 87
5 89
5 144
5 322
5 420
6 75
6 136
6 157
6 178
6 218
6 242
6 312
6 413
7 29
7 81
7 110
7 161
7 168
7 191
7 290
7 292
7 297
7 493
7 498
8 36
8 43
8 98
8 176
8 206
8 226
8 244
8 308
8 318
8 423
8 436
8 450
9 51
9 67
9 90
9 153
9 154
9 234
9 274
9 462
9 494
10 12
10 127
10 163
10 203
10 211
10 273
10 439
11 13
11 59
11 71
11 88
11 97
11 354
11 364
11 429
11 470
11 482
12 127
12 136
12 203
12 211
12 218
12 228
12 273
12 385
12 394
12 439
12 490
13 55
13 58
13 59
13 70
13 80
13 86
13 93
13 97
13 98
13 109
13 120
13 138
13 139
13 146
13 151
13 152
13 160
13 185
13 192
13 210
13 227
13 228
13 230
13 248
13 253
13 262
13 271
13 280
13 294
13 353
13 354
13 362
13 368
13 369
13 402
13 420
13 424
13 429
13 435
13 447
13 470
13 482
13 486
14 232
14 238
15 85
15 104
15 121
15 197
15 232
15 268
15 315
15 366
15 414
15 426
16 136
16 214
16 217
17 33
17 222
17 249
17 259
17 327
17 337
17 393
17 410
17 424
17 445
17 450
18 174
18 257
18 320
18 338
18 372
18 410
18 424
18 453
18 471
18 477
19 38
19 89
19 106
19 131
19 133
19 252
19 360
19 362
19 420
19 433
19 434
19 464
19 476
20 22
20 123
20 136
20 163
20 217
20 218
20 278
20 342
20 386
20 413
20 455
20 465
21 103
21 125
21 232
21 236
21 258
21 268
21 303
22 75
22 123
22 136
22 178
22 218
22 253
22 278
22 386
22 413
22 455
22 465
23 65
23 72
23 124
23 180
23 232
23 238
23 272
23 277
23 283
23 316
23 329
23 346
23 351
23 367
23 375
23 419
23 489
24 38
24 59
24 62
24 78
24 124
24 130
24 138
24 161
24 166
24 322
24 400
24 420
24 486
25 181
25 228
26 46
26 59
26 139
26 199
26 210
26 280
26 362
27 154
27 221
27 276
27 277
27 329
28 36
28 98
28 239
28 490
29 81
29 168
29 186
29 250
29 269
29 292
29 297
29 379
29 493
30 107
30 114
30 205
30 260
30 307
30 374
30 403
30 419
30 444
31 90
31 128
31 204
31 212
31 441
31 480
32 91
32 134
32 262
32 310
32 410
33 142
33 249
33 257
33 259
33 393
33 410
34 121
34 190
34 197
34 210
34 232
34 268
34 299
34 303
34 340
34 366
34 384
34 426
34 440
34 452
35 95
35 216
35 361
35 438
35 451
36 53
36 82
36 98
36 119
36 158
36 176
36 226
36 244
36 302
36 318
36 410
36 423
36 424
36 436
36 483
37 59
37 80
37 92
37 108
37 117
37 125
37 161
37 188
37 195
37 236
37 245
37 250
37 256
37 261
37 263
37 267
37 268
37 335
37 345
37 348
37 437
37 472
38 62
38 87
38 118
38 124
38 133
38 144
38 166
38 246
38 271
38 322
38 362
38 420
38 430
38 434
38 495
39 193
39 196
39 200
39 234
39 313
39 399
39 406
39 416
39 485
40 80
40 155
40 161
40 188
40 233
40 371
40 398
40 472
41 96
41 238
41 366
42 54
42 68
42 73
42 107
42 112
42 154
42 205
42 215
42 247
42 277
42 481
43 53
43 98
43 122
43 145
43 176
43 206
43 244
43 302
43 308
43 318
43 423
43 436
43 483
44 136
44 355
44 499
45 95
45 140
45 154
45 164
45 165
45 326
45 406
46 59
46 139
46 210
46 280
46 359
46 362
47 101
47 102
47 153
47 332
47 391
47 461
47 468
48 84
48 101
48 154
48 167
48 183
48 202
48 363
48 381
48 391
49 55
49 59
49 151
49 185
49 246
49 309
49 311
49 354
49 362
49 435
50 70
50 305
50 323
50 356
50 432
50 476
51 67
51 90
51 153
51 154
51 187
51 272
51 462
51 494
52 83
52 136
52 159
52 171
52 174
52 201
52 259
52 286
52 338
52 357
52 372
52 393
52 410
52 424
52 450
53 98
53 158
53 244
53 436
53 450
53 483
54 68
54 73
54 112
54 247
54 276
54 277
54 279
54 329
54 374
55 59
55 343
55 362
55 415
56 135
56 164
56 196
56 229
56 285
56 326
56 361
56 370
56 405
56 406
56 409
56 450
56 488
57 136
57 254
57 389
58 97
58 109
58 136
58 354
58 364
58 470
59 64
59 87
59 93
59 97
59 120
59 138
59 139
59 151
59 199
59 210
59 230
59 296
59 299
59 306
59 354
59 358
59 359
59 362
59 415
59 463
60 80
60 92
60 110
60 161
60 172
60 188
60 232
60 233
60 250
60 371
60 397
60 398
60 472
61 142
61 177
61 184
61 331
61 337
61 344
61 410
61 442
61 443
61 474
61 490
62 87
62 166
62 420
62 430
62 432
63 139
63 210
63 271
63 495
64 78
64 139
64 210
64 280
64 428
65 124
65 180
65 198
65 231
65 232
65 255
65 275
65 283
65 341
65 351
65 367
65 375
65 403
65 419
65 444
65 456
65 489
66 154
66 167
66 183
66 277
66 334
66 381
66 461
67 90
67 153
67 154
67 187
67 250
67 272
67 277
67 286
67 334
67 381
67 417
67 431
67 441
67 462
67 480
67 494
68 73
68 101
68 112
68 198
68 215
68 247
68 277
68 279
68 367
68 444
68 481
69 145
69 162
69 328
69 424
69 450
69 478
70 110
70 175
70 189
70 305
70 323
70 356
70 369
70 377
70 433
70 476
71 88
71 97
71 146
71 354
71 364
71 368
71 429
71 447
71 470
71 482
72 264
72 316
72 346
73 112
73 277
73 279
73 444
73 481
74 101
74 167
74 183
74 187
74 332
74 391
74 461
74 466
74 468
75 178
75 218
75 278
75 342
75 386
75 455
76 314
76 373
77 79
77 125
77 220
77 235
77 236
77 258
77 268
77 408
77 484
78 130
78 210
78 280
78 362
78 369
78 428
79 103
79 125
79 232
79 236
79 258
79 268
79 303
80 144
80 147
80 155
80 161
80 173
80 191
80 195
80 223
80 232
80 250
80 352
80 371
80 379
80 407
80 493
81 110
81 168
81 191
81 250
81 292
81 425
82 119
82 122
82 206
82 265
82 287
82 302
82 308
82 387
82 427
83 145
83 159
83 174
83 179
83 286
83 339
83 383
83 410
83 424
83 450
84 154
84 202
84 334
84 381
84 417
84 462
85 104
85 121
85 137
85 225
85 232
85 268
85 366
85 414
86 93
86 97
86 138
86 152
86 227
86 470
87 166
87 362
87 420
87 486
88 97
88 146
88 362
88 368
88 482
89 106
89 271
89 418
89 433
89 434
90 101
90 121
90 128
90 150
90 153
90 154
90 170
90 183
90 208
90 212
90 224
90 234
90 249
90 276
90 277
90 284
90 289
90 304
90 313
90 363
90 381
90 416
90 424
90 431
90 436
90 441
90 462
90 480
90 494
91 373
91 411
91 448
91 490
92 117
92 161
92 188
92 195
92 213
92 267
92 335
92 345
92 380
92 398
92 437
92 472
93 97
93 152
93 227
93 354
93 368
93 429
94 95
94 100
94 119
94 122
94 265
94 302
94 427
94 488
95 100
95 140
95 216
95 234
95 361
95 409
95 424
95 438
97 109
97 138
97 146
97 152
97 197
97 218
97 296
97 354
97 364
97 368
97 429
97 470
97 482
98 158
98 162
98 174
98 176
98 226
98 239
98 244
98 265
98 308
98 318
98 346
98 424
98 436
98 483
99 196
99 234
99 399
99 406
99 485
99 488
100 336
101 102
101 167
101 183
101 232
101 244
101 266
101 277
101 298
101 332
101 381
101 391
101 417
101 461
101 468
101 494
102 298
102 391
102 461
102 468
103 125
103 232
103 236
103 237
103 250
103 258
103 268
103 303
104 137
104 190
104 197
104 225
104 268
104 366
104 440
105 148
105 293
105 479
106 246
106 271
106 418
106 434
107 114
107 124
107 198
107 205
107 215
107 251
107 403
107 419
107 444
107 481
108 117
108 195
108 220
108 267
108 345
108 348
108 437
108 472
109 127
109 136
109 152
109 214
109 354
109 364
109 386
109 402
109 413
110 129
110 168
110 188
110 191
110 250
110 292
110 297
110 352
110 425
110 493
111 151
111 230
111 294
112 198
112 215
112 277
112 307
113 449
113 475
114 198
114 205
114 251
114 277
114 307
114 351
114 403
114 444
115 386
115 402
116 382
116 446
117 188
117 195
117 267
117 345
117 380
117 401
117 472
118 430
119 122
119 176
119 206
119 226
119 265
119 287
119 302
119 308
119 318
119 387
119 410
119 423
119 424
119 436
119 459
120 139
120 185
120 306
120 343
120 359
120 362
120 415
121 197
121 232
121 237
121 255
121 258
121 268
121 315
121 319
121 366
121 376
121 384
121 414
121 440
121 452
121 458
122 206
122 226
122 265
122 287
122 302
122 308
122 387
122 427
122 459
123 178
123 218
123 278
123 455
123 465
124 215
124 255
124 277
124 283
124 351
124 367
124 419
124 444
124 456
124 489
125 195
125 232
125 236
125 258
125 268
125 303
125 325
125 408
126 134
126 182
126 259
126 262
126 281
126 310
126 324
126 331
127 136
127 163
127 203
127 228
127 273
127 288
127 385
127 394
127 411
127 490
128 150
128 204
128 212
128 277
128 284
128 406
128 441
128 480
129 168
129 191
129 250
129 292
129 352
129 425
129 458
130 139
130 428
131 133
131 252
131 271
131 349
131 433
131 464
131 492
132 169
132 240
132 262
132 295
132 350
132 404
132 411
132 490
133 252
133 349
133 433
133 464
134 262
134 310
135 164
135 196
135 229
135 285
135 405
135 409
135 488
135 496
136 144
136 148
136 151
136 178
136 214
136 217
136 218
136 219
136 228
136 253
136 254
136 278
136 293
136 296
136 301
136 355
136 364
136 385
136 389
136 390
136 395
136 396
136 402
136 410
136 412
136 413
136 424
136 446
136 454
136 479
136 490
136 497
136 499
137 197
137 225
137 232
137 366
137 414
137 440
138 146
138 151
138 152
138 160
138 192
138 230
138 353
138 354
138 362
138 369
138 429
138 435
138 447
138 470
139 151
139 199
139 210
139 227
139 280
139 306
139 343
139 358
139 359
139 362
139 428
139 463
140 165
140 326
140 488
141 218
141 386
141 402
142 143
142 177
142 184
142 222
142 259
142 262
142 337
142 344
142 442
142 443
142 474
143 222
143 243
143 259
143 337
143 344
143 393
143 445
144 246
144 430
145 179
145 286
145 300
145 383
145 410
145 424
145 450
145 477
146 160
146 354
146 364
146 368
146 402
146 482
147 155
147 173
147 195
147 223
147 233
147 250
147 268
147 345
147 352
147 371
148 228
148 293
148 389
148 479
149 154
149 266
149 277
149 327
149 363
149 381
149 391
149 466
150 249
150 284
150 289
150 313
150 441
151 152
151 185
151 230
151 309
151 311
151 362
151 369
151 434
151 487
152 160
152 192
152 230
152 353
152 369
152 429
152 447
153 154
153 187
153 272
153 274
153 304
153 381
153 417
153 462
153 494
154 164
154 167
154 183
154 187
154 202
154 207
154 251
154 272
154 274
154 277
154 284
154 289
154 298
154 304
154 351
154 363
154 367
154 381
154 391
154 431
154 441
154 462
154 468
154 494
155 223
155 233
155 250
155 371
156 190
156 232
156 268
156 319
156 426
157 218
157 227
157 241
157 242
157 296
157 386
157 465
158 176
158 244
158 302
158 308
158 424
158 436
158 450
158 483
159 171
159 174
159 201
159 357
159 372
159 410
159 422
160 192
160 227
160 248
160 369
160 429
160 447
161 172
161 195
161 223
161 233
161 245
161 250
161 268
161 271
161 345
161 352
161 371
161 379
161 398
161 401
161 407
161 421
161 472
161 493
162 328
162 388
162 424
162 450
163 203
164 165
164 174
164 196
164 206
164 229
164 234
164 282
164 285
164 361
164 370
164 405
164 406
164 409
164 410
164 424
164 451
164 453
164 488
164 491
164 496
165 285
165 326
165 485
166 322
166 413
166 420
167 183
167 202
167 332
167 381
167 391
167 468
167 494
168 191
168 292
168 425
168 493
169 240
169 262
169 295
169 314
169 350
169 373
169 404
169 411
169 490
169 499
170 224
170 284
170 441
171 291
171 357
171 471
172 188
172 195
172 233
172 250
172 398
172 401
173 250
173 292
173 352
173 379
173 407
173 425
173 472
173 498
174 201
174 206
174 222
174 249
174 257
174 259
174 286
174 317
174 320
174 331
174 338
174 350
174 392
174 410
174 422
174 424
174 445
174 450
174 453
174 471
174 477
175 250
175 297
175 323
175 360
175 371
175 432
175 492
175 493
176 206
176 239
176 244
176 308
176 318
176 387
176 423
176 436
176 450
176 483
177 222
177 243
177 331
177 337
177 344
177 443
177 469
177 474
178 217
178 218
178 230
178 271
178 278
178 342
178 369
178 389
178 413
178 454
178 455
178 465
179 286
179 410
179 424
180 277
180 346
180 351
180 367
180 375
180 376
180 489
181 228
181 293
181 344
181 439
182 262
182 281
182 310
182 324
182 331
182 354
182 442
182 469
183 202
183 381
184 259
184 331
184 442
184 443
184 474
185 230
185 309
185 311
185 362
185 415
185 463
186 493
187 202
187 272
187 274
187 334
187 391
187 392
187 417
187 441
187 462
187 494
188 195
188 233
188 267
188 371
188 397
188 398
188 401
188 421
188 437
188 472
189 268
189 356
189 433
189 487
190 263
190 268
190 319
190 340
190 384
190 414
190 426
190 440
191 250
191 292
191 425
192 354
192 369
192 447
193 399
193 406
193 477
193 491
193 496
194 231
194 264
194 376
195 197
195 213
195 250
195 267
195 268
195 335
195 345
195 348
195 380
195 398
195 458
195 472
195 493
196 208
196 218
196 229
196 244
196 285
196 313
196 370
196 405
196 406
196 409
196 459
196 488
196 491
196 496
197 232
197 319
197 366
197 414
198 205
198 215
198 251
198 255
198 275
198 307
198 403
198 419
198 444
199 210
199 358
199 359
199 362
200 399
200 406
200 467
200 485
200 494
201 249
201 372
201 410
201 422
201 453
201 471
201 477
202 381
202 391
202 461
202 468
203 211
204 212
204 441
204 480
205 251
205 255
205 275
205 277
205 403
205 444
206 265
206 302
206 308
206 318
206 328
206 406
206 410
206 423
206 427
206 438
206 450
206 459
206 496
207 289
207 304
207 441
208 282
208 438
208 488
208 496
209 232
209 233
209 245
209 340
209 345
209 484
210 280
210 362
210 428
211 394
211 439
213 245
213 256
213 261
213 348
213 365
213 458
214 454
215 247
215 277
215 318
215 403
215 481
216 361
216 438
216 451
217 413
218 230
218 241
218 242
218 253
218 278
218 296
218 312
218 333
218 342
218 386
218 402
218 413
218 455
218 460
219 499
220 232
220 250
220 299
220 325
220 484
221 277
222 243
222 249
222 259
222 318
222 331
222 337
222 344
222 393
222 410
222 424
222 457
223 233
223 250
223 391
223 421
224 284
225 263
225 315
225 414
226 265
226 308
226 318
226 423
226 436
227 294
227 354
227 368
227 429
227 470
229 285
229 405
229 409
229 488
230 248
230 294
230 353
230 359
230 362
230 368
230 369
230 435
230 447
230 470
231 449
231 475
232 236
232 237
232 245
232 258
232 263
232 268
232 270
232 277
232 282
232 299
232 303
232 315
232 319
232 340
232 345
232 365
232 366
232 381
232 384
232 408
232 426
232 444
232 449
232 452
232 458
232 474
232 475
233 250
233 371
234 399
234 406
234 409
234 416
234 467
234 485
234 491
235 325
236 258
236 268
236 303
236 408
236 484
237 268
237 299
237 340
237 384
238 268
239 450
239 483
240 295
240 350
240 393
240 404
240 411
240 448
241 242
241 296
241 386
241 460
242 296
242 312
242 386
242 413
243 249
243 259
243 337
243 344
243 393
243 424
244 308
244 318
244 436
244 496
245 256
245 365
245 458
246 430
246 495
247 277
247 279
247 374
247 481
248 294
248 311
248 362
249 257
249 259
249 286
249 317
249 320
249 331
249 337
249 344
249 350
249 393
249 410
249 411
249 442
249 445
249 453
249 457
250 268
250 279
250 292
250 297
250 305
250 352
250 371
250 377
250 379
250 398
250 407
250 433
250 434
250 472
250 493
250 498
251 277
251 307
251 403
251 419
251 444
252 356
252 433
252 434
254 412
254 499
255 260
255 275
255 277
255 329
255 366
255 403
255 419
255 489
256 261
256 335
256 437
256 458
257 393
257 410
257 445
257 457
258 268
258 277
258 299
258 303
258 366
258 484
259 344
259 393
259 410
259 424
259 457
259 474
260 275
260 419
261 458
262 310
262 314
262 324
262 331
262 350
262 373
262 393
262 411
262 424
262 442
262 446
262 473
262 490
263 270
263 366
264 277
264 316
264 346
264 347
264 367
264 375
264 376
264 403
264 419
264 475
264 489
265 287
265 302
265 387
265 410
265 423
265 427
265 436
265 459
266 327
266 332
266 363
266 466
267 345
267 380
267 398
267 472
268 276
268 277
268 299
268 303
268 315
268 340
268 345
268 365
268 366
268 376
268 384
268 408
268 414
268 426
268 433
268 440
268 441
268 452
268 458
268 484
269 305
269 365
269 432
269 493
270 366
271 305
271 362
271 418
271 430
271 433
271 434
271 495
272 334
272 417
272 462
272 494
273 288
274 304
274 462
274 494
275 277
275 307
275 341
275 419
276 277
276 329
276 374
276 466
277 279
277 292
277 307
277 329
277 351
277 363
277 374
277 381
277 391
277 403
277 406
277 419
277 440
277 444
277 461
277 481
277 488
278 333
278 342
278 455
279 374
279 419
280 358
280 362
281 310
281 324
281 442
282 326
282 327
282 409
282 488
282 496
283 341
283 351
283 367
283 376
283 456
284 289
284 304
284 441
284 480
285 313
285 318
285 370
285 405
285 406
285 409
285 450
285 488
285 491
285 496
286 339
286 383
286 410
286 422
286 424
287 302
287 409
287 410
287 427
287 459
287 478
288 291
288 382
288 385
288 390
288 446
289 494
290 297
290 377
290 493
291 355
291 382
291 390
291 395
291 411
292 425
292 493
293 479
294 369
295 350
295 373
295 404
295 411
295 446
295 490
296 330
296 354
296 364
296 386
296 413
296 460
297 321
297 352
297 377
297 492
297 493
298 332
298 391
298 461
298 467
298 468
299 340
300 383
300 410
300 424
301 454
301 497
302 387
302 423
302 427
302 436
302 459
304 334
305 323
305 356
305 362
305 432
305 476
306 362
307 391
307 419
307 444
308 318
308 344
308 423
308 424
308 427
308 436
308 450
309 415
310 324
310 410
310 442
311 353
312 342
312 386
312 460
313 378
313 399
313 406
313 424
313 441
313 488
314 350
314 473
315 366
315 414
315 493
316 346
316 375
316 489
317 410
317 445
318 387
318 424
318 436
318 450
318 483
318 496
319 414
319 426
320 410
320 424
320 453
320 477
321 377
321 432
321 492
321 493
322 362
322 420
322 433
323 356
323 432
323 433
323 476
323 487
323 493
324 331
324 442
324 469
324 474
326 409
326 441
326 496
327 391
327 466
328 450
328 478
329 374
330 386
330 413
331 338
331 344
331 410
331 442
331 443
331 457
331 469
331 474
332 381
332 461
332 468
333 413
334 392
334 417
334 431
335 345
335 472
337 344
337 393
337 410
338 357
338 372
338 410
338 422
338 424
338 453
338 477
339 410
339 424
340 384
340 452
341 367
341 456
343 415
344 350
344 410
344 424
344 443
344 467
344 474
345 371
345 380
345 437
345 458
345 472
346 367
346 489
349 464
350 373
350 404
350 411
350 446
350 448
350 473
350 490
351 367
351 456
352 379
352 398
352 407
352 432
352 498
353 369
353 435
353 447
354 362
354 364
354 368
354 413
354 415
354 429
354 454
354 470
354 482
355 479
355 499
356 476
357 410
357 424
357 477
358 362
359 362
360 432
361 424
361 438
361 451
361 488
362 413
362 415
362 428
362 432
362 435
362 463
363 391
363 466
364 413
364 470
364 482
365 458
365 472
366 414
366 437
366 440
367 375
367 419
367 456
367 489
368 429
369 435
369 447
370 405
370 488
371 398
371 472
372 410
372 422
372 424
373 410
373 411
375 376
375 444
375 461
375 489
376 489
377 425
377 492
377 493
378 399
378 406
378 467
379 407
379 425
379 498
380 472
381 431
381 441
381 461
381 468
382 395
382 446
382 490
383 410
383 424
383 450
384 452
385 390
385 394
385 395
386 402
386 413
386 460
387 427
387 459
388 450
389 412
389 499
390 394
391 441
391 461
391 466
391 468
392 417
392 431
392 461
393 410
393 424
395 411
396 454
396 497
397 398
397 401
397 421
398 421
398 425
398 472
399 406
399 416
399 467
399 485
400 486
401 421
401 472
402 413
403 419
403 444
404 411
404 490
405 406
405 409
405 488
406 416
406 467
406 485
406 491
408 484
409 485
409 488
410 422
410 424
410 442
410 445
410 450
410 453
410 457
410 459
410 470
410 471
410 474
410 477
410 478
410 496
411 446
411 448
411 490
413 460
413 470
414 440
414 449
416 467
416 485
416 491
417 424
417 431
417 461
417 462
417 494
418 434
419 444
420 433
421 472
422 424
422 453
422 477
423 436
423 450
423 459
424 450
424 459
424 477
424 490
424 494
425 498
427 459
427 496
431 468
431 494
433 434
433 464
433 487
433 495
436 450
436 483
437 472
438 451
438 496
441 480
442 469
443 474
444 481
445 457
445 477
446 473
446 477
446 490
449 475
450 459
450 477
450 478
454 497
455 465
457 477
457 499
461 468
461 494
462 468
462 494
471 477
473 490
476 487
478 483
488 496
492 493
493 498
