0 47
0 124
0 164
0 301
0 553
0 989
1 117
1 120
1 181
1 188
1 223
1 283
1 303
1 318
1 334
1 451
1 569
1 614
1 646
1 718
1 854
1 863
1 967
1 974
1 975
1 993
2 48
2 361
2 835
2 876
3 201
3 343
3 518
3 825
4 67
4 246
4 271
4 308
4 357
4 493
4 790
4 877
4 894
4 917
4 939
4 968
5 176
5 222
5 380
5 515
5 519
5 647
5 711
5 741
5 990
6 15
6 393
6 473
6 478
6 555
6 835
7 400
7 653
7 710
8 214
8 333
8 547
8 614
8 787
8 849
8 915
9 278
9 340
9 425
9 531
9 640
9 782
10 241
10 317
10 400
10 407
10 544
10 586
10 653
10 822
10 827
10 893
10 934
11 22
11 229
11 365
11 415
11 575
11 802
11 805
11 896
11 992
12 45
12 105
12 150
12 180
12 236
12 269
12 322
12 479
12 481
12 492
12 513
12 516
12 596
12 629
12 874
12 958
13 336
13 406
13 473
13 654
13 835
13 890
13 920
14 175
14 181
14 356
14 421
14 463
14 562
14 635
14 743
14 870
15 44
15 49
15 77
15 326
15 353
15 393
15 402
15 478
15 642
16 17
16 66
16 88
16 98
16 108
16 183
16 227
16 265
16 735
16 803
16 818
16 882
16 999
17 66
17 98
17 183
17 227
17 265
17 735
17 778
17 818
17 865
18 115
18 331
18 443
18 537
18 777
18 945
18 995
19 116
19 152
19 316
19 603
19 747
19 774
20 148
20 777
20 910
20 924
21 246
21 500
21 737
21 845
21 856
21 892
22 229
22 292
22 365
22 415
22 437
22 805
22 896
23 310
23 480
23 519
23 550
23 554
23 588
23 728
23 830
24 392
24 463
24 814
24 879
25 89
25 665
25 767
25 851
25 973
26 164
26 349
26 411
26 528
26 746
26 848
27 148
27 331
27 462
27 800
27 943
28 118
28 133
28 442
28 560
28 802
28 896
29 222
29 264
29 310
29 480
29 519
29 554
29 638
29 647
29 649
29 728
29 750
29 990
30 206
30 219
30 222
30 348
30 406
30 505
30 515
30 629
30 725
30 794
30 840
31 52
31 128
31 198
31 394
31 435
31 584
31 585
31 621
32 41
32 53
32 79
32 157
32 487
32 515
32 689
32 690
32 704
32 775
33 48
33 110
33 249
33 680
33 758
33 897
34 142
34 288
34 293
34 498
34 530
34 887
34 902
34 911
35 40
35 53
35 170
35 239
35 303
35 315
35 342
35 344
35 690
35 931
35 944
36 116
36 316
36 349
36 358
36 517
36 535
36 747
36 751
36 878
37 40
37 53
37 239
37 303
37 315
37 344
37 529
37 690
37 891
37 922
37 931
38 466
38 510
38 719
39 194
39 228
39 275
39 328
39 403
40 53
40 170
40 239
40 303
40 315
40 529
40 690
40 704
40 779
40 922
40 931
40 944
41 48
41 79
41 82
41 110
41 249
41 487
41 689
41 704
41 775
42 69
42 412
42 426
42 476
42 524
42 584
42 658
42 937
43 52
43 86
43 198
43 258
43 294
43 428
43 512
43 836
43 964
44 48
44 49
44 56
44 137
44 305
44 306
44 326
44 353
44 393
44 406
44 473
44 478
44 566
44 642
44 694
44 733
44 748
44 835
44 868
45 199
45 214
45 232
45 269
45 333
45 491
45 808
45 915
45 926
45 972
46 93
46 187
46 309
46 448
46 449
46 471
46 567
46 568
46 602
46 816
46 925
46 970
47 164
47 234
47 301
47 417
47 528
47 553
47 988
48 53
48 75
48 79
48 82
48 93
48 110
48 132
48 137
48 239
48 249
48 254
48 293
48 303
48 306
48 353
48 361
48 389
48 406
48 410
48 473
48 487
48 504
48 583
48 635
48 670
48 678
48 691
48 704
48 717
48 742
48 758
48 765
48 779
48 823
48 835
48 857
48 867
48 876
48 897
48 920
48 930
48 942
49 53
49 77
49 393
49 402
49 478
49 748
50 52
50 258
50 428
50 609
50 656
50 707
50 895
51 129
51 371
51 654
52 86
52 128
52 198
52 258
52 267
52 374
52 423
52 426
52 435
52 465
52 584
52 621
52 716
52 759
52 877
52 908
53 62
53 82
53 110
53 132
53 142
53 158
53 170
53 172
53 177
53 186
53 202
53 218
53 239
53 244
53 246
53 247
53 249
53 286
53 298
53 303
53 306
53 307
53 315
53 336
53 342
53 344
53 353
53 361
53 362
53 365
53 389
53 402
53 406
53 416
53 420
53 441
53 456
53 458
53 473
53 475
53 478
53 504
53 529
53 555
53 558
53 563
53 568
53 576
53 578
53 616
53 659
53 680
53 689
53 690
53 693
53 694
53 695
53 704
53 712
53 716
53 726
53 742
53 765
53 776
53 779
53 786
53 791
53 796
53 823
53 835
53 856
53 859
53 867
53 871
53 876
53 891
53 900
53 904
53 922
53 925
53 931
53 935
53 936
53 941
53 944
53 953
53 965
54 246
54 856
54 960
54 969
55 302
55 363
55 390
55 398
55 452
55 660
56 406
56 473
56 642
56 733
56 748
56 835
56 868
57 99
57 131
57 188
57 248
57 327
57 334
57 527
57 614
57 729
57 743
57 787
57 815
57 889
57 915
57 923
57 974
57 975
58 114
58 279
58 407
58 592
58 611
58 914
59 181
59 215
59 243
59 404
59 511
59 549
59 551
59 929
60 419
60 509
60 628
60 696
60 899
61 142
61 196
61 200
61 293
61 498
61 530
62 93
62 172
62 177
62 303
62 319
62 344
62 353
62 406
62 416
62 441
62 448
62 504
62 558
62 567
62 594
62 659
62 704
62 772
62 776
62 900
62 925
62 935
62 941
63 100
63 591
63 601
63 706
63 795
63 884
63 997
64 535
64 672
64 850
64 878
64 909
65 136
65 204
65 242
65 501
65 520
65 667
65 732
65 789
66 72
66 80
66 88
66 98
66 101
66 108
66 167
66 183
66 227
66 265
66 268
66 280
66 372
66 735
66 803
66 804
66 805
66 818
66 882
67 86
67 168
67 335
67 428
67 507
67 523
67 561
67 634
67 688
67 877
67 894
67 895
68 100
68 313
68 591
68 601
68 706
68 718
68 795
69 476
69 584
69 658
69 937
70 205
70 302
70 357
70 364
70 384
70 390
70 452
70 486
70 613
70 655
70 697
70 740
70 813
71 257
71 409
71 485
71 825
72 101
72 167
72 226
72 372
72 626
72 735
72 803
72 804
72 865
72 896
72 986
73 87
73 204
73 209
73 291
73 699
73 981
74 329
74 553
74 603
74 762
74 828
74 946
75 82
75 132
75 361
75 389
75 691
75 758
75 876
75 897
76 349
76 528
76 570
76 812
76 848
76 951
76 981
76 988
77 353
77 402
77 406
77 478
77 555
77 566
77 642
77 733
77 748
77 835
77 868
78 115
78 340
78 382
78 443
78 488
78 537
78 777
78 910
79 487
79 689
79 704
79 775
80 108
80 228
80 256
80 285
80 338
80 396
80 798
80 980
81 83
81 284
81 424
81 595
81 648
81 677
81 940
82 361
82 691
82 758
82 897
83 104
83 184
83 424
83 595
83 648
83 731
83 844
83 940
84 93
84 281
84 298
84 632
84 965
85 130
85 422
85 822
85 847
86 154
86 198
86 211
86 258
86 266
86 267
86 294
86 321
86 428
86 450
86 652
86 658
86 707
86 716
86 759
86 836
86 877
86 895
86 908
86 964
87 291
87 520
87 540
87 593
87 667
87 720
88 183
88 735
88 818
88 882
89 166
89 305
89 466
89 765
89 981
90 228
90 275
90 292
90 365
90 415
90 437
90 534
90 575
90 601
90 799
90 802
90 896
91 398
91 486
91 768
92 174
92 456
93 187
93 246
93 281
93 298
93 309
93 389
93 432
93 448
93 552
93 568
93 602
93 606
93 624
93 632
93 659
93 726
93 811
93 816
93 858
93 871
93 916
93 925
93 956
93 965
93 973
94 264
94 515
94 519
94 554
94 588
94 638
94 661
94 684
94 728
94 739
94 826
94 830
94 875
94 942
94 991
95 834
96 460
96 683
96 756
96 766
96 864
97 162
97 532
97 536
97 817
97 855
97 866
97 918
97 949
98 101
98 227
98 338
98 372
98 986
99 169
99 599
99 770
99 870
100 217
100 313
100 367
100 591
100 601
100 718
100 869
100 884
100 997
101 818
102 208
102 388
102 397
102 401
102 714
102 855
103 185
103 208
103 378
103 476
103 714
103 907
104 140
104 184
104 284
104 345
104 424
104 595
104 648
104 677
104 769
104 844
104 880
104 940
105 111
105 180
105 236
105 269
105 479
105 492
105 513
105 629
105 808
105 874
105 926
105 932
105 958
106 167
106 418
106 543
106 579
106 626
106 685
106 698
106 701
106 718
106 829
106 947
106 999
107 471
107 514
107 765
108 228
108 256
108 285
108 300
108 338
108 382
108 396
108 496
108 625
108 677
108 735
108 798
108 801
108 803
108 818
108 896
108 980
108 986
109 225
109 601
109 635
109 793
109 797
110 247
110 249
110 303
110 680
110 689
110 704
110 786
110 922
111 180
111 269
111 322
111 492
111 596
111 629
111 808
111 874
111 926
112 327
112 614
112 729
112 889
112 915
112 932
112 975
113 134
113 161
113 209
113 220
113 291
113 340
113 357
113 382
113 444
113 520
113 591
113 593
113 601
113 645
113 667
113 700
113 718
113 807
113 938
113 981
113 982
114 142
114 146
114 196
114 246
114 359
114 439
114 530
114 548
114 587
114 783
115 203
115 331
115 777
115 910
115 945
115 995
116 316
116 517
116 535
116 553
116 747
116 762
116 878
117 188
117 318
117 451
117 735
117 854
117 863
117 967
117 993
118 133
118 292
118 442
118 633
118 722
118 788
118 802
118 992
119 308
119 317
119 373
119 439
119 497
119 544
119 592
119 653
119 727
119 847
119 858
119 861
119 893
119 905
120 138
120 181
120 283
120 311
120 368
120 599
120 705
120 770
120 870
120 927
121 308
121 360
121 493
121 546
121 580
122 245
122 382
122 395
122 785
122 898
123 165
123 245
123 340
123 464
123 601
123 718
123 755
123 860
124 164
124 316
124 981
125 209
125 332
125 645
125 744
125 807
126 135
126 289
126 461
126 681
126 802
127 137
127 389
127 473
127 835
127 868
128 198
128 258
128 267
128 374
128 428
128 585
128 759
128 912
128 964
129 371
129 478
129 490
129 830
129 987
130 233
130 317
130 497
130 822
130 847
130 858
130 905
130 921
131 248
131 327
131 614
131 771
131 889
131 915
131 923
131 975
132 157
132 306
132 691
132 758
132 823
132 876
132 897
132 936
133 365
133 442
133 788
133 802
133 896
134 161
134 220
134 645
134 807
134 938
134 982
135 273
135 285
135 289
135 461
135 633
135 681
135 955
135 992
136 212
136 242
136 409
136 501
136 564
136 619
136 651
136 667
136 674
136 699
136 720
136 721
136 747
136 789
136 839
136 906
137 406
137 694
137 742
137 835
137 868
137 890
138 181
138 368
138 431
138 569
138 599
138 620
138 705
138 770
138 870
138 927
140 184
140 424
140 595
140 677
140 940
141 187
141 246
141 483
141 686
141 811
141 832
141 859
141 885
141 904
141 971
142 145
142 146
142 196
142 198
142 200
142 246
142 260
142 288
142 293
142 314
142 316
142 357
142 359
142 362
142 373
142 386
142 399
142 407
142 439
142 447
142 498
142 500
142 530
142 533
142 539
142 548
142 553
142 587
142 704
142 736
142 738
142 760
142 781
142 783
142 827
142 856
142 861
142 887
142 892
142 902
142 911
142 934
142 969
142 971
143 151
143 261
143 288
143 314
143 399
143 643
143 892
143 971
143 979
144 199
144 932
145 260
145 548
145 641
145 736
145 760
146 196
146 317
146 587
146 827
146 934
147 189
147 570
147 753
147 812
147 848
147 886
147 948
147 957
148 190
148 203
148 910
148 924
148 943
149 287
149 427
149 605
149 608
149 631
149 774
149 841
150 269
150 322
150 516
150 666
150 808
150 883
150 903
150 958
151 241
151 261
151 263
151 314
151 399
151 643
151 781
151 871
151 892
152 553
152 603
152 762
152 774
152 962
153 171
153 436
153 607
153 640
153 983
154 321
154 335
154 688
154 877
154 954
155 163
155 332
155 358
155 457
155 981
156 177
156 309
156 416
156 578
156 693
156 961
157 303
157 306
157 361
157 389
157 406
158 342
158 344
158 420
158 690
158 786
158 936
159 216
159 296
159 312
159 419
159 506
159 574
159 589
159 622
159 662
159 753
159 899
160 287
160 571
160 605
160 646
160 814
160 841
160 873
161 209
161 220
161 645
161 807
161 938
161 982
162 207
162 388
162 532
162 536
162 716
162 918
162 949
163 358
163 434
163 457
163 696
163 821
163 850
163 981
164 417
164 848
164 989
165 340
165 351
165 464
165 538
165 718
165 860
166 305
166 973
167 446
167 496
167 626
167 685
167 698
167 829
167 865
167 986
168 308
168 321
168 507
168 523
168 553
168 634
168 688
168 759
168 877
168 894
168 917
169 513
169 644
169 705
170 239
170 303
170 315
170 616
170 690
170 779
170 931
170 944
171 286
171 429
171 607
171 718
171 864
171 983
172 319
172 441
172 504
172 552
172 558
172 594
172 659
172 776
172 935
173 193
173 212
173 251
173 343
173 391
173 457
173 470
173 545
173 981
174 486
174 497
175 356
175 421
175 525
175 559
175 562
175 605
175 635
175 677
175 743
175 797
175 842
175 977
176 222
176 433
176 515
176 519
176 647
176 741
177 416
177 578
177 935
177 941
178 423
178 469
178 474
178 621
178 650
179 191
179 345
179 404
179 810
180 269
180 492
180 596
180 629
180 808
181 236
181 274
181 283
181 289
181 311
181 327
181 356
181 369
181 392
181 404
181 431
181 471
181 494
181 525
181 555
181 559
181 569
181 571
181 620
181 635
181 636
181 644
181 770
181 808
181 842
181 870
181 880
181 915
181 919
181 973
181 994
182 405
182 409
182 619
182 699
182 809
183 265
183 280
183 735
183 818
184 191
184 272
184 284
184 337
184 345
184 404
184 424
184 482
184 549
184 551
184 595
184 648
184 677
184 718
184 769
184 801
184 844
184 929
184 940
185 476
185 532
185 714
185 907
186 303
186 342
186 695
186 900
186 935
186 941
186 953
187 309
187 624
187 712
188 318
188 451
188 614
188 863
188 974
189 216
189 339
189 570
189 662
189 753
189 780
189 812
189 848
189 957
190 381
190 600
190 955
191 345
191 810
192 445
192 476
192 536
192 556
192 584
192 716
192 908
193 251
193 391
193 470
193 545
194 275
194 328
194 799
195 213
195 235
195 308
195 376
195 752
195 998
196 230
196 293
196 373
196 386
196 439
196 456
196 498
196 533
196 969
197 238
197 341
197 350
197 467
197 469
197 536
197 615
197 650
197 715
197 716
197 833
197 862
197 901
197 976
198 258
198 266
198 267
198 294
198 308
198 374
198 394
198 435
198 524
198 584
198 585
198 634
198 650
198 658
198 716
198 759
198 836
198 877
198 895
198 908
198 912
199 333
199 491
199 492
200 293
200 362
200 539
201 346
201 485
201 518
201 825
202 247
202 303
202 458
202 704
202 922
202 936
202 953
203 331
203 777
204 209
204 291
205 302
205 390
205 398
205 452
205 655
205 697
205 740
206 222
206 515
206 725
206 794
206 840
207 397
207 401
207 949
208 238
208 388
208 397
208 401
208 692
208 716
208 855
208 862
208 907
209 220
209 251
209 291
209 297
209 316
209 520
209 593
209 645
209 700
209 721
209 982
210 226
210 285
210 484
210 557
210 626
210 933
210 947
211 374
211 688
211 707
211 877
211 917
212 391
212 470
212 545
212 825
212 963
213 235
213 308
213 357
213 580
213 985
213 998
214 223
214 232
214 324
214 333
214 505
214 547
214 582
214 849
214 915
215 243
215 424
215 511
216 312
216 349
216 506
216 553
216 574
216 589
216 622
216 662
216 780
217 313
217 591
217 601
217 869
217 884
217 997
218 303
218 344
218 458
218 578
218 704
218 867
218 922
219 222
219 380
219 413
219 515
220 645
220 807
220 938
221 357
221 364
221 660
221 669
221 752
221 763
222 413
222 433
222 480
222 515
222 519
222 629
222 638
222 647
222 741
222 794
222 826
222 830
222 840
222 990
222 991
223 318
223 327
224 329
224 553
224 597
224 792
224 828
224 946
225 243
225 272
225 511
225 551
225 731
225 929
226 484
226 543
226 557
226 685
226 701
226 778
226 829
226 933
226 947
226 999
227 265
227 280
227 735
228 252
228 256
228 268
228 300
228 328
228 338
228 396
228 496
228 538
228 579
228 625
228 735
228 755
228 798
228 980
228 999
229 292
229 328
229 365
229 415
229 575
229 799
229 896
230 373
230 386
230 407
230 738
231 419
231 628
231 886
231 948
231 950
232 333
232 849
232 915
232 972
233 317
233 497
233 763
233 858
233 914
234 301
234 417
234 899
235 308
235 357
235 377
235 669
235 679
235 752
235 763
235 998
236 269
236 318
236 322
236 479
236 481
236 492
236 513
236 874
236 958
237 604
237 605
237 952
238 341
238 467
238 469
238 536
238 615
238 650
238 716
238 833
238 862
238 866
238 901
238 907
238 918
238 949
238 996
239 246
239 303
239 315
239 319
239 342
239 344
239 529
239 578
239 616
239 689
239 690
239 695
239 779
239 791
239 891
239 931
239 941
239 944
240 316
240 535
240 553
240 630
240 747
240 774
240 850
240 878
240 881
240 909
240 962
240 963
241 400
241 407
241 586
242 409
242 501
242 564
242 651
242 667
242 720
242 732
242 906
243 272
243 337
243 404
243 424
243 511
243 551
243 929
244 578
244 594
244 693
244 891
244 900
244 961
245 425
245 538
245 640
245 718
245 978
246 298
246 309
246 319
246 389
246 406
246 408
246 416
246 478
246 483
246 659
246 682
246 686
246 796
246 811
246 816
246 832
246 856
246 871
246 885
246 902
246 904
246 925
246 960
246 965
247 303
247 420
247 458
247 922
248 327
248 614
248 771
248 975
249 680
249 691
249 758
250 308
250 357
250 493
250 637
250 824
250 877
250 985
251 470
251 545
251 598
251 981
252 256
252 268
252 300
252 896
253 864
254 306
254 406
254 876
255 262
255 357
255 364
255 669
256 268
256 275
256 285
256 328
256 338
256 396
256 496
256 625
256 735
256 798
256 882
256 980
257 405
257 409
257 619
257 699
257 809
258 266
258 267
258 271
258 294
258 308
258 428
258 507
258 584
258 609
258 634
258 652
258 656
258 688
258 759
258 806
258 836
258 877
258 895
258 908
258 954
259 409
259 593
259 617
259 676
259 825
260 263
260 362
260 386
260 641
260 736
260 760
260 781
260 856
261 399
261 447
261 723
261 887
261 892
261 979
262 357
262 364
262 660
262 669
262 763
263 548
263 641
263 736
263 979
264 438
264 508
264 565
264 588
264 661
264 684
264 711
264 713
264 739
264 750
264 819
264 830
264 932
264 991
265 280
265 735
265 818
266 430
266 707
266 836
266 895
267 374
267 394
267 584
267 585
267 759
267 908
267 912
268 300
268 992
269 322
269 327
269 479
269 481
269 492
269 513
269 596
269 629
269 874
269 926
269 958
270 349
270 528
270 618
270 951
270 988
271 308
271 637
271 877
271 894
272 337
272 511
272 731
272 929
273 289
273 442
273 461
273 600
273 777
273 955
274 287
274 369
274 385
274 559
274 571
274 646
274 814
275 292
275 328
275 403
275 896
276 477
276 675
277 423
277 474
277 499
277 573
278 323
278 340
278 425
278 453
278 455
278 572
278 640
278 718
278 782
279 827
280 735
280 818
281 298
281 309
281 552
281 577
281 606
281 632
281 965
282 423
282 474
282 499
282 573
282 621
282 950
283 311
283 431
283 644
283 919
284 299
284 345
284 354
284 424
284 595
284 648
284 677
284 769
284 801
284 810
284 837
284 940
285 396
285 625
285 798
285 803
286 429
286 436
286 607
286 718
286 756
286 764
286 888
286 910
286 983
287 385
287 559
287 646
287 814
287 873
288 293
288 498
288 530
288 887
289 291
289 437
289 442
289 633
289 681
289 722
289 802
289 896
289 955
289 992
290 357
290 669
290 752
290 763
290 784
291 297
291 316
291 346
291 453
291 520
291 540
291 584
291 601
291 667
291 676
291 700
291 807
291 981
291 982
292 365
292 534
292 575
292 640
292 799
292 896
293 314
293 317
293 362
293 530
293 539
293 736
293 835
293 856
293 887
293 902
293 969
294 374
294 512
294 716
294 759
294 836
294 964
295 381
295 468
295 488
295 754
295 853
296 622
296 662
296 696
296 899
297 593
297 700
297 982
298 309
298 522
298 577
298 606
298 624
298 668
298 811
298 856
298 885
298 965
299 354
299 424
299 595
299 769
299 801
299 887
301 316
301 329
301 349
301 417
301 528
301 828
301 848
301 957
301 988
302 363
302 390
302 398
302 452
302 655
303 306
303 315
303 342
303 344
303 361
303 406
303 416
303 420
303 428
303 458
303 475
303 487
303 529
303 552
303 576
303 616
303 689
303 690
303 693
303 695
303 704
303 779
303 791
303 867
303 876
303 891
303 900
303 922
303 931
303 935
303 936
303 941
303 944
303 961
304 309
304 606
304 712
305 414
305 466
305 478
305 480
305 490
305 508
305 515
305 687
305 730
305 767
305 835
305 851
305 973
305 991
306 361
306 370
306 389
306 406
306 583
306 670
306 678
306 704
306 717
306 823
306 925
306 987
307 408
307 568
307 602
307 734
307 779
307 871
307 925
308 320
308 357
308 360
308 363
308 450
308 493
308 509
308 546
308 580
308 621
308 637
308 669
308 752
308 824
308 830
308 838
308 877
308 894
308 985
309 319
309 344
309 432
309 448
309 568
309 606
309 624
309 659
309 682
309 712
309 726
309 856
309 871
309 916
309 925
309 930
309 956
309 965
310 480
310 550
310 554
310 638
310 647
310 661
310 673
310 687
310 728
310 830
310 857
311 431
311 569
311 644
311 870
312 506
312 574
312 622
312 662
312 848
312 899
313 382
313 459
313 520
313 601
313 718
313 761
313 884
313 966
313 997
314 399
314 447
314 892
315 342
315 344
315 475
315 576
315 690
315 779
315 891
315 922
315 931
315 944
316 329
316 352
316 358
316 375
316 382
316 517
316 535
316 553
316 597
316 651
316 671
316 747
316 774
316 828
316 850
316 878
316 881
316 909
316 963
316 981
317 472
317 486
317 497
317 544
317 580
317 586
317 710
317 727
317 760
317 847
317 858
317 861
317 893
317 901
317 905
317 921
318 451
318 614
318 863
318 915
318 974
318 993
319 504
319 552
319 558
319 563
319 602
319 659
319 670
319 726
319 772
319 936
319 956
320 360
320 546
320 580
320 669
320 877
320 985
321 335
321 430
321 688
321 877
321 894
321 917
321 954
322 479
322 481
322 492
322 629
322 958
323 340
323 782
324 582
324 787
324 849
324 915
325 339
325 628
325 886
325 899
325 948
326 371
326 406
326 478
327 614
327 729
327 771
327 854
327 889
327 975
328 403
328 415
328 534
328 735
328 799
328 896
328 980
329 597
329 702
329 774
329 946
330 340
330 455
330 627
330 683
330 718
330 756
331 351
331 443
331 537
331 777
331 910
331 945
331 995
332 352
332 358
332 379
332 434
332 440
332 581
332 630
332 757
332 821
332 839
332 843
332 852
332 881
332 899
332 981
333 569
333 582
333 849
333 915
333 972
334 614
335 430
335 523
335 634
335 877
335 894
336 361
336 406
336 473
336 654
336 742
336 920
336 942
337 424
337 511
337 709
337 731
337 820
337 929
337 940
338 625
338 798
338 980
339 417
339 419
339 509
339 532
339 601
339 612
339 628
339 696
339 886
339 899
339 946
339 948
340 425
340 436
340 453
340 455
340 531
340 538
340 572
340 601
340 627
340 640
340 683
340 718
340 755
340 756
340 782
340 802
340 860
340 864
340 888
340 955
340 978
340 992
341 532
341 615
341 716
341 833
342 344
342 475
342 576
342 616
342 704
342 779
342 791
342 891
343 485
343 518
343 630
343 825
344 529
344 704
344 823
344 835
344 891
344 922
344 931
345 404
345 424
345 559
345 595
345 631
345 769
345 810
345 837
345 992
346 485
346 518
346 825
346 981
347 364
347 422
347 655
348 503
348 515
348 596
348 663
348 708
348 724
348 749
348 840
348 915
349 528
349 618
349 623
349 753
349 951
349 988
350 366
350 469
350 541
350 715
351 464
351 601
351 718
351 755
351 860
352 440
352 581
352 745
352 757
352 839
352 881
352 981
353 361
353 371
353 393
353 402
353 406
353 478
353 490
353 555
353 566
353 639
353 642
353 654
353 694
353 733
353 742
353 748
353 835
353 868
353 987
354 424
354 595
354 677
354 685
354 769
354 801
355 414
355 765
355 928
356 494
356 842
356 880
357 364
357 377
357 422
357 450
357 493
357 502
357 580
357 669
357 679
357 740
357 752
357 763
357 784
357 872
357 877
357 894
357 985
357 998
358 379
358 457
358 598
358 981
359 783
359 934
360 493
360 502
360 580
360 634
360 660
360 838
360 894
360 998
361 370
361 371
361 389
361 402
361 406
361 410
361 478
361 542
361 566
361 583
361 670
361 678
361 704
361 717
361 742
361 758
361 823
361 835
361 876
361 936
361 942
362 447
362 539
362 969
363 390
363 398
363 452
363 768
363 813
364 390
364 452
364 493
364 502
364 580
364 660
364 669
364 752
364 763
364 858
365 415
365 442
365 802
365 805
365 896
366 541
366 615
366 650
367 459
367 601
367 706
367 718
367 997
368 705
368 770
368 870
368 927
369 559
369 571
369 605
369 646
369 814
370 389
370 410
370 678
370 717
371 478
371 555
373 407
373 439
373 738
373 934
374 585
374 759
374 806
374 908
374 912
374 964
375 517
375 535
375 553
375 747
376 377
376 493
376 985
376 998
377 450
377 493
377 580
377 784
377 998
378 476
378 716
379 630
379 843
379 946
379 981
380 413
380 515
381 754
381 777
382 395
382 444
382 453
382 459
382 464
382 601
382 667
382 718
382 761
382 785
382 795
382 898
382 982
383 424
383 427
383 605
383 608
383 631
383 841
383 873
384 613
384 655
384 813
385 559
385 571
385 646
385 814
385 873
385 879
386 439
386 498
386 530
386 533
386 738
386 911
387 607
387 864
388 397
388 401
388 445
388 716
388 855
389 406
389 410
389 473
389 583
389 670
389 678
389 691
389 717
389 758
389 823
389 835
389 876
390 452
390 502
390 697
390 740
390 813
391 470
391 485
391 545
391 981
392 463
392 879
394 435
394 524
394 584
394 907
395 761
395 785
395 898
396 403
396 625
397 401
397 714
397 855
398 486
398 740
398 768
399 447
399 669
399 723
399 892
399 979
400 653
400 710
400 827
400 914
401 467
401 532
401 536
401 817
401 855
401 949
402 406
402 555
402 566
402 642
402 694
402 748
402 835
404 551
404 595
404 631
404 677
404 735
404 810
404 952
405 409
405 485
405 518
405 619
405 699
405 721
405 809
405 913
406 473
406 478
406 654
406 678
406 694
406 704
406 717
406 733
406 742
406 835
406 868
406 876
406 890
406 920
406 942
407 611
407 783
407 827
407 914
408 448
408 563
408 567
408 568
408 602
408 734
408 871
408 925
408 956
408 970
409 518
409 520
409 541
409 545
409 619
409 699
409 721
409 809
409 825
409 913
410 583
410 717
411 570
411 746
411 753
411 812
411 848
411 946
412 524
412 584
413 515
413 840
414 639
414 765
415 534
415 575
415 799
415 805
415 896
416 578
416 693
416 961
417 528
417 570
417 671
417 946
417 951
417 988
418 446
418 626
418 698
418 701
418 829
418 947
418 999
419 612
419 696
420 487
420 689
420 704
420 922
420 936
421 463
421 635
422 502
422 655
422 740
422 813
423 474
423 621
423 949
424 511
424 549
424 551
424 595
424 605
424 648
424 677
424 769
424 801
424 820
424 844
424 873
424 940
424 980
424 999
425 531
425 538
425 718
425 978
426 465
426 476
426 556
426 584
426 664
427 482
427 604
427 605
427 608
427 631
427 677
427 841
428 467
428 609
428 652
428 656
428 707
428 759
428 877
428 895
428 912
429 538
429 607
430 523
430 877
430 917
431 599
431 644
431 870
432 682
432 816
432 847
432 856
432 925
433 519
433 638
433 741
433 750
434 821
434 839
436 983
437 633
437 722
437 802
437 992
438 565
438 665
438 684
438 830
438 875
438 973
438 991
439 498
439 934
440 581
440 745
440 757
440 839
440 881
441 504
441 594
441 776
441 779
441 935
442 560
442 633
442 802
442 896
443 488
443 537
443 777
443 896
443 910
443 995
444 453
444 459
444 807
444 898
445 692
445 855
445 907
446 698
446 829
447 723
447 781
447 892
447 979
448 449
448 563
448 567
448 568
448 602
448 659
448 726
448 734
448 871
448 925
449 602
449 871
449 891
449 925
450 546
450 580
450 954
450 985
450 998
451 614
451 854
451 863
451 974
451 993
453 459
453 761
453 869
454 621
454 628
454 950
455 627
455 683
455 756
456 858
457 981
458 779
458 867
458 922
459 601
459 718
459 761
459 869
459 966
460 718
460 766
460 864
461 633
461 802
461 955
462 640
462 800
462 896
462 910
462 943
462 945
462 995
463 870
463 879
464 538
464 706
464 718
464 860
465 556
465 584
465 664
465 937
467 469
467 541
467 615
467 650
467 715
467 716
467 886
467 976
468 754
468 853
469 650
469 716
469 901
470 545
470 913
470 981
471 569
471 599
471 620
471 636
471 644
471 787
471 880
471 994
472 486
472 526
472 768
473 566
473 583
473 642
473 654
473 694
473 704
473 733
473 742
473 835
473 868
473 920
473 942
474 499
474 573
474 621
475 576
475 616
475 704
475 779
475 791
475 891
476 532
476 556
476 584
476 714
476 899
477 495
477 549
477 929
478 487
478 490
478 542
478 765
478 987
479 481
479 492
479 516
479 629
479 874
479 903
479 926
479 958
480 515
480 519
480 550
480 554
480 588
480 638
480 649
480 750
480 990
481 492
481 513
481 516
481 596
481 629
481 808
481 870
481 874
481 883
481 958
482 489
482 631
482 873
483 686
483 832
484 543
484 557
484 933
484 947
485 518
485 721
485 825
485 913
485 981
486 502
486 526
487 689
487 704
487 775
487 890
487 925
487 931
487 936
487 953
488 537
488 910
489 608
489 841
489 873
490 987
491 915
492 513
492 516
492 629
492 773
492 808
492 926
492 932
492 958
493 546
493 580
493 669
493 763
493 838
493 877
493 894
493 985
493 998
494 842
494 880
494 919
496 625
496 980
497 822
497 847
497 858
498 530
498 738
498 856
498 902
498 969
499 573
499 621
499 716
500 643
500 737
500 856
501 651
501 667
501 721
501 906
502 613
502 655
502 697
502 813
502 968
503 663
503 724
503 725
503 830
503 840
504 558
504 659
504 776
504 935
506 574
506 662
507 521
507 561
507 634
507 790
507 877
507 894
508 730
508 767
508 851
508 973
509 612
509 696
509 881
509 899
510 590
510 719
511 549
511 551
511 595
511 677
511 731
511 929
511 947
512 836
512 908
512 964
513 629
513 926
514 765
515 519
515 554
515 588
515 638
515 647
515 724
515 725
515 728
515 741
515 750
515 794
515 840
515 875
516 666
516 883
516 903
516 958
517 747
517 751
517 839
517 981
518 825
519 550
519 588
519 596
519 638
519 647
519 649
519 750
519 830
519 973
519 990
520 540
520 591
520 593
520 667
520 676
520 807
520 982
521 634
521 790
521 877
521 939
521 968
522 577
522 811
522 885
522 965
523 877
525 562
525 842
526 858
527 614
527 787
527 815
527 849
527 915
528 618
528 662
528 951
528 988
528 989
529 578
529 944
530 887
531 538
531 601
531 640
531 718
531 782
531 896
531 978
532 536
532 541
532 621
532 716
532 817
532 828
532 855
532 862
532 866
532 901
532 996
533 738
533 911
533 969
534 799
534 896
535 553
535 672
535 745
535 757
535 774
535 839
535 850
535 878
535 909
535 963
535 981
536 715
536 716
536 817
536 907
536 918
536 949
537 777
537 910
538 572
538 601
538 640
538 706
538 718
538 782
538 860
538 978
539 548
539 736
540 564
540 593
540 667
540 699
543 557
543 579
543 626
543 685
543 701
543 947
543 999
544 592
544 636
544 905
546 580
546 894
547 565
547 582
547 849
547 915
548 641
548 736
548 760
549 929
550 588
550 638
550 649
550 673
550 728
550 875
551 929
552 659
552 772
552 776
553 597
553 603
553 671
553 672
553 702
553 747
553 753
553 762
553 774
553 780
553 792
553 825
553 828
553 839
553 881
553 909
553 946
553 962
553 988
553 989
554 588
554 638
554 673
554 728
554 830
554 857
555 642
555 694
555 733
555 748
555 835
555 942
556 664
556 836
557 701
557 933
557 947
558 594
558 776
559 571
559 646
559 709
559 793
559 814
559 873
560 788
560 802
560 805
561 634
561 707
562 635
562 842
562 879
563 567
563 568
563 602
563 734
563 925
563 956
564 617
564 667
565 665
565 684
565 875
565 973
565 991
566 642
566 748
567 568
567 594
567 602
567 734
567 772
567 871
567 925
567 935
567 956
568 602
568 726
568 734
568 772
568 796
568 871
568 925
568 956
569 620
569 636
569 644
569 842
569 870
569 880
569 919
570 623
570 753
570 848
570 957
571 646
571 709
571 814
572 640
573 621
573 988
574 662
574 780
574 899
575 799
575 896
576 616
576 690
576 779
576 791
576 891
576 944
577 632
577 668
577 856
577 965
578 659
578 693
578 695
578 891
578 900
579 685
579 701
579 999
580 763
580 838
580 894
580 985
580 998
581 745
581 839
581 881
581 981
582 815
582 915
582 972
583 678
583 691
583 876
583 930
584 658
584 716
584 877
584 937
585 908
586 592
586 653
587 887
587 905
587 934
588 638
588 661
588 673
588 728
588 739
588 826
588 830
588 991
589 612
589 622
589 899
590 687
590 719
591 601
591 706
591 718
591 795
591 884
591 997
592 653
592 727
592 861
592 893
592 905
593 667
593 700
593 718
593 744
593 982
594 659
594 772
594 776
594 935
595 605
595 648
595 677
595 731
595 769
595 844
595 929
595 940
596 629
596 708
596 846
597 762
597 828
597 946
597 962
597 988
598 839
598 981
599 614
599 770
599 870
599 927
600 955
601 667
601 718
601 755
601 761
601 795
601 869
601 884
601 966
601 997
602 659
602 726
602 734
602 871
602 956
603 747
603 762
603 792
605 608
605 631
605 644
605 646
605 709
605 814
605 834
605 841
605 849
605 873
605 952
606 632
606 796
608 631
608 841
608 873
609 652
609 656
609 895
609 964
610 657
610 901
611 827
611 914
612 696
612 899
613 697
613 813
614 638
614 771
614 854
614 863
614 889
614 915
614 923
614 975
614 993
615 650
615 716
615 833
615 862
615 901
615 918
616 690
616 779
616 891
616 931
616 944
617 676
618 951
618 988
619 674
619 699
619 789
619 809
619 825
619 906
620 636
620 880
620 994
621 628
621 716
621 759
621 901
621 906
622 662
623 753
623 957
624 816
625 798
625 980
626 685
626 701
626 999
627 683
627 756
628 886
628 948
629 808
629 915
629 926
629 958
630 839
630 843
630 852
630 981
631 837
632 668
632 965
633 788
633 802
633 805
633 896
633 910
634 688
634 877
634 895
635 743
635 793
635 842
635 977
636 880
636 994
637 894
638 649
638 673
638 741
638 750
638 840
638 857
638 990
640 718
640 777
640 978
641 914
642 748
642 835
642 868
643 723
643 781
643 892
644 770
644 863
644 870
645 807
645 938
646 709
646 814
647 741
648 677
648 810
648 929
648 940
649 741
649 750
649 990
650 715
650 716
650 833
650 894
650 901
650 996
651 789
651 906
652 656
652 895
653 710
654 694
654 742
654 835
654 868
654 890
654 920
655 697
655 740
655 813
656 806
657 950
658 937
659 726
659 776
659 935
660 669
660 763
661 711
661 819
661 830
661 973
662 812
662 899
663 724
663 725
665 684
665 851
665 857
665 973
666 883
666 915
667 700
667 720
667 732
667 807
667 906
668 811
668 856
668 859
668 885
669 752
669 763
669 784
669 813
669 831
669 835
669 872
669 877
669 998
670 678
670 704
670 823
670 835
670 876
670 930
671 702
671 989
672 757
672 839
672 878
672 909
672 963
672 981
673 713
673 728
673 830
673 857
673 875
674 913
677 769
677 801
677 844
677 929
677 940
678 691
678 823
678 835
678 876
678 930
679 784
680 689
680 704
681 722
681 896
681 992
682 816
682 925
683 756
684 713
684 830
684 973
684 991
685 698
685 829
685 986
685 999
686 832
687 730
687 767
687 851
687 973
688 877
688 954
689 691
689 704
689 775
689 779
689 786
689 835
689 936
689 953
690 779
690 891
691 704
691 758
691 876
691 897
691 930
692 855
692 907
693 900
694 835
694 868
694 890
694 922
695 779
695 891
695 900
695 961
696 899
698 829
699 809
699 825
699 981
700 807
700 860
700 938
700 982
701 829
701 999
702 989
704 775
704 786
704 813
704 867
704 871
704 891
704 922
704 936
704 953
705 770
705 870
705 927
706 718
706 755
707 877
707 895
707 917
708 741
708 773
708 846
709 814
709 873
710 827
711 819
711 830
711 875
711 991
712 885
713 991
714 907
715 901
715 976
716 833
716 862
716 866
716 901
716 918
716 976
716 981
716 996
717 748
717 835
718 755
718 766
718 782
718 795
718 860
718 884
718 981
718 982
718 992
718 997
720 721
720 789
720 906
721 774
721 789
722 896
722 992
723 856
723 892
723 979
724 749
724 840
726 734
726 956
727 847
727 861
728 826
728 857
728 990
729 771
729 932
729 975
730 767
730 851
730 973
731 929
733 748
733 835
734 956
735 798
735 803
735 818
735 837
735 882
735 986
736 760
737 856
738 911
738 969
739 826
739 857
741 750
741 840
741 990
742 920
742 942
743 977
744 807
745 757
745 839
745 881
745 981
746 848
746 951
747 751
747 762
747 946
747 962
747 981
748 835
749 773
749 794
750 990
751 850
751 963
752 763
752 831
752 872
753 812
753 957
753 981
753 988
754 853
755 860
756 864
756 978
757 839
757 981
758 823
758 876
759 806
759 836
759 908
759 912
759 964
762 774
762 792
762 946
762 962
762 982
763 784
764 888
765 835
765 928
766 864
767 973
769 801
770 870
770 927
770 975
770 993
770 994
771 889
771 923
771 975
772 871
773 874
774 792
774 946
774 962
776 935
777 910
777 945
777 995
779 791
779 891
779 900
780 812
780 981
781 856
782 978
783 827
783 914
784 872
785 898
786 936
786 953
787 815
787 849
787 915
788 802
788 896
788 992
789 906
790 877
790 894
790 939
790 968
791 891
791 900
792 828
792 839
794 840
795 869
796 859
797 879
798 818
798 980
799 896
800 943
802 805
802 896
802 992
803 818
804 865
804 986
806 912
807 938
808 926
810 837
811 965
812 899
812 957
815 849
815 915
815 932
816 871
816 925
816 970
817 862
817 866
817 901
817 918
817 976
817 996
818 829
818 882
818 986
818 999
819 830
821 981
822 858
823 876
823 930
825 981
826 830
826 857
827 893
827 914
827 934
828 946
829 999
830 857
830 875
830 973
830 991
831 872
831 998
832 960
833 901
835 868
835 890
835 897
835 942
836 877
836 964
839 878
839 881
839 963
839 981
840 990
841 873
842 880
843 981
845 856
847 858
847 861
847 893
848 951
848 957
848 988
849 915
849 932
850 878
850 909
850 963
851 973
852 959
852 981
853 910
854 863
856 892
856 971
858 921
859 965
861 905
862 866
862 901
862 996
863 889
863 915
863 974
863 993
864 910
864 983
865 986
866 918
867 922
868 890
868 905
870 880
870 927
871 925
871 956
871 965
872 998
874 903
874 915
874 958
876 920
876 922
876 930
876 936
877 894
877 917
877 954
878 909
878 963
880 919
880 994
884 997
885 925
885 965
886 948
889 923
889 975
891 931
891 936
892 979
894 939
894 968
896 910
896 955
896 992
899 957
899 981
900 941
900 961
902 969
904 965
907 996
908 912
909 963
910 924
910 945
910 978
910 983
910 995
911 969
915 932
915 972
917 954
918 949
918 996
922 936
923 975
925 956
925 970
931 944
932 975
933 947
933 999
934 965
935 941
936 953
939 968
945 995
946 962
946 989
947 999
948 950
951 988
952 973
955 992
959 981
966 997
973 991
985 998
