0 48
0 329
0 383
0 914
1 9
1 80
1 126
1 130
1 144
1 180
1 196
1 290
1 329
1 383
1 490
1 649
1 667
1 849
1 994
2 24
2 697
3 60
3 64
3 99
3 143
3 187
3 211
3 233
3 326
3 415
3 449
3 599
3 630
3 638
3 648
3 716
3 774
3 778
3 834
3 891
4 72
4 328
4 550
4 746
5 520
6 290
6 383
6 404
6 667
6 988
7 290
7 466
8 41
8 152
8 170
8 199
8 216
8 290
8 379
8 383
8 529
8 578
8 591
8 602
8 604
8 646
8 657
8 749
8 779
8 792
9 48
9 126
9 130
9 196
9 207
9 271
9 290
9 383
9 477
9 649
9 667
9 994
10 383
10 440
10 520
10 588
10 625
10 775
10 863
10 958
11 26
11 98
11 231
11 322
11 370
11 455
11 473
11 482
11 601
11 730
11 733
11 943
12 73
12 814
12 974
13 40
13 60
13 143
13 719
13 778
13 824
14 233
14 562
14 599
14 638
14 692
14 773
15 126
15 130
15 196
15 667
15 832
16 172
16 195
16 208
16 261
16 348
16 795
16 847
16 958
17 32
17 132
17 383
17 400
17 506
17 669
18 24
18 62
18 126
18 290
18 329
18 337
18 345
18 383
18 822
18 937
18 940
19 45
19 241
19 390
19 415
19 435
19 690
19 718
19 743
19 815
19 848
20 29
20 87
20 93
20 383
20 589
20 600
20 625
20 626
20 790
20 958
20 969
21 248
21 388
21 846
22 26
22 43
22 89
22 104
22 136
22 210
22 231
22 322
22 383
22 423
22 426
22 439
22 482
22 643
22 672
22 704
22 714
22 774
22 913
22 921
23 283
23 415
24 62
24 72
24 111
24 112
24 119
24 126
24 128
24 130
24 162
24 165
24 196
24 199
24 202
24 225
24 233
24 241
24 290
24 304
24 321
24 322
24 328
24 337
24 339
24 364
24 383
24 384
24 396
24 403
24 415
24 433
24 459
24 482
24 490
24 550
24 575
24 613
24 632
24 636
24 697
24 700
24 746
24 805
24 817
24 822
24 915
24 922
24 956
24 964
24 973
24 993
25 40
25 60
25 143
25 233
25 326
25 599
25 719
25 778
25 824
26 84
26 89
26 104
26 115
26 131
26 139
26 158
26 174
26 199
26 210
26 231
26 233
26 255
26 279
26 309
26 322
26 356
26 357
26 369
26 370
26 383
26 407
26 482
26 571
26 590
26 608
26 612
26 639
26 672
26 704
26 714
26 731
26 774
26 821
26 851
26 870
26 879
26 958
26 987
27 51
27 412
27 482
27 699
27 744
27 882
27 997
28 233
28 321
28 398
28 408
28 433
29 87
29 600
29 626
29 958
30 383
30 771
30 808
31 104
31 704
31 714
31 747
31 913
31 958
32 132
32 199
32 288
32 383
32 400
32 647
32 914
33 140
33 182
33 383
33 440
33 520
33 588
33 605
33 625
33 775
33 837
33 863
33 958
33 981
34 241
34 318
34 337
34 435
34 517
34 743
34 848
35 126
35 290
35 383
35 616
35 620
35 667
35 962
36 642
36 660
36 668
37 621
37 663
37 714
37 929
37 958
38 587
38 701
38 991
39 182
39 958
40 60
40 69
40 108
40 126
40 143
40 231
40 233
40 326
40 415
40 482
40 599
40 630
40 638
40 716
40 719
40 768
40 778
40 788
40 824
40 882
41 170
41 199
41 216
41 290
41 383
41 578
41 604
41 646
41 657
41 662
41 792
41 856
42 290
42 383
42 551
42 900
42 962
43 104
43 158
43 200
43 210
43 231
43 233
43 287
43 323
43 383
43 470
43 482
43 548
43 570
43 571
43 643
43 672
43 748
43 958
44 120
44 233
44 300
44 321
44 502
44 936
44 964
45 62
45 67
45 78
45 83
45 86
45 156
45 231
45 233
45 241
45 294
45 318
45 337
45 356
45 372
45 378
45 390
45 415
45 435
45 449
45 452
45 667
45 690
45 718
45 743
45 774
45 777
45 815
45 829
45 848
45 865
45 934
45 939
46 158
46 323
46 548
46 643
47 65
47 158
47 323
47 424
47 704
47 757
48 62
48 130
48 196
48 280
48 290
48 329
48 383
48 429
48 480
48 547
48 667
48 751
48 866
48 914
48 958
49 714
49 868
50 126
50 290
50 383
50 766
50 900
50 962
51 255
51 412
51 482
51 699
51 744
51 882
52 62
52 155
52 182
52 247
52 273
52 298
52 383
52 481
52 500
52 605
52 714
52 776
52 837
52 838
52 863
52 958
52 967
53 255
53 460
53 482
54 233
55 113
55 175
55 193
55 255
55 482
55 545
56 340
56 422
56 482
56 778
56 788
57 318
57 815
58 599
58 984
59 417
59 577
59 652
59 958
60 108
60 231
60 326
60 383
60 397
60 449
60 467
60 482
60 509
60 519
60 599
60 638
60 680
60 714
60 753
60 778
60 848
60 891
60 945
60 946
61 247
61 270
61 322
61 392
61 508
61 560
61 714
61 796
61 845
61 929
61 958
62 70
62 71
62 72
62 94
62 105
62 111
62 117
62 120
62 123
62 126
62 128
62 130
62 170
62 196
62 199
62 224
62 229
62 231
62 233
62 253
62 290
62 297
62 304
62 321
62 328
62 334
62 337
62 339
62 346
62 352
62 356
62 359
62 383
62 384
62 396
62 398
62 403
62 415
62 433
62 448
62 449
62 457
62 459
62 482
62 487
62 489
62 502
62 538
62 550
62 561
62 588
62 599
62 602
62 605
62 633
62 636
62 657
62 658
62 661
62 667
62 679
62 697
62 714
62 741
62 743
62 745
62 746
62 774
62 794
62 802
62 815
62 817
62 839
62 848
62 874
62 938
62 945
62 950
62 958
62 982
62 993
63 321
63 337
63 415
63 489
63 533
64 211
64 231
64 233
64 422
64 599
64 630
64 648
64 778
65 323
65 958
66 397
66 519
66 778
67 86
67 156
67 743
67 777
67 848
68 370
68 482
68 724
68 903
69 402
69 638
70 94
70 224
70 383
70 679
70 746
71 72
71 253
71 321
71 334
71 337
71 408
71 433
71 457
71 515
71 583
71 653
71 839
71 854
71 964
71 982
72 111
72 126
72 130
72 147
72 162
72 165
72 190
72 224
72 304
72 321
72 328
72 334
72 383
72 384
72 457
72 459
72 482
72 490
72 520
72 550
72 636
72 667
72 714
72 738
72 746
72 771
72 789
72 802
72 817
72 857
72 915
72 938
72 940
72 956
72 958
73 126
73 196
73 383
73 490
73 814
74 133
74 170
74 290
74 383
74 685
75 233
75 774
76 383
76 713
77 231
77 322
77 370
77 472
77 482
77 704
77 987
78 241
78 415
78 452
78 718
78 740
78 743
78 815
78 829
78 848
79 337
79 848
80 126
80 667
80 994
82 236
82 415
82 427
82 700
82 848
82 859
82 983
83 156
83 241
83 321
83 378
83 435
83 743
83 815
83 829
83 848
83 865
83 934
84 90
84 210
84 468
84 704
85 588
85 928
85 958
85 969
85 992
86 156
86 241
86 777
86 865
87 377
87 383
87 625
87 626
87 958
87 969
88 383
88 520
88 588
88 603
88 837
88 958
89 482
89 704
90 210
90 704
91 233
91 327
91 640
91 774
92 798
92 918
92 935
93 214
93 588
93 600
93 625
93 626
93 790
93 958
93 969
94 448
94 679
94 746
94 802
95 279
95 704
95 721
96 348
96 383
96 858
96 976
97 449
97 848
97 933
97 939
97 993
98 370
98 730
98 908
98 943
99 599
99 716
100 153
100 267
100 488
100 625
100 652
100 715
100 958
101 182
101 432
101 488
101 500
101 577
101 588
101 614
101 626
101 656
101 714
101 907
101 958
102 118
102 126
102 133
102 170
102 196
102 199
102 290
102 336
102 353
102 383
102 387
102 497
102 604
102 657
102 662
102 887
102 958
102 980
103 233
103 354
103 375
103 383
103 406
103 467
103 482
103 566
103 584
103 606
103 664
103 774
103 778
103 793
103 855
103 891
104 307
104 322
104 370
104 391
104 426
104 470
104 482
104 520
104 548
104 586
104 672
104 704
104 714
104 747
104 765
104 921
104 958
105 403
105 802
106 208
106 302
106 383
106 605
107 482
107 562
107 882
107 971
108 143
108 326
108 778
109 322
109 370
109 482
110 139
110 383
110 484
110 520
110 588
110 775
110 863
110 958
110 981
111 119
111 162
111 202
111 225
111 328
111 337
111 364
111 459
111 839
112 632
112 697
113 175
113 230
113 231
113 255
113 311
113 322
113 370
113 383
113 407
113 482
113 562
113 607
113 673
113 674
113 704
114 337
114 342
114 527
115 163
115 210
115 231
115 370
115 482
115 731
115 733
115 827
115 873
116 322
116 482
116 585
116 819
116 875
116 920
117 126
117 128
117 224
117 679
118 170
118 290
118 310
118 336
118 383
118 602
118 657
119 202
119 383
119 459
120 321
120 359
120 415
120 745
120 789
120 957
120 964
121 247
121 383
121 621
121 663
121 714
121 929
121 958
121 996
122 175
122 407
122 482
123 224
124 449
124 469
124 642
124 696
124 774
124 810
125 573
125 950
125 985
126 130
126 137
126 144
126 170
126 180
126 192
126 195
126 196
126 207
126 208
126 209
126 224
126 231
126 233
126 242
126 266
126 271
126 280
126 290
126 321
126 325
126 328
126 329
126 337
126 343
126 352
126 356
126 379
126 383
126 395
126 414
126 415
126 425
126 429
126 438
126 451
126 461
126 477
126 482
126 490
126 493
126 523
126 538
126 539
126 547
126 575
126 605
126 606
126 616
126 626
126 628
126 649
126 657
126 662
126 667
126 676
126 679
126 681
126 685
126 698
126 704
126 714
126 749
126 774
126 814
126 817
126 832
126 848
126 849
126 853
126 866
126 909
126 917
126 927
126 944
126 958
126 965
126 974
126 983
126 992
126 994
128 383
128 679
129 255
129 482
129 486
129 699
129 778
129 850
129 882
129 971
129 990
129 997
130 144
130 180
130 196
130 266
130 280
130 290
130 325
130 383
130 451
130 482
130 490
130 539
130 625
130 649
130 657
130 667
130 743
130 814
130 832
130 849
130 937
130 944
131 686
131 714
132 379
132 383
132 400
132 506
133 170
133 196
133 199
133 290
133 383
133 404
133 497
133 568
133 591
133 597
133 657
133 667
133 685
133 755
133 785
133 966
134 379
134 383
134 647
134 960
135 141
135 160
135 164
135 185
135 193
135 231
135 255
135 322
135 370
135 383
135 401
135 446
135 482
135 486
135 509
135 549
135 598
135 735
135 736
135 778
135 882
135 958
135 971
136 307
136 423
136 426
136 439
136 672
136 921
137 271
137 477
138 321
138 964
139 373
139 383
139 453
139 475
139 482
139 484
139 488
139 520
139 580
139 588
139 605
139 625
139 626
139 790
139 823
139 863
139 958
139 981
140 520
140 775
141 151
141 191
141 231
141 264
141 324
141 383
141 394
141 463
141 482
141 509
141 756
141 773
141 778
141 835
141 882
141 901
141 945
141 946
143 778
143 824
144 180
144 192
144 196
144 266
144 290
144 325
144 383
144 451
144 667
145 181
145 321
145 352
145 789
146 157
146 670
146 778
146 947
147 328
147 403
147 550
148 579
148 631
149 490
150 322
150 482
150 523
150 725
150 932
150 946
151 191
151 231
151 264
151 394
151 901
151 954
152 216
152 383
152 536
152 646
152 657
152 856
153 267
153 488
154 195
154 383
154 605
154 809
155 247
155 259
155 322
155 383
155 392
155 482
155 535
155 555
155 560
155 605
155 663
155 714
155 770
155 929
155 958
156 241
156 337
156 378
156 415
156 435
156 452
156 743
156 777
156 815
156 848
156 865
156 934
157 482
157 670
157 979
157 989
158 201
158 231
158 233
158 287
158 323
158 370
158 383
158 424
158 439
158 470
158 482
158 548
158 558
158 570
158 586
158 643
158 672
158 704
158 714
158 748
158 757
158 765
158 913
158 925
158 958
159 218
159 383
159 409
160 193
160 231
160 383
160 446
160 482
160 492
160 509
160 549
160 562
160 598
160 778
160 916
160 971
161 929
161 958
161 996
162 328
163 322
163 482
163 731
164 231
164 401
164 482
164 509
164 562
165 328
165 817
166 343
166 363
166 383
166 538
167 233
167 376
167 418
167 449
167 456
167 467
167 675
167 773
169 247
169 259
170 195
170 199
170 216
170 247
170 285
170 290
170 315
170 336
170 353
170 379
170 383
170 387
170 415
170 450
170 482
170 497
170 513
170 543
170 568
170 591
170 602
170 604
170 605
170 646
170 647
170 657
170 667
170 685
170 714
170 749
170 750
170 779
170 792
170 887
170 917
170 923
170 958
171 178
171 383
172 179
172 195
172 208
172 315
172 383
172 529
172 711
172 714
172 847
172 867
172 895
172 912
172 958
173 231
173 482
173 486
173 492
173 549
173 562
173 901
174 210
174 322
174 370
174 383
174 639
174 704
174 870
175 231
175 255
175 292
175 322
175 370
175 407
175 482
175 694
175 819
176 290
176 363
176 383
176 538
177 482
177 483
177 572
177 654
178 520
178 588
178 603
178 837
179 195
179 208
179 383
180 196
180 207
180 290
180 383
180 539
180 667
181 219
181 321
181 352
181 356
181 789
181 811
181 844
181 911
181 964
182 383
182 432
182 500
182 588
182 714
182 958
183 780
184 233
184 478
184 675
184 722
184 778
185 191
185 231
185 264
185 370
185 383
185 394
185 401
185 463
185 482
185 756
185 774
185 901
186 233
186 337
186 449
186 564
186 573
186 671
186 848
186 950
187 211
187 233
187 599
187 716
188 322
188 407
188 482
188 819
188 875
189 197
189 421
189 427
189 746
189 820
189 848
189 993
190 806
191 231
191 321
191 394
191 510
191 756
191 901
192 290
192 329
192 383
192 667
192 801
193 231
193 322
193 509
193 549
193 598
193 735
194 208
194 464
194 605
195 208
195 243
195 257
195 261
195 290
195 302
195 348
195 379
195 383
195 482
195 520
195 529
195 574
195 588
195 605
195 625
195 657
195 705
195 711
195 714
195 762
195 763
195 775
195 795
195 825
195 837
195 840
195 848
195 890
195 958
195 968
196 199
196 224
196 233
196 242
196 255
196 266
196 271
196 280
196 290
196 321
196 325
196 329
196 383
196 395
196 425
196 429
196 451
196 482
196 490
196 526
196 538
196 539
196 588
196 605
196 657
196 662
196 667
196 678
196 681
196 774
196 778
196 832
196 849
196 909
196 944
196 958
196 965
196 994
197 415
197 764
197 848
197 993
198 337
198 351
198 356
198 382
198 489
198 531
199 208
199 231
199 233
199 278
199 285
199 290
199 321
199 329
199 336
199 337
199 341
199 353
199 383
199 436
199 450
199 497
199 513
199 529
199 536
199 568
199 591
199 592
199 602
199 605
199 646
199 657
199 662
199 667
199 704
199 714
199 717
199 749
199 750
199 856
199 887
199 904
199 917
199 958
199 966
199 980
200 323
200 383
201 483
201 552
201 572
202 459
202 746
203 236
203 415
203 700
203 820
203 896
203 983
204 209
204 655
205 446
205 486
205 549
205 562
205 699
206 290
206 383
207 477
207 667
208 213
208 257
208 290
208 302
208 374
208 383
208 444
208 461
208 464
208 482
208 520
208 525
208 529
208 544
208 574
208 588
208 605
208 625
208 646
208 657
208 705
208 714
208 762
208 763
208 778
208 795
208 825
208 840
208 856
208 890
208 958
208 968
209 263
209 290
209 383
209 438
209 490
209 635
209 655
209 814
209 974
209 993
210 231
210 233
210 247
210 279
210 309
210 322
210 323
210 332
210 369
210 370
210 407
210 439
210 468
210 482
210 545
210 605
210 612
210 639
210 672
210 686
210 704
210 710
210 714
210 721
210 727
210 733
210 821
210 870
210 879
210 925
210 958
210 987
211 233
211 599
211 630
211 648
212 233
212 355
212 393
212 467
212 599
213 605
213 763
213 825
214 588
214 600
214 626
214 790
214 823
214 958
214 969
215 805
216 341
216 383
216 450
216 568
216 637
216 646
216 657
216 662
216 717
216 771
216 792
216 958
217 306
217 383
218 383
218 409
218 605
218 958
219 321
219 352
219 789
220 267
220 383
220 706
220 712
220 958
221 322
221 362
221 560
221 693
221 714
221 941
221 958
222 379
222 383
222 647
222 771
223 233
223 327
223 774
224 229
224 321
224 328
224 334
224 383
224 384
224 398
224 599
224 679
224 741
224 746
224 774
224 778
224 794
224 802
224 839
224 874
224 938
225 328
225 364
225 817
226 605
226 797
226 958
227 234
227 268
227 317
227 573
227 587
227 701
227 702
227 774
227 961
228 231
228 233
228 239
228 476
228 523
228 670
228 680
228 872
228 932
228 945
228 954
228 979
228 989
229 321
229 337
229 383
229 433
229 457
229 741
229 794
229 911
229 964
230 231
230 255
230 260
230 322
230 370
230 407
230 482
230 507
230 545
230 563
230 699
230 723
230 882
231 233
231 239
231 244
231 250
231 255
231 264
231 275
231 290
231 293
231 317
231 321
231 322
231 324
231 332
231 335
231 370
231 383
231 394
231 401
231 415
231 430
231 446
231 449
231 463
231 467
231 482
231 486
231 491
231 509
231 510
231 523
231 534
231 545
231 549
231 557
231 562
231 565
231 587
231 595
231 598
231 599
231 605
231 607
231 610
231 615
231 630
231 638
231 666
231 670
231 674
231 675
231 680
231 682
231 699
231 714
231 716
231 719
231 722
231 723
231 725
231 733
231 735
231 736
231 754
231 756
231 774
231 778
231 788
231 799
231 831
231 835
231 848
231 863
231 864
231 871
231 882
231 891
231 898
231 901
231 910
231 916
231 918
231 932
231 938
231 945
231 946
231 947
231 954
231 958
231 971
231 972
231 989
231 997
232 774
232 946
233 234
233 241
233 247
233 255
233 274
233 277
233 289
233 290
233 293
233 299
233 303
233 315
233 321
233 322
233 326
233 327
233 337
233 344
233 349
233 352
233 354
233 356
233 370
233 375
233 376
233 383
233 385
233 393
233 406
233 407
233 415
233 416
233 418
233 420
233 435
233 441
233 442
233 443
233 445
233 447
233 449
233 452
233 456
233 458
233 467
233 469
233 476
233 478
233 482
233 495
233 503
233 509
233 523
233 534
233 541
233 542
233 556
233 562
233 566
233 573
233 584
233 586
233 587
233 596
233 599
233 606
233 638
233 640
233 641
233 642
233 659
233 664
233 666
233 668
233 670
233 675
233 682
233 692
233 696
233 699
233 700
233 701
233 702
233 704
233 707
233 708
233 714
233 718
233 722
233 728
233 733
233 743
233 745
233 746
233 752
233 754
233 773
233 774
233 778
233 784
233 786
233 787
233 791
233 793
233 804
233 815
233 824
233 829
233 841
233 848
233 855
233 877
233 880
233 882
233 883
233 886
233 891
233 906
233 924
233 930
233 932
233 939
233 945
233 946
233 948
233 958
233 961
233 983
233 985
233 989
233 991
233 993
234 268
234 445
234 546
234 587
234 701
234 961
234 991
235 344
235 415
235 573
236 415
236 427
236 700
236 743
236 820
236 848
236 896
236 983
236 993
237 238
237 383
237 482
237 654
237 729
237 833
237 958
238 272
238 695
238 729
239 324
239 754
239 778
239 945
240 321
240 337
240 352
240 383
240 789
240 844
241 318
241 321
241 329
241 337
241 342
241 372
241 378
241 379
241 383
241 390
241 411
241 415
241 435
241 437
241 449
241 452
241 482
241 605
241 666
241 690
241 704
241 718
241 740
241 743
241 764
241 774
241 788
241 815
241 820
241 829
241 848
241 865
241 933
241 934
241 939
241 993
242 493
242 667
243 257
243 383
243 529
244 462
244 482
244 523
244 625
244 725
244 754
244 778
244 946
244 954
245 383
246 321
246 356
246 382
246 454
246 531
247 383
247 392
247 482
247 500
247 535
247 555
247 588
247 605
247 621
247 625
247 657
247 663
247 699
247 714
247 729
247 845
247 848
247 929
247 958
248 388
248 575
249 330
249 337
249 471
251 320
251 322
251 370
251 465
251 482
251 987
252 334
252 339
253 854
254 367
254 415
254 812
254 842
254 897
255 308
255 322
255 370
255 383
255 394
255 407
255 412
255 482
255 507
255 509
255 545
255 557
255 562
255 563
255 598
255 607
255 667
255 674
255 699
255 704
255 723
255 735
255 744
255 778
255 848
255 850
255 871
255 882
255 901
255 920
255 958
255 971
256 258
256 709
257 261
257 383
257 520
257 529
257 605
257 847
257 895
257 958
258 365
258 798
258 918
259 555
259 663
259 714
259 958
260 482
260 545
262 340
262 619
262 778
262 788
264 394
264 463
264 510
264 598
264 901
265 479
265 560
265 634
265 714
265 783
265 798
265 918
266 325
266 383
266 451
266 482
266 667
267 383
267 432
267 488
267 577
267 588
267 625
267 626
267 629
267 706
267 714
267 715
267 863
267 958
268 415
268 445
268 482
268 542
268 546
268 587
268 596
268 701
268 728
268 774
268 778
268 991
269 321
269 964
269 998
270 714
270 845
271 383
271 477
271 490
271 649
272 695
272 729
273 500
273 776
273 958
274 456
274 521
274 522
274 534
274 675
274 722
274 773
274 891
275 380
275 482
275 486
275 509
275 699
277 467
278 290
278 383
278 568
278 785
279 370
279 482
279 639
279 672
279 704
279 714
279 721
279 831
280 667
283 337
283 367
283 383
283 415
283 449
283 569
283 633
283 812
283 820
283 842
283 848
283 897
284 415
284 427
284 820
284 983
285 290
285 383
286 383
286 461
287 323
287 383
287 424
287 470
287 548
287 643
287 672
287 704
287 757
287 958
288 348
288 379
288 383
288 400
288 605
288 647
288 737
289 556
290 321
290 329
290 336
290 341
290 348
290 353
290 360
290 378
290 379
290 383
290 386
290 395
290 404
290 415
290 425
290 429
290 435
290 436
290 444
290 450
290 457
290 466
290 482
290 490
290 513
290 520
290 526
290 527
290 539
290 543
290 551
290 568
290 582
290 588
290 591
290 592
290 605
290 616
290 620
290 642
290 645
290 646
290 649
290 657
290 662
290 667
290 676
290 678
290 681
290 685
290 697
290 704
290 714
290 717
290 729
290 746
290 749
290 750
290 755
290 763
290 766
290 774
290 778
290 779
290 784
290 785
290 790
290 801
290 815
290 826
290 832
290 836
290 848
290 853
290 856
290 861
290 878
290 885
290 887
290 900
290 902
290 923
290 927
290 958
290 962
290 978
290 988
291 322
291 370
291 482
291 585
291 727
292 322
292 370
292 383
292 407
292 482
292 585
292 674
293 354
293 641
293 774
293 778
293 793
293 891
294 321
294 330
294 337
294 366
294 471
294 527
294 743
294 939
295 414
295 490
295 814
295 853
296 560
296 714
296 868
296 958
297 383
298 481
298 500
298 958
299 303
299 441
299 804
300 321
300 658
300 936
300 964
301 415
301 569
302 383
302 529
302 574
302 588
302 605
302 657
302 705
302 763
302 795
302 958
303 441
303 504
303 518
303 528
303 584
303 774
303 804
304 328
304 738
304 746
305 370
305 482
305 727
306 379
306 383
306 506
307 586
307 672
307 704
307 884
307 913
308 322
308 545
309 482
309 704
310 383
311 322
311 407
311 482
312 383
313 605
313 797
314 704
315 322
315 348
315 358
315 379
315 383
315 461
315 482
315 529
315 588
315 591
315 605
315 807
315 858
315 862
315 867
315 890
315 895
315 958
315 976
316 318
316 415
316 684
316 848
316 933
316 939
317 383
317 415
317 449
317 469
317 642
317 660
317 668
317 696
318 321
318 337
318 415
318 435
318 517
318 848
319 321
319 337
319 366
319 435
319 527
319 848
320 322
320 370
320 465
320 482
321 330
321 334
321 337
321 339
321 351
321 352
321 356
321 383
321 389
321 403
321 415
321 433
321 435
321 449
321 454
321 457
321 482
321 502
321 515
321 520
321 537
321 561
321 653
321 658
321 667
321 677
321 720
321 743
321 745
321 746
321 774
321 778
321 789
321 811
321 815
321 822
321 829
321 844
321 848
321 911
321 936
321 953
321 964
321 977
321 993
321 998
322 357
322 370
322 379
322 383
322 394
322 399
322 407
322 415
322 465
322 472
322 473
322 482
322 486
322 512
322 523
322 545
322 548
322 557
322 562
322 569
322 571
322 585
322 588
322 598
322 599
322 601
322 605
322 607
322 610
322 617
322 618
322 625
322 639
322 663
322 673
322 689
322 694
322 699
322 714
322 724
322 727
322 730
322 733
322 744
322 774
322 778
322 816
322 819
322 848
322 863
322 875
322 879
322 882
322 901
322 910
322 920
322 926
322 932
322 943
322 946
322 949
322 958
322 972
322 987
322 997
323 482
323 548
323 748
323 757
323 995
324 754
324 778
324 945
324 946
325 383
325 667
325 681
326 599
326 638
326 719
326 774
326 778
326 824
327 416
327 449
327 503
327 606
327 774
327 791
327 891
328 356
328 383
328 403
328 667
328 679
328 746
328 774
328 802
328 817
328 857
328 956
329 383
329 395
329 425
329 429
329 461
329 514
329 547
329 625
329 647
329 657
329 667
329 676
329 678
329 681
329 746
329 801
329 843
329 848
329 914
329 958
329 965
330 337
330 356
330 366
331 445
331 546
331 587
331 596
331 668
331 961
331 991
332 482
332 494
332 688
332 733
332 958
333 339
333 515
333 854
334 339
334 433
334 515
334 561
334 739
334 769
334 839
334 848
334 953
334 964
335 787
336 383
336 497
336 646
336 657
336 980
337 351
337 352
337 356
337 366
337 382
337 383
337 415
337 435
337 449
337 452
337 469
337 471
337 482
337 489
337 511
337 517
337 527
337 533
337 573
337 588
337 606
337 667
337 677
337 684
337 714
337 743
337 774
337 778
337 789
337 815
337 820
337 848
337 865
337 911
337 922
337 982
337 993
338 958
339 346
339 741
340 482
340 627
340 778
340 788
341 379
341 383
341 444
341 450
341 543
341 567
341 646
341 657
341 662
341 717
341 749
341 888
341 958
342 415
342 588
342 666
342 848
343 383
343 538
344 349
344 415
344 569
344 812
344 848
344 950
345 383
346 800
347 605
347 624
348 358
348 374
348 379
348 383
348 461
348 474
348 485
348 516
348 578
348 605
348 624
348 647
348 651
348 762
348 807
348 825
348 852
348 858
348 862
348 890
348 895
348 931
348 958
348 976
348 999
349 415
349 449
349 569
349 642
350 383
350 508
350 803
350 918
351 356
351 531
351 977
352 356
352 677
352 745
352 789
352 844
352 848
353 383
353 497
353 887
354 375
354 383
354 406
354 449
354 482
354 566
354 584
354 606
354 641
354 774
354 778
354 793
354 891
355 449
355 467
355 707
356 382
356 415
356 433
356 454
356 489
356 511
356 527
356 533
356 677
356 743
356 774
356 789
356 848
356 922
356 964
357 370
357 482
357 512
357 704
358 383
358 605
358 867
358 895
358 931
359 433
359 745
359 957
360 988
361 415
361 633
361 820
361 897
362 560
362 693
362 714
362 941
362 958
363 383
363 538
365 483
365 709
365 798
365 958
366 415
366 527
367 415
367 482
367 842
368 462
368 523
368 946
369 371
369 672
369 704
369 721
370 383
370 394
370 399
370 407
370 415
370 455
370 465
370 472
370 473
370 482
370 512
370 540
370 545
370 562
370 585
370 599
370 601
370 605
370 608
370 618
370 639
370 672
370 689
370 694
370 699
370 704
370 714
370 724
370 727
370 729
370 730
370 732
370 733
370 742
370 747
370 774
370 778
370 816
370 819
370 835
370 851
370 882
370 903
370 908
370 926
370 943
370 958
370 972
370 987
370 993
371 704
372 415
372 435
372 815
373 383
373 453
373 475
373 580
373 588
373 625
373 863
373 958
373 981
374 461
374 474
374 858
374 862
374 976
375 406
375 584
375 707
375 774
375 855
375 891
376 418
376 456
376 467
376 522
376 534
376 675
376 722
376 768
377 383
377 605
377 625
377 715
377 790
377 958
378 435
378 848
378 934
379 383
379 450
379 482
379 506
379 543
379 567
379 588
379 605
379 646
379 647
379 657
379 662
379 665
379 667
379 669
379 704
379 714
379 749
379 763
379 771
379 828
379 858
379 885
379 942
379 958
379 960
380 482
380 492
381 672
381 704
381 831
382 531
383 384
383 386
383 387
383 392
383 394
383 395
383 404
383 405
383 407
383 414
383 415
383 425
383 429
383 436
383 440
383 444
383 449
383 450
383 451
383 461
383 464
383 465
383 466
383 467
383 470
383 477
383 479
383 480
383 481
383 482
383 484
383 485
383 488
383 490
383 493
383 496
383 497
383 498
383 506
383 513
383 514
383 518
383 520
383 525
383 526
383 529
383 536
383 538
383 542
383 543
383 547
383 548
383 550
383 551
383 559
383 560
383 562
383 567
383 568
383 571
383 578
383 579
383 580
383 582
383 584
383 588
383 591
383 592
383 597
383 602
383 604
383 605
383 616
383 620
383 625
383 626
383 637
383 639
383 642
383 644
383 646
383 647
383 649
383 651
383 652
383 657
383 661
383 662
383 663
383 665
383 667
383 669
383 676
383 679
383 685
383 691
383 701
383 704
383 705
383 711
383 713
383 714
383 717
383 737
383 743
383 746
383 749
383 750
383 751
383 754
383 755
383 756
383 762
383 763
383 764
383 765
383 770
383 771
383 774
383 775
383 776
383 778
383 779
383 781
383 782
383 785
383 788
383 790
383 792
383 795
383 798
383 802
383 803
383 808
383 811
383 814
383 815
383 817
383 820
383 825
383 826
383 828
383 829
383 832
383 836
383 837
383 838
383 839
383 840
383 843
383 847
383 848
383 849
383 856
383 858
383 861
383 862
383 863
383 867
383 873
383 878
383 885
383 887
383 888
383 890
383 891
383 893
383 895
383 900
383 902
383 904
383 907
383 909
383 914
383 917
383 918
383 923
383 924
383 927
383 931
383 942
383 946
383 955
383 958
383 959
383 960
383 964
383 966
383 968
383 976
383 978
383 980
383 983
383 987
383 988
383 989
383 993
383 994
383 995
383 999
384 550
384 679
384 746
384 956
385 415
385 420
385 449
385 573
385 642
385 682
385 774
385 784
385 881
386 866
387 497
387 887
387 980
388 538
388 846
389 964
390 435
390 452
390 690
390 718
390 743
390 815
390 829
390 848
390 883
391 672
391 704
392 555
392 621
392 663
392 958
393 467
394 463
394 482
394 509
394 510
394 756
394 778
394 882
394 901
395 425
395 547
395 751
395 843
395 866
395 927
396 636
396 915
397 519
397 778
398 661
398 746
399 482
399 774
399 926
400 506
400 669
401 482
401 756
401 901
402 638
402 716
402 768
403 550
403 746
403 817
403 938
404 466
404 988
405 605
405 885
406 855
406 891
407 460
407 482
407 545
407 600
407 673
407 674
407 699
407 848
407 882
407 958
408 433
409 419
409 605
410 667
411 415
411 452
411 690
411 743
411 829
411 848
411 883
412 482
412 699
412 744
412 882
413 731
414 490
415 421
415 427
415 435
415 449
415 452
415 467
415 482
415 541
415 542
415 545
415 550
415 569
415 573
415 581
415 587
415 599
415 605
415 606
415 633
415 657
415 658
415 659
415 663
415 666
415 667
415 668
415 671
415 682
415 684
415 690
415 700
415 702
415 704
415 716
415 743
415 746
415 754
415 764
415 774
415 778
415 812
415 815
415 820
415 829
415 848
415 859
415 876
415 877
415 896
415 897
415 932
415 933
415 939
415 950
415 958
415 964
415 983
415 985
415 991
415 993
416 640
416 761
416 774
416 891
417 958
418 456
418 534
418 675
418 722
420 443
420 449
420 573
420 682
420 784
420 881
421 659
421 939
421 993
422 778
422 948
424 470
424 482
424 548
424 639
424 748
424 757
424 995
425 480
425 547
425 667
425 751
425 866
425 927
425 958
426 672
426 704
426 913
427 449
427 633
427 659
427 666
427 700
427 743
427 820
427 848
427 876
427 883
427 983
427 993
428 435
428 581
428 743
428 815
428 848
429 514
429 547
429 582
429 667
429 843
429 958
430 735
431 684
431 848
431 933
431 993
432 500
432 614
432 656
432 958
433 515
433 653
433 839
433 982
434 958
435 452
435 482
435 684
435 690
435 718
435 740
435 743
435 764
435 774
435 815
435 829
435 848
435 865
435 933
435 993
436 657
436 779
437 718
437 743
437 815
437 848
439 482
439 586
439 704
439 913
440 520
440 588
440 775
441 774
441 804
442 542
442 774
443 449
443 682
443 774
443 784
444 662
445 546
445 587
445 642
445 774
445 961
446 486
446 549
447 606
447 774
448 679
448 746
448 802
449 469
449 482
449 541
449 546
449 564
449 573
449 599
449 606
449 642
449 666
449 675
449 682
449 696
449 700
449 708
449 764
449 774
449 778
449 784
449 815
449 820
449 841
449 848
449 877
449 880
449 881
449 924
449 939
449 958
449 985
449 991
450 482
450 536
450 567
450 637
450 644
450 646
450 657
450 662
450 714
450 717
450 792
450 888
450 904
450 960
451 667
452 482
452 527
452 690
452 718
452 740
452 743
452 764
452 815
452 829
452 848
452 865
452 883
452 939
453 475
453 580
453 588
453 625
454 977
455 473
455 482
455 732
456 521
456 522
456 667
456 722
456 773
457 482
457 741
457 794
458 680
458 989
460 482
460 673
460 674
461 474
461 482
461 516
461 588
461 605
461 647
461 657
461 795
461 858
461 862
461 958
461 976
462 725
462 754
462 778
462 945
462 946
463 482
463 756
463 901
464 605
465 482
465 601
465 714
465 732
465 733
465 903
465 987
466 836
466 923
467 599
467 743
467 774
467 778
467 848
467 891
468 704
469 495
469 587
469 642
469 660
469 668
469 728
469 734
469 774
470 482
470 548
470 570
470 643
470 765
471 743
471 829
472 482
472 618
473 987
474 858
474 862
474 976
475 520
475 625
476 482
476 595
476 670
476 754
476 945
476 989
477 649
477 667
477 994
478 722
478 778
479 714
479 868
479 919
481 500
481 663
481 698
481 714
481 770
481 776
481 958
482 483
482 486
482 492
482 507
482 509
482 512
482 519
482 520
482 521
482 523
482 545
482 548
482 557
482 560
482 562
482 563
482 565
482 573
482 576
482 585
482 586
482 587
482 588
482 598
482 599
482 601
482 602
482 605
482 606
482 607
482 610
482 618
482 621
482 626
482 638
482 639
482 642
482 646
482 657
482 663
482 667
482 672
482 673
482 674
482 686
482 689
482 694
482 699
482 704
482 714
482 722
482 723
482 724
482 727
482 732
482 733
482 735
482 736
482 742
482 743
482 744
482 746
482 754
482 758
482 767
482 774
482 778
482 783
482 788
482 813
482 815
482 816
482 819
482 820
482 824
482 848
482 850
482 855
482 871
482 875
482 882
482 891
482 897
482 901
482 903
482 913
482 920
482 921
482 926
482 929
482 932
482 943
482 945
482 946
482 949
482 954
482 958
482 963
482 968
482 971
482 972
482 987
482 989
482 990
482 993
482 997
483 709
483 798
484 520
484 580
484 588
484 625
484 863
484 981
485 651
485 852
486 509
486 562
486 598
486 699
486 735
486 778
486 901
486 971
487 499
487 822
488 520
488 626
488 714
488 715
488 958
489 531
490 538
490 605
490 667
490 814
490 853
490 861
490 974
491 565
491 898
492 562
492 882
492 971
493 861
494 688
495 546
495 596
495 728
495 734
496 666
496 700
496 993
497 667
497 887
497 980
498 543
498 662
498 749
498 888
498 959
500 577
500 652
500 663
500 714
500 776
500 907
500 958
501 553
501 670
501 872
501 989
502 936
502 964
503 606
503 774
504 774
505 746
506 605
506 647
506 669
506 958
508 593
508 798
508 803
508 918
508 958
509 598
509 699
509 735
509 778
509 916
509 971
510 756
510 901
511 531
512 617
512 816
513 591
513 657
513 750
513 917
515 583
515 653
515 839
516 858
518 774
518 804
519 752
519 778
520 532
520 559
520 571
520 580
520 588
520 603
520 605
520 621
520 625
520 626
520 657
520 714
520 715
520 726
520 775
520 780
520 837
520 863
520 958
520 981
521 522
521 675
521 722
521 773
522 599
522 722
522 773
523 725
523 756
523 778
523 864
523 932
523 945
523 946
523 954
523 989
524 892
525 605
526 681
527 778
527 964
528 774
529 588
529 605
529 639
529 657
529 762
529 763
529 771
529 795
529 825
529 847
529 958
529 968
530 588
530 726
530 863
532 588
532 775
532 863
533 774
534 675
534 778
535 663
536 644
536 657
536 662
536 717
537 811
538 628
538 667
538 846
539 667
540 733
541 708
541 877
542 587
542 701
542 774
543 605
543 646
543 657
543 662
543 691
543 749
543 885
543 959
544 605
544 763
545 674
545 699
545 756
545 882
546 587
546 701
546 961
547 667
547 751
547 914
548 570
548 586
548 643
548 704
548 714
548 748
548 757
548 798
549 598
549 735
549 916
550 738
550 746
550 817
552 572
552 958
553 778
553 872
555 714
555 958
556 774
557 699
557 882
557 997
558 995
559 588
559 780
560 588
560 605
560 663
560 693
560 695
560 714
560 790
560 868
560 941
560 958
561 739
561 794
562 598
562 699
562 735
562 736
562 754
562 756
562 774
562 910
562 945
562 971
562 990
563 607
563 699
563 871
563 882
564 671
565 835
566 774
566 793
566 891
567 662
568 597
568 685
568 785
568 966
569 573
571 925
571 958
573 671
573 682
573 774
573 820
573 848
573 897
573 924
573 950
573 985
574 705
574 795
576 754
576 774
576 945
576 989
577 698
577 958
578 604
578 605
578 646
578 657
578 669
578 717
578 792
578 856
578 904
578 980
579 631
580 588
580 605
580 625
580 726
580 863
580 958
580 981
581 743
581 764
581 848
583 653
583 839
584 774
584 855
584 891
585 694
585 714
585 819
586 672
586 704
586 884
586 913
586 921
586 958
587 606
587 642
587 668
587 701
587 702
587 774
587 778
587 991
588 600
588 603
588 605
588 625
588 626
588 629
588 662
588 699
588 706
588 714
588 715
588 726
588 763
588 775
588 778
588 780
588 837
588 863
588 918
588 958
588 981
588 992
589 625
589 626
589 958
590 608
590 639
591 602
591 644
591 657
591 750
591 792
591 856
591 904
591 917
592 826
593 714
593 958
594 958
595 774
595 945
596 774
596 961
597 785
597 966
598 699
598 735
598 736
598 756
598 848
598 916
598 958
599 630
599 638
599 648
599 716
599 722
599 752
599 754
599 756
599 768
599 774
599 778
599 824
599 834
600 605
600 625
600 626
600 657
600 714
600 790
600 830
600 958
600 969
601 733
601 908
601 943
602 605
602 657
602 958
603 625
603 714
603 837
603 958
604 657
604 792
605 624
605 625
605 644
605 657
605 662
605 704
605 705
605 711
605 714
605 717
605 733
605 760
605 762
605 763
605 771
605 774
605 775
605 778
605 782
605 795
605 825
605 844
605 847
605 863
605 867
605 890
605 893
605 895
605 931
605 958
605 968
605 970
605 976
606 642
606 667
606 774
606 778
606 791
606 886
606 891
606 906
607 699
607 871
609 778
612 639
613 951
614 698
614 958
615 670
615 754
615 778
615 813
615 872
615 979
615 989
617 816
619 778
621 622
621 663
621 714
621 958
622 714
622 958
625 626
625 662
625 663
625 698
625 704
625 706
625 714
625 775
625 823
625 837
625 863
625 928
625 958
625 969
625 981
626 714
626 715
626 790
626 863
626 958
626 969
626 992
627 778
627 788
627 989
629 715
629 958
630 638
630 648
630 716
630 834
632 697
633 743
633 778
633 820
633 848
633 876
633 897
633 983
633 993
634 714
634 783
636 822
637 646
637 662
637 717
637 888
638 707
638 716
638 768
638 774
638 778
638 824
638 958
639 672
639 704
639 714
639 733
639 851
639 958
640 774
641 774
641 793
641 891
642 660
642 682
642 696
642 734
642 774
642 784
642 810
644 657
644 662
644 955
645 978
646 657
646 662
646 667
646 717
646 792
646 856
646 904
646 958
647 662
647 691
647 737
647 771
647 942
647 958
647 960
649 667
651 781
651 852
651 999
652 958
653 839
653 854
656 714
656 958
657 662
657 667
657 714
657 717
657 750
657 779
657 792
657 856
657 858
657 888
657 895
657 904
657 917
657 962
658 720
658 964
659 743
659 848
659 993
660 668
660 774
662 691
662 749
662 771
662 856
662 883
662 888
662 958
662 959
663 714
663 770
663 796
663 958
663 996
664 855
664 891
665 749
665 771
665 885
665 960
666 820
666 848
666 939
666 983
666 993
667 676
667 704
667 714
667 746
667 774
667 792
667 801
667 832
667 848
667 900
667 909
667 914
667 944
667 958
667 965
667 973
667 994
668 696
668 774
668 991
670 680
670 778
670 813
670 947
670 958
670 979
670 989
671 841
672 704
672 729
672 913
672 921
672 958
673 674
675 722
675 774
675 778
675 891
677 789
677 811
677 911
677 964
679 746
679 938
680 778
680 989
682 696
682 774
682 784
682 877
682 881
684 829
684 848
684 933
684 939
685 966
687 704
687 831
687 963
688 733
689 816
690 701
690 718
690 743
690 815
690 829
690 848
690 883
691 749
693 714
693 958
694 949
695 729
696 810
696 820
697 746
698 958
699 714
699 733
699 736
699 744
699 756
699 850
699 882
699 916
699 946
699 971
699 997
700 820
700 859
700 896
700 983
700 993
701 774
701 906
701 991
702 774
702 880
703 925
704 714
704 721
704 731
704 733
704 754
704 765
704 774
704 778
704 816
704 831
704 851
704 870
704 879
704 913
704 921
704 958
704 963
704 987
705 790
705 795
706 712
706 715
706 958
710 733
710 742
710 987
711 809
711 958
712 958
714 729
714 733
714 746
714 759
714 778
714 783
714 796
714 798
714 803
714 837
714 838
714 845
714 848
714 867
714 868
714 882
714 891
714 893
714 913
714 918
714 919
714 929
714 941
714 958
714 996
715 958
716 754
716 768
718 743
718 774
718 815
718 829
718 848
718 883
719 824
720 964
721 851
722 773
722 774
722 891
724 727
724 730
724 774
724 903
724 972
724 987
725 754
725 932
725 946
726 837
728 734
728 774
729 918
729 958
731 873
732 987
733 742
733 767
733 774
733 827
733 908
733 943
733 946
733 958
735 756
735 778
736 910
736 971
740 743
740 815
740 829
740 848
743 754
743 764
743 774
743 784
743 789
743 815
743 829
743 848
743 883
743 933
743 939
743 946
743 993
744 882
744 997
745 957
745 964
746 774
746 817
746 938
746 956
748 757
749 885
749 888
749 959
752 774
752 778
753 778
754 778
754 882
754 932
754 945
754 946
754 954
754 979
754 989
755 826
755 878
756 882
756 901
758 995
759 929
759 958
761 774
762 763
762 795
762 895
763 795
763 825
763 895
763 958
764 815
764 848
764 933
764 939
764 958
766 900
766 962
767 943
769 982
770 776
770 838
770 958
770 967
771 958
772 973
774 778
774 786
774 789
774 791
774 793
774 804
774 848
774 855
774 891
774 899
774 906
774 924
774 933
774 945
774 946
774 950
774 961
774 971
774 984
774 985
774 991
774 993
775 837
775 863
776 838
776 958
777 848
778 788
778 813
778 820
778 848
778 882
778 932
778 945
778 946
778 948
778 954
778 958
778 979
778 984
778 989
778 997
780 837
780 958
781 852
782 847
784 877
784 881
785 966
788 946
788 948
789 911
790 823
790 830
790 958
790 969
790 992
792 904
793 891
795 825
796 845
798 918
803 918
805 975
809 895
811 911
812 841
812 842
812 897
812 993
813 946
813 979
814 974
815 820
815 829
815 848
815 865
815 881
815 883
815 934
815 939
815 946
815 991
815 993
816 926
817 857
817 956
818 925
819 875
820 848
820 859
820 896
820 897
820 933
820 939
820 983
820 993
822 975
823 830
823 958
823 992
825 958
826 836
826 923
827 958
828 885
828 955
829 848
829 934
829 993
830 863
830 958
835 898
835 901
836 923
837 863
837 958
837 992
838 958
839 854
839 982
841 842
841 848
841 897
843 866
843 927
845 958
847 958
848 855
848 882
848 883
848 891
848 896
848 897
848 906
848 933
848 934
848 939
848 945
848 950
848 958
848 983
848 993
850 882
850 990
852 958
855 891
858 862
858 976
859 896
862 976
863 958
863 981
864 946
865 934
867 890
867 895
867 931
867 958
868 919
868 958
869 892
869 958
872 989
876 897
877 950
878 923
880 991
882 901
882 932
882 945
882 971
882 990
882 997
884 913
885 960
886 891
888 959
889 921
890 895
890 958
891 906
891 930
893 929
893 958
894 958
895 958
896 983
897 983
901 989
902 988
903 972
903 987
907 958
908 987
910 971
913 921
918 958
919 958
920 949
924 985
928 958
929 958
929 996
932 946
932 954
933 939
933 993
936 964
936 998
939 993
942 960
945 946
945 989
947 979
958 967
958 969
958 981
958 987
958 992
958 993
964 998
971 997
972 987
983 993
985 991
990 997
