0 57
0 113
0 267
0 306
0 323
0 423
1 24
1 120
1 132
1 167
1 188
1 293
1 318
1 325
1 368
1 383
1 402
1 461
1 479
2 30
2 54
2 195
2 265
2 379
2 449
3 28
3 75
3 80
3 161
3 179
3 305
3 315
3 317
3 342
3 372
3 496
4 68
4 81
4 112
4 169
4 480
5 108
5 133
5 367
5 368
5 446
6 152
6 186
6 213
6 266
6 270
6 389
6 412
6 442
7 149
7 164
7 264
7 296
7 307
7 433
7 499
8 16
8 27
8 34
8 92
8 115
8 129
8 146
8 168
8 178
8 229
8 234
8 243
8 298
8 369
8 392
8 395
8 428
8 443
8 450
9 17
9 204
9 218
9 236
9 358
9 382
9 395
9 431
9 463
10 13
10 94
10 330
10 339
10 467
10 478
10 490
11 16
11 43
11 84
11 87
11 159
11 190
11 232
11 269
11 283
11 286
11 316
11 320
11 366
11 425
11 442
11 448
11 469
11 482
11 488
12 44
12 135
12 187
12 193
12 221
12 224
12 289
12 333
12 454
13 16
13 51
13 70
13 94
13 158
13 164
13 194
13 253
13 264
13 318
13 330
13 336
13 339
13 373
13 424
13 434
13 467
13 478
13 484
13 490
13 495
13 499
14 172
14 247
14 263
14 301
15 53
15 103
15 114
15 217
15 220
15 475
16 17
16 20
16 23
16 27
16 34
16 38
16 46
16 48
16 78
16 82
16 91
16 92
16 93
16 97
16 101
16 118
16 125
16 126
16 143
16 146
16 150
16 151
16 157
16 160
16 164
16 165
16 168
16 178
16 184
16 190
16 202
16 204
16 225
16 234
16 254
16 271
16 272
16 273
16 286
16 291
16 310
16 335
16 343
16 364
16 369
16 377
16 393
16 395
16 398
16 399
16 412
16 430
16 431
16 436
16 445
16 447
16 464
16 465
16 477
16 485
16 494
16 495
16 498
17 34
17 53
17 61
17 84
17 124
17 127
17 156
17 168
17 218
17 236
17 297
17 356
17 358
17 395
17 410
17 431
17 442
17 463
17 485
18 30
18 54
18 80
18 265
18 317
18 379
19 114
19 181
19 232
19 262
19 277
19 412
19 435
19 438
20 125
20 126
20 202
20 254
20 273
20 291
20 369
20 443
20 447
20 498
21 218
21 260
21 300
21 358
21 360
21 493
22 99
22 191
22 324
22 404
22 479
23 34
23 49
23 53
23 62
23 82
23 83
23 92
23 97
23 103
23 125
23 142
23 146
23 168
23 174
23 184
23 197
23 204
23 216
23 222
23 229
23 234
23 239
23 243
23 259
23 269
23 271
23 303
23 369
23 377
23 386
23 394
23 395
23 422
23 428
23 443
23 450
24 74
24 132
24 188
24 364
24 479
25 55
25 111
25 144
25 220
25 287
25 346
25 475
25 481
26 164
26 166
26 261
26 272
26 307
26 349
26 411
26 417
26 476
26 499
27 34
27 92
27 115
27 146
27 168
27 178
27 216
27 243
27 298
27 413
27 450
27 453
27 458
27 468
28 80
28 179
28 247
28 302
28 305
28 315
28 342
28 345
28 372
28 496
29 164
29 248
29 272
29 388
29 418
30 54
30 102
30 247
30 262
30 265
30 317
30 379
30 496
31 66
31 90
31 96
31 151
31 157
31 308
31 334
31 378
31 464
32 89
32 120
32 132
32 200
32 288
32 364
32 451
33 52
33 68
33 81
33 110
33 112
33 169
33 215
33 231
33 286
33 353
33 355
33 356
33 365
33 411
33 442
34 49
34 53
34 78
34 83
34 84
34 92
34 97
34 112
34 114
34 115
34 116
34 142
34 146
34 155
34 160
34 164
34 165
34 168
34 171
34 178
34 196
34 197
34 199
34 204
34 209
34 210
34 215
34 216
34 225
34 229
34 234
34 239
34 243
34 259
34 260
34 269
34 271
34 272
34 291
34 297
34 298
34 300
34 303
34 307
34 311
34 313
34 327
34 329
34 337
34 352
34 365
34 369
34 370
34 386
34 392
34 394
34 395
34 397
34 399
34 409
34 413
34 423
34 428
34 436
34 442
34 443
34 445
34 450
34 453
34 463
34 468
34 477
34 485
35 85
35 138
35 141
35 318
35 402
35 461
35 479
36 148
36 154
36 155
36 192
36 257
36 275
36 332
36 338
36 398
36 441
36 495
37 42
37 75
37 161
37 212
37 241
38 48
38 91
38 125
38 207
38 225
39 149
39 164
39 256
39 272
39 296
39 456
40 203
40 235
40 276
40 442
41 44
41 86
41 172
41 187
41 301
41 344
41 374
41 452
42 76
42 212
42 396
43 159
43 286
43 366
43 381
43 385
43 419
43 442
43 460
44 108
44 120
44 135
44 168
44 172
44 187
44 193
44 221
44 247
44 250
44 289
44 326
44 333
44 364
44 412
44 426
44 442
44 451
44 452
45 87
45 290
45 419
46 126
46 225
46 291
46 498
47 71
47 130
47 180
47 251
47 285
47 375
47 404
47 461
47 470
48 91
48 118
48 291
48 338
48 436
48 447
48 494
49 115
49 210
49 313
49 370
49 453
50 72
50 120
50 133
50 188
50 214
50 252
50 288
50 295
50 368
50 401
50 444
50 446
51 67
51 70
51 107
51 128
51 164
51 321
51 330
51 336
51 390
51 427
51 429
52 59
52 68
52 112
52 175
52 208
52 269
52 304
52 353
52 356
52 371
52 411
53 61
53 83
53 115
53 142
53 160
53 168
53 171
53 182
53 204
53 209
53 243
53 311
53 313
53 329
53 351
53 360
53 369
53 392
53 395
53 410
53 413
53 453
53 468
54 247
54 265
54 317
54 345
54 379
55 103
55 114
55 217
55 220
56 145
56 233
56 272
57 98
57 251
57 318
57 375
57 404
57 466
57 479
58 282
58 361
59 112
59 208
59 269
59 304
59 353
59 411
59 442
60 167
60 280
60 318
60 350
60 364
60 461
60 479
61 87
61 156
61 168
61 209
61 297
61 351
61 392
61 395
62 204
62 234
62 369
62 386
62 394
62 443
63 121
63 132
63 141
63 293
63 318
63 402
63 461
63 466
63 479
64 258
64 267
64 323
64 418
65 203
65 242
65 246
65 340
65 362
65 407
65 414
66 151
66 322
66 378
66 420
66 445
66 464
67 70
67 330
67 424
67 434
67 484
68 81
68 110
68 162
68 169
68 215
68 260
68 269
68 292
68 355
68 365
68 411
68 480
69 185
69 190
69 196
69 316
69 328
69 469
70 128
70 244
70 330
70 336
70 390
70 424
70 429
70 434
70 484
71 138
71 251
71 350
71 466
72 120
72 188
72 281
72 288
72 295
72 318
72 364
72 368
72 432
72 444
72 451
72 462
73 95
73 120
73 132
73 319
73 325
73 364
73 449
74 104
74 132
74 293
74 364
74 479
75 102
75 153
75 161
75 212
75 247
75 302
75 496
75 497
76 232
76 268
76 491
76 497
77 183
77 361
77 423
78 155
78 230
78 278
78 279
78 341
78 343
79 149
79 164
79 256
79 264
79 307
79 349
79 456
80 179
80 245
80 305
80 315
80 317
80 379
80 496
81 112
81 215
81 231
81 269
81 365
81 480
82 97
82 150
82 168
82 184
82 369
82 377
83 142
83 156
83 160
83 168
83 209
83 297
83 311
83 351
83 358
83 395
83 410
83 413
83 458
84 88
84 106
84 112
84 162
84 165
84 175
84 215
84 260
84 355
84 356
84 365
84 382
84 442
85 120
85 132
85 141
85 183
85 318
85 364
85 461
85 479
86 301
86 344
86 374
87 249
87 284
87 290
87 381
87 389
87 412
87 419
87 442
88 106
88 112
88 162
88 165
88 175
88 215
88 218
88 269
88 348
88 355
88 356
88 382
88 405
89 120
89 188
89 200
89 288
89 364
89 451
89 462
90 96
90 157
90 398
90 408
90 464
91 118
91 126
91 225
91 436
91 447
91 494
92 129
92 146
92 168
92 177
92 178
92 216
92 243
92 271
92 291
92 298
92 303
92 311
92 397
92 399
92 428
92 450
92 453
93 143
93 257
93 335
93 343
93 430
93 436
93 465
93 486
94 373
94 434
94 467
94 478
94 490
95 104
95 120
95 132
95 319
95 325
95 364
95 451
96 100
96 132
96 140
96 143
96 201
96 276
96 378
96 407
96 408
96 445
96 455
96 464
97 199
97 204
97 222
97 239
97 271
97 337
97 369
97 386
97 422
97 443
98 130
98 251
98 375
99 191
99 309
99 324
100 105
100 201
100 299
100 362
100 391
100 407
100 464
101 150
101 174
101 202
101 234
101 254
101 273
101 291
101 369
101 377
102 161
102 302
102 496
103 217
103 220
103 354
103 435
103 475
103 481
104 120
104 132
104 319
104 325
105 203
105 246
105 362
105 406
106 112
106 162
106 165
106 215
106 269
106 348
106 355
106 356
106 382
107 128
107 336
107 424
107 427
108 117
108 312
108 314
108 368
108 426
108 444
108 479
108 496
109 145
109 176
109 380
110 112
110 365
110 382
111 144
111 217
111 227
111 475
112 175
112 215
112 218
112 231
112 236
112 243
112 269
112 304
112 348
112 353
112 355
112 356
112 365
112 371
112 382
112 392
112 395
112 405
112 411
112 413
112 431
112 442
113 123
113 226
113 255
113 258
113 267
113 272
113 306
113 423
113 439
114 205
114 220
114 232
114 277
114 412
114 472
114 474
115 142
115 146
115 168
115 177
115 178
115 210
115 215
115 234
115 236
115 243
115 271
115 313
115 329
115 352
115 370
115 395
115 442
115 453
115 468
116 197
116 204
116 222
116 234
116 259
116 271
116 369
116 394
116 422
116 443
118 343
118 447
118 465
119 145
119 164
119 176
119 211
119 237
119 248
119 272
119 380
119 423
120 132
120 188
120 200
120 251
120 281
120 288
120 295
120 318
120 319
120 325
120 364
120 380
120 402
120 444
120 449
120 451
121 132
121 402
121 479
122 136
122 270
122 412
122 419
122 471
123 226
123 255
123 258
123 267
123 306
123 323
123 423
123 439
124 127
124 218
124 236
124 238
124 300
124 327
124 360
125 202
125 273
125 291
125 498
126 184
126 254
126 291
126 436
126 494
127 218
127 236
127 260
127 327
127 365
127 395
127 442
128 437
128 487
129 146
129 243
129 303
129 369
129 397
129 399
129 428
129 450
130 318
130 375
130 404
130 479
131 211
131 248
131 255
131 388
132 188
132 214
132 288
132 293
132 318
132 319
132 325
132 350
132 364
132 383
132 402
132 412
132 449
132 461
132 479
133 188
133 252
133 363
133 364
133 368
133 444
133 446
133 492
134 170
134 183
134 211
134 272
134 380
134 388
135 187
135 193
135 250
135 289
135 326
135 333
136 411
136 412
136 442
136 471
137 158
137 194
137 228
137 253
137 339
137 456
138 141
138 167
138 280
138 479
139 198
139 235
139 455
140 359
140 407
140 408
140 464
141 293
141 318
141 461
141 479
142 168
142 171
142 177
142 329
142 453
143 230
143 343
143 430
143 436
143 465
144 354
144 440
144 475
145 176
145 233
145 237
145 248
145 272
145 417
145 418
146 160
146 178
146 199
146 204
146 231
146 234
146 243
146 298
146 303
146 369
146 397
146 399
146 428
146 453
146 498
147 181
147 232
147 262
147 412
148 257
148 275
148 332
148 338
148 398
148 409
148 430
148 441
148 447
148 464
148 495
149 164
149 256
149 264
149 307
149 349
149 499
150 174
150 178
150 273
150 377
151 157
151 240
151 308
151 322
151 334
151 407
151 408
151 420
151 445
151 464
152 186
152 232
152 270
152 389
152 412
152 471
153 161
153 268
153 302
153 371
153 479
153 491
153 496
153 497
154 436
154 453
155 192
155 275
155 332
155 398
155 441
156 160
156 297
156 351
156 395
156 410
156 413
156 458
157 308
157 322
157 334
157 378
157 408
157 412
157 420
157 445
157 464
158 194
158 272
158 307
158 331
158 467
158 478
159 286
159 316
159 381
159 385
159 425
159 442
159 448
160 168
160 182
160 236
160 311
160 313
160 351
160 395
160 410
160 413
160 442
160 450
160 453
160 458
161 302
161 496
162 165
162 175
162 215
162 219
162 238
162 260
162 348
162 356
162 382
162 405
162 421
162 442
163 173
163 241
163 294
163 346
163 442
164 166
164 188
164 233
164 247
164 248
164 261
164 264
164 267
164 272
164 299
164 307
164 330
164 349
164 380
164 388
164 423
164 433
164 456
164 464
164 476
164 484
164 489
164 499
165 175
165 215
165 219
165 231
165 260
165 269
165 348
165 355
165 356
165 382
165 395
165 480
166 258
166 272
166 417
166 489
166 499
167 251
167 318
167 350
167 479
168 171
168 177
168 182
168 210
168 236
168 243
168 311
168 313
168 329
168 395
168 410
168 413
168 450
168 453
169 231
169 269
169 365
169 480
170 248
170 388
170 418
171 177
171 442
172 247
172 263
172 301
172 452
173 247
173 294
173 346
174 204
174 254
174 377
175 215
175 292
175 355
175 356
175 382
175 453
176 211
176 233
176 237
176 272
176 318
177 329
177 395
177 413
178 229
178 243
178 298
178 397
178 428
178 450
179 245
179 247
179 305
179 342
180 191
180 285
180 375
180 404
180 470
180 479
181 232
181 412
182 209
182 311
182 329
182 351
182 369
182 392
182 395
182 453
182 458
183 282
183 324
183 423
183 470
184 216
184 259
184 369
184 377
184 393
184 477
185 316
185 442
186 213
186 232
186 270
186 342
186 389
186 412
186 442
187 193
187 221
187 250
187 289
188 281
188 288
188 295
188 318
188 363
188 364
188 368
188 432
188 451
188 462
189 208
189 304
189 457
190 196
190 328
190 371
190 442
191 251
191 282
191 309
191 324
192 257
192 275
192 332
192 398
193 221
193 289
193 426
194 228
194 253
194 264
194 272
194 403
194 456
194 499
195 247
195 305
196 292
196 316
196 320
196 353
196 411
196 442
197 204
197 222
197 234
197 394
197 399
197 422
198 235
198 299
198 455
198 483
199 204
199 271
199 337
199 369
199 443
200 281
200 288
200 295
200 325
200 364
200 368
200 451
201 246
201 406
201 407
202 291
202 494
202 498
203 223
203 242
203 246
203 299
203 340
203 347
203 362
203 414
204 216
204 222
204 229
204 234
204 259
204 271
204 369
204 386
204 394
204 397
204 422
205 262
205 412
205 435
205 472
205 474
205 475
206 219
206 238
206 356
206 382
206 405
207 436
207 447
208 269
208 304
208 355
208 371
208 411
208 480
209 260
209 297
209 311
209 392
209 395
209 413
209 458
210 351
210 370
210 453
210 468
211 255
211 282
211 388
211 416
211 418
211 423
212 241
212 268
212 287
212 302
212 396
212 440
212 491
212 497
213 270
213 389
214 295
214 368
214 444
214 492
215 219
215 269
215 355
215 356
215 371
215 382
215 395
215 411
216 234
216 303
216 369
216 399
216 428
217 220
217 232
217 442
217 472
217 475
218 236
218 260
218 327
218 352
218 360
218 376
218 392
219 238
219 260
219 382
219 421
220 232
220 262
221 289
221 333
222 234
222 271
222 303
222 394
224 400
224 426
224 454
225 291
225 310
225 494
225 498
226 423
226 439
226 479
227 232
227 440
228 253
228 272
228 296
228 331
228 349
229 386
230 278
230 279
230 338
230 341
230 398
230 409
230 441
230 464
230 494
230 495
231 269
231 353
231 411
231 442
232 262
232 270
232 277
232 389
232 412
232 435
232 438
232 442
232 474
232 475
232 499
233 256
233 272
233 349
233 489
234 243
234 259
234 271
234 352
234 369
234 386
234 394
234 428
234 442
234 443
235 253
235 299
235 347
235 455
235 483
236 260
236 297
236 300
236 327
236 355
236 358
236 360
236 376
236 395
236 431
236 493
237 272
237 388
237 417
238 260
238 382
238 405
238 421
238 493
239 271
239 337
239 369
239 443
240 257
240 357
240 378
240 420
240 445
240 473
241 459
241 497
242 347
242 414
243 298
243 352
243 394
243 395
243 445
243 453
244 330
244 390
244 427
244 429
245 317
245 345
245 379
246 276
246 347
246 362
246 408
246 414
247 265
247 288
247 289
247 317
247 333
247 342
247 345
247 444
247 472
247 479
247 496
248 255
248 272
248 280
248 380
248 388
248 416
248 418
248 456
249 266
249 284
249 415
249 419
249 460
250 326
250 400
251 350
251 466
252 368
252 492
253 272
253 331
253 339
253 499
254 273
254 377
254 498
255 267
255 272
255 282
255 306
255 380
255 416
256 264
256 307
256 403
256 456
256 499
257 275
257 279
257 332
257 398
257 441
257 464
257 465
257 494
257 495
258 267
258 272
258 306
258 423
259 271
259 337
259 369
259 386
259 422
260 286
260 327
260 348
260 356
260 360
260 382
260 395
260 421
261 264
261 307
261 433
261 499
262 277
262 412
262 435
262 438
262 472
262 474
263 452
264 272
264 307
264 323
264 349
264 388
264 433
264 499
265 317
265 345
265 379
266 284
266 442
267 323
267 423
267 439
268 302
268 491
268 496
269 304
269 353
269 365
269 371
269 411
269 442
269 457
269 480
270 389
270 412
271 337
271 377
271 443
272 282
272 288
272 307
272 330
272 339
272 362
272 364
272 380
272 388
272 416
272 417
272 418
272 423
272 433
272 442
272 456
272 467
272 479
272 489
272 499
273 291
273 377
273 498
274 299
274 443
275 332
275 341
275 398
275 409
275 495
276 362
276 414
276 455
277 412
277 435
277 442
277 472
277 474
277 475
278 308
278 332
278 341
278 409
278 445
279 338
279 341
279 445
279 495
280 350
280 423
280 466
281 288
281 325
281 364
281 449
281 451
282 361
283 316
283 320
283 366
283 425
283 442
284 412
284 469
285 309
285 375
285 404
285 470
286 316
286 385
286 442
286 448
286 460
287 412
287 459
287 491
288 295
288 364
288 368
288 401
288 432
288 444
288 449
288 451
288 462
288 492
289 326
289 400
290 415
290 419
290 442
290 460
291 414
291 494
291 498
292 304
292 353
292 371
292 382
292 411
293 318
294 387
294 440
294 442
295 364
295 432
295 444
295 461
295 462
296 307
296 403
297 351
297 358
297 392
297 395
297 413
297 468
297 485
298 399
299 483
300 327
300 360
300 493
301 374
301 452
302 364
302 491
303 399
303 428
304 353
304 371
304 411
305 315
305 342
305 372
306 323
306 380
307 349
307 364
307 403
307 433
307 456
307 499
308 322
308 334
308 357
308 420
308 464
309 324
310 494
311 392
311 395
311 413
311 458
312 314
312 426
313 329
313 351
313 352
313 370
313 395
313 453
314 426
315 342
315 372
316 320
316 385
316 425
316 442
316 469
317 345
317 379
318 350
318 364
318 402
318 461
318 479
319 364
319 479
320 366
320 442
320 469
321 390
321 427
322 334
322 445
322 464
323 388
323 423
325 364
325 449
326 426
327 360
327 493
328 353
328 394
328 411
329 453
330 331
330 424
330 434
330 467
330 484
332 398
332 408
332 441
332 445
332 495
333 344
333 444
334 408
334 464
334 473
335 343
335 436
335 465
335 486
336 427
336 429
337 443
338 409
338 495
339 467
339 478
341 445
341 464
342 372
343 430
343 436
343 465
343 486
344 374
345 379
347 414
348 355
348 356
348 382
348 469
349 456
349 499
350 375
350 466
351 395
351 410
351 413
351 453
351 458
352 370
352 468
353 355
353 371
353 411
353 442
353 457
354 440
355 356
355 382
355 395
355 405
355 411
356 382
356 395
356 405
356 421
356 442
357 378
357 391
357 409
357 420
357 445
357 464
357 473
358 395
358 431
359 407
359 408
360 493
361 423
362 407
362 414
363 364
363 368
363 401
363 444
363 446
363 479
364 368
364 401
364 402
364 412
364 432
364 444
364 449
364 451
364 462
364 479
364 492
365 442
366 442
366 448
366 469
366 482
368 401
368 442
368 444
368 446
368 481
368 492
369 386
369 394
369 422
369 442
369 443
369 477
369 498
370 453
370 468
371 411
371 442
371 457
372 496
373 434
373 478
373 490
375 404
375 461
375 470
375 479
376 382
376 431
378 407
378 445
378 464
378 473
380 388
380 402
380 416
381 412
381 415
381 442
381 460
382 405
382 469
383 402
383 451
383 479
384 429
384 437
385 442
386 394
386 397
386 428
387 442
388 416
388 418
388 476
389 412
389 442
390 427
391 407
391 408
392 395
392 413
392 458
392 463
393 443
394 422
394 428
394 443
395 410
395 412
395 413
395 442
395 458
395 463
395 485
396 459
397 428
398 441
399 428
400 426
400 454
401 444
401 446
401 462
402 461
402 479
404 470
405 421
406 407
407 408
407 445
407 473
408 464
409 445
410 413
410 453
412 419
412 435
412 438
412 442
412 472
412 475
413 458
413 468
415 442
415 460
416 418
416 423
417 499
418 476
419 442
420 445
420 464
420 473
423 439
423 470
424 434
425 442
426 454
427 484
430 445
430 465
431 463
432 444
432 451
432 462
434 484
434 490
435 438
435 459
435 472
436 447
436 494
437 487
438 475
441 495
442 448
442 453
442 457
442 460
442 471
442 475
442 482
442 488
444 446
444 462
445 464
445 473
445 495
453 468
453 479
456 499
459 496
459 497
461 479
462 492
463 493
464 495
466 479
467 484
470 479
475 481
475 488
476 489
482 488
484 490
491 496
491 497
494 498
