0 137
0 193
0 275
0 332
0 349
0 526
0 792
0 835
0 891
0 928
1 87
1 178
1 264
1 453
1 456
1 632
1 637
1 920
1 963
2 117
2 138
2 151
2 359
2 527
2 566
2 650
2 718
2 805
2 888
2 891
3 243
3 354
3 728
4 153
4 457
4 513
4 548
5 21
5 29
5 71
5 101
5 139
5 159
5 179
5 200
5 239
5 257
5 348
5 475
5 752
5 789
5 800
5 939
6 738
6 913
7 117
7 368
7 566
7 587
8 87
8 264
8 334
8 355
8 632
8 637
9 82
9 92
9 159
9 161
9 213
9 214
9 323
9 343
9 360
9 423
9 432
9 441
9 476
9 478
9 616
9 621
9 694
9 753
9 778
9 831
9 839
9 976
10 664
10 710
11 38
11 97
11 296
11 648
11 866
11 956
12 122
12 159
12 541
12 794
12 867
12 907
13 32
13 58
13 77
13 81
13 348
13 388
13 471
13 558
13 583
13 881
13 898
13 904
14 94
14 175
14 238
14 262
14 419
14 461
14 537
14 655
14 669
14 744
15 171
15 250
15 263
15 291
15 348
15 594
15 633
15 639
15 696
15 713
15 737
15 903
15 927
16 694
16 761
16 789
16 839
17 26
17 47
17 85
17 114
17 289
17 409
17 452
17 499
17 527
17 551
17 566
17 719
17 744
17 779
17 785
17 876
17 880
17 902
17 924
17 931
17 965
18 67
18 102
18 107
18 361
18 365
18 455
18 554
18 613
18 807
18 993
19 58
19 348
19 388
19 563
19 571
19 583
20 171
20 317
20 318
20 633
20 737
20 834
20 971
21 101
21 159
21 239
21 257
21 423
21 546
21 800
22 39
22 63
22 548
22 730
22 930
23 138
23 350
23 370
24 38
24 348
24 505
24 516
24 538
24 596
24 600
24 789
24 839
24 852
24 866
24 871
24 893
24 934
24 956
24 968
25 348
25 906
26 37
26 49
26 51
26 95
26 117
26 142
26 159
26 165
26 243
26 251
26 258
26 284
26 373
26 390
26 503
26 527
26 566
26 775
26 785
26 789
26 803
26 805
26 880
26 891
26 921
26 929
26 931
27 286
27 442
27 497
27 559
27 947
28 269
28 351
28 534
28 637
28 723
28 837
28 920
28 977
29 86
29 159
29 200
29 257
29 348
29 475
29 694
29 800
30 33
30 42
30 75
30 135
30 159
30 208
30 226
30 245
30 281
30 339
30 375
30 423
30 441
30 547
30 554
30 569
30 592
30 634
30 667
30 694
30 725
30 769
30 784
30 789
30 806
30 959
31 154
31 264
31 334
31 355
31 515
31 632
31 637
31 744
32 58
32 77
32 388
32 558
32 583
32 881
33 187
33 199
33 215
33 309
33 423
33 438
33 505
33 509
33 538
33 554
33 581
33 592
33 632
33 657
33 707
33 789
33 814
33 840
33 853
33 943
34 94
34 138
34 431
34 632
34 744
34 799
34 936
35 71
35 508
35 989
36 134
36 147
36 227
36 254
36 348
36 525
36 593
36 670
36 719
36 990
37 95
37 98
37 132
37 142
37 236
37 354
37 390
37 527
37 566
37 624
37 736
37 741
37 775
37 785
37 803
37 805
37 880
37 891
37 929
38 97
38 296
38 297
38 455
38 600
38 656
38 968
39 63
39 164
39 213
39 239
39 535
39 730
39 789
39 930
39 970
40 199
40 267
40 455
40 505
40 672
40 733
40 801
40 984
41 224
41 504
41 518
41 789
41 883
42 172
42 208
42 316
42 389
42 460
42 552
42 569
42 634
42 667
42 725
42 789
42 982
42 988
43 383
43 505
43 630
43 656
43 703
43 789
44 88
44 155
44 174
44 216
44 407
44 663
44 698
44 938
44 999
45 192
45 313
45 443
45 744
45 996
46 437
46 539
46 545
46 631
46 632
46 697
46 744
47 499
47 503
47 891
48 58
48 77
48 471
48 558
48 583
48 881
49 132
49 145
49 195
49 223
49 284
49 527
49 566
49 736
49 805
49 880
50 212
50 243
50 248
50 279
50 354
50 430
50 512
50 564
50 695
50 724
50 764
50 804
50 891
51 142
51 527
51 566
51 805
51 902
52 291
52 651
52 681
52 834
52 994
53 170
53 370
53 566
53 891
54 62
54 184
54 496
54 522
54 541
54 834
55 94
55 632
55 637
55 744
55 815
55 936
56 163
56 437
56 677
56 891
57 520
57 545
57 631
57 697
57 830
57 864
58 77
58 188
58 299
58 348
58 354
58 388
58 399
58 414
58 471
58 558
58 571
58 583
58 625
58 637
58 676
58 680
58 700
58 755
58 881
58 898
58 957
59 60
59 89
59 159
59 179
59 263
59 752
59 797
59 845
59 926
60 89
60 103
60 159
60 166
60 179
60 204
60 263
60 348
60 566
60 602
60 643
60 827
60 834
60 841
60 845
60 926
61 348
61 501
61 748
62 159
62 171
62 364
62 496
62 501
62 522
62 907
63 159
63 164
63 213
63 423
63 730
63 834
63 930
63 933
64 160
64 351
64 573
64 723
64 837
64 977
65 277
65 341
65 520
65 631
65 697
66 786
67 102
67 107
67 146
67 226
67 361
67 365
67 538
67 554
67 591
67 657
67 678
67 789
67 801
67 853
67 943
69 127
69 196
69 369
69 566
69 891
69 911
70 183
70 267
70 440
70 441
70 556
70 771
71 139
71 159
71 239
71 423
71 693
71 989
72 207
72 297
72 538
73 116
73 150
73 176
73 192
73 437
73 545
73 682
73 873
74 203
74 348
74 386
74 473
74 599
75 226
75 281
75 337
75 441
75 552
75 592
75 634
75 667
75 725
75 789
75 959
76 192
76 238
76 453
76 632
76 637
76 726
76 919
77 348
77 388
77 471
77 558
77 583
77 881
78 197
78 292
78 348
78 557
78 582
78 793
78 816
78 986
79 99
79 305
79 647
79 677
79 738
79 996
80 256
80 398
80 449
80 502
80 623
80 634
80 690
80 694
80 789
80 839
81 156
81 330
81 354
81 414
81 483
81 614
81 700
81 757
81 957
82 432
82 616
82 621
82 778
82 789
82 831
83 238
83 412
83 451
83 632
83 637
83 702
83 783
84 194
84 307
84 632
84 637
85 136
85 409
85 551
85 566
85 880
85 891
85 924
86 159
86 263
86 521
86 642
86 797
86 811
87 154
87 194
87 221
87 264
87 274
87 321
87 355
87 400
87 450
87 488
87 632
87 637
87 837
87 860
87 891
87 919
87 920
87 964
88 201
88 216
88 218
88 235
88 320
88 348
88 388
88 500
88 504
88 506
88 523
88 713
88 732
88 737
88 981
88 999
89 159
89 166
89 179
89 797
89 827
90 198
90 238
90 328
90 451
90 487
90 632
90 637
90 702
90 744
90 763
90 783
90 821
90 856
91 202
91 454
91 536
91 632
91 874
92 161
92 423
92 448
92 478
92 616
92 679
92 789
92 833
92 976
93 374
93 632
93 992
94 117
94 133
94 138
94 202
94 238
94 262
94 310
94 332
94 370
94 419
94 431
94 461
94 474
94 507
94 514
94 537
94 566
94 605
94 632
94 637
94 744
94 792
94 799
94 815
94 891
94 897
94 901
94 936
94 961
95 527
95 736
95 775
95 803
95 880
96 97
96 297
96 495
96 505
96 516
96 538
96 600
96 632
96 694
96 781
96 796
96 806
96 852
96 893
96 909
96 934
96 968
96 974
96 997
97 267
97 296
97 505
97 529
97 596
97 648
97 789
97 806
97 852
97 891
97 956
97 968
98 255
98 380
98 433
98 527
98 566
98 650
98 652
98 674
98 720
98 803
98 809
98 869
98 880
98 888
98 889
98 891
99 288
99 647
99 660
99 738
99 913
100 249
100 297
100 408
100 538
100 703
101 159
101 239
101 546
101 800
102 365
102 554
102 657
102 707
102 807
102 993
103 159
103 166
103 232
103 496
103 602
103 812
103 834
104 157
104 348
104 354
104 588
104 770
104 850
105 163
105 305
105 346
105 374
105 489
105 631
105 668
105 706
105 802
105 863
105 992
106 173
106 441
106 542
106 577
106 761
106 789
107 146
107 455
107 554
107 574
108 123
108 144
108 348
108 525
108 626
108 699
108 719
109 802
109 992
111 229
111 441
111 694
111 789
112 411
113 573
113 687
113 837
113 884
113 977
114 129
114 158
114 241
114 243
114 331
114 352
114 410
114 421
114 512
114 673
114 680
114 691
114 740
114 746
114 787
114 789
114 947
115 307
115 420
115 632
115 637
115 751
115 766
116 190
116 192
116 545
116 632
116 688
116 810
117 169
117 170
117 196
117 236
117 238
117 275
117 332
117 349
117 359
117 368
117 379
117 406
117 463
117 465
117 514
117 566
117 567
117 587
117 590
117 629
117 632
117 637
117 650
117 731
117 744
117 805
117 859
117 880
117 882
117 891
118 368
118 377
118 463
118 566
118 597
118 604
118 686
118 743
118 744
118 832
118 891
119 171
119 177
119 291
119 338
119 348
119 594
119 633
119 639
119 737
119 834
119 903
120 222
120 348
120 418
120 462
120 777
120 795
120 881
121 505
121 781
121 851
122 441
122 541
122 683
122 812
123 144
123 348
123 519
123 626
123 670
123 699
123 719
123 834
123 945
124 159
124 232
125 135
125 245
125 339
125 592
126 430
126 944
127 369
127 415
127 527
127 566
127 652
127 674
127 880
127 891
127 911
128 243
128 354
128 689
128 991
129 243
129 279
129 286
129 302
129 342
129 354
129 442
129 559
129 691
130 136
130 168
130 289
130 366
130 452
131 171
131 308
131 348
131 407
131 462
131 709
131 727
131 925
131 946
132 145
132 195
132 223
132 236
132 243
132 284
132 433
132 462
132 527
132 551
132 566
132 624
132 646
132 741
132 775
132 803
132 805
132 880
132 891
133 217
133 310
133 846
133 854
133 897
134 227
134 254
134 322
134 525
134 593
134 612
134 670
134 719
135 226
135 245
135 339
135 592
135 943
136 168
136 273
136 409
136 551
136 603
136 632
136 924
137 138
137 193
137 238
137 275
137 348
137 349
137 350
137 368
137 479
137 526
137 527
137 566
137 579
137 598
137 632
137 743
137 744
137 792
137 835
137 891
137 928
137 983
138 193
138 196
138 238
138 275
138 350
138 370
138 416
138 479
138 566
138 567
138 597
138 598
138 632
138 637
138 744
138 792
138 846
138 854
138 899
138 936
138 940
139 508
139 653
139 752
140 324
140 397
140 422
140 482
140 483
140 582
140 620
140 665
140 768
140 791
141 152
141 165
141 284
141 344
141 353
141 373
141 424
141 527
141 551
141 891
141 902
141 924
141 965
142 165
142 527
142 566
142 805
142 891
143 348
143 713
144 348
144 626
144 719
145 195
145 744
145 775
145 805
145 880
146 554
146 591
146 678
147 227
147 243
147 254
147 348
147 354
147 519
147 525
147 612
147 708
147 719
147 795
148 159
148 202
148 238
148 310
148 385
148 419
148 536
148 553
148 570
148 609
148 617
148 632
148 637
148 659
148 705
148 744
148 857
148 858
148 955
148 969
149 455
149 560
149 801
150 192
150 372
150 437
150 545
150 682
151 433
151 566
151 650
151 720
152 293
152 373
152 424
152 503
152 551
152 902
152 921
152 965
153 214
153 423
153 457
153 458
153 760
154 194
154 321
154 355
154 400
154 450
154 632
154 637
155 216
155 320
155 348
155 407
155 523
155 757
155 938
156 354
156 444
156 620
156 628
156 793
157 354
157 793
158 243
158 331
158 352
158 410
158 442
158 512
158 746
158 838
159 161
159 164
159 166
159 171
159 174
159 179
159 184
159 200
159 201
159 204
159 213
159 232
159 239
159 243
159 263
159 291
159 295
159 348
159 390
159 414
159 423
159 441
159 445
159 455
159 458
159 475
159 478
159 496
159 505
159 508
159 521
159 523
159 525
159 528
159 541
159 548
159 566
159 602
159 613
159 616
159 621
159 633
159 637
159 639
159 642
159 643
159 683
159 693
159 694
159 713
159 716
159 744
159 745
159 752
159 789
159 790
159 797
159 800
159 811
159 812
159 827
159 834
159 839
159 841
159 845
159 867
159 895
159 907
159 912
159 916
159 926
159 930
159 954
159 962
159 970
159 989
160 269
160 345
160 534
160 545
160 637
160 640
160 739
160 837
160 977
161 256
161 323
161 348
161 423
161 426
161 447
161 448
161 478
161 533
161 616
161 637
161 679
161 784
161 789
161 825
161 833
161 908
162 300
162 348
163 489
163 520
163 545
163 631
163 637
163 682
163 706
163 863
164 239
164 730
164 745
164 930
165 258
165 390
165 527
165 566
165 637
165 785
165 880
166 179
166 602
166 643
166 811
166 827
166 845
166 895
167 472
167 491
167 495
167 524
167 576
167 641
167 644
167 909
168 409
169 566
169 891
170 566
170 590
170 731
170 744
170 859
171 177
171 250
171 291
171 318
171 338
171 348
171 363
171 393
171 434
171 441
171 496
171 575
171 594
171 601
171 633
171 636
171 667
171 715
171 737
171 789
171 834
171 892
171 903
171 907
171 923
171 927
172 569
172 634
172 667
172 721
172 988
173 229
173 325
173 441
173 449
173 542
173 577
173 694
173 789
173 839
173 935
174 201
174 348
174 407
174 663
174 698
175 181
175 238
175 262
175 474
175 514
175 545
175 744
175 936
176 192
176 372
176 520
176 538
176 545
176 682
176 873
176 894
177 338
177 594
177 633
177 737
178 221
178 355
178 456
178 632
178 637
178 860
178 920
179 204
179 263
179 348
179 643
179 827
179 845
180 348
180 388
180 525
180 558
180 571
180 583
181 238
181 262
181 474
181 514
181 537
181 744
181 901
182 366
182 382
182 562
182 931
183 556
183 771
184 496
184 522
185 225
185 347
185 711
185 744
185 961
186 300
186 414
186 558
186 719
187 340
187 441
187 581
188 278
188 299
188 348
188 354
188 388
188 399
188 471
188 558
188 571
188 881
189 243
189 336
189 834
189 994
190 192
190 240
190 545
190 631
190 688
190 810
190 837
191 966
192 238
192 240
192 264
192 313
192 372
192 532
192 545
192 632
192 637
192 682
192 688
192 744
192 810
192 837
192 865
192 873
192 896
192 949
193 332
193 349
193 377
193 379
193 463
193 479
193 517
193 566
193 598
193 686
193 832
193 882
193 891
193 937
194 264
194 321
194 355
194 400
194 450
194 488
194 632
194 637
194 837
194 920
195 223
195 433
195 527
195 566
195 741
195 803
195 805
195 880
196 284
196 433
196 527
196 566
196 646
196 675
196 720
196 803
196 805
196 880
196 891
196 911
197 354
197 816
198 328
198 451
198 454
198 632
198 763
198 856
199 438
199 509
199 592
199 666
199 789
199 853
200 348
200 423
200 546
200 693
200 800
201 237
201 311
201 348
201 391
201 407
201 423
201 523
201 663
201 670
201 694
201 698
201 709
201 713
201 732
201 744
201 932
201 938
202 238
202 378
202 385
202 451
202 454
202 536
202 550
202 632
202 637
202 659
202 702
202 744
202 783
203 243
203 348
203 354
203 386
203 414
203 473
203 586
203 838
203 861
203 891
204 348
204 827
204 845
205 362
205 411
205 618
205 756
205 808
205 886
205 980
206 510
206 564
206 724
207 371
207 411
207 918
208 327
208 358
208 634
208 667
208 712
208 789
208 916
208 952
209 290
209 371
209 538
210 239
210 429
210 535
210 939
211 361
211 365
211 438
211 441
211 574
211 657
211 840
212 564
213 214
213 426
213 441
213 457
213 458
213 467
213 513
213 548
213 575
213 607
213 839
213 908
214 266
214 360
214 423
214 467
214 476
214 784
214 839
214 844
215 245
215 438
215 441
215 455
215 509
215 592
215 814
216 348
216 391
216 407
216 523
216 698
216 999
217 744
217 854
218 348
218 713
218 995
219 411
219 470
219 490
219 530
219 627
219 658
219 744
220 348
220 436
220 446
220 823
220 979
221 306
221 355
221 545
221 637
221 860
221 964
222 227
222 322
222 348
222 388
222 418
222 531
222 558
222 713
222 719
222 777
222 795
222 824
222 925
222 962
223 433
223 527
223 566
223 803
223 880
223 891
224 883
225 744
225 858
225 961
226 245
226 281
226 348
226 417
226 572
226 592
226 667
226 749
226 769
226 789
226 839
226 959
227 254
227 287
227 348
227 354
227 388
227 525
227 558
227 593
227 670
227 699
227 719
227 777
227 891
227 945
227 957
227 990
228 348
228 388
228 471
228 477
228 558
228 583
229 325
229 425
229 441
229 449
229 542
229 634
229 694
229 789
229 839
229 916
229 935
229 952
230 294
230 441
230 449
230 916
231 267
231 335
231 942
233 245
233 309
233 592
233 664
233 710
233 868
233 943
234 623
234 694
234 761
234 789
234 839
235 320
235 348
235 500
235 713
236 284
236 390
236 527
236 624
236 775
236 803
236 805
236 846
236 880
236 891
237 308
237 348
237 391
238 262
238 264
238 275
238 310
238 328
238 347
238 348
238 350
238 354
238 355
238 385
238 400
238 411
238 419
238 431
238 437
238 441
238 451
238 454
238 461
238 474
238 507
238 514
238 519
238 527
238 537
238 545
238 566
238 568
238 597
238 604
238 605
238 610
238 632
238 637
238 655
238 669
238 705
238 744
238 785
238 799
238 815
238 854
238 856
238 858
238 860
238 880
238 891
238 897
238 901
238 936
238 961
238 969
238 977
239 348
239 423
239 429
239 535
239 546
239 693
239 800
239 939
239 989
240 545
240 896
241 243
241 259
241 268
241 352
241 354
241 388
241 439
241 671
241 746
241 838
242 243
242 283
242 354
242 566
242 861
242 910
243 259
243 260
243 268
243 275
243 279
243 283
243 292
243 298
243 302
243 304
243 331
243 342
243 348
243 352
243 354
243 386
243 388
243 410
243 414
243 421
243 422
243 430
243 439
243 442
243 454
243 473
243 483
243 485
243 492
243 512
243 551
243 555
243 559
243 566
243 571
243 586
243 588
243 619
243 632
243 637
243 673
243 691
243 719
243 724
243 740
243 746
243 787
243 793
243 838
243 850
243 861
243 891
243 910
243 947
243 987
243 991
243 995
244 385
244 744
244 858
244 961
245 281
245 339
245 361
245 417
245 441
245 572
245 592
245 637
245 667
245 725
245 749
245 769
245 789
245 814
245 839
245 853
246 292
246 354
246 428
246 816
246 850
247 264
247 355
247 632
247 637
248 265
248 282
248 348
248 396
248 430
248 566
248 580
248 695
248 762
248 849
249 505
249 656
249 703
250 633
250 639
250 903
251 293
251 348
251 551
251 965
252 304
252 354
252 793
252 850
252 915
253 348
253 388
253 402
253 414
253 482
253 558
253 583
253 680
253 719
253 879
253 881
253 907
254 348
254 519
254 525
254 670
254 719
254 990
255 459
255 566
255 652
255 674
255 809
255 891
256 423
256 441
256 502
256 654
256 690
256 694
256 778
256 789
256 839
256 926
258 390
258 527
259 838
260 352
260 512
260 555
260 787
260 838
260 947
261 714
261 729
261 802
262 514
262 537
262 566
262 744
263 423
263 643
263 811
263 926
264 307
264 321
264 326
264 334
264 348
264 355
264 400
264 412
264 450
264 454
264 515
264 545
264 566
264 632
264 637
264 744
264 919
264 920
264 964
265 348
265 382
265 486
265 510
265 724
265 828
265 849
265 917
267 335
267 440
267 505
267 556
267 789
267 806
267 942
267 968
268 838
269 545
269 632
269 637
269 640
269 739
269 744
269 837
269 920
270 279
270 382
271 294
271 348
271 441
271 667
271 712
271 916
271 952
272 398
272 441
272 502
272 690
272 694
272 789
272 839
273 414
273 614
273 879
274 488
274 632
274 637
274 837
274 860
275 332
275 349
275 368
275 517
275 526
275 566
275 579
275 598
275 744
275 835
275 928
275 983
276 387
276 480
276 715
276 878
276 891
276 922
277 341
277 489
277 545
277 631
277 697
278 471
278 558
278 583
279 302
279 342
279 348
279 382
279 384
279 421
279 442
279 497
279 527
279 559
279 566
279 740
279 787
279 838
280 464
280 661
280 948
281 417
281 749
281 769
281 959
282 580
282 695
282 762
282 849
282 944
283 838
283 861
283 910
284 433
284 527
284 551
284 566
284 650
284 805
284 880
284 891
285 376
285 411
285 436
285 464
285 661
285 685
285 979
286 302
286 421
286 442
286 497
286 512
286 555
286 566
286 691
286 787
286 947
287 348
287 388
287 670
287 777
287 891
287 990
288 305
288 635
288 647
288 677
288 750
288 789
288 913
288 996
289 382
289 452
289 562
289 603
290 297
290 315
290 403
290 404
290 411
290 470
290 538
290 744
290 774
290 918
291 317
291 318
291 348
291 363
291 518
291 633
291 636
291 651
291 737
291 834
291 971
292 354
292 388
292 428
292 444
292 485
292 557
292 558
292 582
292 628
292 793
292 850
292 862
292 953
293 503
293 527
293 551
293 566
293 921
293 965
294 608
294 634
294 839
294 916
294 952
295 441
295 521
295 642
295 693
295 895
295 989
296 505
296 596
296 648
296 866
296 956
297 383
297 408
297 538
297 632
297 656
297 703
298 303
298 304
298 348
298 354
298 388
298 549
298 561
298 764
298 767
298 770
298 793
298 850
299 348
299 354
299 399
299 471
299 558
299 583
299 676
299 755
299 881
301 651
301 681
301 834
301 872
301 994
302 342
302 352
302 442
302 497
302 559
302 838
303 549
303 764
303 770
304 354
304 395
304 770
304 850
305 319
305 635
305 647
305 677
305 750
305 996
306 456
306 568
306 632
306 637
306 826
306 884
306 919
306 920
307 326
307 355
307 400
307 412
307 451
307 632
307 637
307 751
307 766
307 783
307 856
308 348
308 418
308 462
308 709
308 719
308 946
309 592
310 474
310 744
310 799
310 815
310 891
310 897
311 348
311 407
311 506
311 525
311 663
311 834
312 336
312 348
313 443
313 611
313 640
313 949
313 977
314 635
314 647
314 758
314 996
315 411
315 470
315 538
315 595
315 735
315 822
316 441
316 460
316 569
316 634
316 789
316 982
316 988
317 318
317 834
318 348
318 423
318 496
318 636
318 834
319 578
319 589
319 677
319 996
320 348
320 500
320 523
320 999
321 355
321 400
321 450
321 488
321 632
321 637
321 860
321 964
322 348
322 462
322 742
322 925
323 360
323 423
323 441
323 616
323 621
323 692
323 694
323 753
323 778
323 789
323 825
323 831
323 839
323 976
324 348
324 397
324 422
324 428
324 483
324 625
324 665
324 768
324 791
324 881
325 441
325 542
325 694
325 789
325 839
325 985
326 412
326 420
326 451
326 487
326 632
326 637
326 702
326 783
326 842
327 634
327 667
328 355
328 451
328 454
328 632
328 637
328 763
328 821
328 856
329 333
329 401
329 491
329 656
330 414
330 498
331 352
331 421
331 512
331 787
331 838
332 368
332 517
332 579
332 598
332 637
332 744
332 792
332 940
333 491
333 505
333 516
333 782
334 355
334 632
334 637
334 701
335 440
335 556
335 806
335 836
335 942
336 834
336 994
337 552
337 725
338 348
338 354
338 594
339 417
339 572
340 581
341 437
341 545
342 442
342 559
343 423
343 478
343 616
343 692
343 753
343 765
343 789
343 825
343 831
343 960
344 353
344 499
344 527
344 551
344 566
344 632
344 891
345 351
345 545
345 568
345 622
345 632
345 637
345 687
345 837
345 884
345 920
345 977
346 863
347 744
348 353
348 354
348 355
348 384
348 386
348 388
348 390
348 391
348 397
348 400
348 407
348 411
348 414
348 418
348 421
348 422
348 423
348 428
348 430
348 434
348 441
348 447
348 452
348 462
348 465
348 471
348 477
348 478
348 481
348 483
348 498
348 500
348 504
348 509
348 519
348 522
348 523
348 525
348 527
348 531
348 558
348 562
348 563
348 566
348 571
348 583
348 588
348 593
348 612
348 621
348 626
348 632
348 633
348 636
348 637
348 639
348 646
348 663
348 665
348 667
348 670
348 676
348 689
348 692
348 694
348 698
348 699
348 708
348 709
348 713
348 719
348 727
348 737
348 742
348 744
348 747
348 752
348 755
348 772
348 773
348 777
348 785
348 787
348 789
348 795
348 805
348 806
348 812
348 824
348 834
348 847
348 850
348 859
348 862
348 870
348 880
348 881
348 891
348 903
348 906
348 907
348 910
348 915
348 925
348 927
348 932
348 938
348 939
348 945
348 946
348 957
348 958
348 969
348 972
348 981
348 990
348 994
348 996
348 999
349 368
349 463
349 479
349 526
349 566
349 597
349 686
349 744
349 832
349 937
350 368
350 413
350 566
350 632
350 744
350 792
350 846
350 854
350 899
350 911
350 940
351 573
351 640
351 687
351 837
351 977
352 421
352 442
352 512
352 555
352 559
352 691
352 838
352 947
353 551
353 876
354 384
354 386
354 388
354 395
354 399
354 414
354 421
354 422
354 423
354 428
354 430
354 444
354 471
354 473
354 482
354 485
354 492
354 498
354 525
354 527
354 549
354 551
354 557
354 561
354 566
354 571
354 582
354 583
354 588
354 599
354 665
354 671
354 719
354 724
354 728
354 744
354 764
354 767
354 768
354 770
354 789
354 793
354 816
354 850
354 862
354 881
354 915
354 950
354 991
355 400
355 411
355 420
355 450
355 451
355 454
355 487
355 488
355 514
355 515
355 534
355 545
355 566
355 622
355 632
355 637
355 687
355 705
355 723
355 744
355 751
355 783
355 789
355 837
355 842
355 857
355 860
355 874
355 891
355 919
355 920
355 961
355 963
355 964
355 977
356 455
356 505
356 733
356 788
356 801
356 905
357 405
357 970
358 441
358 511
358 634
358 667
359 566
359 567
360 423
360 616
360 621
360 722
360 753
360 789
360 831
360 833
361 365
361 574
361 613
361 649
361 657
361 776
361 840
362 411
362 469
362 618
362 661
362 756
362 808
362 886
362 998
363 636
363 651
363 681
363 834
363 872
364 496
364 541
364 772
365 455
365 574
365 613
365 649
365 657
365 776
365 807
365 840
365 993
366 603
367 907
367 912
367 954
368 377
368 463
368 517
368 565
368 566
368 604
368 632
368 743
368 832
368 891
368 937
369 415
369 566
369 646
369 809
369 869
369 891
370 632
370 744
371 538
372 545
372 682
373 424
373 503
373 551
373 566
373 880
373 902
373 965
374 992
375 540
375 552
375 667
375 789
376 394
376 658
376 823
376 885
376 979
377 463
377 517
377 566
377 597
377 686
377 743
377 744
377 832
378 454
378 632
378 856
378 874
379 406
379 465
379 731
379 882
380 459
380 566
380 809
380 869
380 891
381 991
382 409
382 452
382 527
382 562
382 566
382 637
382 754
382 924
383 505
383 538
383 630
383 662
383 817
384 442
384 559
384 838
385 454
385 553
385 566
385 570
385 609
385 617
385 632
385 637
385 705
385 857
385 955
386 442
386 492
386 599
386 728
386 950
386 966
387 480
387 618
387 715
388 399
388 414
388 444
388 471
388 477
388 527
388 558
388 563
388 571
388 575
388 583
388 625
388 676
388 680
388 719
388 747
388 755
388 757
388 793
388 834
388 850
388 881
388 904
388 906
388 966
389 540
389 552
389 569
389 725
389 789
390 551
390 566
390 775
390 805
390 880
390 921
390 929
391 663
391 713
393 528
393 639
393 892
393 962
394 660
394 677
394 798
394 913
394 992
394 996
395 549
395 850
396 510
396 762
396 828
396 849
397 422
397 483
397 498
397 628
397 665
397 768
397 953
398 493
398 502
398 538
398 690
398 694
398 789
398 839
399 471
399 477
399 558
399 676
399 755
399 881
399 898
399 904
400 450
400 488
400 515
400 527
400 545
400 566
400 632
400 637
400 726
400 860
400 920
400 964
400 977
401 656
402 414
402 558
402 583
402 614
403 411
403 470
403 595
403 703
403 822
403 918
404 505
405 970
406 517
406 731
407 523
407 698
407 713
407 732
407 789
407 891
407 938
407 999
408 538
408 703
409 452
409 551
409 803
409 880
409 891
409 924
410 421
410 512
410 691
410 740
411 427
411 441
411 446
411 469
411 490
411 505
411 538
411 566
411 618
411 627
411 658
411 685
411 703
411 715
411 735
411 756
411 774
411 808
411 820
411 855
411 886
411 891
411 922
411 948
411 956
411 976
411 980
411 996
411 998
412 451
412 454
412 487
412 632
412 637
412 702
412 744
412 751
412 783
412 860
413 597
413 645
413 744
413 899
414 444
414 471
414 482
414 498
414 558
414 583
414 614
414 680
414 700
414 757
414 816
414 870
414 879
415 433
415 566
415 805
415 880
415 891
415 911
416 744
417 592
417 634
418 777
418 795
419 891
420 451
420 632
420 637
420 751
420 766
420 842
421 442
421 512
421 673
421 691
422 482
422 483
422 625
422 628
422 665
422 700
422 768
422 791
422 953
423 441
423 447
423 448
423 449
423 458
423 467
423 476
423 478
423 502
423 533
423 541
423 571
423 607
423 616
423 621
423 637
423 652
423 692
423 694
423 730
423 760
423 765
423 783
423 784
423 789
423 825
423 831
423 833
423 834
423 839
423 844
423 848
423 900
423 908
423 960
423 985
424 503
424 551
424 891
424 965
425 441
425 694
425 704
425 789
425 813
425 935
426 441
426 458
426 548
426 607
426 789
426 900
427 490
427 658
427 855
428 444
428 485
428 628
428 986
429 535
429 745
429 939
430 433
430 566
430 619
430 744
430 804
430 944
431 637
431 744
431 799
431 897
431 936
432 441
432 616
432 621
432 722
432 789
432 831
432 848
433 527
433 566
433 646
433 674
433 675
433 805
433 880
433 891
434 601
434 633
434 639
434 737
434 834
434 971
435 589
436 446
436 464
436 661
436 685
436 948
436 979
437 545
438 509
438 657
438 814
438 853
439 740
439 838
440 556
440 806
440 942
441 449
441 455
441 467
441 538
441 552
441 566
441 569
441 577
441 592
441 616
441 621
441 623
441 632
441 634
441 637
441 656
441 657
441 667
441 694
441 704
441 712
441 721
441 744
441 760
441 761
441 780
441 789
441 813
441 831
441 916
441 935
441 939
441 941
441 952
441 976
441 982
441 985
442 497
442 555
442 559
442 724
442 787
442 838
442 947
442 966
443 545
443 611
443 640
443 837
443 949
444 483
444 485
444 558
444 620
444 628
444 665
444 719
444 793
444 816
444 950
444 953
444 986
446 661
446 715
446 948
448 621
448 679
448 692
448 789
448 825
448 831
448 833
448 976
449 460
449 634
449 667
449 694
449 780
449 789
449 813
449 916
449 935
449 941
449 952
450 488
450 632
450 637
450 860
451 454
451 487
451 566
451 632
451 637
451 702
451 763
451 766
451 783
451 842
451 856
451 961
452 603
453 456
453 726
453 837
453 920
453 963
454 487
454 515
454 537
454 553
454 566
454 632
454 637
454 659
454 702
454 744
454 783
454 843
454 856
454 857
454 874
454 920
454 961
455 505
455 511
455 554
455 560
455 566
455 585
455 591
455 788
455 789
455 801
455 840
455 916
455 939
456 632
456 637
456 726
456 789
456 920
456 951
456 963
456 964
457 458
457 607
458 548
458 607
458 789
458 900
459 527
459 566
459 652
459 674
459 809
459 869
459 891
460 511
460 569
460 634
460 667
460 725
460 789
460 982
460 988
461 527
461 744
462 709
462 719
462 742
462 777
462 925
463 517
463 527
463 565
463 566
463 597
463 743
463 744
463 891
464 544
464 661
464 685
464 823
464 913
464 948
465 566
465 731
465 882
466 491
466 505
466 576
466 782
466 819
466 820
466 909
467 476
467 844
468 759
469 618
469 756
469 808
469 886
469 980
469 998
470 703
470 774
470 918
471 558
471 566
471 571
471 583
471 676
471 680
471 755
471 881
471 898
471 904
472 524
472 576
472 641
472 819
472 909
473 561
473 599
473 880
474 507
474 514
474 605
474 610
474 744
474 901
476 784
476 844
478 616
478 692
478 694
478 753
478 765
478 789
478 960
479 517
480 637
480 661
480 715
480 829
480 878
481 747
481 773
482 558
482 614
483 485
483 628
483 665
483 768
483 791
483 850
484 913
485 791
485 986
486 527
486 917
487 632
487 637
487 702
487 744
487 842
488 632
488 637
489 706
490 538
491 505
491 576
491 656
491 782
492 588
492 850
493 502
493 694
493 789
494 495
494 505
494 974
495 505
495 820
495 974
496 522
496 541
496 639
496 772
496 790
496 907
497 559
497 787
497 947
498 700
499 527
499 551
499 779
499 876
500 504
500 523
500 713
500 719
500 732
500 999
502 623
502 789
502 839
503 527
503 551
503 566
503 891
503 902
503 921
503 965
504 713
504 995
505 516
505 538
505 545
505 576
505 592
505 596
505 600
505 632
505 637
505 641
505 644
505 648
505 656
505 694
505 781
505 782
505 789
505 796
505 806
505 820
505 851
505 852
505 871
505 893
505 909
505 918
505 934
505 956
505 968
505 974
505 997
506 670
506 713
506 938
506 995
507 514
507 605
507 744
507 901
507 936
508 752
509 789
509 814
509 853
510 762
510 849
510 917
511 667
512 673
512 691
512 740
512 838
512 987
513 548
513 789
513 900
514 537
514 566
514 605
514 610
514 632
514 637
514 744
514 815
514 901
515 632
515 637
516 781
516 852
516 934
517 566
517 597
517 686
517 744
517 832
517 937
517 983
518 713
518 834
518 883
518 994
519 525
519 708
519 719
520 631
520 632
520 864
520 894
520 978
521 642
521 797
521 895
522 594
522 907
522 912
523 698
523 713
523 938
523 999
524 644
524 656
524 909
525 575
525 593
525 612
525 626
525 670
525 699
525 708
525 719
525 834
525 957
525 958
525 990
526 527
526 744
526 835
526 983
527 545
527 551
527 566
527 567
527 624
527 650
527 736
527 744
527 775
527 785
527 789
527 792
527 803
527 805
527 859
527 880
527 891
527 902
527 920
527 929
527 965
528 633
528 639
528 737
530 886
531 719
531 742
531 777
532 545
532 837
532 865
532 975
534 545
534 637
534 687
534 723
534 837
535 546
535 745
535 939
536 550
536 632
536 637
536 857
536 955
537 610
537 632
537 637
537 744
537 901
538 545
538 566
538 576
538 595
538 613
538 630
538 637
538 646
538 656
538 703
538 744
538 789
538 865
538 893
538 934
538 948
538 967
539 545
539 697
539 873
540 552
540 634
541 683
541 716
541 772
541 789
541 794
541 812
541 827
541 834
541 841
541 867
541 903
541 907
542 789
543 724
543 849
544 661
544 948
545 566
545 573
545 631
545 632
545 637
545 640
545 677
545 682
545 687
545 688
545 744
545 750
545 802
545 810
545 826
545 830
545 837
545 865
545 873
545 884
545 896
545 920
545 975
545 977
545 992
545 996
546 800
547 694
548 789
548 844
548 914
549 588
549 767
549 850
550 632
550 659
550 705
551 566
551 632
551 876
551 880
551 891
551 902
551 921
551 924
551 965
552 634
552 667
552 725
552 839
553 609
553 705
553 857
554 585
554 591
554 613
554 649
554 678
554 694
554 789
554 840
555 787
555 947
556 585
556 637
556 672
556 759
556 771
556 956
557 816
558 563
558 583
558 593
558 670
558 719
558 744
558 755
558 768
558 881
558 891
558 898
558 904
558 957
558 962
558 990
559 691
559 787
560 733
560 771
560 788
560 801
560 905
561 588
561 632
561 728
562 566
562 603
562 637
562 786
562 891
562 931
563 571
563 583
564 724
565 566
565 597
565 743
565 832
566 567
566 587
566 590
566 597
566 619
566 624
566 629
566 632
566 634
566 637
566 646
566 650
566 652
566 674
566 675
566 679
566 684
566 686
566 687
566 711
566 718
566 719
566 720
566 724
566 731
566 743
566 744
566 762
566 775
566 783
566 785
566 787
566 793
566 799
566 803
566 805
566 809
566 815
566 832
566 849
566 850
566 859
566 869
566 880
566 882
566 888
566 889
566 890
566 891
566 902
566 911
566 929
566 936
566 937
566 965
566 973
566 983
567 629
567 650
567 684
567 731
567 744
567 859
567 880
567 891
568 622
568 637
568 687
568 837
568 920
569 634
569 667
569 694
569 721
569 789
569 982
569 988
570 609
570 632
570 705
570 744
570 857
570 955
570 969
571 583
571 626
571 676
571 881
572 592
572 769
572 789
573 637
573 687
573 723
573 837
573 920
573 977
574 613
574 649
574 657
574 707
574 776
574 840
575 606
575 696
575 748
575 789
575 834
575 887
575 892
575 903
575 923
575 962
575 981
576 656
576 819
577 694
577 789
577 839
578 589
578 677
578 996
579 792
579 928
580 695
580 724
580 762
580 849
581 657
581 666
582 625
582 950
583 614
583 734
583 744
583 755
583 881
583 898
584 725
584 839
587 590
588 744
588 793
588 850
588 915
588 966
589 714
589 744
589 802
589 877
589 996
590 597
590 859
590 882
592 634
592 667
592 749
592 769
592 789
592 868
592 943
593 670
593 719
593 976
593 990
594 633
594 737
595 735
595 822
596 648
596 866
597 686
597 744
597 832
597 937
600 852
600 968
601 633
601 737
601 834
601 971
602 643
602 827
602 845
604 882
605 744
605 901
606 639
606 834
606 887
606 923
606 962
607 880
608 667
608 789
608 952
609 705
609 857
610 632
610 744
610 901
611 640
611 949
612 626
612 719
613 657
613 776
613 807
613 840
614 757
614 768
615 786
615 891
615 921
616 621
616 753
616 789
616 825
616 831
616 839
616 960
616 976
617 705
617 858
617 955
617 961
618 715
618 756
618 808
618 829
618 878
618 886
618 998
619 724
619 804
621 694
621 722
621 765
621 778
621 789
621 831
621 848
621 968
622 637
622 687
622 919
622 920
623 654
623 694
623 789
623 839
623 985
624 736
624 744
624 775
624 803
624 805
624 880
624 891
624 929
625 700
625 768
626 699
626 719
626 777
626 834
626 881
626 958
627 658
627 980
629 684
630 656
630 662
630 817
631 632
631 697
631 864
631 865
631 978
632 637
632 646
632 650
632 655
632 656
632 659
632 669
632 677
632 686
632 687
632 701
632 702
632 705
632 744
632 751
632 763
632 766
632 783
632 789
632 821
632 829
632 830
632 835
632 837
632 842
632 843
632 846
632 850
632 854
632 856
632 858
632 860
632 874
632 882
632 891
632 896
632 897
632 901
632 919
632 920
632 951
632 961
632 963
632 964
632 977
633 713
633 737
633 812
633 834
633 872
633 971
634 667
634 694
634 710
634 712
634 721
634 749
634 789
634 839
634 935
634 952
634 982
634 988
635 647
635 677
635 996
636 651
636 694
636 719
636 834
636 994
637 640
637 650
637 656
637 659
637 687
637 697
637 701
637 702
637 705
637 723
637 726
637 729
637 744
637 751
637 763
637 766
637 783
637 789
637 792
637 837
637 839
637 842
637 846
637 860
637 884
637 891
637 896
637 920
637 931
637 961
637 964
637 975
637 977
637 992
639 696
639 737
639 834
639 892
639 907
639 927
639 962
639 981
640 687
640 739
641 819
641 909
642 693
642 895
643 827
643 845
646 675
646 803
646 805
646 880
646 891
646 911
647 677
647 738
647 750
647 996
648 866
649 776
649 840
649 993
650 674
650 718
650 720
650 809
650 880
650 889
650 891
651 681
651 698
651 834
652 674
652 720
652 809
652 869
652 880
652 891
653 939
654 694
654 789
654 839
654 985
655 669
655 744
656 662
656 782
656 820
656 893
656 934
656 968
657 707
657 840
659 705
659 857
660 677
660 738
661 685
661 829
661 878
661 948
662 703
663 932
664 710
664 814
665 768
665 791
667 694
667 710
667 721
667 769
667 789
667 941
667 952
668 877
669 744
670 719
670 777
670 881
670 957
670 990
671 816
671 850
671 862
671 950
672 733
672 984
673 838
674 809
674 869
674 891
675 805
675 891
676 755
676 881
676 904
677 750
677 913
677 996
679 692
679 784
679 825
679 976
680 881
681 737
681 834
681 891
682 873
683 867
683 907
684 891
686 743
686 832
686 937
687 739
687 837
687 884
687 920
687 977
688 810
688 896
688 977
689 838
689 902
689 910
689 991
690 694
690 789
690 839
691 724
691 787
691 947
692 765
692 789
692 831
692 916
692 960
692 976
693 797
694 721
694 761
694 789
694 813
694 831
694 839
694 907
694 916
694 930
694 935
694 985
695 762
695 804
695 849
696 962
697 894
698 713
698 938
699 719
702 763
702 783
702 842
702 856
703 789
703 806
703 968
704 789
704 813
704 916
704 935
705 744
705 857
705 874
705 955
706 992
708 719
709 742
709 925
710 868
711 717
711 744
712 789
712 839
712 952
713 719
713 732
713 834
713 847
713 872
713 925
713 938
713 995
714 729
714 802
715 829
715 878
715 922
716 794
716 867
716 907
717 744
718 744
718 890
718 891
718 973
719 744
719 777
719 795
719 881
719 891
719 925
719 945
719 958
719 990
720 888
720 889
720 891
722 848
723 837
723 884
723 949
723 977
724 804
726 920
726 951
726 963
727 824
727 946
730 930
731 882
732 938
733 788
733 801
733 905
734 906
734 972
735 822
736 775
736 803
736 805
736 880
736 891
736 929
737 834
737 903
737 927
737 962
737 971
737 994
738 750
738 996
739 837
739 884
739 977
740 746
740 787
740 838
740 987
741 775
741 803
741 805
741 880
741 891
741 929
742 925
744 783
744 789
744 792
744 799
744 803
744 809
744 815
744 821
744 832
744 837
744 838
744 843
744 854
744 856
744 857
744 858
744 880
744 891
744 897
744 899
744 901
744 919
744 920
744 921
744 928
744 929
744 936
744 937
744 955
744 961
744 969
744 977
744 983
744 992
745 789
745 930
745 939
746 838
746 987
747 773
748 923
748 962
749 769
749 959
750 996
751 766
753 789
753 831
754 931
755 881
755 898
758 798
758 913
759 819
761 839
762 804
762 828
762 849
762 917
763 783
764 850
765 831
765 960
765 976
767 850
769 789
769 959
770 850
770 910
771 806
771 836
772 907
772 954
775 803
775 805
775 880
775 891
775 929
776 840
777 795
777 925
777 945
778 789
778 831
779 876
780 789
780 839
780 916
781 852
781 934
781 968
783 843
783 860
783 874
783 963
784 834
784 908
785 805
785 880
785 929
787 838
787 947
788 905
789 813
789 822
789 831
789 833
789 834
789 836
789 837
789 839
789 848
789 891
789 907
789 916
789 943
789 952
789 976
790 812
790 841
791 986
792 832
792 928
792 937
792 983
793 850
793 862
793 915
794 907
796 852
796 893
796 968
798 913
799 815
799 897
799 936
801 905
802 996
803 805
803 880
803 891
803 929
805 880
805 891
805 929
806 866
806 934
806 942
806 974
807 840
807 993
808 886
808 998
809 869
809 880
809 888
809 891
810 896
812 841
812 907
812 954
813 935
815 901
815 936
818 894
821 856
821 977
822 996
823 948
823 979
826 837
826 919
826 920
827 845
828 849
828 917
829 878
830 975
831 976
832 835
832 937
833 976
834 850
834 872
834 927
834 994
835 937
837 884
837 920
837 964
837 977
838 850
838 861
838 891
838 910
838 987
838 996
839 941
839 968
839 985
843 856
843 874
845 989
846 940
847 995
850 862
850 915
852 893
852 934
852 968
852 997
854 891
856 919
857 955
857 969
858 961
859 891
860 919
860 920
860 964
861 910
861 944
862 950
863 992
864 978
866 956
867 907
868 943
869 891
870 879
871 956
873 896
875 913
876 880
876 902
878 922
879 881
880 888
880 891
880 929
881 904
884 920
886 980
887 923
887 962
888 891
889 891
890 891
890 973
891 897
891 911
891 915
891 920
891 929
891 965
891 972
891 973
892 981
893 934
893 968
897 936
898 904
902 921
902 931
902 965
903 927
907 912
907 954
907 962
910 966
910 991
912 923
912 954
914 970
916 941
919 920
920 963
920 977
921 965
923 962
930 933
934 968
934 997
940 983
951 963
953 986
956 968
957 990
958 990
960 976
961 969
963 964
966 991
968 997
980 998
992 996
