0 10
0 29
0 49
0 86
1 7
1 21
1 26
1 38
1 45
1 99
2 10
2 11
2 12
2 18
2 19
2 22
2 38
2 40
2 41
2 59
2 61
2 64
2 77
2 79
2 97
3 10
3 13
3 17
3 35
3 57
4 6
4 8
4 12
4 24
4 38
4 41
4 45
4 77
4 79
4 82
4 93
5 7
5 21
5 25
5 26
5 33
5 36
5 37
5 38
5 39
5 41
5 42
5 43
5 45
5 50
5 52
5 53
5 59
5 60
5 61
5 62
5 67
5 68
5 71
5 72
5 80
5 82
5 92
6 24
6 38
6 41
6 45
6 51
6 79
7 21
7 45
8 10
8 12
8 19
8 22
8 38
8 40
8 41
8 64
8 65
8 66
8 79
8 88
8 91
8 95
8 96
9 11
9 38
9 41
9 47
9 58
9 65
10 17
10 41
10 43
10 49
10 57
10 66
10 70
10 72
10 77
10 79
10 83
10 86
10 88
11 12
11 38
11 41
11 45
11 55
11 58
11 59
11 61
11 65
11 79
11 82
11 89
12 18
12 19
12 22
12 24
12 38
12 41
12 45
12 49
12 51
12 61
12 67
12 68
12 77
12 79
12 82
12 87
12 95
13 35
13 83
14 33
14 37
14 50
14 67
15 37
15 67
15 69
15 92
16 26
17 29
17 41
17 96
18 19
18 38
18 41
18 70
18 79
19 41
19 77
19 79
19 95
20 42
20 99
21 33
21 36
21 37
21 38
21 39
21 41
21 42
21 43
21 45
21 48
21 50
21 52
21 53
21 60
21 62
21 69
21 71
21 79
21 80
22 38
22 64
22 77
22 88
22 91
24 41
24 77
24 79
24 86
24 93
25 33
25 37
25 38
25 39
25 45
25 50
25 62
25 71
26 27
26 38
26 45
26 48
26 59
26 68
26 73
26 82
26 89
26 90
27 42
27 45
27 46
28 41
28 44
28 57
28 61
28 72
28 85
28 94
30 43
30 81
30 98
31 41
31 88
32 72
32 79
32 83
32 84
32 94
33 36
33 37
33 50
33 59
33 67
33 71
33 80
34 83
36 37
36 39
36 52
36 53
36 62
36 80
37 43
37 45
37 50
37 52
37 54
37 57
37 68
37 69
37 80
37 81
37 82
38 41
38 42
38 43
38 44
38 45
38 47
38 48
38 49
38 50
38 51
38 52
38 53
38 55
38 58
38 59
38 61
38 65
38 68
38 74
38 75
38 76
38 77
38 78
38 79
38 82
38 87
38 89
38 93
39 45
39 52
39 53
39 60
40 41
40 64
40 91
41 43
41 45
41 47
41 51
41 52
41 55
41 57
41 58
41 59
41 63
41 64
41 65
41 72
41 73
41 77
41 78
41 79
41 82
41 87
41 89
41 91
41 93
41 95
42 45
42 46
42 90
42 99
43 45
43 56
43 57
43 63
43 67
43 68
43 72
43 81
43 98
44 57
44 61
44 72
44 84
44 94
45 46
45 48
45 50
45 51
45 52
45 55
45 58
45 59
45 61
45 62
45 64
45 65
45 68
45 69
45 72
45 73
45 74
45 75
45 76
45 77
45 78
45 79
45 82
45 89
45 90
45 93
45 95
45 99
46 65
47 58
47 65
47 82
48 59
48 68
48 74
48 99
49 70
49 86
50 71
51 65
51 77
51 79
51 95
52 53
52 60
52 62
52 68
52 80
52 82
52 99
53 60
53 62
53 80
54 56
54 57
54 61
54 72
55 59
55 76
55 78
55 82
55 89
56 61
56 72
56 94
57 61
57 72
57 79
57 85
57 94
58 59
58 65
58 68
58 77
58 78
58 79
58 82
58 89
59 61
59 65
59 68
59 75
59 76
59 77
59 78
59 79
59 89
59 90
61 65
61 67
61 72
61 81
61 83
61 85
61 88
62 80
64 79
65 77
65 79
65 82
65 89
65 93
66 72
66 96
67 69
67 72
67 92
68 73
68 74
68 75
68 76
68 82
68 89
69 71
70 86
72 83
72 84
72 85
72 94
73 82
75 79
76 82
76 89
77 79
77 82
77 87
77 89
77 95
78 82
78 89
79 82
79 87
79 89
79 95
79 97
81 98
82 89
82 90
82 93
84 94
85 94
