0 4
0 10
0 12
0 52
0 57
0 62
0 69
1 9
1 19
1 31
1 53
1 61
1 65
1 99
2 6
2 31
2 47
2 48
2 58
2 59
2 61
2 70
2 80
2 90
2 99
3 4
3 8
3 13
3 17
3 25
3 32
3 39
3 45
3 46
3 50
3 57
3 69
3 72
3 79
3 88
3 89
4 10
4 12
4 21
4 24
4 46
4 50
4 57
4 62
4 69
4 88
5 6
5 29
5 30
5 37
5 54
5 60
5 83
5 93
5 94
6 29
6 30
6 47
6 54
6 90
7 14
7 25
7 49
7 53
7 55
7 63
7 71
7 73
7 75
7 76
7 91
8 13
8 17
8 39
8 66
8 74
8 79
9 11
9 19
9 31
9 40
9 56
9 61
9 65
9 70
10 12
10 21
10 24
10 46
10 50
10 53
10 57
10 62
10 69
11 31
11 33
11 40
11 42
11 65
11 68
11 92
11 97
12 16
12 21
12 24
12 46
12 50
12 57
12 62
12 67
12 69
12 71
13 17
13 18
13 25
13 39
13 57
13 66
13 74
13 88
14 18
14 25
14 38
14 41
14 53
14 71
14 73
14 87
14 91
15 30
15 93
15 95
15 96
16 21
16 24
16 50
16 57
16 69
17 32
17 39
17 74
17 88
18 20
18 22
18 23
18 31
18 33
18 36
18 41
18 43
18 46
18 53
18 55
18 56
18 59
18 66
18 68
18 75
18 80
18 82
18 84
18 85
18 86
18 92
19 48
19 58
19 61
19 63
20 36
20 92
21 45
21 46
21 50
21 55
21 57
21 67
21 69
21 88
21 89
22 36
22 44
22 59
22 75
22 92
23 26
23 31
23 68
23 80
23 85
23 86
23 92
24 57
24 69
24 79
25 35
25 38
25 41
25 55
25 59
25 62
25 63
25 64
25 69
25 71
25 76
25 84
25 85
25 87
25 91
25 92
25 98
26 59
26 68
26 80
26 85
26 86
26 92
27 55
27 63
27 80
27 85
27 86
27 92
27 93
27 97
28 51
28 92
29 30
29 47
29 54
29 90
29 99
30 61
30 72
30 83
30 93
30 96
31 33
31 34
31 42
31 56
31 60
31 61
31 65
31 80
31 81
31 97
32 46
32 67
32 74
32 79
32 88
32 89
33 42
33 56
33 65
33 68
33 92
34 36
34 43
34 80
34 81
34 82
34 92
35 38
35 59
35 63
35 64
35 69
35 76
35 77
35 84
35 98
36 43
36 82
36 92
37 72
37 94
37 95
37 96
38 59
38 84
39 46
39 74
39 79
39 88
39 93
40 42
40 56
40 68
40 80
40 81
40 97
41 53
41 63
41 64
41 77
41 92
42 65
42 77
43 56
43 80
43 82
43 92
44 53
44 59
44 71
44 79
44 84
44 85
45 46
45 50
45 67
45 79
45 88
45 89
46 50
46 52
46 53
46 57
46 64
46 67
46 69
46 79
46 88
46 89
47 50
47 54
47 61
47 90
47 93
47 99
48 58
48 78
48 99
49 50
49 52
49 53
49 55
49 62
49 69
50 52
50 55
50 57
50 62
50 67
50 69
50 71
50 79
50 88
51 69
51 93
51 96
52 53
52 69
52 79
53 55
53 56
53 63
53 69
53 71
53 73
53 87
53 88
53 91
54 90
55 56
55 57
55 63
55 69
55 71
55 73
55 77
55 84
55 88
55 90
55 91
55 92
56 61
56 68
56 80
56 81
56 85
56 92
56 93
56 97
57 62
57 67
57 69
57 71
57 79
57 89
57 98
58 61
58 65
58 70
58 93
58 99
59 75
59 80
59 82
59 84
59 86
59 92
60 72
60 83
61 65
61 70
61 78
61 80
62 69
62 74
63 64
63 71
63 73
63 76
63 77
63 87
63 91
63 92
63 98
64 71
64 77
64 98
65 78
65 93
65 97
67 69
67 88
68 80
68 81
68 85
68 97
69 73
69 92
70 78
70 90
71 73
71 76
71 87
71 91
72 83
72 93
73 87
74 79
74 88
74 89
75 82
76 87
77 87
77 98
78 99
79 80
79 86
79 88
79 93
80 82
80 84
80 85
80 86
80 92
80 97
81 97
82 92
83 93
84 98
85 86
85 92
85 97
86 92
87 93
88 89
88 94
90 93
90 99
93 94
93 95
94 95
95 96
