0 4
0 15
0 17
0 19
0 36
0 46
0 55
0 57
0 75
0 78
0 80
0 94
0 102
0 106
0 108
0 120
0 130
0 131
0 134
0 141
0 157
0 162
0 163
0 173
0 176
0 186
0 206
0 208
0 231
0 235
0 241
0 245
0 260
0 264
0 273
0 277
0 281
0 282
0 287
0 301
0 307
0 309
0 317
0 325
0 338
0 339
0 359
0 371
0 374
0 376
0 394
0 399
0 404
0 406
0 416
0 420
0 425
0 432
0 443
0 448
0 455
0 461
0 470
0 471
0 477
0 487
0 492
1 17
1 68
1 209
1 363
1 377
1 416
1 440
1 446
2 17
2 239
2 361
2 373
2 440
2 446
3 25
3 73
3 85
3 169
3 248
3 358
3 411
3 416
4 23
4 88
4 136
4 212
4 299
4 306
4 308
4 416
4 424
4 430
4 484
4 490
5 15
5 17
5 104
5 125
5 143
5 158
5 161
5 165
5 167
5 172
5 182
5 188
5 267
5 285
5 316
5 327
5 342
5 358
5 364
5 369
5 414
5 416
5 426
5 430
5 440
5 452
6 110
6 195
6 217
6 420
6 474
6 487
7 8
7 70
7 100
7 142
7 221
7 298
7 382
7 468
8 15
8 84
8 132
8 468
9 183
9 343
9 376
9 448
9 495
10 12
10 15
10 17
10 439
11 88
11 408
11 430
12 17
12 24
12 79
12 126
12 211
12 310
12 415
12 416
12 439
12 440
13 24
13 332
13 333
13 384
14 167
14 182
14 267
14 414
14 440
15 17
15 24
15 32
15 36
15 38
15 40
15 49
15 56
15 64
15 65
15 77
15 78
15 79
15 86
15 92
15 100
15 102
15 107
15 115
15 117
15 122
15 128
15 132
15 135
15 136
15 142
15 144
15 149
15 151
15 155
15 158
15 160
15 167
15 168
15 171
15 172
15 177
15 179
15 182
15 183
15 202
15 205
15 211
15 213
15 221
15 222
15 224
15 227
15 231
15 233
15 235
15 253
15 256
15 259
15 261
15 269
15 270
15 276
15 280
15 288
15 298
15 303
15 315
15 320
15 327
15 333
15 349
15 350
15 353
15 358
15 360
15 372
15 373
15 374
15 376
15 381
15 382
15 385
15 386
15 387
15 389
15 390
15 391
15 394
15 409
15 410
15 413
15 416
15 418
15 430
15 433
15 439
15 443
15 448
15 451
15 452
15 454
15 457
15 458
15 463
15 473
15 479
15 483
15 489
15 492
15 495
15 497
16 100
16 102
16 132
16 468
16 473
17 18
17 24
17 25
17 27
17 63
17 79
17 116
17 123
17 128
17 136
17 147
17 150
17 167
17 171
17 172
17 182
17 193
17 196
17 205
17 209
17 211
17 231
17 239
17 251
17 310
17 327
17 332
17 348
17 358
17 363
17 377
17 384
17 400
17 412
17 415
17 416
17 430
17 439
17 440
17 446
17 451
17 452
17 466
17 483
17 490
18 147
18 209
18 363
18 440
19 102
19 164
19 190
19 197
19 202
19 207
19 219
19 271
19 323
19 448
19 463
19 470
19 488
19 492
19 497
20 53
20 130
20 156
20 236
20 319
20 389
20 402
20 405
20 413
20 444
21 51
21 54
21 61
21 67
21 93
21 172
21 223
21 231
21 265
21 334
21 352
21 362
21 394
21 396
21 417
21 430
21 431
21 445
21 459
21 467
21 482
21 484
22 48
22 64
22 100
22 102
22 160
22 351
22 448
22 472
23 66
23 284
23 299
23 306
23 430
23 465
24 79
24 102
24 104
24 122
24 126
24 158
24 171
24 172
24 222
24 332
24 333
24 348
24 363
24 378
24 384
24 385
24 416
24 481
25 28
25 30
25 40
25 50
25 60
25 73
25 136
25 169
25 254
25 269
25 299
25 358
25 373
25 416
25 426
25 430
25 483
26 80
26 110
26 139
26 173
26 229
26 235
26 338
26 340
26 428
27 33
27 63
27 147
27 193
27 209
27 361
27 373
27 416
27 440
28 73
28 136
28 172
28 299
28 304
28 358
28 394
28 416
28 426
28 438
29 78
29 90
29 106
29 174
29 227
29 286
29 401
29 443
30 50
30 169
30 231
30 254
30 358
30 416
31 142
31 221
31 222
31 298
31 382
31 386
31 422
32 158
32 165
32 172
32 188
32 267
32 285
32 294
32 316
32 327
32 416
32 426
32 440
33 373
33 440
34 53
34 80
34 435
34 477
35 56
35 110
35 141
35 176
35 195
35 229
35 235
35 263
35 335
35 359
35 395
35 420
35 474
36 100
36 115
36 133
36 213
36 232
36 256
36 268
36 302
36 398
36 448
36 468
36 496
37 46
37 187
37 328
38 171
38 342
38 353
38 385
38 481
39 52
39 130
39 145
39 225
39 272
39 291
39 328
39 475
40 73
40 85
40 136
40 161
40 167
40 248
40 299
40 308
40 358
40 416
40 426
40 430
40 483
41 101
41 170
41 284
41 430
42 296
42 339
42 387
42 449
42 492
43 57
43 359
43 443
43 489
44 228
44 281
44 393
45 167
45 172
45 358
45 416
45 483
46 52
46 96
46 130
46 189
46 218
46 223
46 229
46 231
46 272
46 287
46 313
46 328
47 74
47 89
47 102
47 252
47 256
47 315
47 318
47 448
47 488
48 58
48 100
48 103
48 160
48 448
48 493
49 122
49 360
49 416
49 418
50 167
50 169
50 299
50 306
50 358
50 416
50 490
51 60
51 61
51 62
51 67
51 93
51 98
51 111
51 113
51 184
51 223
51 231
51 265
51 321
51 352
51 356
51 362
51 394
51 396
51 416
51 431
51 445
51 459
51 467
52 83
52 96
52 130
52 145
52 189
52 218
52 229
52 231
52 236
52 392
52 420
52 444
52 470
52 491
53 130
53 292
53 319
53 402
53 405
53 413
53 444
53 447
54 223
54 231
54 265
54 279
54 352
54 394
54 417
54 459
54 499
55 57
55 78
55 102
55 106
55 108
55 130
55 131
55 154
55 157
55 163
55 176
55 181
55 206
55 216
55 241
55 244
55 245
55 249
55 260
55 264
55 273
55 277
55 309
55 325
55 359
55 374
55 404
55 443
55 450
55 455
55 461
55 470
55 489
56 87
56 113
56 130
56 184
56 192
56 230
56 231
56 236
56 237
56 266
56 365
56 383
56 389
56 394
56 406
56 407
56 416
56 480
57 90
57 106
57 120
57 174
57 216
57 240
57 270
57 281
57 286
57 374
57 376
57 399
57 443
57 448
57 456
57 470
57 489
57 492
58 64
58 71
58 100
58 102
58 103
58 117
58 129
58 152
58 160
58 183
58 247
58 256
58 268
58 441
58 448
58 473
58 492
58 493
59 76
59 113
59 231
59 305
59 324
59 406
59 431
60 406
60 408
61 67
61 98
61 231
61 265
61 321
61 394
61 396
61 445
61 467
61 484
62 223
62 231
62 352
62 394
62 417
62 430
62 436
63 167
63 172
63 361
63 373
63 446
64 71
64 74
64 100
64 102
64 117
64 129
64 152
64 180
64 213
64 246
64 247
64 250
64 256
64 398
64 419
64 448
64 493
65 122
65 196
65 222
65 341
65 360
66 101
66 172
66 212
66 284
66 308
66 416
66 465
66 490
67 93
67 98
67 231
67 237
67 321
67 352
67 389
67 394
67 396
67 406
67 445
68 209
68 363
68 377
68 440
69 167
69 259
69 316
69 336
69 358
69 416
69 430
69 483
69 486
70 102
70 177
70 199
70 240
70 339
70 376
70 492
71 100
71 103
71 115
71 117
71 152
71 441
71 448
71 493
72 130
72 174
72 263
72 330
72 395
72 420
72 474
73 136
73 169
73 248
73 269
73 299
73 358
73 411
73 416
73 426
74 100
74 102
74 252
74 315
74 488
74 497
75 108
75 163
75 260
75 282
75 326
75 371
75 443
75 470
76 231
76 238
76 305
76 324
76 383
76 389
76 394
76 406
76 431
77 135
77 144
77 151
77 386
77 390
77 451
77 454
78 94
78 100
78 163
78 167
78 181
78 206
78 241
78 244
78 245
78 264
78 273
78 277
78 309
78 374
78 399
78 404
78 421
78 443
78 450
78 455
78 461
78 470
78 471
78 489
78 493
79 205
79 211
79 385
79 415
79 439
79 440
80 87
80 99
80 110
80 186
80 235
80 325
80 331
80 359
80 420
80 432
80 474
81 167
81 172
81 311
81 327
81 358
81 416
81 462
81 466
81 483
82 130
82 220
82 236
82 292
82 319
82 444
83 130
83 175
83 319
83 365
83 389
83 427
84 132
84 213
84 416
85 136
85 248
85 299
85 367
85 416
85 426
86 179
86 233
86 320
86 372
86 410
86 418
87 236
87 389
87 406
88 119
88 124
88 161
88 198
88 201
88 231
88 284
88 329
88 362
88 367
88 389
88 416
88 430
88 453
89 102
89 156
89 183
89 318
89 463
89 488
89 497
90 106
90 174
90 286
90 399
90 489
91 175
91 192
91 230
91 389
91 427
92 144
92 433
93 231
93 394
93 445
93 484
94 157
94 374
94 404
94 443
94 455
94 470
94 471
95 101
95 119
95 161
95 170
95 430
96 176
96 229
97 153
97 173
97 186
97 204
97 208
97 325
97 331
97 359
97 432
98 105
98 231
98 321
98 394
98 416
99 139
99 173
99 325
99 331
99 338
99 359
99 428
99 460
99 477
100 102
100 103
100 117
100 129
100 132
100 133
100 134
100 144
100 152
100 183
100 197
100 213
100 232
100 246
100 247
100 250
100 256
100 266
100 268
100 295
100 298
100 302
100 315
100 327
100 351
100 382
100 397
100 398
100 419
100 443
100 448
100 458
100 468
100 492
100 493
100 494
100 496
100 498
101 167
101 170
101 284
101 430
101 490
102 115
102 152
102 156
102 160
102 164
102 167
102 183
102 187
102 190
102 207
102 227
102 234
102 240
102 246
102 252
102 256
102 257
102 268
102 271
102 290
102 297
102 315
102 318
102 323
102 343
102 376
102 382
102 398
102 419
102 443
102 444
102 448
102 457
102 463
102 478
102 488
102 489
102 492
102 495
102 497
103 129
103 134
103 160
103 213
103 256
103 441
103 448
103 493
104 158
104 182
104 267
104 369
105 231
105 389
105 394
105 431
105 464
106 107
106 120
106 131
106 174
106 226
106 227
106 249
106 281
106 284
106 286
106 317
106 359
106 376
106 399
106 401
106 456
106 489
106 492
107 120
107 174
107 249
107 256
107 281
108 131
108 157
108 163
108 195
108 245
108 260
108 282
108 307
108 371
108 404
108 443
109 242
109 279
109 334
109 362
109 394
109 482
110 217
110 263
110 331
110 359
110 395
110 420
110 435
110 474
110 487
111 231
111 334
111 367
111 482
112 231
112 237
112 356
112 394
112 484
113 231
113 238
113 324
113 431
114 214
114 370
114 376
114 379
114 492
115 133
115 213
115 256
115 398
115 448
116 205
116 251
116 310
116 400
117 129
117 152
117 247
117 441
117 448
117 493
118 187
118 319
119 161
119 198
119 430
120 162
120 216
120 234
120 235
120 272
120 376
120 399
120 443
120 455
120 456
120 489
120 492
121 416
121 440
121 452
122 123
122 137
122 171
122 196
122 222
122 233
122 239
122 276
122 320
122 341
122 360
122 372
122 382
122 416
122 418
122 440
123 196
124 184
124 367
124 388
124 453
125 158
125 167
125 172
125 188
125 255
125 300
125 312
125 327
125 369
125 416
125 430
125 440
125 483
126 348
126 415
127 130
127 145
127 146
127 200
127 272
127 423
128 332
128 333
128 416
129 152
129 247
129 419
129 448
129 493
130 140
130 145
130 146
130 148
130 172
130 175
130 181
130 183
130 187
130 189
130 192
130 200
130 218
130 220
130 225
130 229
130 230
130 231
130 235
130 236
130 237
130 246
130 255
130 262
130 272
130 291
130 292
130 319
130 325
130 328
130 330
130 345
130 354
130 356
130 362
130 365
130 368
130 389
130 392
130 402
130 405
130 406
130 413
130 416
130 420
130 423
130 427
130 430
130 432
130 434
130 440
130 444
130 447
130 470
130 491
131 154
131 157
131 287
131 443
131 470
132 180
132 213
132 382
132 397
132 448
132 468
132 473
133 256
133 398
133 496
134 160
134 183
134 351
134 448
134 472
135 149
135 155
135 451
136 167
136 169
136 172
136 210
136 248
136 299
136 304
136 358
136 416
136 426
136 483
137 205
137 410
137 476
138 235
138 275
138 335
138 420
139 359
139 428
139 477
140 148
140 200
140 231
140 345
140 405
140 423
140 444
141 195
141 235
141 275
141 335
141 395
141 420
141 434
142 221
142 298
142 382
142 386
142 457
143 158
143 182
143 188
143 285
143 416
144 151
144 155
144 261
144 298
144 327
144 372
144 386
144 390
144 416
144 451
144 454
145 220
145 225
145 235
145 272
145 328
145 354
145 423
145 474
145 475
146 148
146 200
146 220
146 236
146 272
146 319
146 345
146 354
147 182
147 193
147 363
147 440
148 200
148 345
148 354
148 392
148 394
148 423
149 155
149 433
149 451
150 310
150 400
150 416
150 440
151 390
151 451
151 454
152 247
152 268
152 448
152 493
153 173
153 186
153 194
153 204
153 208
153 338
153 359
153 460
154 181
154 264
154 273
154 443
155 167
155 390
155 451
156 246
156 290
156 315
156 323
156 343
157 244
157 245
157 307
157 374
157 404
157 432
157 443
157 450
157 470
157 471
157 492
158 165
158 169
158 172
158 182
158 188
158 267
158 285
158 358
158 369
158 416
158 440
160 167
160 183
160 256
160 290
160 351
160 380
160 448
160 458
160 463
160 472
161 169
161 170
161 198
161 284
161 394
161 430
162 301
162 325
162 357
162 432
163 260
163 282
163 287
163 371
163 374
163 421
163 470
164 190
164 323
165 167
165 327
165 416
165 440
166 184
166 223
166 231
166 352
166 362
166 394
167 172
167 188
167 209
167 210
167 223
167 231
167 243
167 255
167 259
167 283
167 294
167 299
167 300
167 311
167 312
167 316
167 327
167 336
167 337
167 346
167 347
167 355
167 358
167 369
167 389
167 394
167 408
167 414
167 416
167 430
167 440
167 462
167 466
168 261
168 391
168 451
169 212
169 231
169 254
169 259
169 269
169 299
169 411
169 416
169 426
169 430
169 490
170 284
170 430
171 222
171 342
171 353
171 440
172 210
172 212
172 231
172 243
172 255
172 259
172 267
172 283
172 311
172 312
172 316
172 327
172 336
172 337
172 346
172 347
172 355
172 358
172 359
172 363
172 369
172 416
172 430
172 462
172 466
172 483
172 486
173 186
173 194
173 204
173 235
173 325
173 359
173 425
173 428
173 460
173 477
174 216
174 227
174 234
174 249
174 281
174 393
174 401
175 192
175 230
175 231
175 236
175 319
175 365
175 389
175 406
175 407
175 416
175 427
175 444
175 480
175 485
176 195
176 218
176 235
176 314
176 340
176 404
176 420
176 434
177 199
177 240
177 469
177 492
178 185
178 300
178 364
178 373
178 412
178 414
180 213
180 256
180 298
180 302
181 241
181 273
181 443
181 450
182 185
182 188
182 358
182 369
182 414
182 416
182 430
183 268
183 290
183 315
183 448
183 493
183 495
184 223
184 231
184 265
184 279
184 289
184 334
184 352
184 362
184 394
184 431
184 436
184 444
184 482
185 364
185 412
185 416
185 452
186 194
186 204
186 208
186 235
186 325
186 338
186 359
186 420
186 460
186 477
187 272
187 365
188 285
189 491
190 297
190 323
191 341
192 230
192 258
192 368
192 389
192 407
192 442
192 480
193 209
193 373
193 416
193 440
194 204
194 208
194 325
194 338
194 359
194 460
195 330
195 420
195 434
195 435
196 202
196 222
196 341
196 360
197 207
197 257
197 448
197 492
198 430
199 339
199 376
199 492
200 345
200 392
201 231
201 329
201 430
202 276
202 280
202 437
203 478
204 208
204 325
204 331
204 338
204 359
205 251
205 310
205 400
205 416
205 418
205 439
205 440
206 241
206 273
206 277
206 309
206 443
206 450
206 455
206 461
206 470
207 219
207 257
207 463
208 301
208 325
208 359
208 432
208 435
208 460
209 239
209 363
209 377
209 440
210 311
210 337
210 346
210 416
211 415
211 439
212 231
212 306
212 308
212 416
212 430
212 490
213 221
213 250
213 256
213 295
213 298
213 302
213 344
213 370
213 382
213 386
213 397
213 398
213 419
213 448
213 458
213 468
213 496
213 498
214 376
214 379
215 236
215 266
215 319
215 365
215 427
216 273
216 281
216 374
216 399
216 443
216 456
217 235
217 359
217 487
218 229
218 235
218 313
218 470
219 448
220 231
220 292
220 319
220 413
220 444
221 382
221 386
221 422
221 429
222 341
222 360
223 231
223 265
223 289
223 334
223 352
223 362
223 394
223 396
223 417
223 436
223 445
223 484
223 499
224 280
224 350
224 418
224 433
225 236
225 272
225 291
225 328
225 423
226 228
226 376
227 249
227 281
227 401
228 249
228 281
228 393
229 235
229 313
229 470
230 236
230 365
230 389
231 237
231 238
231 265
231 289
231 316
231 319
231 321
231 324
231 334
231 352
231 356
231 358
231 359
231 362
231 365
231 367
231 368
231 389
231 394
231 396
231 406
231 407
231 416
231 417
231 424
231 430
231 431
231 440
231 442
231 443
231 444
231 445
231 452
231 459
231 464
231 467
231 470
231 482
231 483
231 484
231 490
231 499
232 256
232 268
232 419
232 448
232 496
233 276
233 320
233 360
233 418
234 270
234 281
234 286
234 317
234 489
235 236
235 263
235 275
235 313
235 314
235 334
235 335
235 340
235 359
235 395
235 420
235 432
235 434
236 238
236 266
236 292
236 319
236 389
236 394
236 402
236 405
236 406
236 413
236 418
236 427
236 444
236 470
237 394
237 431
237 484
238 324
238 394
238 406
238 431
239 373
239 416
239 440
240 339
240 370
240 448
240 469
240 492
241 273
241 443
241 450
241 455
241 461
241 470
242 279
242 334
242 482
243 327
243 416
244 325
244 374
244 443
245 264
245 273
245 374
245 399
245 443
245 450
245 455
245 470
246 290
246 315
246 318
246 343
247 448
248 299
248 304
248 358
248 416
249 281
250 398
250 448
250 498
251 310
251 440
252 315
252 488
253 386
253 429
253 473
254 269
254 299
254 426
255 312
255 327
255 416
255 448
256 268
256 295
256 302
256 344
256 398
256 419
256 448
256 458
256 463
256 494
256 496
257 463
258 365
258 368
258 389
259 316
259 327
259 347
259 358
259 416
259 483
260 282
260 371
260 421
261 391
262 447
263 395
263 420
263 435
263 474
264 443
264 450
264 455
264 470
265 289
265 321
265 352
265 389
265 394
265 396
265 417
265 430
265 436
265 440
265 459
265 467
265 499
266 383
266 389
266 406
267 414
267 483
268 419
268 448
268 494
269 299
269 327
269 416
270 399
270 456
270 489
271 297
271 318
272 328
272 394
272 423
272 444
272 475
273 277
273 374
273 399
273 443
273 448
273 450
273 455
273 470
274 278
274 342
274 353
274 385
275 420
275 434
276 293
276 320
276 418
276 451
276 479
277 309
277 443
277 455
277 461
277 470
278 353
278 385
279 289
279 334
279 459
279 482
280 293
280 372
280 451
281 376
281 393
281 401
281 470
281 492
282 287
282 359
282 421
282 432
282 470
283 311
283 316
283 337
284 366
284 416
284 430
284 482
285 416
286 317
286 443
287 470
288 298
288 349
288 381
288 386
288 409
288 457
289 334
289 362
289 482
290 448
291 328
292 319
292 365
292 405
292 427
292 444
293 372
294 316
294 327
294 416
295 302
295 398
295 448
295 454
295 458
295 468
295 498
296 376
296 387
296 449
297 488
297 492
298 349
298 381
298 382
298 386
298 398
298 409
298 416
298 422
298 429
298 457
299 304
299 316
299 358
299 411
299 416
299 430
299 490
301 325
301 357
301 359
301 432
302 344
302 448
302 458
302 468
304 308
304 416
304 426
305 324
305 383
305 389
306 308
307 330
307 404
307 470
308 430
309 374
309 421
309 443
309 455
309 461
309 470
311 355
311 416
311 466
311 483
312 316
312 327
312 416
313 340
313 420
315 318
315 448
315 488
316 336
316 337
316 346
316 347
316 358
316 416
316 483
317 443
318 463
318 488
318 492
318 497
319 345
319 365
319 368
319 405
319 413
319 420
319 423
319 427
319 442
319 444
319 447
321 394
321 396
321 445
322 336
322 358
322 416
323 463
324 365
324 464
325 331
325 338
325 357
325 359
325 420
325 425
325 428
325 432
325 434
325 443
325 470
325 477
325 491
326 470
327 358
327 416
327 466
327 483
328 394
328 423
328 475
329 482
330 395
330 420
330 435
330 474
331 338
331 460
331 487
332 333
332 378
334 362
334 388
334 394
334 416
334 430
334 482
335 395
335 420
335 434
336 358
336 416
336 483
336 486
337 346
337 416
337 483
338 359
338 428
338 460
338 477
338 487
339 370
339 375
339 376
339 387
339 443
339 449
339 492
340 359
340 434
342 385
343 448
343 495
344 448
344 458
345 354
345 392
346 358
346 416
346 483
347 416
347 483
351 448
352 362
352 394
352 416
352 417
352 436
352 482
352 499
354 392
355 416
355 466
356 389
356 394
356 406
356 484
357 359
357 432
358 396
358 416
358 426
358 438
358 483
358 486
359 374
359 376
359 404
359 420
359 421
359 425
359 428
359 432
359 435
359 443
359 455
359 460
359 461
359 470
359 477
360 385
361 373
362 406
362 416
362 445
362 482
362 499
363 377
363 440
365 407
365 413
365 427
365 444
365 485
366 394
366 430
367 388
367 408
367 430
367 453
368 389
368 407
368 442
369 416
370 376
370 387
370 449
370 492
371 421
371 443
373 440
373 446
374 404
374 443
374 450
374 455
374 461
374 470
374 471
375 443
376 379
376 387
376 448
376 470
377 440
379 399
379 432
379 492
381 382
381 457
382 386
382 422
382 457
383 405
383 406
383 416
386 422
386 429
387 449
387 492
388 430
388 453
389 394
389 406
389 416
389 427
389 442
389 485
390 433
390 451
390 454
393 470
394 396
394 406
394 416
394 417
394 430
394 431
394 436
394 440
394 443
394 445
394 467
394 470
394 482
394 484
394 491
395 420
395 474
397 398
398 448
398 468
398 496
398 498
399 432
399 443
399 456
399 489
400 439
400 440
400 483
402 405
402 413
402 444
404 435
404 443
404 470
404 471
405 413
405 444
406 407
406 413
406 427
406 431
407 480
407 485
409 448
409 457
410 418
411 416
411 426
412 416
412 440
412 452
413 444
413 447
415 416
415 439
416 424
416 426
416 430
416 431
416 440
416 443
416 444
416 446
416 448
416 462
416 466
416 470
416 476
416 482
416 483
416 486
416 490
417 436
418 479
419 448
419 494
420 434
420 435
420 474
420 487
421 443
422 473
424 490
425 432
426 430
426 438
426 440
428 477
429 473
430 453
430 482
430 483
431 464
431 484
432 448
435 474
435 477
436 499
439 440
440 446
440 448
440 452
440 467
441 448
441 493
443 450
443 455
443 456
443 461
443 470
443 471
443 489
444 485
448 458
448 468
448 472
448 473
448 492
448 493
448 494
448 495
449 492
450 455
450 461
450 470
451 454
455 461
455 470
456 489
464 484
469 492
470 471
470 492
478 492
480 485
488 497
494 498
