0 13
0 14
0 29
0 31
0 44
0 53
0 56
0 64
0 66
0 89
0 93
0 97
0 98
1 4
1 6
1 13
1 15
1 24
1 54
1 55
1 64
1 65
1 76
1 93
2 9
2 22
2 25
3 8
3 19
3 41
3 75
3 76
3 88
3 92
4 6
4 8
4 13
4 15
4 20
4 24
4 41
4 46
4 65
4 75
4 88
5 8
5 14
5 41
5 46
5 49
5 76
6 13
6 20
6 24
6 54
6 55
6 56
6 64
6 65
6 76
6 88
6 93
7 14
7 22
7 32
7 57
7 78
7 92
7 94
8 12
8 13
8 14
8 19
8 22
8 24
8 41
8 45
8 46
8 64
8 75
8 76
8 78
8 86
9 17
9 22
9 23
9 25
9 26
9 34
9 35
9 61
9 67
9 68
9 69
9 74
9 76
9 82
9 85
9 90
9 99
10 11
10 23
10 26
10 28
10 67
10 68
10 71
10 74
10 91
11 16
11 28
11 30
11 35
11 37
11 38
11 42
11 58
11 59
11 73
11 80
11 96
12 22
12 27
12 31
12 64
12 72
13 14
13 15
13 20
13 22
13 24
13 28
13 41
13 44
13 45
13 54
13 55
13 62
13 64
13 65
13 88
13 93
14 19
14 21
14 41
14 46
14 49
14 57
14 64
14 86
14 92
14 94
15 21
15 24
15 45
15 54
15 55
15 64
15 65
15 88
16 17
16 22
16 26
16 28
16 30
16 35
16 38
16 52
16 59
16 71
16 82
17 22
17 28
17 68
17 71
17 74
17 90
18 39
18 62
18 87
19 41
19 45
19 64
19 75
19 76
19 88
20 24
20 41
20 55
20 64
20 65
20 66
20 76
20 88
21 22
21 28
21 30
21 35
21 42
21 58
21 59
21 73
21 84
21 96
22 23
22 25
22 26
22 27
22 28
22 29
22 33
22 34
22 37
22 42
22 54
22 59
22 61
22 62
22 64
22 67
22 68
22 70
22 74
22 79
22 81
22 82
22 83
22 90
22 99
23 25
23 26
23 34
23 61
23 74
23 83
23 99
24 41
24 45
24 49
24 54
24 55
24 57
24 62
24 64
24 65
24 76
24 88
24 93
24 97
25 28
26 28
26 67
26 68
26 71
26 90
26 91
27 34
27 40
27 81
27 82
27 83
28 30
28 32
28 34
28 35
28 36
28 37
28 38
28 39
28 41
28 42
28 48
28 52
28 58
28 59
28 62
28 64
28 67
28 69
28 71
28 73
28 74
28 79
28 80
28 84
28 85
28 87
28 90
28 93
28 94
28 95
28 96
28 99
29 31
29 53
29 64
29 72
29 89
29 97
29 98
30 35
30 36
30 69
30 73
30 84
30 95
30 96
31 44
31 56
31 64
31 66
31 82
31 85
31 98
32 62
32 87
33 34
33 40
33 44
33 50
33 63
33 66
33 70
33 82
33 83
34 40
34 82
34 83
35 37
35 38
35 42
35 58
35 59
35 74
35 84
36 69
36 73
36 79
36 80
36 84
36 96
37 38
37 52
37 59
38 42
38 59
38 73
38 74
39 51
39 60
40 74
40 82
40 83
41 46
41 48
41 49
41 64
41 75
41 76
41 78
41 86
41 88
41 95
42 58
42 73
42 74
42 96
43 44
43 63
43 64
43 66
43 72
44 63
44 64
44 66
44 70
44 72
44 82
44 83
44 97
45 64
45 75
45 76
45 88
46 76
47 76
47 95
48 49
48 60
48 92
49 75
49 76
49 78
49 86
49 94
50 64
50 70
50 82
50 83
51 77
52 71
52 85
53 64
53 89
53 97
53 98
54 64
54 93
55 64
55 65
55 93
56 63
56 64
56 86
56 89
56 98
57 78
57 87
57 92
58 59
59 73
59 90
60 62
60 92
61 74
61 85
61 99
62 87
63 66
63 72
64 65
64 66
64 68
64 72
64 76
64 82
64 83
64 88
64 89
64 93
64 97
64 98
65 88
66 72
66 88
67 68
67 71
67 74
67 85
67 90
67 91
68 74
68 85
68 90
68 91
69 79
69 80
69 96
70 82
71 91
72 82
73 74
73 80
73 84
73 96
74 77
74 82
74 83
74 85
74 90
75 76
75 88
76 88
78 94
79 80
79 84
79 95
79 96
80 95
80 96
81 83
82 83
82 85
83 86
85 99
86 87
86 88
86 94
87 92
89 97
89 98
90 98
97 98
