0 4
0 109
0 117
0 120
0 123
0 146
0 204
0 285
0 340
0 409
0 422
0 465
1 113
1 115
1 243
1 357
1 451
2 112
2 143
2 296
2 416
2 444
3 4
3 190
3 285
3 308
3 351
3 369
4 17
4 22
4 41
4 45
4 52
4 57
4 63
4 73
4 74
4 85
4 86
4 88
4 93
4 97
4 98
4 99
4 105
4 109
4 111
4 112
4 117
4 119
4 122
4 123
4 126
4 130
4 132
4 140
4 142
4 144
4 146
4 154
4 155
4 157
4 168
4 176
4 180
4 181
4 190
4 204
4 221
4 223
4 235
4 237
4 241
4 253
4 254
4 257
4 263
4 264
4 276
4 285
4 293
4 295
4 305
4 308
4 313
4 327
4 330
4 331
4 340
4 351
4 365
4 375
4 377
4 385
4 400
4 403
4 408
4 409
4 411
4 422
4 435
4 437
4 438
4 439
4 440
4 444
4 448
4 454
4 460
4 465
4 476
4 480
4 498
5 8
5 45
5 53
5 62
5 104
5 133
5 141
5 153
5 163
5 218
5 268
5 349
5 355
5 378
5 487
6 23
6 37
6 68
6 87
6 101
6 135
6 139
6 184
6 188
6 214
6 333
6 342
6 380
6 395
6 461
6 467
6 483
6 493
7 32
7 95
7 293
7 370
7 378
7 437
7 477
7 494
8 283
8 349
8 371
8 494
9 34
9 292
9 389
9 457
10 76
10 95
10 251
10 370
10 464
10 494
11 161
11 402
11 443
12 36
12 37
12 58
12 65
12 101
12 105
12 108
13 170
13 173
13 200
13 337
13 450
14 69
14 259
14 272
14 325
14 359
14 413
15 72
15 402
16 17
16 260
16 286
17 28
17 84
17 128
17 134
17 151
17 213
17 260
17 286
17 327
17 353
17 455
17 460
17 498
18 53
18 179
18 233
18 242
18 247
18 268
18 294
18 376
18 414
18 487
19 118
19 130
19 159
19 403
19 431
20 29
20 77
20 137
20 147
20 195
20 236
20 248
20 301
20 334
20 364
20 419
20 428
20 445
21 37
21 40
21 65
21 105
21 108
21 127
21 222
21 228
21 345
21 353
21 395
21 474
22 122
22 176
22 241
22 263
22 305
22 327
22 409
22 420
23 135
23 214
23 333
23 382
24 28
24 78
24 134
24 151
24 213
24 230
24 239
24 286
24 318
24 435
24 498
25 104
25 133
25 256
26 37
26 40
26 77
26 81
26 101
26 105
26 346
26 361
26 490
27 54
27 70
27 115
27 244
27 261
27 266
27 270
27 317
28 78
28 151
28 161
28 213
28 230
28 286
28 318
28 348
28 435
28 455
29 40
29 137
29 147
29 248
29 301
29 334
29 445
30 32
30 95
30 133
30 183
30 200
30 293
30 309
30 366
30 370
30 437
30 462
30 464
30 477
30 482
31 63
31 80
31 86
31 140
31 152
31 158
31 168
31 253
31 263
31 285
31 331
31 391
31 466
32 93
32 95
32 183
32 200
32 251
32 258
32 261
32 293
32 304
32 309
32 366
32 370
32 378
32 431
32 437
32 450
32 464
32 477
32 482
32 494
33 73
33 180
33 320
33 373
33 381
33 436
33 466
34 102
34 125
34 289
34 335
34 350
34 412
34 457
35 100
35 155
35 286
35 353
35 472
35 488
36 37
36 40
36 58
36 65
36 105
36 219
36 228
36 345
36 360
36 395
37 40
37 58
37 65
37 68
37 71
37 72
37 77
37 81
37 101
37 105
37 107
37 108
37 109
37 124
37 127
37 146
37 164
37 171
37 192
37 198
37 205
37 206
37 214
37 219
37 222
37 228
37 236
37 250
37 274
37 290
37 306
37 314
37 327
37 333
37 334
37 345
37 346
37 347
37 353
37 360
37 361
37 363
37 372
37 374
37 388
37 394
37 395
37 405
37 407
37 425
37 426
37 428
37 429
37 433
37 441
37 447
37 449
37 456
37 460
37 474
37 490
37 493
38 261
38 332
39 42
39 99
39 223
39 259
39 338
39 353
39 397
39 413
39 430
39 460
39 492
40 65
40 77
40 95
40 105
40 108
40 127
40 172
40 186
40 192
40 208
40 219
40 222
40 228
40 279
40 345
40 346
40 360
40 372
40 374
40 380
40 386
40 395
41 234
41 479
42 99
42 223
42 338
42 397
42 492
43 80
43 109
43 152
43 263
43 285
43 469
44 106
44 113
44 115
44 138
44 245
44 357
45 62
45 91
45 116
45 133
45 141
45 153
45 156
45 163
45 174
45 209
45 218
45 343
45 355
45 390
46 112
46 142
46 143
46 327
46 365
46 367
46 478
46 482
46 486
46 495
47 84
47 180
47 285
47 410
47 455
48 67
48 193
48 201
49 162
49 234
49 327
49 337
50 135
50 139
50 198
50 238
50 333
50 344
50 356
50 363
50 368
50 424
50 425
50 461
50 467
51 166
51 302
51 348
51 435
51 455
51 485
52 96
52 98
52 119
52 132
52 146
52 254
52 257
52 277
52 295
52 305
52 327
52 341
52 375
52 408
52 497
53 55
53 113
53 163
53 194
53 247
53 255
53 267
53 442
53 451
53 471
53 481
54 115
54 138
54 231
54 270
54 273
54 288
54 297
54 317
54 384
54 473
55 138
55 156
55 189
55 209
55 247
55 267
55 357
55 451
55 457
55 471
55 487
56 115
56 164
56 244
56 447
57 88
57 97
57 98
57 109
57 146
57 263
57 264
57 285
57 330
57 340
57 409
58 64
58 65
58 77
58 101
58 105
58 108
58 114
58 219
58 222
58 228
58 360
58 386
58 441
59 102
59 115
59 125
59 148
59 261
59 457
60 112
60 149
60 175
60 367
61 207
61 289
61 335
61 399
61 412
61 457
62 153
62 163
62 174
62 203
62 209
62 355
63 140
63 152
63 168
63 253
63 285
64 171
64 186
64 372
64 395
64 426
64 429
64 441
64 456
65 101
65 105
65 108
65 177
65 192
65 345
65 374
65 405
65 441
66 75
66 83
66 185
66 275
67 193
67 201
67 265
67 319
67 362
68 150
68 219
68 224
68 342
68 393
68 421
68 470
68 483
68 493
69 94
69 199
69 259
69 312
69 359
69 411
69 434
69 460
69 492
70 79
70 105
70 115
70 169
70 261
70 332
70 447
71 94
71 321
71 411
72 155
72 324
72 402
73 180
73 215
73 323
73 373
73 381
73 436
74 109
74 158
74 285
74 469
75 83
75 130
75 149
75 185
75 210
75 367
75 448
76 95
76 251
76 258
76 304
76 370
76 494
77 94
77 105
77 186
77 205
77 222
77 266
77 319
77 333
77 346
77 353
77 361
77 362
77 428
77 433
77 441
77 460
77 474
77 490
78 134
78 151
78 213
78 230
78 239
78 240
78 286
78 318
78 435
78 455
79 115
79 332
79 447
79 473
80 86
80 109
80 152
80 285
80 385
80 409
80 466
81 346
81 361
81 490
82 126
82 235
82 327
82 416
82 438
82 439
82 440
83 112
83 130
83 143
83 145
83 149
83 159
83 175
83 178
83 185
83 210
83 220
83 327
83 358
83 367
83 494
84 180
84 280
84 310
84 353
84 452
85 97
85 98
85 109
85 126
85 132
85 146
85 176
85 221
85 254
85 263
85 276
85 277
85 295
85 305
85 313
85 330
85 351
85 375
85 422
85 465
85 497
86 109
86 152
86 158
86 168
86 253
86 285
86 315
86 409
86 466
86 479
87 214
87 333
87 483
88 97
88 98
88 146
88 263
88 264
88 308
88 400
88 409
88 497
89 327
89 416
89 463
89 486
90 169
90 261
90 332
90 447
91 291
91 418
91 427
92 109
92 187
92 190
92 263
92 285
92 308
92 315
92 331
92 369
92 385
92 391
92 453
93 95
93 258
93 304
93 322
93 370
93 378
93 390
94 199
94 259
94 272
94 312
94 353
94 413
95 180
95 200
95 258
95 293
95 304
95 322
95 366
95 370
95 378
95 462
95 464
95 477
95 482
95 494
96 98
96 109
96 119
96 129
96 132
96 146
96 254
96 263
96 277
96 295
96 305
96 341
96 375
96 408
96 480
96 497
97 98
97 109
97 146
97 254
97 257
97 263
97 277
97 330
97 375
97 409
98 109
98 119
98 146
98 180
98 191
98 221
98 254
98 257
98 263
98 264
98 277
98 285
98 295
98 305
98 313
98 327
98 330
98 337
98 338
98 341
98 375
98 377
98 400
98 408
98 409
98 422
98 497
99 180
99 223
99 271
99 325
99 338
99 353
99 413
99 435
99 492
100 155
100 353
100 460
100 484
100 488
101 105
101 108
101 177
101 192
101 374
101 395
101 405
102 115
102 125
102 148
102 350
102 457
103 161
103 226
103 249
103 265
103 328
103 445
103 446
103 458
104 133
104 256
104 343
104 349
104 378
104 401
105 108
105 114
105 127
105 177
105 186
105 201
105 208
105 219
105 228
105 250
105 261
105 345
105 346
105 360
105 372
105 374
105 386
105 395
105 426
105 429
105 441
105 456
105 468
106 138
106 261
107 124
107 172
107 206
107 214
107 224
107 282
107 314
107 342
107 347
107 379
107 386
107 388
107 394
107 468
107 475
107 493
108 114
108 186
108 219
108 222
108 228
108 263
108 345
108 360
108 372
108 374
108 386
108 388
108 395
108 405
108 426
108 441
108 490
109 117
109 120
109 123
109 132
109 144
109 146
109 149
109 152
109 158
109 168
109 181
109 204
109 253
109 263
109 264
109 285
109 330
109 331
109 337
109 340
109 375
109 383
109 408
109 409
109 416
109 422
109 465
109 469
109 480
109 484
110 136
110 205
110 319
110 417
110 428
111 180
111 320
111 436
111 476
112 138
112 142
112 196
112 440
112 495
113 115
113 243
113 245
113 357
113 384
114 127
114 167
114 177
114 208
114 372
114 374
114 393
114 426
114 429
114 441
114 456
115 138
115 148
115 163
115 207
115 231
115 245
115 255
115 261
115 266
115 270
115 273
115 285
115 288
115 289
115 297
115 317
115 378
115 413
115 436
115 447
115 457
115 471
115 473
115 477
116 211
116 283
116 291
116 427
117 123
117 144
117 146
117 181
117 263
117 264
117 285
117 408
117 409
117 480
117 497
118 130
118 178
118 182
118 220
118 225
118 246
118 323
118 403
118 431
118 448
118 459
119 126
119 146
119 157
119 254
119 263
119 277
119 305
119 375
120 158
120 204
120 263
120 285
120 469
120 480
121 124
121 202
121 206
121 224
121 336
121 347
121 379
121 393
121 468
121 475
121 493
122 176
122 241
122 327
122 416
122 438
123 144
123 146
123 204
123 263
123 264
123 285
123 340
123 387
123 400
123 408
123 409
123 422
123 480
124 127
124 172
124 202
124 206
124 282
124 314
124 347
124 379
124 386
124 388
124 393
124 475
125 148
125 292
125 350
125 389
125 447
125 457
126 129
126 146
126 157
126 176
126 191
126 257
126 263
126 264
126 305
126 313
126 327
126 341
126 375
126 400
126 420
126 497
127 171
127 177
127 186
127 205
127 360
127 372
127 380
127 386
127 394
127 426
127 429
127 441
127 456
127 493
128 240
128 498
129 162
129 176
129 191
129 276
129 305
129 327
129 341
130 145
130 159
130 162
130 176
130 178
130 197
130 220
130 225
130 246
130 257
130 275
130 293
130 296
130 323
130 337
130 339
130 352
130 354
130 358
130 367
130 415
130 416
130 431
130 448
130 459
130 491
131 289
131 399
131 489
132 146
132 221
132 254
132 257
132 263
132 295
132 305
132 313
132 327
132 341
132 375
132 497
133 268
133 396
133 401
134 213
134 230
134 239
134 240
134 286
134 318
134 435
134 455
134 498
135 139
135 184
135 214
135 333
135 376
135 461
135 467
136 205
136 274
136 290
137 147
137 328
137 334
137 419
137 443
137 445
137 449
138 245
138 255
138 297
138 384
138 451
139 184
139 198
139 299
139 300
139 306
139 307
139 333
139 356
139 363
139 392
139 399
139 407
139 424
139 425
139 457
140 152
140 168
140 176
140 253
140 285
140 331
140 340
140 466
141 218
141 304
141 401
142 175
142 185
142 285
142 367
143 296
143 495
144 168
144 181
144 204
144 253
144 263
144 285
144 340
144 408
144 409
144 480
145 197
145 329
145 358
146 162
146 176
146 220
146 253
146 257
146 263
146 264
146 277
146 285
146 295
146 305
146 308
146 313
146 327
146 330
146 331
146 340
146 341
146 375
146 377
146 400
146 408
146 409
146 416
146 420
146 422
146 480
147 201
147 236
147 301
147 334
147 443
147 445
147 449
148 261
148 350
148 356
148 457
149 185
149 220
149 367
150 342
150 393
150 470
151 230
151 239
151 260
151 318
151 435
151 460
152 168
152 253
152 263
152 285
152 331
152 387
153 156
153 163
153 174
153 209
153 355
154 237
154 285
154 331
154 351
154 453
155 260
155 316
155 353
155 460
155 472
155 484
155 488
156 163
156 268
156 287
156 355
156 487
157 176
157 235
157 257
157 276
157 420
158 263
158 285
158 469
159 182
159 403
159 431
159 463
160 237
160 281
160 308
160 409
160 436
160 454
161 229
161 265
161 328
161 334
161 402
162 234
162 327
162 365
162 440
163 179
163 231
163 233
163 268
163 273
163 287
163 294
163 355
163 431
163 442
163 487
164 244
164 261
164 332
164 473
165 195
165 311
165 334
165 364
165 446
165 449
166 302
166 334
166 348
166 398
166 430
166 432
166 485
167 250
167 252
167 333
167 386
168 253
168 263
168 278
168 285
168 308
168 331
168 340
168 387
168 466
169 261
169 332
169 447
170 183
170 450
170 464
171 177
171 186
171 208
171 372
171 426
171 429
171 441
172 202
172 206
172 252
172 314
172 336
172 372
172 379
172 386
172 388
172 393
172 457
172 493
173 406
173 450
173 459
174 209
174 355
175 367
176 191
176 232
176 241
176 253
176 257
176 263
176 276
176 285
176 313
176 327
176 341
176 375
176 404
176 409
176 420
176 438
177 186
177 202
177 208
177 250
177 282
177 386
177 426
177 429
177 456
178 220
178 225
178 323
178 339
178 418
178 448
179 268
179 287
179 294
179 332
179 378
179 487
180 213
180 215
180 230
180 280
180 281
180 285
180 286
180 310
180 340
180 348
180 351
180 353
180 373
180 375
180 381
180 408
180 410
180 413
180 432
180 435
180 454
180 455
180 460
180 485
180 490
180 499
181 285
181 409
181 469
181 480
182 220
182 225
182 246
182 352
182 431
182 448
183 200
183 293
183 309
183 366
183 437
183 450
183 464
183 482
184 214
184 238
184 306
184 333
184 380
184 386
184 467
185 210
185 367
186 192
186 208
186 372
186 374
186 426
186 441
186 456
187 190
187 262
187 285
187 308
187 315
187 331
187 369
187 385
187 387
187 453
188 289
188 335
188 399
188 412
189 243
189 451
189 481
190 237
190 262
190 272
190 285
190 308
190 315
190 351
190 369
190 423
190 453
190 479
190 499
191 305
191 375
191 409
191 497
192 346
192 360
192 393
192 405
192 429
192 441
193 201
193 362
194 255
194 267
194 294
194 487
195 201
195 301
195 311
195 445
195 449
196 296
196 444
196 478
196 495
197 275
197 491
198 333
198 344
198 356
198 368
200 293
200 309
200 366
200 437
200 464
200 477
200 482
201 217
201 362
201 417
201 490
202 206
202 214
202 282
202 347
202 379
202 386
202 388
202 475
202 493
203 291
203 349
203 371
203 390
204 263
204 278
204 285
204 340
204 408
204 409
204 480
205 274
205 290
205 319
205 428
206 224
206 252
206 282
206 314
206 347
206 386
206 388
206 475
207 289
207 376
207 447
207 489
208 386
208 426
208 429
208 456
209 218
209 355
211 283
211 291
211 418
211 427
212 216
213 230
213 239
213 240
213 286
213 318
213 435
213 498
214 238
214 261
214 333
214 356
214 461
214 467
215 281
215 285
215 320
215 373
215 381
215 410
216 227
216 265
216 328
216 364
216 458
217 326
217 334
217 428
218 401
218 477
219 345
219 360
219 386
219 395
219 441
220 225
220 275
220 293
220 323
220 327
220 329
220 339
220 352
220 358
220 367
220 431
220 448
220 491
221 263
221 264
221 331
221 377
221 400
222 345
222 395
223 269
223 271
223 353
223 383
223 397
223 413
223 492
224 336
224 379
224 393
224 468
224 493
225 323
225 415
225 431
225 448
226 227
226 249
226 265
226 311
226 328
226 458
227 265
227 458
228 345
228 360
228 395
228 474
229 324
229 397
229 446
230 239
230 285
230 286
230 318
230 398
230 435
230 488
231 245
231 357
232 241
232 276
232 327
232 404
233 242
233 268
233 355
233 442
233 487
234 337
235 327
235 438
235 439
235 440
236 334
236 360
237 263
237 285
237 351
237 454
237 499
238 368
238 461
238 467
239 280
239 286
239 318
239 348
239 353
239 435
240 286
240 318
240 435
240 488
240 498
241 327
241 438
242 268
242 287
242 294
242 414
242 487
243 357
244 447
244 473
245 384
245 415
246 352
246 354
246 403
246 431
247 487
248 334
248 419
249 265
249 446
249 458
250 252
250 474
251 370
251 437
251 494
252 336
252 347
252 379
252 386
252 393
252 475
253 263
253 264
253 285
253 331
253 385
253 387
253 409
253 466
254 277
254 295
254 305
254 313
254 341
254 375
254 409
255 487
256 343
256 396
257 276
257 341
257 375
257 497
258 304
258 494
259 272
259 312
259 325
259 338
259 383
259 413
259 434
260 286
260 298
260 353
260 409
260 460
260 472
260 484
260 496
260 498
261 292
261 332
261 392
261 447
261 473
262 285
262 315
262 351
262 499
263 264
263 285
263 295
263 305
263 313
263 327
263 330
263 331
263 340
263 341
263 375
263 377
263 408
263 409
263 416
263 422
263 465
263 469
263 497
264 285
264 327
264 331
264 340
264 375
264 400
264 409
264 422
264 465
265 301
265 311
265 328
265 364
265 413
265 445
265 446
265 458
267 471
268 287
268 294
268 378
268 442
268 450
268 451
268 457
268 471
268 487
269 271
269 338
269 353
269 413
269 460
270 317
271 353
271 460
272 312
272 325
272 359
272 383
272 413
272 434
273 288
273 297
273 384
274 290
274 319
274 417
274 428
275 323
275 358
275 491
276 277
276 327
276 375
276 420
277 295
277 305
277 341
277 375
277 497
278 285
278 331
278 385
278 387
278 466
279 333
279 380
279 382
279 470
280 310
280 430
280 452
281 381
281 409
282 347
282 379
282 386
282 388
282 393
282 468
282 475
283 291
283 349
283 494
284 300
284 344
284 363
284 376
284 407
284 425
285 308
285 313
285 315
285 320
285 327
285 331
285 334
285 338
285 340
285 351
285 367
285 369
285 375
285 377
285 385
285 387
285 391
285 400
285 409
285 410
285 416
285 423
285 440
285 453
285 455
285 460
285 466
285 469
285 480
286 318
286 432
286 435
286 455
286 498
287 414
287 442
287 487
288 297
288 317
289 300
289 335
289 376
289 399
289 412
290 319
290 428
291 322
291 371
291 378
291 418
292 389
292 457
293 370
293 378
293 437
293 450
293 462
293 477
293 482
293 494
294 414
294 487
295 305
295 313
295 330
295 341
295 375
296 444
296 495
297 384
298 353
298 435
298 455
298 496
299 300
299 306
299 344
299 363
299 376
299 407
299 424
299 425
299 461
300 333
300 344
300 363
300 376
300 386
300 392
300 407
300 424
300 425
301 334
301 443
301 445
301 449
302 398
302 430
302 432
303 321
303 460
304 322
304 378
304 390
304 418
304 427
304 482
304 494
305 330
305 341
305 375
305 497
306 344
306 376
306 407
307 363
307 392
307 425
307 447
308 315
308 331
308 351
308 353
308 369
308 391
308 409
308 413
308 423
308 454
308 479
309 366
309 431
309 437
309 450
309 464
309 477
309 482
310 381
310 452
311 328
311 445
313 375
314 336
314 379
314 386
314 388
314 393
314 475
314 493
315 331
315 391
315 408
315 453
315 479
316 353
316 460
316 472
316 484
316 488
318 435
319 417
319 428
320 373
320 409
320 436
321 411
322 378
322 390
322 418
323 339
323 352
324 402
324 411
325 338
325 353
325 359
325 383
325 413
325 434
325 460
326 328
327 331
327 337
327 365
327 404
327 416
327 420
327 422
327 438
327 439
327 440
327 444
327 463
328 364
328 449
328 458
329 358
329 367
330 375
330 400
330 409
330 497
331 340
331 369
331 385
331 387
331 408
331 453
331 466
332 447
332 473
333 363
333 368
333 380
333 382
333 467
334 419
334 428
334 445
334 488
335 412
335 425
336 342
336 379
336 393
336 468
336 493
337 340
337 416
338 353
338 383
338 397
338 411
338 413
338 460
338 484
338 492
339 415
339 448
339 491
340 375
340 377
340 408
340 409
340 422
340 465
340 480
341 375
341 409
341 497
342 393
343 349
344 363
344 376
344 407
344 425
345 360
346 361
346 490
347 379
347 386
347 388
347 393
347 468
347 475
347 493
348 400
348 430
348 432
348 452
348 455
348 485
349 401
350 399
350 457
351 423
351 499
352 448
353 383
353 413
353 430
353 432
353 435
353 460
353 472
353 484
353 488
353 496
354 431
356 368
358 491
359 383
359 413
360 394
360 395
360 441
360 456
360 474
361 443
361 490
363 376
363 392
363 407
363 412
363 424
363 425
364 458
364 460
365 416
365 463
365 478
365 495
366 370
366 450
366 464
366 477
366 482
366 494
367 416
367 448
367 463
367 491
368 376
368 461
370 378
370 462
370 464
370 477
370 494
372 374
372 426
372 441
373 381
373 436
374 405
374 441
375 497
376 425
377 400
377 408
377 409
378 390
378 418
378 487
378 494
379 386
379 468
379 475
379 493
380 393
380 483
381 410
381 455
382 421
382 470
383 413
383 460
385 387
385 391
385 409
385 466
385 479
386 388
386 393
386 394
386 405
386 468
386 470
386 493
387 466
387 479
388 468
389 447
389 457
390 494
391 479
392 425
393 421
393 470
393 475
393 493
395 490
396 401
397 460
397 492
398 430
402 413
403 431
404 438
404 439
405 441
407 424
407 425
408 409
408 422
408 480
409 422
409 438
409 444
409 454
409 465
409 469
409 480
411 413
411 434
413 460
413 472
413 484
413 492
414 487
415 448
415 491
416 444
416 463
416 478
416 486
416 495
417 428
418 427
419 445
420 438
421 470
422 465
422 480
423 453
423 499
424 425
426 429
426 441
426 456
429 441
429 456
430 432
431 450
432 455
435 466
435 498
437 464
437 477
437 482
438 478
441 479
444 463
444 486
444 495
446 458
447 473
448 491
450 464
450 477
451 471
451 481
453 499
454 476
455 485
460 472
460 484
460 488
461 467
461 483
462 477
463 478
463 486
463 495
464 477
464 482
465 480
466 469
466 479
468 475
470 483
472 484
472 488
477 482
477 494
478 495
482 494
484 488
484 490
484 492
486 495
488 498
