0 39
0 42
0 45
0 46
0 74
0 75
0 94
1 17
1 19
1 32
1 42
1 50
1 61
1 76
1 79
2 23
2 33
2 42
2 46
2 51
2 75
2 82
3 14
3 17
3 25
3 70
3 81
4 34
4 44
4 58
4 82
4 96
4 99
5 11
5 42
5 45
5 47
5 48
5 62
5 70
5 71
5 84
6 7
6 16
6 18
6 26
6 28
6 29
6 30
6 37
6 40
6 44
6 53
6 54
6 57
6 58
6 63
6 65
6 82
6 91
6 98
7 16
7 18
7 29
7 30
7 37
7 44
7 54
7 58
7 91
7 98
8 23
8 33
8 51
8 55
8 67
8 68
8 80
9 24
9 32
9 56
9 57
9 61
9 66
10 28
10 29
10 34
10 58
10 59
10 60
10 73
10 77
10 85
11 12
11 25
11 42
11 71
12 42
12 44
12 62
12 68
12 71
13 28
13 73
13 77
13 90
13 92
13 97
14 25
14 95
15 34
15 35
15 41
15 42
15 57
15 60
15 61
15 69
15 78
15 97
16 18
16 20
16 22
16 29
16 34
16 39
16 40
16 43
16 44
16 48
16 51
16 53
16 54
16 55
16 58
16 63
16 67
16 68
16 75
16 80
16 83
16 89
16 93
16 98
17 25
17 50
17 61
17 76
17 79
17 95
18 29
18 30
18 37
18 44
18 54
18 58
18 65
18 91
18 98
19 20
19 24
19 27
19 28
19 32
19 34
19 36
19 42
19 44
19 50
19 52
19 56
19 61
19 66
19 76
19 89
20 28
20 32
20 34
20 35
20 41
20 57
20 59
20 69
20 89
20 92
20 97
21 58
21 82
21 96
21 99
22 23
22 26
22 34
22 40
22 43
22 44
22 72
22 80
22 83
22 87
23 29
23 33
23 42
23 44
23 46
23 51
23 55
23 68
23 80
23 83
23 86
24 27
24 32
24 34
24 36
24 52
24 56
24 61
24 66
25 62
25 69
25 70
25 76
25 81
26 38
26 43
26 44
26 80
26 88
27 32
27 34
27 56
27 57
27 61
27 66
28 33
28 34
28 44
28 60
28 73
28 77
28 78
28 89
28 90
28 92
28 97
28 98
28 99
29 34
29 37
29 40
29 44
29 54
29 58
29 63
29 80
29 89
29 91
29 93
29 98
30 58
30 63
30 82
30 91
30 96
30 98
31 32
31 48
31 56
31 57
32 34
32 66
33 51
33 55
33 86
34 35
34 41
34 44
34 50
34 54
34 57
34 60
34 66
34 77
34 78
34 89
34 90
34 92
34 96
34 97
35 41
35 57
35 69
35 78
35 80
35 89
36 61
37 44
37 54
37 58
37 72
37 91
37 98
38 68
38 83
38 87
39 42
39 45
39 46
39 51
39 74
39 75
39 94
40 44
40 49
40 54
40 63
40 65
40 66
40 80
40 98
41 44
41 57
41 69
41 78
41 89
42 44
42 45
42 46
42 47
42 48
42 60
42 62
42 64
42 66
42 70
42 71
42 74
42 75
42 84
42 94
43 44
43 80
43 88
44 46
44 51
44 53
44 54
44 55
44 58
44 65
44 68
44 72
44 73
44 80
44 82
44 83
44 84
44 87
44 91
44 93
44 96
44 98
45 74
45 75
45 94
46 64
46 75
46 94
47 48
47 62
47 84
48 50
48 62
48 70
48 81
48 84
49 73
49 96
49 98
49 99
50 61
50 76
51 54
51 55
51 83
52 56
52 57
52 66
53 93
54 55
54 63
54 65
54 91
54 98
55 64
55 67
55 68
55 80
55 83
55 86
56 57
56 66
57 66
57 69
57 73
57 78
57 89
58 59
58 60
58 82
58 96
58 98
59 60
59 73
59 85
59 96
60 73
60 77
60 92
61 66
61 71
61 76
62 84
63 65
63 98
64 67
67 83
68 83
68 87
69 78
69 89
69 92
70 81
70 84
71 84
72 80
72 83
73 77
73 89
73 90
73 92
73 96
73 97
75 94
76 79
76 95
77 90
77 92
78 89
78 90
78 92
80 93
82 92
82 99
83 87
83 88
85 99
89 92
90 92
91 98
92 97
96 99
97 99
98 99
