0 153
0 207
0 210
0 246
0 316
0 338
0 358
0 493
1 67
1 74
1 76
1 129
1 159
1 168
1 185
1 329
1 401
1 456
2 27
2 161
2 300
2 328
2 391
3 107
3 212
3 290
3 360
3 396
4 90
4 91
4 313
4 374
5 83
5 85
5 203
5 248
5 256
5 366
5 390
5 423
6 80
6 148
6 317
6 318
6 455
7 16
7 129
7 148
7 168
7 184
7 281
7 306
7 318
7 438
8 11
8 22
8 28
8 80
8 123
8 127
8 133
8 168
8 191
8 197
8 204
8 236
8 239
8 267
8 287
8 289
8 309
8 318
8 417
8 448
9 40
9 84
9 129
9 169
9 263
9 362
9 440
10 25
10 61
10 92
10 145
10 211
10 244
10 253
10 259
10 324
10 361
10 367
10 384
10 395
10 408
10 411
10 441
10 478
10 491
11 22
11 26
11 28
11 123
11 204
11 228
11 267
11 318
11 417
12 34
12 62
12 127
12 133
12 181
12 192
12 233
12 239
12 260
12 289
12 318
12 344
12 403
12 409
12 442
12 460
13 89
13 115
13 141
13 171
13 203
13 244
13 276
13 289
14 20
14 172
14 206
14 219
14 244
14 340
14 446
15 21
15 79
15 143
15 166
15 244
15 275
15 352
15 367
15 414
15 444
16 168
16 281
16 369
16 421
16 438
17 68
17 69
17 97
17 147
17 163
17 323
18 38
18 50
18 57
18 160
18 235
18 266
18 355
18 389
18 481
19 37
19 89
19 171
19 194
19 203
19 286
19 322
19 332
19 336
19 410
19 435
19 457
19 467
20 23
20 73
20 206
20 340
20 495
21 39
21 173
21 206
21 223
21 244
21 414
21 445
21 471
21 491
22 26
22 28
22 123
22 133
22 197
22 267
22 287
22 318
22 417
23 39
23 206
23 388
23 495
24 67
24 70
24 74
24 120
24 129
24 159
24 185
25 244
25 246
25 316
25 407
25 424
26 28
26 175
26 197
26 204
26 267
26 287
26 318
26 409
26 448
27 32
27 113
27 125
27 161
27 182
27 214
27 224
27 328
27 391
27 486
28 123
28 197
28 204
28 287
28 318
28 344
28 448
29 77
29 97
29 163
29 379
29 387
29 420
29 484
30 45
30 81
30 90
30 91
30 96
30 104
30 149
30 336
30 343
30 410
30 436
30 467
30 492
31 210
31 368
31 371
31 419
32 41
32 108
32 109
32 113
32 125
32 261
32 284
32 380
33 210
33 314
33 407
34 62
34 127
34 133
34 154
34 168
34 181
34 192
34 203
34 228
34 231
34 260
34 273
34 289
34 318
34 344
34 365
34 403
34 409
34 430
34 435
34 460
34 472
35 41
35 107
35 108
35 109
35 131
35 224
35 244
35 274
35 319
35 396
35 400
35 466
35 486
36 83
36 157
36 167
36 216
36 228
36 231
36 232
36 250
36 268
36 273
36 289
36 336
36 339
36 349
36 364
36 398
36 477
37 171
37 194
37 322
37 332
37 336
37 375
37 410
38 64
38 103
38 105
38 106
38 130
38 145
38 158
38 188
38 189
38 191
38 206
38 244
38 371
38 437
38 490
38 496
39 50
39 73
39 172
39 206
39 244
39 316
39 320
39 340
39 388
39 445
39 495
40 43
40 84
40 169
40 170
40 185
40 263
40 348
40 378
40 428
40 440
41 109
41 203
41 261
41 274
41 400
41 466
42 58
42 127
42 152
42 191
42 204
42 241
42 289
42 318
42 394
43 74
43 329
43 348
43 440
44 50
44 160
44 355
44 389
45 91
45 104
45 280
45 347
45 359
45 405
45 467
45 475
46 59
46 210
46 316
46 371
46 407
47 164
47 220
47 254
47 462
48 91
48 96
48 104
48 149
48 271
48 280
48 322
48 336
48 343
48 347
48 432
48 467
48 474
48 492
49 124
49 208
49 277
49 279
49 358
49 370
50 57
50 128
50 129
50 146
50 160
50 178
50 213
50 235
50 266
50 316
50 334
50 355
50 389
50 426
50 454
50 461
50 463
50 481
50 490
51 83
51 203
51 227
51 301
51 423
51 425
51 435
51 439
52 66
52 122
52 136
52 325
52 396
52 412
52 485
53 99
53 203
53 423
53 425
53 439
53 497
54 83
54 85
54 138
54 198
54 203
54 216
54 227
54 244
54 356
54 383
54 386
54 423
54 457
54 467
55 93
55 158
55 191
55 202
55 255
55 431
55 437
55 469
56 78
56 144
56 255
56 378
57 266
57 355
57 454
57 481
58 127
58 152
58 233
58 239
58 241
58 267
58 289
58 318
58 344
58 363
58 394
59 153
59 199
59 201
59 210
59 246
59 285
59 316
59 334
59 407
59 424
60 203
60 423
60 425
60 435
60 439
61 92
61 145
61 211
61 244
61 253
61 259
61 283
61 361
61 395
61 408
61 411
61 491
62 101
62 127
62 129
62 133
62 154
62 231
62 233
62 260
62 267
62 273
62 289
62 318
62 344
62 403
62 430
62 442
63 142
63 244
63 253
63 333
63 352
63 384
63 414
63 444
63 491
64 88
64 106
64 191
64 337
64 371
64 461
64 480
65 183
65 371
65 465
66 122
66 134
66 136
66 325
66 354
66 396
66 412
66 483
66 485
67 70
67 120
67 129
67 159
67 168
67 185
67 255
67 257
67 281
67 306
67 318
68 97
68 110
68 215
68 357
68 372
68 431
68 437
69 95
69 147
69 186
69 222
69 230
69 303
69 323
69 373
69 484
69 487
70 120
70 129
70 159
70 281
71 130
71 158
71 191
71 240
71 437
71 469
72 75
72 131
72 213
72 358
72 370
72 453
72 493
73 79
73 206
73 336
73 388
73 471
73 495
74 112
74 120
74 129
74 169
74 185
74 281
74 327
74 329
74 348
74 353
74 401
74 428
74 438
75 116
75 124
75 131
75 207
75 208
75 213
75 294
75 312
75 316
75 324
75 335
75 338
75 358
75 443
75 453
75 493
76 87
76 185
76 329
76 353
76 401
76 440
76 456
77 93
77 128
77 200
77 243
77 295
77 302
77 379
77 427
77 451
77 487
77 498
78 296
79 143
79 166
79 244
79 275
79 352
79 367
79 414
79 444
79 446
80 164
80 310
80 311
80 318
80 455
81 149
81 280
81 347
81 467
81 492
82 129
82 251
83 85
83 109
83 203
83 221
83 248
83 256
83 276
83 356
83 366
83 386
83 390
83 410
83 423
83 425
84 168
84 169
84 170
84 263
84 440
85 138
85 203
85 356
85 386
85 390
85 423
86 263
86 272
86 299
87 129
87 168
87 185
87 456
88 106
88 337
88 461
88 463
88 480
89 171
89 194
89 203
89 225
89 286
89 289
89 322
89 336
89 457
89 467
89 479
89 492
89 497
90 104
90 118
90 135
90 203
90 214
90 229
90 234
90 244
90 252
90 271
90 282
90 300
90 313
90 322
90 345
90 374
90 377
90 399
90 405
90 422
90 425
90 467
90 474
90 492
91 96
91 104
91 179
91 347
91 359
91 405
91 410
91 436
91 467
91 474
91 475
91 492
92 145
92 211
92 244
92 253
92 259
92 264
92 361
92 384
92 395
92 411
92 414
92 441
92 491
93 98
93 114
93 128
93 249
93 255
93 292
93 379
93 498
93 499
94 162
94 195
94 244
94 326
94 404
94 471
95 222
95 373
95 431
95 496
96 104
96 115
96 149
96 203
96 248
96 265
96 286
96 289
96 343
96 345
96 347
96 375
96 410
96 415
96 422
96 436
96 457
96 467
96 479
96 486
96 492
97 110
97 117
97 163
97 191
97 215
97 296
97 308
97 357
97 372
97 373
97 382
97 431
97 482
98 255
98 270
98 341
98 452
98 484
98 488
99 203
99 227
99 231
99 256
99 339
99 497
100 210
100 389
101 127
101 181
101 228
101 273
101 289
101 430
101 460
101 472
102 190
102 219
102 242
102 244
102 330
103 187
103 191
103 202
103 226
103 437
103 458
104 214
104 280
104 347
104 436
104 467
104 492
105 191
105 202
105 226
105 458
106 183
106 291
106 337
106 368
106 463
106 480
107 122
107 140
107 212
107 219
107 242
107 290
107 360
107 396
107 412
107 483
108 109
108 113
108 126
108 274
108 290
108 293
108 400
108 466
108 467
109 113
109 126
109 214
109 261
109 274
109 284
109 380
109 396
109 412
109 474
109 486
110 163
110 357
110 431
111 173
111 206
111 445
112 151
112 170
112 263
112 440
113 261
113 284
113 319
113 380
113 433
113 467
113 486
114 177
114 292
114 427
115 141
115 171
115 203
115 218
115 262
115 276
115 286
115 336
115 410
115 436
115 447
115 457
115 467
115 476
116 153
116 205
116 208
116 294
116 324
116 346
116 358
116 493
117 308
117 431
118 234
118 252
118 271
118 282
118 345
118 399
118 422
118 467
118 474
118 486
119 129
119 148
119 168
119 297
119 306
120 129
120 159
120 185
120 281
121 183
121 368
121 463
121 493
122 136
122 274
122 325
122 396
122 412
122 466
122 485
123 267
123 318
123 417
123 448
124 213
124 245
124 312
124 335
125 214
125 391
126 261
126 274
126 284
126 380
126 391
127 133
127 152
127 168
127 192
127 203
127 239
127 241
127 260
127 267
127 273
127 289
127 309
127 318
127 344
127 394
127 403
127 409
127 442
127 448
127 462
128 243
128 249
128 292
128 302
128 379
128 387
128 431
128 451
128 452
128 473
128 484
128 488
128 498
128 499
129 132
129 159
129 168
129 169
129 184
129 185
129 203
129 240
129 243
129 254
129 255
129 257
129 263
129 281
129 289
129 290
129 296
129 306
129 318
129 348
129 350
129 351
129 353
129 369
129 378
129 401
129 421
129 423
129 428
129 440
129 456
129 457
129 459
130 158
130 174
130 191
130 240
130 382
130 437
131 205
131 207
131 208
131 294
131 324
131 346
131 358
131 370
131 443
131 493
132 318
132 397
133 192
133 228
133 239
133 260
133 289
133 305
133 365
133 403
133 409
133 423
133 430
133 442
134 136
134 242
134 244
134 354
134 396
135 155
136 354
136 396
136 412
137 228
137 232
137 250
137 364
137 423
137 430
138 203
138 276
138 381
138 383
138 385
138 386
138 423
138 436
139 253
139 283
139 338
139 361
139 384
139 402
139 429
139 441
140 212
140 242
140 290
140 354
140 396
141 171
141 262
141 286
141 336
141 393
141 447
141 457
141 467
141 476
142 244
142 253
142 333
142 384
142 414
143 166
143 244
143 275
143 326
143 352
143 367
143 446
144 185
144 255
144 263
144 378
145 211
145 244
145 259
145 384
145 395
145 411
146 191
146 449
146 450
146 454
147 163
147 191
147 203
147 222
147 230
147 303
147 323
147 431
147 487
148 168
148 267
148 287
148 297
148 306
148 421
149 467
149 492
150 231
150 251
150 267
150 309
150 318
150 397
151 185
151 263
151 299
151 350
151 428
151 440
151 499
152 233
152 241
152 289
152 394
153 205
153 207
153 213
153 279
153 294
153 316
153 324
153 338
153 346
153 358
153 361
153 370
153 384
153 425
153 453
153 491
153 493
154 181
154 192
154 203
154 228
154 273
154 278
154 289
154 344
154 365
154 430
154 460
155 214
155 374
155 474
155 486
156 172
156 217
156 290
157 231
157 232
157 289
157 339
157 364
157 398
157 425
157 460
158 191
158 200
158 215
158 226
158 431
158 437
158 458
158 469
159 185
159 281
159 421
160 481
161 182
161 214
161 224
161 328
161 377
161 433
161 468
161 474
162 195
162 223
162 244
162 253
162 326
162 358
162 367
162 376
162 384
162 446
162 471
163 191
163 215
163 303
163 357
163 372
163 431
163 469
163 482
164 168
164 220
164 254
164 307
164 318
165 279
165 361
165 384
165 418
165 429
165 441
165 493
166 244
166 253
166 326
166 444
166 491
167 250
167 268
167 305
167 364
167 398
167 425
168 184
168 185
168 203
168 220
168 238
168 254
168 281
168 289
168 296
168 297
168 306
168 307
168 311
168 318
168 353
168 363
168 369
168 421
168 459
168 462
169 170
169 263
169 350
169 378
169 428
169 434
169 440
170 185
170 255
170 263
170 296
170 299
170 350
170 428
170 440
171 194
171 203
171 214
171 218
171 225
171 244
171 265
171 286
171 289
171 322
171 332
171 336
171 347
171 381
171 410
171 415
171 432
171 436
171 457
171 467
171 476
171 486
171 492
172 242
172 290
172 388
173 445
174 191
174 240
174 382
174 437
175 331
176 214
176 300
176 433
176 468
177 292
177 316
177 427
178 189
178 191
178 235
178 412
178 431
179 180
179 203
179 229
179 313
179 345
179 347
179 359
179 399
179 405
179 422
179 467
179 474
180 229
180 405
180 422
180 470
181 278
181 289
181 430
181 460
182 224
182 328
182 391
183 208
183 368
183 371
184 306
184 421
185 255
185 257
185 263
185 281
185 289
185 296
185 311
185 318
185 329
185 353
185 369
185 452
185 459
186 350
186 482
186 484
186 487
187 188
187 191
187 202
187 226
187 431
187 458
188 189
188 191
188 202
188 244
188 316
188 450
189 191
189 496
190 219
190 242
190 392
191 202
191 203
191 226
191 235
191 240
191 243
191 308
191 329
191 382
191 431
191 437
191 449
191 454
191 458
191 469
191 496
192 228
192 260
192 273
192 289
192 318
192 344
192 365
192 403
192 409
192 430
192 460
193 199
193 246
193 316
194 203
194 322
194 332
194 336
194 410
194 436
194 467
195 206
195 244
195 326
195 367
195 374
195 376
195 404
195 444
195 446
196 331
196 448
197 203
197 204
197 251
197 267
197 310
197 318
197 448
198 203
199 316
199 338
199 358
200 243
200 255
200 263
200 295
200 302
200 427
200 451
200 452
201 210
201 246
201 285
201 316
201 334
202 226
202 240
202 437
202 458
203 218
203 221
203 227
203 231
203 241
203 248
203 255
203 256
203 258
203 265
203 269
203 276
203 281
203 289
203 290
203 298
203 301
203 305
203 318
203 322
203 336
203 343
203 345
203 356
203 366
203 375
203 383
203 385
203 386
203 390
203 393
203 410
203 415
203 423
203 425
203 431
203 432
203 435
203 436
203 447
203 448
203 449
203 457
203 460
203 464
203 467
203 474
203 477
203 479
203 497
204 267
204 289
204 298
204 309
204 318
204 417
204 448
205 207
205 208
205 213
205 312
205 324
205 338
205 358
205 453
205 493
206 224
206 244
206 320
206 340
206 384
206 388
206 445
206 495
207 213
207 294
207 316
207 324
207 358
207 493
208 213
208 324
208 335
208 358
208 443
208 453
208 493
209 494
210 237
210 244
210 304
210 314
210 358
210 407
210 408
210 416
210 419
211 253
211 259
211 361
211 384
211 395
211 408
211 411
211 478
211 491
211 493
212 288
212 354
212 412
213 244
213 253
213 277
213 279
213 294
213 312
213 316
213 324
213 335
213 338
213 358
213 361
213 370
213 384
213 429
213 443
213 453
213 491
213 493
214 224
214 228
214 229
214 258
214 284
214 289
214 298
214 300
214 377
214 380
214 381
214 406
214 433
214 468
214 486
215 372
215 431
215 437
216 231
216 250
216 339
216 364
216 398
218 322
218 336
218 375
218 410
218 415
218 467
219 242
219 290
220 281
220 310
220 318
220 351
220 363
220 462
221 248
221 322
221 366
222 323
222 373
222 431
223 242
223 244
224 229
224 258
224 328
224 351
224 377
224 380
224 391
224 486
225 336
225 432
225 436
225 447
226 437
226 458
227 301
227 366
227 423
227 425
228 231
228 233
228 260
228 278
228 289
228 298
228 305
228 339
228 344
228 409
228 430
228 460
228 472
229 405
229 410
229 467
229 492
230 323
231 241
231 244
231 248
231 268
231 289
231 298
231 305
231 318
231 339
231 398
231 425
231 439
231 472
231 477
231 497
232 364
232 398
232 423
232 425
232 472
233 241
233 267
233 289
233 318
233 394
233 448
234 252
234 282
234 345
234 374
234 399
234 422
234 474
235 355
235 389
235 426
235 481
236 267
236 318
236 331
236 448
237 291
237 371
237 413
237 416
237 419
238 254
238 306
238 307
238 363
238 459
239 260
239 289
239 318
239 344
239 403
239 409
239 442
239 460
240 382
240 437
240 469
241 260
241 267
241 289
241 318
241 331
241 344
241 394
241 442
242 290
242 316
242 330
242 361
242 392
242 412
242 433
242 483
243 295
243 302
243 379
243 451
244 245
244 253
244 264
244 275
244 283
244 290
244 312
244 320
244 326
244 330
244 333
244 336
244 340
244 352
244 358
244 361
244 367
244 370
244 376
244 384
244 388
244 395
244 396
244 404
244 408
244 414
244 441
244 444
244 445
244 446
244 467
244 471
244 478
244 486
244 491
244 493
245 279
245 312
245 411
245 418
245 429
245 493
246 316
246 334
246 338
246 413
246 424
246 493
247 291
247 371
247 413
247 419
247 465
248 256
248 366
248 390
248 423
249 292
249 341
249 499
250 268
250 289
250 364
250 398
250 423
250 477
251 310
251 318
251 397
252 271
252 280
252 282
252 345
252 399
252 422
252 467
252 474
253 259
253 384
253 395
253 441
253 478
253 491
254 281
254 306
254 307
254 311
254 363
254 459
254 462
255 263
255 299
255 350
255 378
255 431
255 452
255 473
255 487
255 494
255 498
256 336
256 356
256 390
256 423
256 457
257 281
257 369
257 438
258 433
258 468
258 486
259 283
259 352
259 361
259 384
259 395
260 289
260 318
260 344
260 365
260 403
260 409
260 442
261 284
261 380
261 467
262 269
262 286
262 289
262 336
262 436
262 447
262 476
263 299
263 329
263 348
263 350
263 353
263 362
263 378
263 428
263 434
263 438
263 440
263 452
264 352
264 414
264 444
265 343
265 410
265 436
265 467
265 492
266 389
266 463
266 490
267 289
267 309
267 318
267 331
267 394
267 448
267 489
268 289
268 398
268 425
268 477
269 383
269 385
269 386
269 393
270 302
270 488
271 474
272 296
272 299
272 321
272 350
273 289
273 344
273 365
273 403
273 409
273 430
274 284
274 319
275 352
275 367
275 414
275 444
275 471
276 336
276 385
276 393
276 423
276 457
277 312
277 358
277 493
278 289
278 409
278 430
278 442
278 460
278 472
279 418
279 429
280 347
280 405
280 492
281 287
281 289
281 307
281 318
281 369
281 421
281 423
281 438
281 456
282 345
282 347
282 422
282 474
283 358
283 361
283 384
283 402
283 441
284 380
285 316
285 334
286 336
286 393
286 410
286 423
286 436
286 447
286 467
287 318
287 351
287 417
288 290
288 354
289 305
289 316
289 318
289 336
289 344
289 365
289 394
289 396
289 397
289 403
289 409
289 417
289 423
289 425
289 430
289 440
289 442
289 457
289 460
289 464
289 477
290 325
290 330
290 338
290 354
290 392
290 396
290 412
291 371
291 413
291 465
292 302
292 452
292 498
292 499
293 396
293 400
294 324
294 338
294 358
294 493
295 302
295 379
295 451
296 299
296 315
296 321
296 350
296 378
296 488
297 306
297 307
297 421
297 459
298 423
299 350
300 377
300 468
300 486
301 423
301 425
302 341
302 379
302 427
302 451
302 487
302 498
303 318
303 373
303 482
304 407
304 413
305 472
306 363
306 421
306 438
307 363
307 459
308 382
308 469
309 318
309 448
310 311
310 317
310 318
310 455
310 489
311 317
311 318
311 489
312 370
312 418
312 441
312 443
312 491
313 374
313 399
313 422
313 474
314 407
315 350
315 378
316 324
316 334
316 338
316 346
316 358
316 361
316 424
316 487
316 490
316 493
317 489
318 351
318 397
318 417
318 448
318 485
320 388
320 495
321 350
322 336
322 410
323 431
324 338
324 358
324 493
325 396
325 412
325 485
326 367
326 446
327 353
327 401
327 456
328 377
328 391
328 412
329 401
329 456
331 448
332 336
332 410
332 467
333 414
334 424
335 370
335 443
335 453
335 493
336 342
336 343
336 375
336 386
336 406
336 410
336 415
336 423
336 432
336 436
336 467
336 476
336 479
336 492
336 497
337 389
337 461
337 463
337 480
338 346
338 424
338 493
339 349
339 364
339 398
339 425
340 388
341 488
342 375
342 410
342 415
342 436
342 467
342 479
343 410
343 415
343 467
343 479
344 365
344 403
344 409
344 442
344 460
345 374
345 399
345 422
345 474
346 358
346 493
347 405
347 410
347 467
348 434
349 364
349 398
349 477
350 378
350 440
352 414
352 444
352 491
354 396
354 412
354 483
355 389
355 449
355 481
356 366
357 372
357 431
358 361
358 370
358 384
358 408
358 429
358 443
358 453
358 493
359 405
359 475
361 384
361 395
361 402
361 429
361 441
361 491
361 493
362 434
363 459
364 398
364 423
365 409
365 460
366 390
366 393
366 423
367 444
369 421
369 438
370 441
370 453
370 493
371 413
371 463
371 465
372 431
374 422
374 474
375 410
375 415
375 423
375 429
375 436
375 467
375 479
376 404
376 414
376 446
376 471
377 406
377 433
377 468
377 486
379 427
379 451
379 488
381 385
381 393
381 410
381 457
382 431
382 469
383 385
383 386
384 395
384 402
384 408
384 411
384 414
384 429
384 441
384 444
384 491
384 493
384 495
385 393
385 423
386 410
388 495
389 416
389 463
389 490
390 423
391 468
393 410
393 423
393 435
393 447
393 457
393 467
395 491
396 412
396 466
396 483
396 485
397 489
398 448
399 422
399 474
399 475
399 492
400 466
401 440
401 456
402 411
402 441
403 409
404 446
404 471
405 467
405 470
405 475
405 492
406 468
406 486
408 411
408 491
409 460
409 467
410 415
410 432
410 436
410 467
410 479
412 467
412 485
413 416
414 478
414 491
415 436
415 467
415 479
415 492
416 419
417 448
418 429
418 493
420 484
421 438
422 467
422 474
423 425
423 432
423 435
423 439
425 435
425 439
425 464
425 467
425 497
426 454
427 473
428 440
430 460
430 472
431 437
431 487
432 436
433 468
435 439
435 464
436 467
436 474
436 479
436 492
437 458
437 469
437 487
441 491
443 453
443 493
445 446
447 467
447 476
449 450
449 454
450 454
452 473
452 488
452 498
453 493
459 462
461 480
467 470
467 474
467 475
467 479
467 486
467 492
468 486
470 475
473 498
475 492
478 491
482 487
484 487
488 494
498 499
