0 18
0 82
0 173
0 260
0 361
0 373
0 407
0 426
0 469
1 184
1 373
2 10
2 27
2 38
2 153
2 166
2 203
2 326
2 412
2 435
2 445
2 472
3 142
3 189
3 268
3 327
3 373
3 426
3 438
4 44
4 279
5 158
6 80
6 85
6 147
6 238
6 278
6 401
6 429
7 8
7 184
7 407
8 48
8 60
8 75
8 86
8 94
8 113
8 129
8 181
8 184
8 206
8 215
8 239
8 252
8 272
8 337
8 342
8 363
8 371
8 373
8 407
8 417
8 422
8 426
8 456
8 469
8 470
9 456
10 38
10 104
10 153
10 203
10 326
10 426
10 435
10 463
11 20
11 26
11 48
11 70
11 110
11 115
11 153
11 167
11 203
11 224
11 251
11 272
11 291
11 296
11 349
11 368
11 412
11 422
11 426
11 448
11 456
11 461
11 463
11 479
11 490
11 498
11 499
12 162
12 245
12 433
12 476
13 68
13 92
13 95
13 214
13 373
13 460
14 186
14 198
14 247
14 339
14 422
14 456
15 135
15 218
15 264
15 417
15 429
15 465
16 161
16 233
16 354
16 363
16 380
16 426
17 128
17 214
17 336
17 417
18 82
18 249
18 254
18 260
18 333
18 361
18 373
18 411
18 426
18 456
18 469
19 291
19 492
20 32
20 44
20 61
20 104
20 117
20 160
20 196
20 225
20 247
20 271
20 303
20 306
20 307
20 325
20 373
20 377
20 421
20 426
20 443
20 456
21 291
21 338
21 412
21 426
21 444
21 456
21 479
21 483
21 486
21 492
22 303
23 33
23 123
23 197
23 228
23 237
23 332
23 336
23 373
23 413
23 430
24 203
25 26
25 100
25 160
25 303
25 306
25 307
25 322
25 407
25 420
25 422
25 426
25 483
26 48
26 67
26 70
26 110
26 167
26 224
26 251
26 368
26 412
26 417
26 447
26 463
26 490
26 499
27 48
27 158
27 203
27 227
27 235
27 368
27 412
27 426
27 463
27 477
27 488
28 104
28 373
28 407
28 426
28 427
28 452
29 199
29 231
29 283
29 313
29 439
30 447
30 450
31 159
31 163
32 225
32 307
32 421
32 426
33 95
33 107
33 197
33 204
33 214
33 232
33 237
33 256
33 262
33 270
33 336
33 373
33 417
33 426
33 429
33 483
33 489
34 276
34 285
34 301
34 340
34 373
34 487
35 50
35 126
35 213
35 226
35 241
35 266
35 318
35 335
35 414
35 447
35 467
35 471
35 483
36 197
36 207
36 208
36 236
36 289
36 365
36 366
36 388
36 390
36 417
36 426
36 453
37 85
37 109
37 115
37 226
37 238
37 248
37 278
37 292
37 294
37 299
37 312
37 357
37 401
37 417
37 429
37 449
37 450
37 483
38 153
38 326
38 499
39 64
39 101
39 356
39 394
39 417
39 422
39 426
39 440
39 443
39 456
40 52
40 168
40 259
40 312
40 329
40 331
40 396
40 417
40 429
41 144
41 223
41 407
41 426
42 164
42 329
42 364
42 406
42 429
42 449
43 124
43 233
43 363
43 407
43 417
43 426
43 474
44 61
44 117
44 196
44 269
44 279
44 325
44 393
44 456
45 327
45 373
45 397
46 188
46 310
46 453
47 312
47 429
48 67
48 70
48 110
48 132
48 167
48 296
48 368
48 399
48 412
48 417
48 426
48 448
48 463
48 482
48 498
48 499
49 85
49 115
49 238
49 357
49 401
50 115
50 187
50 213
50 226
50 241
50 266
50 447
50 467
50 483
50 493
51 373
51 392
51 431
52 168
52 259
52 329
52 429
52 449
53 243
53 374
54 104
54 113
54 150
54 156
54 157
54 222
54 272
54 341
54 373
54 375
54 407
54 417
54 426
54 456
54 464
55 85
55 115
55 226
55 253
55 292
55 381
55 461
56 188
56 417
56 453
57 450
58 71
58 226
58 266
58 290
58 305
58 378
58 447
58 450
58 463
58 467
58 483
59 114
59 172
59 267
59 291
59 317
59 321
59 346
59 372
59 444
59 479
60 371
60 407
61 117
61 196
61 244
61 307
61 325
61 426
61 477
62 104
62 407
62 426
62 464
63 95
63 108
63 336
63 352
63 417
63 496
64 78
64 319
64 422
64 443
64 456
65 254
65 373
65 431
65 432
65 480
66 447
66 450
67 368
67 463
68 336
68 417
68 460
68 466
68 496
69 85
69 115
69 165
69 350
69 355
70 167
70 296
70 368
70 450
70 463
70 490
70 499
71 115
71 226
71 241
71 266
71 290
71 292
71 305
71 318
71 378
71 447
71 450
71 471
71 483
72 219
72 343
72 447
72 450
72 462
73 178
73 272
73 407
73 426
74 417
75 181
75 184
75 221
75 252
75 340
75 341
75 373
75 415
75 417
75 426
75 469
75 470
76 116
76 171
76 426
76 443
76 456
77 96
77 205
77 390
77 417
77 426
77 483
78 422
78 443
79 450
80 238
80 311
81 230
81 273
81 312
81 329
81 429
81 465
82 254
82 260
82 345
82 361
82 373
82 431
82 469
83 84
83 269
83 377
83 386
83 393
83 426
83 456
83 477
84 244
84 269
84 342
84 358
84 377
84 386
84 393
84 422
84 426
84 443
84 456
84 477
85 109
85 115
85 165
85 179
85 193
85 226
85 238
85 241
85 246
85 248
85 259
85 261
85 266
85 278
85 283
85 292
85 294
85 299
85 311
85 312
85 329
85 350
85 355
85 373
85 379
85 387
85 396
85 401
85 403
85 407
85 417
85 422
85 429
85 447
85 450
85 456
85 461
85 483
86 181
86 215
86 252
86 340
86 407
86 426
87 90
87 159
87 250
88 118
88 426
89 389
89 484
90 163
90 291
91 496
92 304
92 353
92 417
92 460
93 134
93 141
94 129
94 282
94 407
94 426
95 128
95 176
95 188
95 190
95 197
95 214
95 229
95 237
95 242
95 256
95 292
95 295
95 336
95 417
95 426
95 429
95 451
95 483
95 496
96 205
96 258
97 115
97 138
97 253
97 292
97 373
97 379
97 381
97 461
97 483
98 197
98 228
99 180
99 254
99 373
99 411
99 426
100 160
100 303
100 322
100 417
100 420
100 440
100 477
101 356
101 422
101 440
101 443
101 456
102 450
103 110
103 163
103 349
103 399
103 412
103 425
103 426
103 463
103 482
104 113
104 124
104 156
104 157
104 175
104 184
104 221
104 222
104 233
104 239
104 272
104 320
104 323
104 327
104 329
104 334
104 363
104 367
104 373
104 375
104 380
104 402
104 407
104 417
104 422
104 424
104 426
104 427
104 450
104 452
104 456
104 464
104 483
104 484
104 494
105 108
105 155
105 417
105 496
106 338
106 391
106 444
106 450
106 479
106 495
107 133
107 170
107 214
107 237
107 336
107 417
108 155
108 176
108 295
108 336
108 352
108 417
108 426
108 496
109 238
109 248
109 292
110 163
110 183
110 303
110 349
110 412
110 425
110 448
111 171
111 194
111 339
111 373
111 407
111 426
111 456
112 115
112 450
113 129
113 156
113 206
113 222
113 239
113 269
113 272
113 323
113 373
113 375
113 407
113 424
113 426
113 475
114 266
114 267
114 321
114 346
114 370
114 372
114 450
115 126
115 138
115 139
115 164
115 165
115 179
115 209
115 226
115 238
115 241
115 246
115 248
115 253
115 257
115 261
115 287
115 290
115 291
115 292
115 294
115 299
115 312
115 318
115 329
115 330
115 336
115 350
115 355
115 372
115 379
115 381
115 387
115 401
115 417
115 422
115 426
115 429
115 431
115 443
115 447
115 450
115 456
115 461
115 467
115 479
115 483
115 493
115 495
116 339
116 426
116 456
117 196
117 307
117 325
117 377
117 398
117 426
117 441
117 491
118 472
119 225
119 307
120 161
120 426
121 392
121 417
122 152
122 390
122 426
123 197
123 240
123 314
123 413
123 417
124 233
124 303
124 426
125 154
125 447
126 213
126 226
126 241
126 266
126 335
126 467
126 483
126 493
127 160
128 214
128 336
128 373
128 417
128 451
129 282
129 402
129 407
129 475
130 211
130 216
130 417
131 160
131 293
131 426
132 284
132 368
132 463
132 498
132 499
133 197
133 417
133 430
134 141
134 160
134 225
134 307
134 421
134 426
135 174
135 417
135 426
136 161
136 426
137 174
137 417
137 483
138 209
138 226
138 241
138 253
138 292
138 379
138 450
138 461
138 467
138 483
139 226
139 447
139 450
139 483
140 180
140 392
140 426
141 303
141 426
142 327
142 373
143 272
143 334
143 426
143 494
144 161
144 426
144 456
145 230
145 259
145 273
145 292
145 312
145 329
145 417
145 436
145 449
145 465
146 287
146 495
147 191
147 238
147 311
147 348
147 429
147 449
148 203
148 326
149 207
149 236
149 320
149 328
149 385
149 417
150 407
150 426
151 177
152 320
152 373
152 390
152 417
153 203
153 326
153 435
154 210
154 343
155 496
156 373
156 402
156 407
156 426
157 373
157 375
157 407
157 426
160 225
160 293
160 303
160 307
160 426
160 450
161 354
161 380
161 422
161 426
161 440
161 456
162 484
163 172
163 250
163 291
163 297
163 308
163 404
163 412
163 425
163 446
163 450
163 479
163 483
163 492
163 499
164 168
164 238
164 259
164 292
164 312
164 329
164 331
164 348
164 364
164 406
164 417
164 429
164 449
165 226
165 238
165 241
165 246
165 261
165 292
165 294
165 299
165 311
165 355
165 387
165 450
166 243
167 296
167 373
167 463
167 499
168 259
168 329
168 396
168 417
168 429
169 170
169 188
169 197
169 281
169 388
170 388
170 453
171 194
171 247
171 417
171 422
171 426
171 456
172 267
172 286
172 291
172 321
172 372
172 428
172 479
172 486
173 249
173 254
173 333
173 431
173 469
174 211
174 216
174 259
174 336
174 387
174 426
174 449
175 182
175 407
175 426
175 468
176 288
176 336
176 352
176 417
176 496
177 250
178 272
178 426
179 209
179 253
179 292
179 461
179 483
180 373
180 407
180 411
180 417
180 431
181 184
181 215
181 340
181 341
181 373
181 407
182 373
182 407
182 426
182 468
183 412
184 239
184 252
184 276
184 285
184 301
184 327
184 333
184 340
184 371
184 373
184 407
184 415
184 417
184 426
184 443
184 456
184 470
184 487
185 312
185 429
185 449
186 198
186 247
186 339
186 394
186 422
186 426
186 440
186 456
187 226
187 330
187 450
187 483
188 197
188 207
188 208
188 281
188 365
188 373
188 388
188 390
188 417
188 426
188 453
189 300
189 327
189 340
189 345
189 373
189 442
190 336
190 383
190 417
190 496
191 238
191 311
191 336
191 373
191 417
191 429
192 249
192 254
192 333
192 361
192 373
192 431
192 469
193 238
193 248
193 299
193 387
194 426
194 456
195 287
195 391
195 495
196 325
196 377
196 398
196 441
196 443
196 491
197 207
197 226
197 228
197 236
197 240
197 262
197 281
197 310
197 314
197 320
197 332
197 365
197 373
197 388
197 390
197 407
197 413
197 417
197 426
197 429
197 430
197 453
197 456
197 483
198 339
198 422
198 426
198 440
198 456
200 300
200 327
200 337
200 373
201 340
201 407
201 426
202 304
202 466
202 483
203 235
203 326
203 456
203 463
204 237
204 336
204 417
205 258
205 320
205 417
206 239
206 373
206 402
206 407
206 426
206 475
207 281
207 289
207 310
207 365
207 373
207 417
207 453
208 236
208 365
208 366
208 453
209 226
209 253
209 292
209 379
209 461
210 417
210 447
210 495
211 348
211 418
211 496
212 336
212 417
212 451
213 241
213 335
213 467
213 471
213 483
213 493
214 237
214 336
214 417
215 407
215 426
216 292
217 260
217 333
217 361
217 373
217 417
217 426
217 469
218 264
219 462
219 483
220 445
221 272
221 334
221 407
221 426
221 456
222 323
222 375
222 407
222 426
224 412
224 448
225 307
225 376
225 382
225 409
225 421
225 443
226 238
226 241
226 248
226 257
226 266
226 290
226 291
226 292
226 315
226 330
226 335
226 336
226 373
226 379
226 387
226 417
226 422
226 426
226 447
226 450
226 456
226 461
226 467
226 471
226 483
226 493
227 316
227 374
227 426
227 497
228 332
228 417
229 242
229 295
229 336
229 417
229 451
230 259
230 273
230 295
230 312
230 329
230 364
230 396
230 429
230 436
230 465
231 283
231 390
232 262
232 417
232 496
233 263
233 354
233 363
233 407
233 426
233 427
233 474
234 283
235 488
236 328
236 336
236 365
236 417
236 453
237 270
237 336
237 417
237 489
238 253
238 278
238 292
238 299
238 311
238 312
238 355
238 357
238 372
238 396
238 401
238 417
238 426
238 429
238 449
238 483
239 345
239 407
239 424
239 426
239 475
240 314
240 413
240 417
240 426
241 253
241 266
241 292
241 315
241 318
241 330
241 333
241 335
241 343
241 373
241 414
241 417
241 449
241 450
241 461
241 467
241 471
241 483
241 493
242 295
242 336
242 417
242 451
242 496
244 342
244 377
244 477
245 433
245 476
246 261
246 294
246 312
246 355
246 387
247 272
247 307
247 339
247 394
247 407
247 417
247 422
247 426
247 440
247 443
247 456
248 294
248 299
249 254
249 298
249 333
249 373
249 423
249 426
249 478
249 480
250 291
250 463
250 479
251 368
251 412
251 463
251 490
252 341
252 373
252 407
252 415
252 426
252 456
252 470
253 292
253 350
253 379
253 381
253 417
253 429
253 447
253 461
253 483
254 260
254 298
254 333
254 361
254 373
254 417
254 423
254 426
254 431
254 432
254 433
254 469
254 478
254 480
255 269
255 319
255 386
255 426
256 262
256 270
256 417
257 330
257 483
258 320
259 264
259 273
259 312
259 329
259 336
259 396
259 417
259 429
259 449
259 483
260 333
260 361
260 373
260 426
260 469
261 292
261 294
261 299
261 387
261 429
262 417
262 426
263 354
263 363
263 380
263 426
263 456
264 312
265 444
265 495
266 290
266 315
266 318
266 414
266 417
266 426
266 447
266 450
266 467
266 471
266 483
266 493
267 321
267 346
267 417
267 455
267 479
268 327
268 373
269 319
269 377
269 386
269 422
269 426
269 440
269 443
269 456
269 477
270 413
270 417
270 489
272 304
272 334
272 367
272 373
272 375
272 407
272 417
272 426
272 427
272 452
272 464
272 468
272 474
272 483
272 494
273 417
273 449
273 465
274 456
274 476
275 399
275 425
276 301
276 327
276 333
276 340
276 373
276 407
276 426
276 459
276 487
277 426
280 426
280 456
281 388
281 417
282 407
282 426
283 439
284 368
284 463
285 373
285 407
285 426
285 487
286 346
286 372
286 479
286 495
287 391
287 444
287 495
288 383
288 417
288 496
289 365
289 366
289 417
290 292
290 447
290 483
291 297
291 308
291 338
291 346
291 404
291 412
291 425
291 426
291 443
291 446
291 447
291 450
291 456
291 463
291 479
291 492
291 495
292 294
292 299
292 305
292 315
292 329
292 330
292 335
292 336
292 350
292 355
292 373
292 379
292 381
292 387
292 400
292 401
292 403
292 417
292 420
292 426
292 429
292 450
292 456
292 461
292 467
292 479
292 483
292 493
293 420
293 426
293 445
294 299
294 312
294 387
294 417
294 449
295 336
295 417
295 451
295 496
296 463
297 308
297 404
298 373
298 423
298 431
298 432
298 478
299 350
299 483
300 327
300 345
300 373
300 426
301 340
301 373
301 426
303 307
303 368
303 374
303 420
303 421
303 426
303 440
303 456
303 469
303 491
304 417
304 429
304 460
304 466
304 496
305 378
305 447
305 483
306 426
307 325
307 405
307 409
307 411
307 421
307 422
307 426
307 441
307 456
307 463
307 491
309 437
310 417
310 489
312 329
312 331
312 348
312 396
312 417
312 426
312 429
312 449
312 450
312 483
313 417
313 439
314 413
314 417
315 447
315 450
315 483
316 374
317 372
317 483
318 414
318 447
318 467
318 471
318 483
319 443
319 477
320 327
320 333
320 336
320 373
320 384
320 385
320 390
320 413
320 417
320 426
320 481
321 346
321 372
321 486
322 420
323 407
323 426
324 337
324 373
324 456
324 458
325 422
325 491
326 368
326 412
326 435
326 440
326 463
327 337
327 340
327 345
327 373
327 397
327 407
327 417
327 426
327 442
327 458
328 417
329 331
329 336
329 348
329 364
329 396
329 406
329 417
329 418
329 426
329 429
329 447
329 449
329 461
330 461
331 364
331 396
331 417
331 429
331 449
332 417
333 361
333 373
333 407
333 411
333 417
333 423
333 426
333 431
333 432
333 456
333 469
333 480
333 487
334 407
334 426
335 467
335 471
335 483
335 493
336 359
336 373
336 417
336 426
336 450
336 451
336 453
336 483
336 496
337 340
337 345
337 373
337 426
337 442
337 456
337 458
337 470
338 479
339 373
339 394
339 407
339 422
339 426
339 440
339 443
339 456
339 457
340 341
340 345
340 373
340 407
340 415
340 417
340 426
340 459
340 470
341 373
341 407
341 415
341 426
341 470
341 475
341 483
342 377
342 426
342 477
343 400
344 420
345 373
345 407
345 410
345 426
345 431
345 442
345 458
345 469
346 372
346 450
346 479
346 483
347 463
348 364
348 426
348 429
348 449
348 456
349 412
349 425
350 355
351 450
352 417
353 417
353 460
354 363
354 367
354 373
354 380
354 407
354 426
354 456
355 387
356 422
356 426
356 440
356 443
356 456
357 401
358 377
359 417
360 408
361 373
361 417
361 426
361 431
361 469
362 495
363 377
363 380
363 407
363 426
363 456
364 396
364 406
364 429
364 449
364 465
365 385
366 385
366 417
366 481
367 373
367 426
367 454
367 474
368 422
368 426
368 435
368 463
368 483
368 488
368 498
370 486
371 407
371 426
372 425
372 447
372 455
372 479
372 486
372 495
373 388
373 390
373 392
373 394
373 397
373 407
373 410
373 411
373 415
373 417
373 422
373 423
373 424
373 426
373 429
373 431
373 432
373 438
373 440
373 442
373 443
373 449
373 451
373 453
373 456
373 458
373 459
373 464
373 469
373 470
373 474
373 475
373 476
373 480
373 483
373 485
374 445
374 472
374 497
375 407
375 426
377 386
377 443
377 477
378 447
378 450
378 483
379 417
379 461
380 407
380 426
380 456
381 461
383 417
386 477
388 417
389 392
389 426
390 417
390 456
390 481
390 496
393 456
393 473
394 407
394 422
394 426
394 456
394 474
396 417
396 447
396 449
396 483
398 441
398 491
399 412
399 425
399 450
400 457
401 429
402 407
402 426
402 475
405 409
405 426
406 429
406 449
407 412
407 417
407 420
407 422
407 424
407 426
407 427
407 431
407 443
407 449
407 450
407 454
407 456
407 469
407 475
407 483
407 494
410 426
410 438
411 416
411 432
411 476
412 422
412 425
412 426
412 447
412 448
412 450
412 463
412 482
412 483
413 417
414 467
414 471
414 483
414 493
415 426
415 470
416 426
416 431
417 420
417 422
417 425
417 426
417 429
417 440
417 443
417 449
417 450
417 451
417 453
417 456
417 460
417 461
417 464
417 466
417 467
417 469
417 475
417 477
417 479
417 481
417 483
417 489
417 496
417 499
419 443
420 426
420 440
420 456
420 463
420 477
420 483
421 422
421 426
421 443
422 426
422 440
422 443
422 456
422 463
422 469
422 473
422 474
422 477
423 431
423 456
423 469
423 478
423 480
424 426
425 448
425 482
425 483
426 427
426 429
426 431
426 438
426 440
426 441
426 442
426 443
426 447
426 450
426 452
426 453
426 454
426 456
426 461
426 463
426 468
426 469
426 470
426 473
426 474
426 475
426 476
426 477
426 479
426 482
426 483
426 487
426 494
426 495
426 496
426 499
427 456
428 479
429 431
429 447
429 449
429 450
429 467
429 483
429 496
431 432
431 469
431 478
431 480
432 478
433 476
434 479
435 497
437 450
437 457
437 483
440 443
440 456
440 473
440 483
441 491
442 458
443 456
443 473
443 477
444 495
447 450
447 461
447 463
447 467
447 479
447 483
447 493
449 483
450 456
450 457
450 461
450 462
450 467
450 479
450 483
452 464
456 463
456 469
456 473
456 474
456 477
456 483
459 487
460 466
461 467
461 483
461 493
463 490
463 498
463 499
467 471
467 483
467 493
471 483
471 493
476 484
479 483
479 486
479 495
483 493
483 495
490 498
490 499
