0 655
0 680
0 731
0 821
1 407
1 580
1 599
1 665
1 772
1 790
1 889
2 223
2 326
2 853
2 888
3 340
4 203
4 371
4 451
4 472
4 865
5 232
5 650
5 749
5 766
5 842
5 889
5 974
5 990
6 944
6 947
6 996
7 30
7 36
7 432
7 475
7 517
7 777
7 821
7 994
8 129
8 148
8 178
8 196
8 205
8 285
8 339
8 392
8 432
8 451
8 480
8 513
8 544
8 612
8 680
8 692
8 751
8 761
8 803
8 821
8 850
8 867
8 888
8 928
9 191
9 817
10 126
10 303
10 884
11 643
11 904
12 203
12 369
12 371
12 451
12 472
12 865
13 123
13 181
13 237
14 95
14 177
14 451
14 514
14 572
14 619
15 217
15 374
15 401
15 483
15 505
15 532
15 665
15 872
16 176
16 798
16 888
17 95
17 168
17 822
18 432
18 821
18 940
18 994
19 104
19 145
19 218
19 404
19 767
20 126
20 141
20 145
20 148
20 213
20 369
20 451
20 575
20 594
20 603
20 697
20 809
20 955
21 70
21 190
21 259
21 328
21 343
21 451
21 465
21 500
21 629
21 778
21 888
22 211
22 432
22 994
23 55
23 74
23 104
23 145
23 212
23 237
23 319
23 354
23 404
23 451
23 672
23 701
23 767
23 776
23 877
23 938
23 956
24 54
24 160
24 245
24 485
24 780
24 808
24 878
24 996
25 180
25 562
25 841
25 996
26 60
26 210
26 315
26 505
26 665
26 694
27 284
27 286
27 413
27 457
27 496
27 667
27 687
27 719
27 801
27 817
27 944
28 486
28 583
28 654
28 666
28 871
28 944
29 122
29 152
29 208
29 236
29 270
29 305
29 316
29 451
29 527
29 763
29 823
29 868
29 888
29 949
30 35
30 432
30 662
30 821
31 94
31 432
31 515
31 680
31 821
31 834
31 981
31 988
32 189
32 266
32 453
32 711
32 821
32 891
32 970
33 425
33 451
33 558
33 628
33 710
33 802
34 81
34 100
34 132
34 644
34 665
34 705
35 432
35 821
36 432
36 517
36 777
36 821
36 935
36 994
37 145
37 407
37 450
37 451
37 599
37 772
37 790
38 180
38 419
38 458
38 564
38 977
39 587
39 850
39 888
40 83
40 336
40 353
40 427
40 451
41 447
41 548
41 606
41 655
41 680
41 731
41 996
42 61
42 67
42 243
42 731
43 332
43 796
43 985
44 75
44 158
44 252
44 265
44 340
44 417
44 451
44 454
44 468
44 485
44 591
44 625
44 669
44 680
44 688
44 780
44 810
44 821
44 847
44 859
44 878
44 905
44 917
44 944
44 980
45 148
45 281
45 451
45 607
45 734
46 348
46 432
46 642
46 821
46 994
47 171
47 198
47 514
47 572
48 90
48 144
48 145
48 171
48 198
48 451
48 473
48 514
48 549
48 584
48 708
49 340
50 85
50 296
51 100
51 145
51 218
51 228
51 310
51 354
51 404
51 451
51 479
51 556
51 750
51 772
51 825
51 828
52 97
52 148
52 515
52 655
52 680
52 731
52 803
52 821
53 666
53 729
53 944
53 947
54 245
54 485
54 521
54 996
55 145
55 212
55 237
55 404
55 430
55 451
55 701
55 956
56 738
56 875
58 299
58 503
58 666
58 871
58 944
59 76
59 93
59 943
59 970
60 118
60 130
60 145
60 210
60 217
60 315
60 374
60 451
60 483
60 505
60 527
60 532
60 665
60 694
60 745
60 873
60 932
60 971
61 67
61 162
61 243
61 432
61 821
61 994
62 262
62 303
62 451
62 525
62 640
62 884
62 929
63 313
63 821
65 915
65 946
66 376
66 803
67 162
67 163
67 243
67 260
67 318
67 332
67 339
67 432
67 451
67 655
67 680
67 731
67 821
67 858
67 888
67 994
68 290
68 443
68 451
68 550
68 594
68 929
69 74
69 100
69 111
69 132
69 145
69 271
69 451
69 496
69 644
69 665
69 782
69 815
69 848
70 101
70 133
70 145
70 148
70 156
70 187
70 259
70 343
70 392
70 451
70 500
70 601
70 602
70 629
70 679
70 747
70 821
70 855
70 888
70 962
70 994
71 180
71 586
71 992
72 193
72 496
72 982
73 451
73 594
73 818
73 929
74 100
74 132
74 145
74 212
74 217
74 237
74 271
74 283
74 451
74 568
74 644
74 665
74 671
74 681
74 705
74 772
74 782
74 815
74 821
74 963
74 996
75 160
75 485
75 625
75 878
75 996
76 314
76 914
76 943
76 989
77 85
77 113
77 216
77 235
77 264
77 302
77 350
77 384
77 441
77 451
77 496
77 573
77 635
77 732
77 757
77 768
77 944
78 85
78 169
78 235
78 384
78 428
78 496
78 573
78 635
78 740
79 85
79 180
79 199
79 235
79 451
79 476
79 496
79 635
79 757
80 262
80 303
80 451
80 525
81 100
81 132
81 644
81 705
82 84
82 145
82 272
82 422
83 238
83 336
83 353
83 427
83 514
83 598
83 765
84 145
84 451
84 493
85 145
85 180
85 221
85 235
85 296
85 302
85 428
85 476
85 496
85 573
85 635
85 665
85 671
85 732
85 740
85 757
85 840
85 900
85 944
85 996
86 495
86 996
87 161
87 305
87 415
87 444
87 592
88 148
88 236
88 289
88 451
88 607
88 865
88 888
88 909
89 190
89 451
89 465
89 738
89 875
90 473
90 514
91 235
91 451
91 496
91 614
91 684
91 740
91 792
91 900
92 220
92 461
92 504
92 639
92 693
93 943
94 99
94 117
94 226
94 273
94 358
94 389
94 432
94 451
94 515
94 520
94 605
94 613
94 615
94 655
94 680
94 731
94 803
94 821
94 834
94 876
94 888
94 899
94 944
94 954
94 981
94 988
94 994
95 145
95 168
95 451
95 572
95 619
95 704
95 714
95 750
96 453
97 148
97 292
97 376
97 392
97 451
97 466
97 503
97 515
97 530
97 552
97 655
97 660
97 680
97 731
97 752
97 784
97 803
97 813
97 821
97 829
97 899
97 927
97 957
97 994
98 292
98 728
99 803
99 821
99 888
99 944
100 111
100 132
100 145
100 180
100 217
100 227
100 271
100 319
100 422
100 451
100 496
100 505
100 644
100 665
100 681
100 705
100 776
100 782
100 800
100 815
100 821
100 846
100 873
100 909
100 990
101 187
101 747
101 888
102 520
102 655
102 680
102 731
102 821
102 988
103 119
103 136
103 360
103 451
104 404
104 451
104 767
105 451
106 508
106 850
107 213
107 355
108 364
108 432
108 529
108 548
108 655
108 680
108 690
108 731
108 821
108 832
108 870
108 888
108 944
108 994
109 420
109 460
109 540
109 655
109 674
109 821
109 944
109 998
110 160
110 170
110 373
110 538
110 812
110 944
110 996
111 132
111 145
111 451
111 644
112 123
112 145
112 310
112 354
112 451
112 514
113 169
113 350
113 757
114 128
114 451
115 190
115 451
115 465
115 491
115 713
115 771
116 159
116 206
116 340
116 980
117 148
117 680
117 829
117 876
118 145
118 217
118 450
118 451
118 464
118 580
118 665
118 678
118 715
118 772
118 912
118 937
118 941
119 136
119 360
119 387
119 451
119 860
120 340
120 579
120 821
120 878
120 980
120 996
121 186
121 944
122 148
122 305
122 316
122 444
122 451
122 763
122 806
122 823
123 145
123 181
123 212
123 237
123 430
123 451
123 877
124 132
124 145
124 227
124 665
124 745
124 963
125 147
125 396
125 821
125 944
125 996
126 184
126 303
126 390
126 451
126 603
126 743
127 381
127 914
127 943
127 989
128 148
128 236
128 360
128 386
128 431
128 451
128 455
128 554
128 645
128 888
128 918
129 148
129 166
129 241
129 339
129 352
129 367
129 392
129 410
129 432
129 445
129 451
129 475
129 480
129 508
129 512
129 513
129 534
129 544
129 612
129 626
129 655
129 692
129 751
129 796
129 821
129 827
129 850
129 867
129 871
129 888
129 928
129 944
129 970
129 996
130 145
130 217
130 374
130 450
130 451
130 581
130 644
130 665
130 694
130 807
130 852
130 872
130 873
130 932
130 971
131 671
131 683
131 753
131 770
131 922
131 990
132 145
132 155
132 175
132 217
132 242
132 369
132 422
132 430
132 451
132 568
132 644
132 665
132 681
132 705
132 722
132 776
132 815
132 846
132 873
132 963
132 994
133 451
133 551
133 589
133 626
133 673
133 698
133 874
133 888
134 167
134 610
134 649
135 148
135 451
135 909
136 145
136 360
136 369
136 451
136 523
136 569
136 578
136 596
136 645
136 646
136 697
136 860
136 865
136 871
136 888
136 918
137 145
137 175
137 493
137 722
137 739
137 756
138 180
138 394
138 562
138 689
138 721
138 841
139 408
139 668
139 996
140 451
140 626
140 698
141 213
141 355
141 369
141 451
142 432
142 759
143 145
143 148
143 176
143 293
143 297
143 369
143 418
143 451
143 821
143 888
144 451
144 473
144 514
144 549
145 148
145 160
145 171
145 175
145 179
145 180
145 181
145 198
145 212
145 214
145 217
145 218
145 227
145 228
145 232
145 237
145 239
145 242
145 248
145 254
145 264
145 276
145 301
145 310
145 311
145 315
145 319
145 340
145 341
145 354
145 369
145 374
145 380
145 404
145 421
145 422
145 430
145 432
145 437
145 446
145 450
145 451
145 463
145 465
145 479
145 483
145 493
145 496
145 499
145 501
145 504
145 514
145 532
145 539
145 541
145 568
145 572
145 576
145 578
145 594
145 596
145 597
145 603
145 616
145 635
145 644
145 645
145 656
145 664
145 665
145 671
145 672
145 680
145 681
145 683
145 689
145 701
145 705
145 722
145 731
145 733
145 739
145 740
145 741
145 745
145 749
145 750
145 756
145 757
145 758
145 765
145 766
145 767
145 776
145 779
145 782
145 786
145 787
145 790
145 799
145 800
145 807
145 815
145 821
145 828
145 839
145 842
145 846
145 856
145 862
145 871
145 872
145 873
145 877
145 888
145 889
145 900
145 907
145 909
145 916
145 938
145 944
145 955
145 956
145 961
145 968
145 978
145 994
145 996
146 451
146 571
146 995
147 396
147 944
147 996
148 162
148 176
148 187
148 190
148 201
148 207
148 208
148 209
148 221
148 236
148 240
148 267
148 270
148 281
148 287
148 289
148 305
148 307
148 309
148 322
148 324
148 343
148 352
148 369
148 370
148 383
148 392
148 432
148 451
148 465
148 491
148 496
148 500
148 508
148 514
148 517
148 528
148 551
148 567
148 572
148 574
148 578
148 582
148 596
148 602
148 607
148 626
148 629
148 641
148 655
148 664
148 680
148 697
148 698
148 713
148 731
148 734
148 736
148 738
148 747
148 754
148 755
148 761
148 771
148 798
148 802
148 821
148 827
148 874
148 875
148 888
148 909
148 918
148 921
148 931
148 966
148 994
148 996
149 666
149 680
149 885
150 426
150 432
150 517
150 821
150 890
150 994
151 180
151 233
151 235
151 496
151 604
151 627
151 683
151 768
152 270
152 305
152 415
152 451
153 678
153 937
154 160
154 337
154 340
154 360
154 382
154 451
154 452
154 576
154 820
154 821
154 871
154 878
154 944
154 972
154 983
154 996
155 312
155 496
155 638
156 888
157 432
157 821
158 160
158 186
158 195
158 230
158 249
158 331
158 420
158 451
158 503
158 543
158 570
158 666
158 680
158 821
158 871
158 885
158 944
158 994
158 996
159 340
160 170
160 180
160 245
160 329
160 337
160 340
160 346
160 373
160 378
160 400
160 432
160 451
160 485
160 516
160 524
160 532
160 538
160 561
160 576
160 611
160 655
160 680
160 746
160 780
160 812
160 821
160 845
160 878
160 944
160 948
160 980
160 996
161 406
161 415
162 243
162 332
162 451
163 332
163 432
164 369
164 418
164 451
164 497
164 501
165 176
165 641
165 761
165 888
166 352
166 451
166 512
166 692
167 610
168 822
169 180
169 235
169 302
169 350
169 496
169 635
169 757
170 373
170 516
170 538
170 812
170 878
170 948
170 996
171 198
171 514
171 572
172 231
172 364
172 548
172 655
172 680
172 731
172 803
172 821
173 174
173 279
173 320
173 400
173 420
173 486
173 561
173 655
173 680
173 769
173 797
173 944
173 996
174 279
174 359
174 486
174 561
174 666
174 680
174 871
174 885
174 944
174 996
175 493
175 644
175 739
176 208
176 236
176 269
176 270
176 277
176 305
176 322
176 328
176 379
176 451
176 465
176 514
176 588
176 626
176 641
176 655
176 761
176 763
176 798
176 802
176 803
176 814
176 821
176 909
177 434
177 514
177 572
177 704
178 196
178 205
178 612
178 647
178 928
179 303
179 317
179 616
180 182
180 193
180 233
180 235
180 284
180 340
180 388
180 392
180 398
180 419
180 432
180 433
180 436
180 451
180 453
180 458
180 490
180 496
180 504
180 562
180 564
180 586
180 600
180 617
180 635
180 666
180 671
180 683
180 689
180 721
180 740
180 792
180 841
180 849
180 871
180 878
180 879
180 930
180 944
180 953
180 982
180 992
180 994
180 996
181 237
181 430
182 586
182 982
183 496
184 353
184 451
184 575
184 603
184 809
184 864
185 432
185 821
185 994
186 331
186 414
186 543
186 570
186 871
186 944
186 996
187 240
187 328
187 343
187 432
187 451
187 602
187 717
187 747
187 821
187 853
187 855
187 888
187 962
188 251
188 389
188 432
188 858
188 888
189 340
189 451
189 453
189 891
190 207
190 259
190 280
190 287
190 309
190 322
190 339
190 343
190 370
190 383
190 403
190 432
190 451
190 465
190 582
190 596
190 602
190 626
190 629
190 673
190 680
190 698
190 713
190 734
190 738
190 761
190 771
190 821
190 827
190 844
190 850
190 875
190 888
190 921
190 923
190 931
191 533
191 994
192 615
192 680
192 821
193 496
193 930
194 427
194 451
194 598
195 420
195 570
195 821
195 859
195 871
195 902
195 944
195 947
196 205
196 326
196 392
196 480
196 612
196 888
196 928
197 451
197 968
198 238
198 514
198 549
198 572
198 708
199 476
199 496
199 504
199 635
200 380
200 451
200 683
200 766
200 770
201 281
201 451
201 574
201 736
201 888
202 587
202 821
203 369
203 451
203 472
203 596
203 865
204 335
204 392
204 442
204 508
205 480
205 612
205 928
206 340
206 579
206 980
207 236
207 451
207 496
207 734
207 736
207 931
208 270
208 305
208 316
208 322
208 415
208 425
208 451
208 527
208 528
208 697
208 775
208 821
208 868
208 888
208 934
208 949
209 385
209 451
210 217
210 315
210 505
210 532
210 665
210 694
211 432
211 821
212 237
212 341
212 421
212 430
212 451
212 856
212 877
212 938
212 956
213 355
213 369
213 451
213 929
214 264
214 274
214 301
214 557
214 671
214 683
214 768
214 862
214 889
214 922
215 772
216 350
216 441
216 496
216 671
216 757
217 315
217 374
217 467
217 505
217 532
217 644
217 665
217 789
217 872
217 873
217 932
217 971
217 990
218 237
218 404
218 451
218 767
219 360
219 451
219 918
220 504
220 693
221 296
222 259
222 343
222 500
222 602
222 629
222 679
222 778
222 888
222 945
223 328
223 944
224 286
224 511
225 263
225 451
225 542
225 596
225 724
226 400
226 797
226 944
227 451
227 644
227 745
227 963
228 239
228 321
228 372
228 451
228 514
228 541
228 563
228 593
228 603
228 644
228 665
228 750
228 857
228 901
228 907
228 908
228 956
229 293
229 369
229 418
229 451
229 657
230 324
230 391
231 364
231 652
231 680
231 731
231 821
232 380
232 407
232 450
232 487
232 665
232 683
232 749
232 842
232 889
232 990
233 274
233 474
233 496
233 604
233 627
233 630
233 665
233 671
233 720
233 740
233 768
233 862
234 344
234 565
234 742
234 878
234 925
235 258
235 264
235 302
235 340
235 439
235 441
235 451
235 496
235 504
235 573
235 604
235 614
235 665
235 671
235 684
235 740
235 757
235 766
235 768
235 792
235 811
235 900
235 944
235 996
236 281
236 289
236 322
236 451
236 465
236 607
236 713
236 736
236 761
236 821
236 844
236 888
236 909
236 944
236 966
237 341
237 360
237 421
237 430
237 432
237 451
237 463
237 560
237 644
237 665
237 672
237 705
237 722
237 740
237 756
237 767
237 776
237 877
237 888
237 938
238 317
238 353
238 514
238 765
239 451
239 593
240 855
240 888
240 962
241 339
241 352
241 392
241 513
241 657
241 888
242 248
242 705
243 518
243 680
243 821
243 858
243 888
243 994
244 292
245 485
245 521
245 780
245 808
245 996
246 553
246 965
247 371
247 451
247 542
247 596
247 854
247 865
247 936
248 644
248 846
249 420
249 666
249 859
249 871
249 944
250 351
250 582
250 934
251 432
251 518
251 821
252 417
252 485
252 625
252 688
252 878
253 645
254 270
254 406
254 418
254 451
254 522
254 546
254 596
254 762
254 865
254 880
254 918
255 320
255 821
255 944
256 451
256 558
256 643
256 661
257 369
257 418
257 451
258 304
258 350
258 496
258 740
258 757
259 328
259 343
259 451
259 500
259 602
259 626
259 629
259 679
259 698
259 747
259 821
259 874
259 875
259 888
260 432
260 759
260 888
261 298
261 451
261 501
261 555
261 799
261 968
262 303
262 317
262 525
263 411
263 451
263 596
263 724
264 496
264 671
264 684
264 740
264 757
264 811
265 482
265 485
265 878
265 905
265 980
265 997
266 340
266 413
266 453
266 891
266 943
266 970
267 305
267 536
267 582
267 934
268 340
268 454
268 680
268 785
268 980
269 451
270 305
270 451
270 527
270 588
270 641
270 697
270 763
270 775
270 806
270 823
270 868
270 934
270 949
271 451
271 644
272 422
273 389
273 515
273 655
273 680
273 709
273 731
273 821
273 834
274 312
274 478
274 547
274 671
274 768
274 862
274 922
275 427
275 765
276 961
278 451
278 489
278 514
278 975
279 359
279 432
279 486
279 561
279 655
279 666
279 769
279 871
279 944
280 287
280 700
280 738
281 322
281 607
282 648
283 334
283 450
283 665
283 805
284 388
284 496
284 683
284 781
284 996
285 508
285 850
286 344
286 451
286 457
286 496
286 565
286 667
286 742
286 794
286 925
287 383
287 451
287 465
287 700
287 738
287 875
287 888
287 909
287 923
288 432
288 494
288 530
288 655
288 680
289 888
289 909
290 443
290 451
290 550
290 594
290 735
290 929
291 655
291 680
291 731
292 323
292 364
292 451
292 466
292 494
292 515
292 530
292 655
292 666
292 680
292 728
292 731
292 774
292 784
292 821
292 859
292 927
292 944
292 979
292 996
293 298
293 369
293 418
293 424
293 427
293 451
293 501
293 623
293 657
293 799
293 821
293 865
293 888
293 918
293 968
294 557
294 683
294 862
294 922
295 340
295 453
295 636
295 702
295 891
295 943
295 970
296 496
297 451
297 865
298 308
298 369
298 418
298 451
298 497
298 501
298 555
298 566
298 799
299 666
299 871
300 451
300 537
300 566
301 377
301 496
301 557
301 671
301 683
301 770
301 819
301 842
301 862
301 889
301 946
301 990
302 441
302 560
302 635
302 732
302 757
303 317
303 353
303 369
303 432
303 451
303 514
303 525
303 572
303 598
303 616
303 705
303 830
303 864
303 884
303 887
303 888
303 958
305 316
305 444
305 451
305 571
305 641
305 697
305 761
305 763
305 775
305 806
305 821
305 823
305 865
305 868
305 888
305 909
305 949
306 530
306 728
306 737
306 813
306 821
307 322
307 909
308 369
308 418
308 451
308 531
308 566
308 596
308 621
308 821
308 910
308 955
309 465
309 629
309 738
309 771
309 824
309 827
309 844
309 888
310 697
310 750
311 722
312 504
313 365
313 655
313 728
313 871
314 943
315 374
315 401
315 505
315 532
315 665
315 872
315 932
316 451
316 527
316 697
316 934
317 451
317 525
317 572
317 616
317 632
317 665
317 765
318 432
319 446
319 451
319 556
319 767
319 787
319 828
320 821
321 372
321 541
321 750
321 908
322 451
322 567
322 641
322 896
322 909
323 400
323 944
324 391
324 871
324 944
324 994
325 451
325 596
325 724
326 328
326 451
326 587
326 680
326 853
326 888
327 451
327 831
327 907
328 343
328 392
328 432
328 448
328 451
328 587
328 659
328 664
328 680
328 698
328 700
328 731
328 734
328 755
328 764
328 821
328 850
328 851
328 855
328 888
328 996
329 996
330 451
330 578
330 643
330 653
330 904
331 543
331 570
331 859
331 944
332 392
332 432
332 451
332 517
332 518
332 642
332 655
332 680
332 731
332 759
332 793
332 821
332 858
332 870
332 888
332 890
332 944
332 994
332 999
333 337
333 496
333 748
333 838
333 871
333 996
334 374
334 467
334 532
334 665
334 805
334 872
335 888
336 353
336 362
336 451
336 514
337 585
337 821
337 838
337 878
337 888
337 944
337 996
338 432
338 469
338 651
338 821
339 352
339 367
339 392
339 432
339 440
339 451
339 680
339 723
339 731
339 793
339 821
339 858
339 888
339 994
340 342
340 345
340 381
340 451
340 453
340 454
340 470
340 559
340 576
340 579
340 595
340 610
340 611
340 625
340 666
340 667
340 680
340 687
340 702
340 731
340 780
340 785
340 791
340 821
340 843
340 849
340 871
340 878
340 888
340 891
340 905
340 926
340 939
340 942
340 943
340 944
340 970
340 980
340 996
341 877
342 459
343 451
343 500
343 601
343 626
343 629
343 655
343 679
343 698
343 747
343 778
343 888
343 945
344 413
344 565
344 742
344 970
346 996
347 621
347 910
348 426
348 432
348 642
348 821
348 890
348 994
349 496
350 441
350 451
350 496
350 617
350 635
350 740
350 757
351 444
351 451
351 582
352 367
352 392
352 410
352 432
352 442
352 451
352 484
352 512
352 513
352 655
352 680
352 691
352 692
352 793
352 821
352 867
352 888
353 362
353 429
353 451
353 514
353 598
354 451
354 907
355 451
356 490
356 496
356 969
357 490
357 496
358 515
358 615
358 680
358 803
358 899
358 954
359 486
359 561
359 769
359 871
359 944
360 369
360 371
360 387
360 432
360 451
360 569
360 571
360 578
360 596
360 646
360 680
360 697
360 860
360 865
360 918
361 445
361 484
361 498
361 508
361 850
361 863
361 866
361 888
363 466
363 552
363 655
363 803
363 973
364 432
364 477
364 515
364 548
364 609
364 652
364 655
364 680
364 731
364 821
364 834
364 888
364 994
366 379
366 451
366 761
367 888
368 411
368 451
368 596
368 724
369 371
369 418
369 424
369 431
369 432
369 451
369 497
369 501
369 514
369 555
369 572
369 578
369 596
369 621
369 622
369 623
369 644
369 645
369 657
369 665
369 680
369 713
369 724
369 761
369 799
369 821
369 865
369 888
369 909
369 918
369 950
369 968
370 451
370 713
370 734
371 418
371 451
371 472
371 596
371 854
371 865
371 880
371 918
371 921
372 451
372 481
372 541
372 563
372 665
372 750
372 901
372 908
373 538
373 812
373 996
374 401
374 450
374 451
374 483
374 532
374 581
374 644
374 665
374 852
374 872
374 873
374 932
375 508
375 703
376 655
376 680
376 731
376 803
376 821
376 944
376 979
377 683
377 819
377 862
377 946
378 485
378 521
378 625
378 780
378 878
378 996
379 641
379 761
379 888
380 496
380 650
380 683
380 749
380 766
380 842
380 889
380 974
380 990
381 914
381 943
381 989
382 452
382 996
383 465
383 491
383 734
383 754
383 821
383 827
383 888
384 573
384 635
385 451
385 588
386 435
386 451
386 571
388 413
388 970
389 395
389 432
389 515
389 655
389 680
389 709
389 797
389 821
389 834
389 944
389 988
389 994
390 743
391 553
391 871
391 944
391 996
392 432
392 445
392 451
392 469
392 471
392 480
392 498
392 508
392 512
392 534
392 544
392 612
392 618
392 634
392 647
392 680
392 692
392 734
392 751
392 821
392 850
392 866
392 867
392 871
392 888
392 909
392 944
392 994
393 647
394 721
395 515
395 655
395 680
395 821
396 944
398 436
398 451
398 849
399 912
399 941
400 486
400 731
400 797
400 821
400 944
401 451
401 467
401 483
401 505
401 532
401 665
401 789
401 872
402 485
402 524
402 663
402 959
402 996
403 700
403 875
403 888
404 446
404 451
404 665
404 767
404 877
404 938
404 956
405 444
405 451
405 527
405 775
406 451
406 522
406 596
406 762
406 865
406 918
407 487
407 580
407 604
407 665
407 683
407 772
407 790
407 842
407 889
408 668
409 687
409 987
411 451
411 865
412 451
412 479
412 828
413 457
413 496
413 667
413 687
413 742
413 788
413 878
413 944
414 543
414 570
414 944
415 451
416 675
416 772
416 790
417 468
417 485
417 688
417 878
418 424
418 451
418 501
418 522
418 531
418 566
418 657
418 821
418 865
418 888
418 968
418 994
419 496
419 841
419 849
419 977
420 666
420 821
420 859
420 871
420 902
420 944
420 947
421 556
421 828
422 451
422 493
422 644
422 705
422 722
422 776
423 680
423 888
424 451
425 451
425 628
425 697
425 918
425 995
426 432
426 642
426 731
426 821
426 870
426 994
427 451
427 514
427 765
428 496
428 635
429 514
429 584
430 463
430 539
430 877
430 956
431 451
431 554
432 447
432 451
432 465
432 475
432 477
432 485
432 496
432 500
432 508
432 515
432 517
432 518
432 529
432 535
432 545
432 548
432 558
432 606
432 609
432 641
432 642
432 651
432 655
432 662
432 666
432 670
432 680
432 713
432 718
432 728
432 729
432 731
432 759
432 777
432 803
432 821
432 832
432 834
432 850
432 853
432 855
432 858
432 859
432 871
432 888
432 890
432 893
432 906
432 935
432 940
432 944
432 967
432 970
432 994
432 996
432 999
433 671
433 879
434 514
434 572
436 496
436 600
436 635
437 665
438 671
438 683
438 862
438 889
438 922
438 946
438 984
439 496
439 604
439 740
439 757
439 900
441 757
442 634
443 594
444 451
444 588
444 592
444 697
445 451
445 484
445 508
445 863
446 767
447 655
447 680
447 731
447 804
447 821
448 664
448 851
448 888
449 503
449 666
449 821
449 859
450 451
450 483
450 492
450 505
450 532
450 580
450 644
450 665
450 683
450 712
450 772
450 872
450 937
451 454
451 455
451 463
451 465
451 469
451 472
451 478
451 479
451 496
451 497
451 500
451 501
451 508
451 514
451 518
451 522
451 523
451 527
451 528
451 529
451 531
451 532
451 533
451 537
451 541
451 542
451 545
451 546
451 548
451 549
451 550
451 554
451 555
451 558
451 559
451 566
451 567
451 569
451 570
451 571
451 572
451 574
451 575
451 578
451 582
451 584
451 587
451 588
451 594
451 596
451 598
451 603
451 612
451 615
451 619
451 621
451 622
451 623
451 626
451 628
451 631
451 634
451 635
451 642
451 643
451 644
451 645
451 646
451 653
451 655
451 657
451 661
451 665
451 666
451 671
451 673
451 680
451 683
451 686
451 687
451 695
451 697
451 698
451 700
451 705
451 713
451 722
451 724
451 731
451 732
451 734
451 736
451 738
451 740
451 741
451 747
451 750
451 754
451 757
451 759
451 761
451 762
451 763
451 765
451 767
451 771
451 772
451 775
451 776
451 787
451 790
451 798
451 799
451 802
451 803
451 809
451 818
451 821
451 822
451 825
451 826
451 828
451 835
451 836
451 849
451 853
451 854
451 855
451 857
451 860
451 864
451 865
451 868
451 871
451 872
451 873
451 875
451 878
451 880
451 884
451 887
451 888
451 889
451 890
451 894
451 896
451 907
451 908
451 909
451 915
451 918
451 929
451 933
451 934
451 936
451 944
451 955
451 958
451 960
451 961
451 968
451 979
451 982
451 984
451 986
451 990
451 994
451 995
451 996
452 820
452 871
452 944
452 996
453 636
453 680
453 702
453 727
453 791
453 821
453 843
453 878
453 883
453 888
453 891
453 943
453 970
453 980
453 996
454 485
454 591
454 611
454 821
454 847
454 871
454 878
454 898
454 939
454 942
454 980
454 996
455 554
456 559
456 680
456 996
457 871
459 791
460 674
460 871
460 944
461 504
461 639
462 496
462 586
462 689
462 911
462 982
462 992
463 539
463 665
463 756
464 656
464 665
464 993
465 491
465 514
465 626
465 655
465 673
465 680
465 698
465 700
465 713
465 734
465 738
465 747
465 754
465 771
465 821
465 824
465 827
465 844
465 871
465 874
465 875
465 888
465 909
465 921
465 923
465 931
465 966
465 996
466 530
466 552
466 680
466 728
466 731
466 774
466 784
466 803
466 836
467 483
467 532
467 665
468 485
468 688
468 878
469 651
469 680
470 579
471 723
471 888
472 596
472 865
473 549
473 708
474 504
474 604
474 627
474 630
474 720
474 840
475 655
475 821
475 935
475 994
476 496
476 573
476 671
476 757
477 535
477 642
477 731
477 821
477 832
477 906
477 967
478 547
478 557
478 671
478 768
479 572
479 750
479 825
480 544
480 612
480 618
480 655
480 680
480 821
480 850
480 888
480 928
480 994
481 541
481 563
481 750
481 908
482 847
482 878
482 997
483 496
483 532
483 665
483 872
483 932
484 508
484 863
484 888
485 538
485 576
485 611
485 625
485 655
485 669
485 688
485 780
485 808
485 821
485 878
485 902
485 905
485 944
485 980
485 996
486 561
486 655
486 666
486 680
486 769
486 803
486 821
486 871
486 885
486 944
487 580
487 683
487 772
487 790
487 990
488 529
488 655
488 680
488 952
489 514
489 584
490 496
490 730
490 740
490 969
491 713
491 754
491 821
491 888
492 665
492 707
493 644
493 722
493 739
493 776
494 515
494 530
494 731
496 504
496 514
496 533
496 562
496 564
496 573
496 586
496 600
496 604
496 617
496 635
496 638
496 644
496 665
496 671
496 676
496 677
496 680
496 683
496 687
496 689
496 699
496 719
496 730
496 740
496 749
496 757
496 792
496 821
496 849
496 865
496 871
496 878
496 888
496 909
496 943
496 944
496 945
496 946
496 969
496 970
496 977
496 982
496 984
496 992
496 996
497 501
497 918
498 508
498 866
498 888
499 722
499 756
499 776
499 800
500 589
500 602
500 626
500 629
500 679
500 698
500 747
500 778
500 874
500 888
500 945
501 555
501 566
501 623
501 799
501 968
502 521
503 561
503 666
503 680
503 729
503 859
503 871
503 903
503 944
504 604
504 627
504 630
504 639
504 665
504 671
504 683
504 684
504 693
504 720
504 740
505 532
505 644
505 872
505 873
506 711
507 913
508 587
508 612
508 659
508 680
508 821
508 850
508 853
508 866
508 888
508 994
510 944
510 998
511 925
512 692
513 821
514 549
514 572
514 584
514 598
514 619
514 644
514 655
514 665
514 680
514 704
514 706
514 708
514 750
514 822
514 888
514 996
515 529
515 605
515 615
515 655
515 666
515 680
515 726
515 731
515 803
515 821
515 829
515 834
515 836
515 871
515 899
515 944
515 950
515 954
515 981
515 988
515 994
516 538
516 948
517 680
517 777
517 821
517 935
517 994
518 680
518 821
518 858
518 888
518 994
519 655
519 680
519 951
519 996
520 548
520 655
520 680
520 731
520 821
520 976
521 780
521 808
521 878
522 918
523 569
524 538
524 663
524 996
526 750
526 857
526 924
527 697
527 775
528 934
529 605
529 606
529 655
529 680
529 731
529 821
529 952
529 970
529 976
529 988
529 996
530 680
530 731
530 737
530 774
530 813
530 927
530 996
531 566
531 955
532 644
532 665
532 678
532 707
532 789
532 807
532 872
532 873
532 889
532 932
532 963
533 833
533 895
535 548
535 655
535 731
535 821
535 832
535 906
535 967
535 994
536 582
537 955
538 812
538 821
538 948
538 996
540 674
540 944
541 572
541 750
542 596
542 622
543 871
543 944
543 996
544 888
545 655
545 680
545 821
545 994
546 596
546 880
546 918
547 671
547 683
548 609
548 644
548 655
548 680
548 690
548 731
548 760
548 821
548 832
548 888
548 897
548 994
548 996
549 708
549 750
550 594
550 735
551 602
551 626
551 673
551 698
551 888
552 655
552 680
552 803
552 821
552 836
552 888
552 973
553 944
553 965
553 996
554 578
554 761
554 888
555 799
556 767
556 828
557 671
557 862
557 889
559 576
559 972
559 983
559 996
560 635
560 732
561 666
561 680
561 731
561 769
561 821
561 871
561 885
561 944
561 950
562 600
562 635
562 689
562 721
562 841
562 992
563 750
564 635
564 977
565 742
565 925
566 621
566 799
566 910
566 968
567 909
568 644
569 646
570 620
570 655
570 666
570 680
570 859
570 871
570 888
570 944
570 996
571 802
571 995
572 619
572 704
572 714
572 888
573 635
573 757
574 734
575 603
576 820
576 972
576 996
577 996
578 643
578 646
578 826
578 835
578 888
579 637
580 665
580 683
580 772
581 665
581 873
582 814
582 934
583 666
583 680
583 773
583 871
583 885
583 944
584 975
585 996
586 635
586 911
586 992
587 659
587 850
587 853
587 888
588 641
588 761
589 602
589 626
589 874
589 888
590 683
590 744
590 766
590 984
591 611
591 847
591 878
591 939
591 942
591 944
593 924
594 603
594 735
596 622
596 665
596 695
596 724
596 821
596 865
596 880
596 888
596 918
596 933
596 936
597 665
597 683
597 766
597 915
598 765
599 772
599 790
599 889
601 626
601 679
601 747
601 821
601 888
601 945
602 626
602 679
602 680
602 698
602 821
602 874
602 888
602 994
603 631
603 680
603 809
603 864
604 627
604 630
604 720
604 740
604 768
604 840
604 888
605 680
605 726
605 821
605 981
606 655
606 680
606 731
606 821
609 655
609 680
609 731
609 821
610 970
611 847
611 878
611 917
611 939
611 942
612 618
612 647
612 888
612 928
612 996
613 680
613 731
613 821
613 832
613 906
613 994
614 684
614 740
615 655
615 666
615 680
615 731
615 803
615 821
615 829
615 869
615 876
615 888
615 899
617 671
619 632
619 750
620 944
621 623
621 910
624 944
624 972
625 878
626 629
626 673
626 698
626 700
626 717
626 738
626 821
626 874
626 888
626 944
627 671
627 720
627 757
628 661
629 698
629 747
629 778
629 888
629 960
631 887
632 958
633 737
633 813
633 821
634 647
635 665
635 699
636 891
640 884
641 761
641 888
641 909
641 934
642 655
642 680
642 718
642 731
642 821
642 870
642 888
642 890
642 994
643 645
643 653
643 918
644 665
644 681
644 705
644 722
644 745
644 782
644 800
644 815
644 846
644 856
644 873
644 961
645 821
646 918
647 655
647 888
649 943
650 665
650 671
650 889
650 974
650 990
651 680
651 821
652 655
652 680
652 731
652 821
653 904
654 666
654 871
654 885
655 665
655 666
655 680
655 683
655 690
655 696
655 726
655 728
655 731
655 752
655 760
655 761
655 797
655 803
655 804
655 821
655 832
655 834
655 837
655 858
655 859
655 870
655 871
655 876
655 885
655 888
655 897
655 906
655 927
655 940
655 944
655 950
655 952
655 976
655 988
655 994
655 996
656 993
659 850
659 888
662 821
662 994
664 851
664 888
665 671
665 683
665 694
665 707
665 712
665 715
665 722
665 745
665 766
665 770
665 772
665 776
665 789
665 790
665 805
665 807
665 821
665 828
665 872
665 873
665 884
665 888
665 889
665 912
665 932
665 937
665 944
665 946
665 963
665 971
665 974
665 990
665 996
666 680
666 682
666 725
666 728
666 729
666 731
666 803
666 821
666 859
666 861
666 871
666 885
666 888
666 903
666 944
666 947
666 950
666 970
666 996
667 794
667 943
667 944
667 970
667 996
668 944
669 878
670 821
670 994
671 683
671 720
671 766
671 768
671 862
671 889
671 919
671 922
671 946
671 996
673 698
673 888
674 885
674 944
675 772
675 790
677 982
679 747
679 888
680 687
680 690
680 709
680 726
680 728
680 731
680 760
680 773
680 774
680 777
680 797
680 803
680 804
680 821
680 829
680 832
680 834
680 837
680 858
680 870
680 871
680 878
680 885
680 888
680 890
680 897
680 906
680 940
680 944
680 950
680 952
680 954
680 967
680 976
680 981
680 988
680 994
680 996
681 782
682 810
682 821
683 715
683 744
683 753
683 766
683 768
683 790
683 821
683 862
683 889
683 922
683 946
683 974
683 984
683 990
684 740
684 900
685 821
685 985
686 802
687 781
687 817
687 970
687 987
688 878
689 721
690 821
690 832
690 897
694 971
696 803
697 775
697 802
697 823
697 865
697 888
698 700
698 747
698 771
698 821
698 850
698 874
698 888
700 850
700 875
700 888
701 877
702 727
702 821
702 891
702 970
704 714
705 756
705 776
705 800
705 807
705 846
709 731
709 834
710 802
711 970
713 734
713 754
713 888
713 931
716 944
716 996
717 888
717 960
718 731
718 821
718 890
718 940
718 994
719 801
720 840
721 841
722 756
722 776
722 779
722 944
723 793
724 918
725 859
725 871
725 888
725 902
725 944
726 821
727 843
728 774
728 821
728 859
728 888
728 944
728 996
729 821
729 871
729 944
730 969
731 759
731 760
731 803
731 804
731 821
731 832
731 834
731 836
731 858
731 870
731 878
731 888
731 890
731 906
731 944
731 952
731 954
731 967
731 976
731 980
731 988
731 994
731 996
732 757
733 776
734 736
734 798
734 821
734 888
734 909
735 929
737 813
738 875
738 888
738 923
740 757
740 792
740 821
740 888
740 900
740 943
740 994
741 758
741 961
742 925
744 984
745 873
745 963
745 996
746 845
746 996
747 874
747 888
747 945
748 996
749 889
749 974
749 990
750 901
750 908
752 821
752 957
753 889
753 922
754 827
756 776
756 839
756 888
756 916
756 961
757 790
757 873
757 969
757 996
758 776
758 961
759 821
760 821
760 870
761 798
761 888
761 909
761 918
761 934
762 918
763 949
764 888
766 770
766 842
766 889
766 915
766 990
767 877
767 888
768 889
768 946
771 921
772 790
772 889
772 990
773 885
774 927
776 839
776 846
776 916
776 961
777 821
777 994
778 888
780 808
780 878
780 944
783 970
784 821
785 980
790 842
790 888
790 889
790 990
791 878
791 980
793 888
795 982
799 968
803 821
803 869
803 876
803 888
803 944
803 957
803 979
803 994
803 996
804 821
805 872
806 868
806 949
807 852
807 873
807 971
808 878
808 996
809 864
810 871
810 996
814 934
819 862
819 946
820 996
821 832
821 834
821 837
821 850
821 858
821 870
821 871
821 875
821 876
821 878
821 888
821 890
821 897
821 899
821 906
821 909
821 918
821 935
821 940
821 943
821 944
821 950
821 954
821 967
821 970
821 973
821 976
821 980
821 981
821 988
821 994
821 996
821 999
822 892
824 827
824 888
824 931
826 835
827 888
827 931
829 876
832 870
832 888
832 897
832 906
832 967
832 994
832 996
833 895
834 871
834 981
834 988
836 979
837 996
838 996
839 916
839 961
842 889
842 946
842 990
843 925
844 888
844 921
845 948
845 996
847 878
847 898
847 939
847 980
847 996
849 977
850 853
850 866
850 888
850 909
850 928
851 888
852 873
854 865
854 880
855 888
855 945
855 962
856 888
858 999
859 861
859 871
859 885
859 902
859 944
859 947
859 996
861 871
861 944
862 946
865 880
865 888
865 918
865 996
868 949
869 876
870 994
871 878
871 885
871 888
871 902
871 944
871 947
871 950
871 996
871 998
872 873
872 932
873 963
873 971
874 888
875 888
876 899
877 956
878 888
878 905
878 926
878 944
878 970
878 980
878 994
878 996
878 997
880 888
880 936
883 891
885 944
885 947
885 950
888 890
888 909
888 918
888 921
888 923
888 944
888 945
888 960
888 962
888 966
888 986
888 991
888 994
888 996
889 915
889 974
889 990
890 940
890 967
890 994
891 970
891 980
893 994
896 909
898 980
899 954
902 944
902 947
903 944
905 997
906 994
907 996
912 941
914 943
915 990
916 961
917 996
920 953
921 931
922 946
922 984
923 931
931 994
935 994
939 942
940 994
942 980
943 970
943 989
943 996
944 947
944 950
944 964
944 970
944 972
944 979
944 982
944 988
944 994
944 996
944 998
950 996
951 996
952 988
953 982
959 996
964 996
969 977
969 992
970 980
972 996
974 990
976 994
981 988
982 992
983 996
994 996
996 997
