0 1
0 3
0 4
0 17
0 20
0 23
0 26
0 30
0 37
0 39
0 42
0 53
0 54
0 60
0 64
0 65
0 77
0 79
0 82
0 89
0 95
0 97
1 6
1 18
1 20
1 30
1 39
1 44
1 53
1 65
1 72
2 4
2 6
2 14
2 15
2 17
2 19
2 27
2 28
2 29
2 31
2 33
2 36
2 40
2 45
2 47
2 52
2 57
2 64
2 74
2 80
2 92
2 98
3 17
3 21
3 59
3 70
3 95
3 97
4 6
4 7
4 11
4 14
4 15
4 19
4 22
4 27
4 28
4 29
4 33
4 34
4 35
4 38
4 40
4 45
4 47
4 50
4 52
4 57
4 64
4 67
4 70
4 75
4 87
4 92
4 94
4 98
4 99
5 7
5 11
5 14
5 24
5 25
5 35
5 38
5 56
5 74
5 76
5 80
5 81
5 83
5 99
6 14
6 19
6 29
6 32
6 34
6 36
6 43
6 47
6 50
6 64
7 11
7 15
7 35
7 38
7 49
7 80
7 99
8 12
8 13
8 35
8 58
8 70
8 73
8 87
8 90
9 10
9 26
9 37
9 54
9 61
9 72
9 75
9 82
9 86
9 96
10 18
10 26
10 37
10 44
10 54
10 61
10 72
10 75
11 12
11 24
11 33
11 35
11 38
11 49
11 64
11 66
11 69
11 71
11 72
11 74
11 76
11 78
11 80
11 87
11 99
12 14
12 25
12 35
12 38
12 58
12 73
12 76
12 87
12 99
13 22
13 35
13 58
13 63
13 70
13 78
13 81
13 87
14 15
14 26
14 27
14 28
14 31
14 32
14 33
14 40
14 45
14 47
14 50
14 52
14 55
14 57
14 64
14 67
14 86
14 87
14 92
14 94
14 98
15 45
15 47
15 50
15 55
15 67
16 42
16 54
16 60
16 70
16 95
16 97
17 59
17 62
17 70
17 85
17 93
17 95
17 97
18 37
18 39
18 44
18 54
18 72
18 75
19 29
19 32
19 36
19 47
19 50
19 64
19 92
20 23
20 46
20 79
21 22
21 51
21 62
21 70
21 78
21 84
21 88
22 35
22 58
22 63
22 70
22 73
22 78
22 81
22 87
22 88
22 91
23 30
23 79
24 35
24 41
24 49
24 71
24 76
24 87
25 35
25 41
25 49
25 56
25 71
25 99
26 29
26 61
26 72
26 77
26 82
26 86
26 96
27 31
27 32
27 33
27 47
28 31
28 32
28 34
28 36
28 48
28 55
28 64
28 95
29 32
29 34
29 36
29 37
29 52
29 64
29 92
30 39
30 46
30 53
30 59
30 65
30 72
31 32
31 36
31 48
31 50
31 52
31 64
31 75
31 92
32 33
32 34
32 36
32 40
32 64
32 75
32 92
33 45
33 47
33 50
33 64
33 98
34 36
34 64
35 37
35 38
35 41
35 47
35 49
35 50
35 56
35 57
35 66
35 71
35 73
35 76
35 80
35 87
35 90
35 99
36 40
36 52
36 64
37 39
37 44
37 54
37 65
37 72
37 75
37 82
38 49
38 56
38 74
38 76
38 80
38 99
39 44
39 54
39 57
39 65
39 72
39 75
39 82
39 89
39 98
40 43
40 52
40 64
41 49
41 56
41 71
41 87
42 46
42 95
42 97
43 48
43 52
43 82
43 95
43 98
44 54
44 65
44 86
44 89
45 47
45 50
45 64
45 94
45 98
46 70
46 95
46 97
47 50
47 68
47 92
47 98
48 52
48 68
49 56
49 57
49 64
49 71
49 73
49 80
49 87
49 90
49 92
50 92
50 94
50 98
51 70
51 87
51 95
52 54
52 64
52 82
54 61
54 64
54 65
54 72
54 75
54 87
54 89
55 57
55 67
55 83
55 98
56 70
56 71
56 80
56 90
57 67
57 74
57 94
57 98
58 62
58 63
58 73
58 81
58 85
58 87
58 88
58 91
59 70
59 95
60 95
60 97
61 82
61 86
61 89
61 96
62 70
62 73
62 78
62 81
62 88
62 91
63 81
63 91
64 72
64 78
64 92
64 94
65 72
65 75
65 79
65 89
66 74
66 99
67 98
69 80
69 99
70 78
70 80
70 81
70 84
70 87
70 93
70 95
71 76
71 87
72 75
72 89
73 76
73 87
73 91
74 94
74 98
75 77
75 89
75 95
75 96
76 80
76 87
76 90
76 95
77 82
77 84
78 84
78 93
80 99
81 91
81 95
83 98
84 87
84 93
85 87
87 90
87 91
87 95
87 99
88 91
88 99
94 98
95 97
