0 25
0 27
0 28
0 61
1 36
1 63
1 73
1 80
2 17
2 33
2 89
3 17
3 19
3 33
3 49
3 56
3 70
3 72
3 89
3 91
3 95
3 96
4 7
4 43
4 52
4 63
5 17
5 35
5 73
5 75
5 92
6 39
6 63
6 71
6 97
7 43
7 52
7 76
8 17
8 18
8 51
8 71
9 14
9 20
9 29
9 31
9 43
9 48
9 53
9 59
9 63
9 64
9 78
9 80
9 86
9 87
9 89
10 46
10 63
10 66
10 67
10 76
11 15
11 17
11 33
11 39
11 50
11 56
11 71
11 72
11 74
11 81
11 97
12 15
12 17
12 24
12 30
12 39
12 72
13 17
13 31
13 38
13 51
13 79
13 98
14 60
14 63
14 86
15 17
15 24
15 39
15 71
15 72
15 74
15 81
15 88
15 97
16 17
16 45
16 71
16 88
16 97
17 19
17 22
17 24
17 26
17 27
17 28
17 29
17 30
17 31
17 33
17 35
17 39
17 45
17 47
17 48
17 49
17 50
17 51
17 52
17 53
17 56
17 58
17 61
17 63
17 64
17 67
17 68
17 70
17 71
17 72
17 74
17 75
17 76
17 78
17 81
17 84
17 88
17 89
17 90
17 92
17 95
17 96
17 97
17 98
18 47
18 98
19 33
19 56
19 70
19 76
19 91
19 95
19 96
20 41
20 78
20 87
20 89
21 44
21 51
21 82
22 33
22 95
23 33
23 56
23 57
23 63
23 91
23 95
24 33
24 39
24 71
24 72
24 88
24 92
24 97
25 27
25 51
25 61
25 63
25 65
26 30
26 57
26 63
26 74
27 28
27 29
27 31
27 32
27 34
27 40
27 63
27 78
27 86
27 99
28 29
28 31
28 40
28 48
28 53
28 63
28 78
28 89
28 99
29 31
29 32
29 34
29 40
29 48
29 51
29 53
29 63
29 78
29 86
29 89
29 99
30 31
30 33
30 39
30 49
30 50
30 56
30 63
30 74
30 84
31 32
31 40
31 48
31 51
31 53
31 54
31 61
31 63
31 64
31 65
31 71
31 72
31 73
31 78
31 86
31 87
31 89
31 90
31 99
32 40
32 61
32 89
33 39
33 49
33 51
33 56
33 57
33 63
33 70
33 72
33 74
33 76
33 84
33 91
33 92
33 95
33 96
34 51
34 82
35 43
35 71
35 75
35 92
36 54
36 63
36 77
36 89
37 42
37 43
37 63
37 77
37 80
37 87
37 89
37 90
38 51
38 68
38 72
39 43
39 49
39 56
39 72
39 81
39 88
39 89
39 90
39 92
39 97
40 48
40 61
40 63
40 65
40 86
40 89
40 99
41 53
41 59
41 62
41 63
41 78
41 80
41 89
42 89
43 52
43 54
43 56
43 63
43 73
43 76
43 89
43 90
43 92
43 93
44 51
44 63
44 65
44 82
44 94
45 47
45 71
46 58
46 63
46 67
46 73
46 76
47 51
47 63
47 71
48 51
48 53
48 71
48 78
48 86
48 89
48 99
49 56
49 63
49 74
49 91
49 95
49 96
50 71
50 97
51 61
51 63
51 68
51 70
51 71
51 78
51 79
51 81
51 82
51 86
51 89
51 98
52 55
52 56
52 63
52 70
52 75
52 85
52 90
52 92
53 59
53 63
53 64
53 73
53 78
53 86
53 87
53 89
53 97
54 58
54 63
54 73
54 77
54 87
54 89
55 63
55 75
55 85
55 92
55 93
56 57
56 63
56 70
56 72
56 75
56 91
56 92
56 95
56 96
56 97
57 63
57 70
57 95
58 63
58 66
58 67
58 73
58 76
58 89
58 90
59 64
59 78
59 87
59 89
60 69
60 80
61 63
61 65
61 94
61 99
62 69
62 80
63 64
63 65
63 66
63 67
63 69
63 70
63 71
63 72
63 73
63 74
63 75
63 76
63 77
63 78
63 79
63 80
63 84
63 85
63 87
63 89
63 90
63 92
63 94
63 95
63 97
63 99
64 78
64 86
64 87
64 89
65 89
66 67
67 73
67 76
68 98
69 80
69 87
69 89
70 76
70 88
70 91
70 92
70 95
70 96
71 72
71 81
71 89
71 97
71 98
72 74
72 81
72 88
73 76
73 89
73 90
74 81
74 90
74 91
75 85
75 92
75 93
76 89
76 92
77 90
78 86
78 87
78 89
78 99
80 83
80 87
81 88
83 87
84 98
85 92
86 87
86 89
86 99
87 89
89 92
89 97
89 99
91 95
92 95
95 96
