0 4
0 28
0 31
0 33
0 48
0 67
0 78
0 88
0 92
0 96
0 98
0 102
0 116
0 123
0 127
0 135
0 136
0 139
0 151
0 171
0 181
0 186
0 235
0 237
0 256
0 263
0 288
0 310
0 318
0 333
0 335
0 351
0 352
0 359
0 360
0 378
0 395
0 405
0 412
0 416
0 421
0 430
0 442
0 450
0 463
0 477
0 516
0 531
0 534
0 539
0 542
0 568
0 587
0 588
0 606
0 616
0 619
0 658
0 677
0 678
0 703
0 728
0 737
0 753
0 760
0 764
0 769
0 785
0 793
0 803
0 814
0 818
0 819
0 822
0 841
0 856
0 866
0 870
0 895
0 903
0 915
0 924
0 937
0 945
0 955
0 988
0 991
1 59
1 229
1 246
1 265
1 269
1 505
1 570
1 789
1 812
2 158
2 159
2 766
2 785
2 970
3 11
3 256
3 288
3 628
3 988
4 39
4 60
4 69
4 78
4 88
4 93
4 98
4 127
4 136
4 139
4 148
4 152
4 226
4 251
4 286
4 305
4 310
4 316
4 318
4 333
4 351
4 359
4 394
4 412
4 413
4 421
4 440
4 450
4 463
4 483
4 484
4 485
4 526
4 534
4 542
4 554
4 570
4 588
4 606
4 613
4 643
4 645
4 677
4 703
4 728
4 729
4 748
4 753
4 766
4 769
4 785
4 799
4 819
4 841
4 845
4 856
4 858
4 866
4 884
4 892
4 894
4 907
4 929
4 937
4 940
4 955
4 961
4 974
4 989
4 997
5 178
5 440
5 570
5 998
6 166
6 186
6 917
7 286
7 681
7 884
8 120
8 326
8 469
8 542
8 681
8 712
8 769
8 907
8 955
9 201
9 359
9 777
9 842
10 140
10 280
10 315
10 402
10 406
10 446
10 588
10 612
10 675
10 696
10 844
11 165
11 628
11 988
12 239
12 248
12 274
12 288
12 773
13 37
13 164
13 186
13 220
13 228
13 288
13 304
13 310
13 349
13 440
13 455
13 517
13 640
13 724
13 763
13 953
13 955
13 968
13 988
15 87
15 186
15 209
15 327
15 871
15 955
15 988
16 156
16 406
16 546
16 588
17 790
17 955
18 336
18 474
18 588
18 590
18 612
18 843
18 844
18 959
19 90
19 465
19 598
19 938
20 124
20 359
20 507
20 654
20 988
21 406
21 964
22 122
22 656
23 75
23 174
23 344
23 406
23 431
23 483
23 588
23 700
23 955
24 163
24 440
25 78
25 94
25 542
25 553
25 936
25 955
25 962
26 88
26 99
26 411
26 735
26 931
27 136
27 302
27 433
27 457
27 552
27 740
27 919
27 955
28 92
28 136
28 616
28 955
29 210
29 233
29 298
29 305
29 380
29 440
29 444
29 461
29 588
29 641
29 831
29 844
29 874
29 885
29 999
30 310
30 988
31 45
31 125
31 136
31 149
31 171
31 180
31 335
31 424
31 606
31 677
31 703
31 760
31 771
31 908
31 924
31 937
31 955
32 47
32 48
32 65
32 70
32 74
32 85
32 162
32 342
32 506
32 548
32 601
32 611
32 617
32 629
32 751
32 785
32 864
32 881
32 910
32 949
32 955
33 48
33 158
33 283
33 548
33 611
33 617
33 751
33 955
34 136
34 180
34 937
35 40
35 48
35 49
35 78
35 88
35 97
35 158
35 337
35 342
35 483
35 512
35 611
35 629
35 766
35 785
35 790
35 910
35 921
35 949
35 955
35 970
35 973
36 305
36 364
36 380
36 572
36 588
37 349
37 368
37 440
37 640
37 871
37 958
38 48
38 137
38 204
38 230
38 287
38 291
38 294
38 301
38 359
38 428
38 449
38 556
38 588
38 617
38 709
38 714
38 790
39 77
39 82
39 90
39 107
39 112
39 131
39 136
39 174
39 184
39 186
39 187
39 221
39 233
39 263
39 288
39 293
39 305
39 310
39 329
39 345
39 348
39 357
39 358
39 359
39 376
39 380
39 391
39 406
39 440
39 454
39 471
39 483
39 504
39 505
39 533
39 535
39 569
39 570
39 573
39 588
39 612
39 615
39 656
39 662
39 672
39 675
39 676
39 682
39 687
39 703
39 789
39 817
39 826
39 844
39 867
39 878
39 917
39 942
39 955
39 957
39 978
39 988
40 48
40 52
40 105
40 133
40 135
40 183
40 197
40 297
40 316
40 324
40 375
40 382
40 415
40 433
40 475
40 567
40 588
40 594
40 611
40 697
40 703
40 708
40 776
40 781
40 805
40 816
40 925
40 955
40 960
40 986
40 988
41 359
41 381
41 664
41 761
42 432
42 588
42 717
42 739
43 305
43 380
43 588
44 207
44 596
44 757
44 811
44 941
44 955
45 136
45 171
45 424
45 908
45 937
46 92
46 333
46 352
46 592
47 48
47 49
47 65
47 70
47 74
47 88
47 126
47 136
47 158
47 162
47 279
47 342
47 355
47 359
47 438
47 443
47 453
47 483
47 484
47 506
47 509
47 551
47 588
47 596
47 601
47 611
47 617
47 629
47 706
47 751
47 766
47 785
47 881
47 910
47 955
47 985
48 49
48 52
48 56
48 58
48 65
48 70
48 74
48 88
48 89
48 112
48 126
48 128
48 135
48 136
48 158
48 162
48 183
48 186
48 207
48 245
48 270
48 279
48 283
48 287
48 290
48 294
48 301
48 305
48 310
48 312
48 331
48 337
48 342
48 346
48 355
48 359
48 392
48 395
48 406
48 428
48 433
48 438
48 440
48 443
48 453
48 483
48 484
48 491
48 506
48 509
48 512
48 519
48 524
48 534
48 538
48 542
48 548
48 551
48 552
48 555
48 559
48 565
48 566
48 570
48 571
48 588
48 596
48 600
48 601
48 606
48 608
48 611
48 617
48 622
48 629
48 631
48 643
48 675
48 703
48 706
48 737
48 751
48 755
48 766
48 776
48 777
48 785
48 790
48 802
48 808
48 821
48 837
48 839
48 858
48 864
48 870
48 876
48 881
48 910
48 919
48 923
48 925
48 937
48 949
48 952
48 955
48 962
48 985
48 996
49 83
49 158
49 337
49 342
49 359
49 438
49 443
49 453
49 484
49 491
49 506
49 509
49 551
49 566
49 588
49 601
49 611
49 617
49 622
49 629
49 706
49 766
49 785
49 910
49 949
49 955
50 118
50 298
50 336
50 588
50 590
50 844
50 959
51 955
51 997
52 382
52 542
52 960
53 67
53 88
53 136
53 168
53 181
53 222
53 397
53 411
53 477
53 563
53 677
53 703
53 772
53 895
53 955
54 199
54 310
54 607
54 703
55 294
55 452
55 790
56 785
57 328
57 343
57 469
57 542
57 858
57 955
57 982
58 188
58 359
58 452
58 766
58 790
58 946
59 112
59 113
59 141
59 164
59 187
59 407
59 440
59 471
59 505
59 547
59 570
59 656
59 668
59 682
59 867
60 127
60 955
61 87
61 288
61 773
61 821
62 265
62 570
62 938
63 921
63 955
64 227
64 305
64 542
64 737
64 955
65 85
65 162
65 342
65 617
65 751
65 910
66 121
66 529
66 703
66 937
67 88
67 110
67 136
67 168
67 181
67 222
67 265
67 288
67 310
67 347
67 377
67 397
67 411
67 456
67 477
67 563
67 606
67 619
67 677
67 685
67 703
67 772
67 866
67 895
67 926
67 931
67 955
67 994
68 112
68 186
68 269
68 420
68 440
68 511
68 798
68 938
68 972
69 136
69 394
69 485
69 526
69 542
69 613
69 645
69 845
69 907
69 955
70 74
70 85
70 162
70 342
70 506
70 551
70 601
70 611
70 617
70 629
70 751
70 910
70 955
71 136
71 200
71 523
71 606
71 849
71 945
72 112
72 145
72 348
72 570
72 756
72 828
73 187
73 277
73 305
73 406
73 440
73 441
73 504
73 515
73 535
73 569
73 687
73 878
73 955
74 279
74 453
74 611
74 617
74 949
75 117
75 402
75 483
75 588
75 646
75 739
75 820
76 752
76 785
76 839
76 955
77 82
77 440
77 615
78 94
78 136
78 148
78 251
78 281
78 286
78 313
78 359
78 395
78 440
78 542
78 606
78 611
78 643
78 681
78 766
78 769
78 858
78 888
78 892
78 929
78 936
78 955
78 962
78 982
79 136
79 310
79 460
79 579
79 581
79 639
79 703
79 733
79 988
79 994
80 110
80 136
80 181
80 606
80 619
80 677
80 703
80 716
80 895
80 955
81 135
81 250
81 589
81 643
81 759
81 955
82 111
82 112
82 263
82 305
82 358
82 391
82 440
82 505
82 581
82 615
82 656
82 672
82 826
82 957
83 337
83 342
83 438
83 443
83 629
83 766
84 136
84 180
84 335
84 606
84 955
85 162
85 617
85 910
86 433
86 680
87 165
87 209
87 274
87 288
87 562
87 705
87 773
87 783
88 96
88 99
88 110
88 125
88 136
88 155
88 157
88 168
88 175
88 181
88 186
88 198
88 199
88 214
88 222
88 247
88 256
88 288
88 310
88 335
88 340
88 347
88 359
88 360
88 362
88 365
88 395
88 397
88 406
88 411
88 422
88 440
88 451
88 455
88 456
88 463
88 467
88 477
88 514
88 521
88 531
88 542
88 560
88 561
88 563
88 570
88 581
88 588
88 595
88 605
88 606
88 619
88 634
88 639
88 643
88 656
88 674
88 677
88 685
88 686
88 703
88 716
88 728
88 733
88 735
88 749
88 764
88 772
88 773
88 785
88 790
88 797
88 815
88 825
88 830
88 846
88 866
88 868
88 895
88 904
88 917
88 926
88 931
88 937
88 955
88 963
88 977
88 988
88 994
89 91
89 280
89 315
89 402
89 483
89 528
89 588
89 590
89 675
89 696
90 129
90 166
90 186
90 202
90 215
90 255
90 310
90 379
90 440
90 490
90 570
90 598
90 666
90 804
90 950
91 290
91 305
91 402
91 446
91 483
91 588
91 590
91 675
91 717
91 775
91 857
91 955
92 123
92 136
92 333
92 463
92 479
92 534
92 568
92 728
92 841
92 955
93 955
94 148
94 542
94 681
94 835
94 955
94 962
95 227
95 323
95 544
95 955
96 136
96 175
96 198
96 310
96 360
96 365
96 411
96 514
96 542
96 560
96 619
96 686
96 703
96 735
96 749
96 955
96 988
97 128
97 287
97 301
97 359
97 452
97 484
97 588
97 600
97 608
97 702
97 766
97 785
98 127
98 136
98 139
98 333
98 442
98 534
98 728
98 793
98 814
98 890
98 955
99 411
99 674
99 703
99 735
100 119
100 136
100 155
100 190
100 199
100 500
100 690
100 703
100 866
100 955
100 988
101 255
101 338
101 978
102 136
102 171
102 335
102 558
102 754
102 760
102 955
103 288
103 917
104 148
104 955
105 433
105 567
105 708
105 920
105 925
105 955
106 248
106 288
106 310
106 773
106 901
106 988
107 112
107 440
107 867
108 790
108 842
109 238
109 737
109 770
109 955
110 136
110 181
110 606
110 619
110 644
110 716
110 895
111 167
111 547
112 113
112 131
112 136
112 141
112 145
112 175
112 176
112 186
112 187
112 196
112 241
112 257
112 263
112 265
112 269
112 288
112 310
112 311
112 348
112 380
112 383
112 402
112 403
112 407
112 440
112 471
112 505
112 515
112 547
112 570
112 573
112 588
112 604
112 656
112 682
112 703
112 727
112 756
112 773
112 785
112 788
112 828
112 853
112 955
112 957
112 972
112 978
112 988
113 136
113 440
113 471
113 505
113 570
113 682
114 169
114 594
114 697
115 353
115 359
115 392
115 458
115 470
115 571
115 588
115 855
115 896
116 275
116 894
116 955
117 154
117 249
117 406
117 510
117 588
117 591
117 646
117 647
117 739
117 951
118 390
118 588
118 590
118 844
118 939
119 136
119 155
119 190
119 199
119 310
119 521
119 703
119 866
120 244
120 303
120 326
120 542
120 554
120 584
120 669
120 681
120 712
120 769
120 787
120 907
120 955
120 962
121 130
121 136
121 160
121 422
121 606
121 703
121 955
122 789
123 136
123 235
123 333
123 479
123 534
123 841
124 654
124 691
125 136
125 222
125 237
125 288
125 310
125 335
125 374
125 377
125 389
125 397
125 425
125 531
125 605
125 606
125 619
125 631
125 633
125 677
125 692
125 699
125 780
125 849
125 895
125 937
125 955
126 617
126 910
127 136
127 139
127 352
127 442
127 539
127 606
127 728
127 793
127 890
128 285
128 287
128 301
128 342
128 484
128 488
128 519
128 548
128 559
128 608
128 702
128 785
128 808
129 440
129 598
129 950
130 136
130 160
130 422
130 606
130 924
130 955
131 348
131 440
131 505
131 570
132 430
132 539
132 728
132 803
132 940
133 382
134 416
134 988
135 136
135 170
135 250
135 323
135 440
135 475
135 542
135 548
135 552
135 565
135 588
135 589
135 643
135 648
135 759
135 766
135 805
135 861
135 877
135 955
136 139
136 148
136 149
136 151
136 155
136 158
136 160
136 165
136 168
136 171
136 175
136 180
136 181
136 186
136 199
136 200
136 212
136 215
136 222
136 226
136 235
136 265
136 273
136 275
136 286
136 288
136 309
136 310
136 316
136 318
136 325
136 326
136 333
136 335
136 339
136 346
136 347
136 359
136 365
136 367
136 369
136 377
136 378
136 380
136 389
136 395
136 404
136 411
136 412
136 413
136 416
136 422
136 424
136 433
136 440
136 442
136 451
136 455
136 463
136 473
136 479
136 483
136 485
136 493
136 506
136 526
136 529
136 531
136 534
136 539
136 542
136 545
136 551
136 553
136 558
136 563
136 568
136 570
136 576
136 581
136 587
136 588
136 592
136 605
136 606
136 611
136 616
136 617
136 619
136 624
136 631
136 632
136 633
136 634
136 643
136 656
136 658
136 677
136 678
136 679
136 686
136 692
136 699
136 703
136 712
136 728
136 729
136 735
136 749
136 751
136 753
136 754
136 760
136 764
136 769
136 771
136 773
136 786
136 790
136 793
136 795
136 796
136 803
136 818
136 819
136 821
136 822
136 832
136 841
136 856
136 858
136 870
136 894
136 895
136 899
136 903
136 908
136 915
136 916
136 924
136 926
136 931
136 936
136 937
136 940
136 945
136 955
136 968
136 988
136 989
136 990
136 991
136 994
136 997
137 230
137 359
137 718
138 148
138 240
138 542
138 769
138 858
138 907
138 955
138 982
139 318
139 430
139 539
139 728
139 785
139 955
140 280
140 361
140 402
140 440
140 446
140 588
140 612
140 675
140 696
141 440
141 471
141 505
141 570
142 233
142 236
142 298
142 305
142 364
142 388
142 444
142 461
142 588
142 611
142 844
142 999
143 643
143 861
143 955
144 174
144 290
144 344
144 406
144 483
144 588
144 627
144 852
145 172
145 196
145 241
145 258
145 570
145 656
145 727
146 310
146 451
146 467
146 670
146 988
147 542
147 722
147 955
148 240
148 542
148 553
148 703
148 742
148 769
148 847
148 936
148 955
148 962
148 988
149 335
149 908
149 937
150 272
150 955
152 226
152 286
152 485
152 753
152 955
153 212
153 325
153 606
154 406
154 647
154 876
155 194
155 199
155 310
155 363
155 406
155 500
155 521
155 532
155 542
155 703
155 749
155 866
155 868
155 955
155 963
155 988
156 406
156 466
156 546
156 588
156 627
156 647
156 689
156 876
156 955
157 198
157 703
157 866
158 159
158 207
158 264
158 301
158 337
158 342
158 359
158 438
158 453
158 491
158 512
158 548
158 551
158 566
158 611
158 617
158 629
158 703
158 755
158 766
158 785
158 949
158 955
158 970
158 973
159 342
159 359
159 566
159 611
159 740
159 766
159 785
159 970
160 422
160 606
160 924
161 588
161 620
161 676
161 743
162 611
162 617
162 785
162 910
163 178
163 357
163 440
163 504
163 588
163 998
164 186
164 228
164 304
164 517
164 537
164 724
164 763
164 773
164 871
164 953
164 955
164 968
164 988
165 186
165 232
165 288
165 310
165 314
165 399
165 416
165 455
165 486
165 496
165 530
165 588
165 628
165 733
165 778
165 806
165 823
165 866
165 911
165 955
165 966
165 988
165 994
166 186
166 202
166 440
166 588
166 798
166 917
166 938
167 176
167 182
167 440
167 547
167 588
167 909
168 222
168 397
168 456
169 594
171 335
171 378
171 606
171 658
171 703
171 771
171 796
171 908
171 937
171 955
172 241
172 440
172 570
172 656
172 727
172 828
173 215
173 667
173 804
173 950
174 290
174 305
174 344
174 346
174 406
174 440
174 483
174 564
174 588
174 604
174 652
174 700
174 779
174 889
174 951
174 955
175 186
175 198
175 199
175 222
175 310
175 333
175 340
175 411
175 440
175 477
175 542
175 560
175 581
175 588
175 606
175 634
175 657
175 698
175 703
175 749
175 815
175 825
175 866
175 895
175 904
175 931
175 937
175 955
175 976
175 977
175 988
175 994
176 440
176 533
176 570
176 588
176 791
176 878
177 186
177 195
177 273
177 501
177 758
177 763
177 829
177 863
177 968
178 329
178 357
178 998
179 433
179 680
180 955
181 288
181 307
181 310
181 347
181 397
181 531
181 560
181 563
181 606
181 619
181 644
181 677
181 703
181 716
181 866
181 895
181 937
181 955
182 440
182 547
182 957
183 955
183 986
184 187
184 440
184 662
185 359
185 588
185 696
185 775
185 857
185 959
186 202
186 206
186 209
186 211
186 215
186 248
186 256
186 263
186 265
186 267
186 288
186 305
186 310
186 311
186 317
186 338
186 368
186 372
186 379
186 380
186 384
186 404
186 406
186 416
186 433
186 436
186 440
186 461
186 465
186 483
186 495
186 501
186 505
186 513
186 517
186 527
186 534
186 536
186 542
186 543
186 570
186 580
186 581
186 606
186 656
186 666
186 673
186 675
186 703
186 733
186 739
186 743
186 747
186 750
186 758
186 762
186 773
186 791
186 798
186 801
186 821
186 829
186 831
186 844
186 866
186 871
186 879
186 895
186 917
186 937
186 938
186 947
186 950
186 955
186 956
186 968
186 972
186 978
186 988
186 994
187 263
187 305
187 345
187 440
187 505
187 570
187 573
187 723
187 824
187 867
187 942
187 955
188 359
188 790
188 946
189 255
189 292
189 338
189 938
189 980
189 983
191 542
191 955
192 483
193 559
193 839
194 199
194 363
194 500
194 532
194 703
194 866
194 955
194 963
194 988
195 288
195 758
195 829
195 863
196 570
196 727
198 365
198 560
198 703
198 749
198 830
198 866
198 955
198 976
198 988
199 310
199 363
199 411
199 440
199 500
199 532
199 703
199 866
199 868
199 955
200 606
200 945
201 777
201 790
202 267
202 311
202 436
202 440
202 570
202 588
202 724
202 887
202 917
203 310
203 893
203 984
203 988
204 556
204 854
205 291
205 353
205 428
205 449
205 636
205 709
206 273
206 501
206 747
206 821
206 955
207 316
207 354
207 475
207 542
207 596
207 643
207 648
207 661
207 738
207 757
207 802
207 877
207 937
207 941
207 955
209 288
209 562
209 705
209 773
209 783
210 298
210 305
210 380
210 444
210 461
210 588
210 874
210 885
211 273
211 288
211 581
211 821
211 968
212 325
212 606
212 631
213 395
213 542
213 782
213 906
213 955
213 974
214 703
214 846
215 310
215 404
215 440
215 804
215 917
215 938
215 950
215 978
216 221
216 396
216 440
216 504
216 515
217 406
217 466
217 483
217 546
217 588
217 689
217 852
217 876
218 309
218 955
219 305
219 504
220 288
220 763
220 953
221 305
221 357
221 380
221 440
221 504
221 515
221 570
221 588
221 665
222 256
222 310
222 347
222 397
222 411
222 456
222 563
222 606
222 677
222 703
222 772
222 931
222 955
223 310
223 581
223 733
223 955
223 988
224 433
224 740
225 542
225 955
226 310
226 710
226 753
226 955
227 323
227 544
227 737
227 770
227 955
228 368
228 517
228 724
228 773
228 988
229 269
229 440
229 789
230 359
230 392
230 428
230 449
230 556
230 588
230 955
231 263
231 440
232 288
232 310
232 948
233 236
233 298
233 305
233 364
233 380
233 440
233 444
233 461
233 572
233 588
233 590
233 635
233 641
233 656
233 675
233 676
233 767
233 844
233 872
233 874
233 885
233 955
233 999
234 305
234 364
234 380
234 574
234 588
234 635
234 694
234 850
235 616
235 841
235 903
236 305
236 461
236 588
236 844
236 999
237 425
237 531
237 606
237 699
237 703
237 849
237 955
238 272
238 316
238 544
238 770
238 954
238 955
239 248
239 274
239 288
239 773
240 542
240 955
241 258
241 440
241 570
241 656
241 727
241 828
242 406
242 604
242 647
242 876
243 263
243 440
244 303
244 326
244 542
244 584
244 681
244 712
244 769
244 907
244 955
245 284
245 359
245 392
245 483
245 777
245 790
245 836
245 902
245 946
246 271
246 440
246 570
246 656
246 789
246 828
247 411
247 703
247 735
247 931
248 256
248 274
248 288
248 455
248 773
249 591
249 739
250 589
251 542
251 769
251 892
251 936
251 955
251 962
252 955
253 707
253 737
253 955
254 346
254 507
254 691
255 265
255 332
255 338
255 703
255 938
255 978
255 980
255 983
256 288
256 310
256 455
256 496
256 537
256 588
256 773
256 783
256 821
256 823
256 871
256 988
256 992
256 994
257 296
257 305
257 321
257 322
257 344
257 357
257 380
257 396
257 405
257 439
257 505
257 515
257 583
257 588
257 620
257 873
257 905
257 951
257 998
258 269
258 440
258 570
258 656
258 789
258 828
259 344
259 588
260 346
260 359
260 428
260 429
260 718
260 785
260 951
260 955
261 301
261 417
261 785
262 395
262 955
262 974
263 293
263 358
263 380
263 391
263 440
263 454
263 461
263 483
263 505
263 557
263 570
263 588
263 590
263 615
263 672
263 703
263 773
263 826
263 957
265 269
265 282
265 288
265 292
265 319
265 338
265 440
265 455
265 505
265 570
265 588
265 656
265 668
265 773
265 798
265 917
265 938
265 950
265 955
265 956
265 957
265 972
265 978
266 804
266 978
266 988
267 440
267 917
267 950
268 330
268 483
268 499
268 955
269 310
269 383
269 420
269 476
269 505
269 570
269 656
269 789
269 972
269 988
270 548
270 617
270 955
271 505
271 656
271 828
272 367
272 478
272 597
273 750
273 821
273 968
273 988
274 288
274 455
274 765
274 773
274 871
274 988
275 501
275 803
275 894
275 955
275 997
276 287
276 588
276 591
276 604
276 675
276 739
277 305
277 329
277 440
277 569
277 687
278 439
278 468
278 588
278 817
279 342
279 443
279 506
279 601
279 611
279 629
279 766
279 949
280 315
280 402
280 440
280 446
280 612
280 675
280 701
280 922
281 542
281 955
282 338
282 588
282 917
282 938
282 980
283 312
283 342
283 617
283 766
283 881
283 955
284 435
284 642
284 790
285 301
285 484
285 519
285 611
286 542
286 955
287 359
287 484
287 488
287 608
287 785
287 955
288 305
288 310
288 314
288 317
288 359
288 399
288 402
288 416
288 436
288 440
288 455
288 483
288 501
288 505
288 513
288 521
288 527
288 530
288 537
288 542
288 562
288 570
288 581
288 588
288 606
288 611
288 613
288 628
288 640
288 675
288 703
288 705
288 724
288 733
288 765
288 773
288 776
288 783
288 806
288 821
288 823
288 844
288 871
288 893
288 901
288 911
288 913
288 917
288 937
288 947
288 948
288 953
288 955
288 962
288 968
288 988
288 992
288 994
289 290
289 344
289 700
290 305
290 344
290 370
290 402
290 406
290 432
290 483
290 546
290 588
290 675
290 704
290 739
290 790
290 852
290 876
290 951
290 955
290 964
291 359
291 392
291 428
291 709
292 338
292 938
292 980
293 440
293 957
294 346
294 359
294 410
294 452
294 585
294 777
294 785
294 790
294 836
294 902
295 588
295 739
295 951
298 305
298 380
298 440
298 444
298 461
298 483
298 588
298 635
298 767
298 844
298 872
298 874
298 885
299 955
300 488
301 342
301 359
301 428
301 452
301 484
301 488
301 519
301 629
301 752
301 785
301 925
301 955
302 433
302 457
302 740
302 807
302 955
303 326
303 584
303 681
303 769
303 955
304 724
304 773
304 953
305 310
305 322
305 336
305 342
305 346
305 357
305 359
305 361
305 364
305 380
305 388
305 402
305 406
305 418
305 428
305 440
305 444
305 459
305 461
305 483
305 494
305 498
305 504
305 505
305 515
305 570
305 572
305 574
305 583
305 588
305 612
305 621
305 635
305 641
305 673
305 675
305 676
305 694
305 696
305 703
305 728
305 739
305 743
305 767
305 775
305 784
305 785
305 844
305 850
305 853
305 857
305 872
305 874
305 883
305 885
305 905
305 932
305 951
305 955
305 969
305 988
305 999
306 346
306 359
307 477
307 531
307 606
307 619
307 677
307 703
307 955
307 990
308 440
308 588
308 800
308 878
309 316
309 955
309 974
310 314
310 317
310 359
310 362
310 399
310 416
310 440
310 451
310 455
310 460
310 461
310 467
310 483
310 486
310 542
310 570
310 576
310 579
310 581
310 582
310 586
310 588
310 606
310 611
310 628
310 639
310 656
310 677
310 693
310 703
310 733
310 734
310 735
310 763
310 773
310 813
310 821
310 823
310 862
310 866
310 893
310 917
310 937
310 950
310 955
310 957
310 962
310 963
310 968
310 971
310 976
310 978
310 988
310 994
311 536
311 588
313 542
313 681
313 955
313 962
314 399
314 486
314 628
314 911
314 988
315 402
315 446
315 588
315 612
315 675
315 701
316 538
316 606
316 721
316 728
316 810
316 811
316 955
317 416
317 603
317 703
317 893
317 913
317 955
317 984
317 988
317 994
318 412
318 463
318 534
318 728
318 856
318 870
318 915
318 955
318 965
318 991
319 570
319 972
320 588
320 676
320 743
321 322
321 405
321 673
321 873
321 905
321 955
322 380
322 405
322 673
322 676
322 873
323 544
323 737
323 955
324 805
324 955
324 986
325 542
325 606
325 631
325 703
326 440
326 542
326 681
326 712
326 769
326 858
326 907
326 955
327 602
327 783
327 871
328 542
328 936
328 955
329 588
330 483
330 499
330 951
331 588
331 973
332 338
332 938
332 978
333 479
333 534
333 542
333 568
333 592
333 703
333 728
333 818
333 841
333 903
333 955
334 359
334 571
334 713
335 378
335 424
335 542
335 677
335 679
335 703
335 760
335 771
335 796
335 894
335 908
335 924
335 937
335 955
336 588
336 590
336 675
336 746
336 794
336 844
337 342
337 443
337 491
337 551
337 611
337 629
337 706
337 766
337 785
338 440
338 471
338 505
338 570
338 938
338 972
338 978
338 983
338 988
339 369
339 534
339 658
339 679
339 771
339 937
340 703
340 866
340 988
341 473
342 355
342 359
342 392
342 438
342 443
342 453
342 483
342 491
342 506
342 534
342 542
342 548
342 551
342 588
342 611
342 617
342 629
342 656
342 703
342 706
342 766
342 777
342 785
342 949
342 955
343 469
343 542
343 769
343 858
343 955
343 982
344 359
344 392
344 406
344 428
344 431
344 483
344 504
344 546
344 564
344 588
344 614
344 652
344 675
344 700
344 739
344 779
344 844
344 852
344 951
344 955
345 440
345 505
346 353
346 359
346 387
346 392
346 428
346 429
346 440
346 458
346 483
346 499
346 525
346 571
346 588
346 593
346 625
346 713
346 718
346 719
346 761
346 790
346 827
346 861
346 869
346 943
346 951
346 955
347 397
347 440
347 456
347 677
347 703
347 772
347 832
347 955
348 403
348 440
348 505
348 570
348 656
348 727
348 756
349 958
350 570
350 756
351 352
351 412
351 463
351 856
351 955
352 463
352 534
352 728
352 991
353 359
353 392
353 458
353 571
353 713
353 855
353 955
354 375
354 776
354 955
355 359
355 438
355 453
355 506
355 551
355 601
355 611
355 617
355 766
355 949
356 440
356 588
357 405
357 406
357 504
357 515
357 998
358 440
358 570
358 615
358 672
359 380
359 385
359 387
359 392
359 406
359 428
359 429
359 432
359 433
359 435
359 437
359 440
359 449
359 452
359 458
359 461
359 482
359 483
359 484
359 502
359 506
359 515
359 525
359 548
359 555
359 556
359 564
359 570
359 571
359 588
359 593
359 601
359 604
359 611
359 617
359 618
359 625
359 626
359 629
359 636
359 638
359 652
359 653
359 654
359 675
359 676
359 691
359 696
359 703
359 709
359 713
359 718
359 726
359 733
359 736
359 745
359 761
359 766
359 777
359 785
359 790
359 809
359 833
359 839
359 855
359 869
359 899
359 910
359 943
359 944
359 946
359 951
359 955
359 987
359 988
360 514
360 560
360 703
360 749
360 846
361 402
361 406
361 588
361 609
361 612
361 675
361 848
361 922
361 955
362 447
362 650
362 703
362 918
362 934
362 988
362 993
363 532
363 963
364 380
364 572
364 588
365 560
365 703
366 795
366 955
367 478
367 597
367 955
368 588
368 871
368 955
369 679
369 754
369 937
369 955
370 402
370 432
370 675
370 696
370 717
371 675
372 831
373 402
373 481
373 497
373 612
373 717
374 377
374 389
374 606
374 703
374 793
374 849
375 776
375 781
375 955
375 986
376 570
376 957
377 389
377 425
377 531
377 605
377 606
377 699
377 955
378 703
378 754
378 760
378 771
378 796
378 908
378 937
378 955
379 666
379 950
380 388
380 406
380 427
380 439
380 440
380 461
380 483
380 494
380 504
380 505
380 570
380 574
380 583
380 588
380 621
380 635
380 675
380 676
380 681
380 696
380 703
380 717
380 739
380 743
380 785
380 817
380 844
380 850
380 885
380 932
380 951
380 955
380 969
380 988
380 998
381 691
382 643
382 955
383 440
383 570
384 513
384 543
385 392
385 428
386 684
388 572
388 574
388 844
389 605
389 606
389 832
389 849
390 588
390 590
390 844
391 440
391 672
392 428
392 429
392 437
392 464
392 482
392 483
392 525
392 564
392 588
392 593
392 611
392 636
392 643
392 709
392 713
392 718
392 726
392 745
392 777
392 785
392 790
392 833
392 854
392 899
392 902
392 944
392 951
392 955
393 541
394 613
394 845
394 955
395 434
395 542
395 553
395 683
395 703
395 732
395 737
395 782
395 795
395 906
395 927
395 955
395 962
395 974
396 504
396 515
396 588
396 673
396 998
397 411
397 456
397 477
397 514
397 677
397 685
397 703
397 772
397 955
397 988
399 416
399 486
399 496
399 530
399 581
399 628
399 703
399 733
399 823
399 893
399 911
399 948
399 966
399 988
399 994
400 436
402 406
402 432
402 440
402 446
402 474
402 487
402 588
402 590
402 609
402 610
402 612
402 646
402 656
402 675
402 696
402 739
402 775
402 843
402 848
402 922
403 440
403 505
403 570
403 588
403 656
403 756
404 804
404 978
405 427
405 440
405 673
405 784
405 873
405 905
405 979
405 998
406 428
406 440
406 448
406 466
406 483
406 492
406 540
406 546
406 548
406 564
406 588
406 590
406 591
406 604
406 612
406 614
406 627
406 646
406 647
406 652
406 675
406 689
406 696
406 703
406 704
406 717
406 739
406 761
406 775
406 779
406 785
406 842
406 844
406 852
406 876
406 898
406 951
406 955
406 964
407 440
407 471
407 505
407 570
407 682
407 828
408 542
408 554
408 681
408 712
408 769
408 787
408 955
410 452
410 790
410 946
411 456
411 477
411 560
411 570
411 606
411 619
411 674
411 677
411 685
411 686
411 703
411 735
411 866
411 931
411 955
411 976
412 463
412 534
412 587
412 703
412 856
412 870
412 965
413 703
413 729
413 819
413 955
413 997
414 807
415 659
415 680
415 865
416 440
416 530
416 570
416 581
416 588
416 603
416 703
416 823
416 948
416 955
416 988
416 994
417 484
418 461
418 588
418 844
419 475
419 522
419 731
419 738
420 440
420 511
420 703
421 485
421 753
421 799
421 955
421 961
422 534
422 606
422 924
423 542
423 955
424 908
424 937
425 605
425 606
426 452
426 585
427 439
427 663
427 673
427 784
427 979
428 437
428 449
428 464
428 482
428 483
428 571
428 653
428 709
428 713
428 718
428 726
428 785
428 790
428 899
428 944
429 718
429 955
430 539
430 728
430 793
430 803
430 890
430 940
430 955
432 588
432 610
432 689
432 730
432 739
433 457
433 552
433 630
433 659
433 680
433 755
433 785
433 897
433 925
433 955
433 960
433 986
434 683
434 732
434 927
434 955
435 618
435 642
435 809
435 899
436 440
436 465
436 917
436 988
437 482
437 653
437 709
437 726
438 453
438 506
438 551
438 601
438 611
438 617
438 629
438 766
438 785
438 949
438 955
438 985
439 440
439 468
439 588
439 673
439 676
439 694
439 743
439 784
439 817
439 851
439 932
440 454
440 465
440 471
440 476
440 483
440 490
440 504
440 505
440 506
440 513
440 515
440 533
440 535
440 542
440 547
440 553
440 554
440 569
440 570
440 573
440 577
440 581
440 588
440 590
440 606
440 615
440 623
440 656
440 662
440 665
440 666
440 672
440 676
440 682
440 687
440 696
440 703
440 717
440 719
440 723
440 727
440 728
440 743
440 756
440 761
440 766
440 773
440 785
440 788
440 789
440 790
440 798
440 800
440 801
440 823
440 824
440 826
440 828
440 844
440 853
440 860
440 867
440 878
440 879
440 895
440 905
440 909
440 917
440 942
440 950
440 955
440 956
440 957
440 976
440 978
440 979
440 980
440 988
440 994
440 998
441 860
442 539
442 542
442 703
442 728
442 793
442 803
442 870
442 894
442 940
442 955
443 611
443 617
443 629
443 706
443 766
443 785
443 955
444 461
444 588
444 612
444 641
444 767
444 844
444 874
444 885
444 967
444 999
446 588
446 612
446 675
446 696
446 701
446 717
446 775
448 483
448 555
448 951
449 556
449 642
449 709
450 539
450 542
450 955
451 467
451 586
451 607
451 670
451 703
451 934
451 955
451 988
451 994
452 777
452 790
452 836
452 842
452 902
453 506
453 551
453 601
453 611
453 617
453 629
453 766
453 910
453 949
453 955
454 570
455 537
455 588
455 703
455 773
455 988
455 992
456 477
456 563
456 677
456 685
456 703
456 772
456 895
456 931
457 552
457 740
458 588
459 588
459 590
459 844
460 581
460 639
461 574
461 588
461 590
461 611
461 635
461 641
461 673
461 675
461 696
461 766
461 767
461 844
461 872
461 874
461 885
461 955
461 979
462 737
462 927
462 955
463 534
463 728
463 856
463 870
463 894
463 915
463 937
463 955
463 965
463 991
465 917
466 546
466 689
467 586
467 670
467 703
467 955
467 988
468 694
468 817
469 542
469 769
469 858
469 955
469 982
471 505
471 570
471 682
472 505
472 533
472 768
472 878
473 871
474 588
474 590
474 843
474 955
474 959
474 967
475 522
475 588
475 596
475 643
475 661
475 731
475 738
475 785
475 802
475 955
476 570
477 531
477 563
477 677
477 703
477 771
477 866
477 895
477 931
477 955
477 988
478 597
478 757
478 954
478 955
479 605
479 616
479 728
479 841
481 483
481 588
482 726
483 499
483 502
483 503
483 507
483 508
483 510
483 520
483 525
483 540
483 555
483 564
483 570
483 571
483 588
483 590
483 604
483 609
483 614
483 617
483 621
483 647
483 649
483 655
483 675
483 691
483 696
483 703
483 713
483 717
483 719
483 720
483 761
483 775
483 777
483 785
483 790
483 820
483 844
483 852
483 869
483 889
483 902
483 922
483 928
483 951
483 955
483 964
483 975
483 987
483 988
483 995
483 999
484 519
484 559
484 588
484 600
484 611
484 617
484 702
484 740
484 766
484 785
484 790
484 955
484 988
484 996
485 526
485 542
485 606
485 611
485 613
485 645
485 799
485 955
485 961
486 530
486 703
486 911
486 988
487 588
487 591
487 675
487 717
487 730
488 785
488 955
489 703
489 866
489 904
489 955
489 977
490 667
490 950
491 611
491 629
491 766
491 785
493 606
493 754
494 588
496 806
496 988
497 646
498 588
498 590
498 794
498 844
499 520
499 555
499 655
499 951
500 703
500 866
500 963
501 588
501 703
501 747
501 821
501 968
502 720
502 951
503 626
504 515
504 588
504 612
504 676
504 866
504 955
504 998
505 542
505 570
505 573
505 611
505 656
505 682
505 723
505 727
505 756
505 788
505 789
505 828
505 917
505 950
505 955
505 972
505 988
505 998
506 509
506 548
506 551
506 601
506 611
506 617
506 622
506 629
506 706
506 766
506 785
506 949
506 955
508 889
508 951
509 551
509 611
509 766
509 910
509 985
510 604
510 646
510 739
511 798
512 752
512 785
512 955
513 543
513 588
513 750
513 879
514 560
514 703
514 749
515 588
515 665
516 728
516 955
517 724
517 879
518 955
520 555
520 719
521 634
521 650
521 703
521 866
521 955
521 976
522 648
522 731
522 738
522 955
523 529
523 606
523 631
523 945
524 955
525 540
525 588
525 869
526 645
528 588
528 696
528 775
529 624
529 945
529 955
530 778
530 948
530 988
531 605
531 606
531 631
531 677
531 699
531 703
531 780
531 955
532 963
533 547
533 557
533 577
533 768
533 878
534 542
534 588
534 606
534 678
534 681
534 703
534 728
534 764
534 818
534 819
534 841
534 856
534 866
534 903
534 937
534 955
534 965
534 988
534 991
537 703
537 992
538 792
538 810
538 914
538 955
539 793
539 803
539 814
539 940
539 955
541 555
541 626
541 975
542 553
542 554
542 570
542 581
542 584
542 606
542 613
542 631
542 643
542 645
542 669
542 677
542 679
542 681
542 683
542 703
542 712
542 725
542 728
542 737
542 740
542 742
542 748
542 753
542 766
542 769
542 773
542 785
542 787
542 795
542 814
542 819
542 858
542 861
542 866
542 870
542 884
542 888
542 892
542 907
542 914
542 927
542 929
542 936
542 937
542 955
542 961
542 962
542 974
542 982
542 988
543 947
544 955
545 606
545 692
545 780
546 564
546 588
546 590
546 627
546 646
546 647
546 652
546 675
546 689
546 739
546 876
546 964
547 569
547 570
547 588
547 878
547 955
547 957
547 988
548 611
548 629
548 751
548 755
548 766
548 775
548 785
548 837
548 864
548 881
548 910
548 923
548 955
549 650
550 955
551 601
551 611
551 617
551 629
551 766
551 785
551 910
551 949
551 955
552 588
552 740
552 880
552 955
553 651
553 703
553 742
553 769
553 955
553 962
553 974
554 669
554 681
554 712
554 769
554 787
554 907
554 955
555 626
555 655
555 719
555 889
555 951
557 741
557 768
557 878
558 754
558 760
558 796
558 937
558 955
559 752
559 839
559 955
560 703
560 955
561 595
561 686
561 703
562 783
563 677
563 703
563 895
563 931
563 955
564 588
564 614
565 589
565 643
565 785
565 861
565 877
565 955
566 611
566 766
567 708
567 920
567 960
569 588
569 687
569 878
569 955
570 588
570 606
570 656
570 662
570 668
570 673
570 675
570 682
570 703
570 723
570 727
570 743
570 756
570 788
570 789
570 798
570 801
570 824
570 826
570 828
570 831
570 844
570 853
570 866
570 867
570 917
570 938
570 955
570 957
570 972
570 981
570 988
570 994
570 998
571 588
571 625
571 713
571 827
571 955
572 574
572 752
573 788
573 867
574 588
574 675
575 588
575 590
575 844
576 581
576 639
576 913
576 988
576 994
577 791
577 878
578 996
579 581
579 639
579 703
579 988
579 994
580 879
580 947
580 968
581 582
581 639
581 686
581 703
581 733
581 734
581 773
581 875
581 893
581 913
581 955
581 988
581 994
582 639
582 988
582 994
583 621
583 676
584 681
584 712
584 769
584 955
585 588
585 777
585 785
585 790
585 946
586 670
586 703
587 856
588 590
588 591
588 604
588 606
588 609
588 611
588 612
588 621
588 629
588 639
588 641
588 646
588 647
588 652
588 656
588 658
588 660
588 663
588 671
588 673
588 675
588 676
588 694
588 696
588 703
588 717
588 718
588 739
588 743
588 746
588 761
588 766
588 767
588 775
588 776
588 785
588 789
588 790
588 794
588 820
588 833
588 834
588 843
588 844
588 848
588 857
588 864
588 872
588 874
588 885
588 889
588 905
588 917
588 922
588 937
588 939
588 951
588 955
588 957
588 959
588 964
588 967
588 969
588 973
588 978
588 979
588 988
588 994
588 996
588 998
588 999
589 643
589 861
590 671
590 675
590 696
590 746
590 775
590 791
590 794
590 843
590 844
590 857
590 955
590 959
590 967
591 675
591 739
592 955
593 718
593 833
595 703
596 648
596 684
596 738
596 912
596 955
597 955
599 606
599 631
599 849
599 955
600 785
601 611
601 617
601 629
601 751
601 766
601 881
601 910
601 949
601 985
603 913
603 988
604 637
604 647
604 675
604 739
604 876
605 606
605 699
605 703
605 822
605 832
605 849
605 955
606 619
606 624
606 631
606 633
606 685
606 686
606 692
606 699
606 703
606 760
606 771
606 772
606 774
606 780
606 785
606 822
606 832
606 849
606 866
606 895
606 910
606 916
606 924
606 926
606 937
606 945
606 955
606 988
606 994
609 675
609 848
611 617
611 622
611 629
611 703
611 706
611 751
611 766
611 785
611 790
611 910
611 925
611 949
611 952
611 955
611 970
611 985
612 675
612 696
612 717
612 775
612 922
613 845
613 955
614 889
614 951
615 826
616 955
617 629
617 751
617 766
617 785
617 790
617 865
617 881
617 910
617 949
617 955
618 809
618 899
619 631
619 677
619 703
619 716
619 866
619 895
619 955
619 990
620 676
620 743
622 629
622 766
623 789
624 945
625 713
627 696
628 778
628 806
628 823
628 911
628 948
628 966
628 988
629 706
629 766
629 785
629 910
629 949
629 955
630 897
630 920
631 692
631 703
632 703
632 926
633 692
634 703
634 866
634 955
635 850
636 709
637 739
638 996
639 734
639 893
639 988
639 994
640 773
640 871
641 767
641 999
642 777
642 790
642 842
643 731
643 776
643 785
643 861
643 900
643 955
643 986
644 677
644 895
645 955
646 675
646 717
646 820
647 689
647 703
647 876
647 951
648 738
648 912
648 955
650 934
650 993
651 795
651 927
651 935
651 955
652 700
654 691
654 987
655 719
656 703
656 727
656 756
656 789
656 798
656 828
656 978
656 988
657 698
657 703
657 815
658 679
658 754
658 760
658 937
658 955
659 811
659 865
659 920
659 925
659 955
660 743
660 838
661 766
661 941
666 950
666 978
667 950
668 938
668 956
669 769
669 787
669 955
670 988
672 955
672 957
673 676
673 905
673 979
674 735
675 676
675 696
675 701
675 703
675 717
675 730
675 739
675 775
675 785
675 844
675 848
675 874
675 922
675 951
675 955
675 988
676 694
676 743
676 838
677 686
677 703
677 716
677 772
677 822
677 895
677 931
677 955
677 988
677 990
678 728
678 955
679 760
679 771
679 937
680 708
681 712
681 769
681 858
681 907
681 955
682 788
683 732
683 927
683 955
684 955
685 703
685 735
685 772
685 931
685 955
686 703
686 735
686 846
686 988
688 714
688 790
688 955
689 876
690 703
690 930
690 955
691 785
691 902
693 703
694 743
694 817
695 790
695 842
696 701
696 717
696 739
696 775
696 844
696 922
696 955
696 959
697 711
697 776
697 861
697 955
698 703
698 815
699 780
701 922
702 785
702 842
703 716
703 728
703 733
703 734
703 735
703 749
703 766
703 769
703 785
703 790
703 797
703 815
703 819
703 821
703 823
703 825
703 829
703 830
703 832
703 844
703 846
703 859
703 866
703 868
703 871
703 879
703 893
703 894
703 895
703 904
703 908
703 913
703 917
703 926
703 930
703 931
703 934
703 937
703 948
703 953
703 955
703 956
703 961
703 962
703 976
703 977
703 978
703 984
703 988
703 990
703 993
703 994
704 964
705 773
705 783
706 955
707 737
707 955
708 865
708 920
708 955
710 753
710 961
712 769
712 907
712 955
716 895
717 739
717 955
718 833
718 944
718 955
720 928
720 951
721 914
721 955
722 769
722 955
723 824
724 988
725 847
725 955
727 756
727 789
728 793
728 814
728 819
728 856
728 870
728 890
728 910
728 915
728 937
728 940
728 955
728 991
729 894
729 997
731 738
731 955
732 927
732 955
733 849
733 875
733 971
733 988
733 994
734 988
734 994
737 954
737 955
738 954
739 820
739 876
739 951
739 955
740 807
740 919
740 955
740 974
740 988
741 883
742 955
743 932
744 955
745 785
745 902
746 844
746 939
747 821
747 968
748 955
749 866
749 955
749 988
750 801
751 910
751 955
752 766
752 785
752 955
753 955
754 760
754 937
756 828
757 811
757 941
757 955
758 829
758 886
758 955
758 968
758 988
760 771
760 937
760 955
762 801
762 917
763 953
764 786
764 955
766 785
766 790
766 844
766 864
766 910
766 949
766 955
766 970
766 973
767 874
767 885
768 878
769 858
769 907
769 936
769 955
769 962
770 955
771 796
771 908
771 937
771 955
773 783
773 806
773 823
773 871
773 901
773 917
773 955
773 968
773 988
773 998
775 857
775 955
776 781
776 955
776 960
776 986
777 785
777 790
777 836
777 842
777 902
777 955
778 911
778 948
778 966
778 988
780 937
782 906
782 955
783 871
783 968
783 988
784 905
785 790
785 842
785 861
785 910
785 914
785 949
785 951
785 955
785 970
785 973
785 996
786 955
787 955
789 812
789 828
789 988
790 842
790 844
790 902
790 946
790 964
790 996
791 878
792 914
792 955
793 890
793 894
793 955
793 994
795 935
795 955
796 937
796 955
798 938
798 972
798 980
800 878
800 883
801 821
803 997
804 950
804 978
805 986
806 988
808 864
809 899
810 914
810 955
811 941
811 955
814 955
815 866
816 861
818 841
819 937
819 955
819 997
821 829
821 879
821 947
821 953
821 968
821 988
822 926
822 955
823 948
823 981
823 988
823 994
828 938
828 955
828 988
829 863
829 886
829 968
830 866
832 849
832 955
832 988
834 844
835 892
835 955
835 962
838 851
839 955
841 955
842 955
844 872
844 885
844 939
844 951
844 959
847 955
848 922
849 916
849 937
852 964
853 867
856 870
856 955
856 991
858 888
858 907
858 955
858 962
858 982
859 895
861 955
862 988
864 952
864 955
865 955
866 868
866 871
866 955
866 963
866 977
866 988
866 994
869 896
870 915
870 955
870 965
870 991
871 893
871 958
871 968
871 988
872 885
874 885
875 988
877 955
878 883
879 947
879 968
882 955
882 974
884 955
889 928
889 951
889 995
890 955
892 936
892 955
892 962
893 955
893 984
893 988
893 994
894 955
894 997
895 955
895 990
896 943
900 955
902 955
903 937
904 955
905 979
906 955
907 955
908 937
910 955
911 948
911 966
913 988
913 994
914 955
915 965
915 991
916 937
917 938
917 950
917 955
917 978
917 988
921 955
922 955
924 937
924 955
925 955
926 955
927 955
927 974
928 951
929 955
929 962
930 988
931 955
934 988
935 955
936 955
936 962
936 974
937 945
937 955
938 950
938 978
941 955
948 966
948 988
949 955
950 978
951 955
951 988
951 995
953 968
954 955
955 960
955 961
955 962
955 965
955 968
955 970
955 974
955 978
955 982
955 988
955 989
955 994
955 996
955 997
956 972
959 967
965 991
978 988
981 988
984 988
988 992
988 994
