0 162
0 526
0 722
0 793
0 806
0 958
0 996
1 101
1 323
1 357
1 392
1 427
1 697
2 310
2 507
3 75
3 150
3 345
3 427
3 486
3 512
3 763
3 815
4 426
4 496
4 597
4 678
4 902
5 65
5 152
5 193
5 450
5 490
5 722
5 752
6 118
6 198
6 221
6 496
6 617
6 862
7 9
7 51
7 260
7 347
7 487
7 533
7 647
7 766
7 816
7 921
7 938
8 72
8 137
8 178
8 209
8 356
8 625
8 859
9 51
9 80
9 84
9 150
9 236
9 271
9 347
9 361
9 427
9 453
9 461
9 486
9 487
9 532
9 533
9 555
9 571
9 647
9 731
9 732
9 766
9 773
9 783
9 816
9 874
9 877
9 892
9 919
9 938
9 974
9 992
10 565
10 818
10 888
11 65
11 675
11 943
12 239
12 743
12 892
12 917
13 163
13 408
14 218
14 396
14 435
14 495
14 723
14 730
14 892
15 30
15 147
15 160
15 391
15 410
15 427
15 453
15 486
15 835
15 892
15 919
16 237
16 475
16 498
16 520
16 818
16 878
16 895
17 289
17 410
17 668
17 669
18 103
18 128
18 166
18 248
18 549
19 263
19 778
19 817
19 858
20 163
20 828
20 982
21 42
21 223
21 354
21 381
21 398
21 617
21 626
21 812
21 842
21 852
21 856
21 900
21 923
22 155
22 603
22 724
22 852
23 89
23 186
23 259
23 698
23 906
23 983
24 174
24 354
24 381
24 398
24 529
24 617
24 653
25 72
25 104
25 222
25 499
25 764
25 986
26 100
26 117
26 411
27 151
27 787
27 909
28 71
28 89
28 259
28 747
28 983
29 768
29 875
29 976
30 147
30 160
30 391
30 427
30 468
30 835
30 892
30 919
31 247
31 510
31 605
31 618
31 935
32 190
32 221
32 262
32 271
32 460
32 496
32 690
33 218
33 293
33 383
33 396
33 455
33 892
33 962
34 249
34 425
34 459
34 626
34 661
34 842
35 132
35 185
35 191
35 227
35 281
35 369
35 522
35 722
35 911
36 81
36 130
36 193
36 692
36 757
36 809
36 886
36 930
37 692
37 722
37 866
37 942
37 947
38 50
38 82
38 129
38 180
38 227
38 369
38 543
38 619
38 722
38 827
38 909
38 957
39 106
39 135
39 171
39 224
39 327
39 350
39 376
39 433
39 538
39 653
39 682
39 726
39 868
39 912
40 72
40 106
40 145
40 187
40 340
40 449
40 511
40 568
40 570
40 603
40 656
40 658
40 912
41 225
41 624
41 909
42 138
42 174
42 617
42 626
42 661
42 794
42 969
43 51
43 347
43 533
43 731
43 816
43 938
44 177
44 209
44 463
44 780
45 50
45 64
45 213
45 225
45 369
45 478
45 708
45 775
45 869
45 909
46 72
46 124
46 137
46 202
46 217
46 364
46 380
46 418
46 491
46 715
46 859
47 61
47 420
47 466
47 558
47 722
47 907
47 973
48 72
48 177
48 225
48 322
48 463
48 532
48 780
48 800
48 859
49 78
49 205
49 550
49 617
49 653
49 749
49 819
49 913
49 956
50 64
50 140
50 191
50 225
50 227
50 237
50 246
50 252
50 258
50 269
50 284
50 303
50 320
50 325
50 330
50 336
50 360
50 368
50 369
50 390
50 427
50 489
50 502
50 508
50 515
50 521
50 522
50 526
50 532
50 545
50 560
50 561
50 579
50 604
50 619
50 636
50 667
50 676
50 688
50 691
50 709
50 715
50 722
50 729
50 781
50 799
50 821
50 841
50 854
50 859
50 861
50 869
50 881
50 884
50 887
50 904
50 909
50 911
50 916
50 931
50 957
50 988
50 993
50 999
51 80
51 260
51 427
51 453
51 486
51 487
51 533
51 571
51 647
51 686
51 763
51 766
51 816
51 938
51 974
51 992
52 397
52 824
52 852
53 100
53 232
54 745
54 918
55 369
55 475
55 502
55 722
55 841
55 903
56 327
56 400
56 441
56 480
56 511
56 791
56 967
57 242
57 325
57 375
57 376
57 792
58 325
58 375
58 665
58 792
58 926
58 941
59 181
59 209
59 251
59 557
59 683
59 717
59 790
60 111
60 563
60 723
60 836
60 964
60 983
61 339
61 369
61 450
61 466
61 508
61 558
61 722
61 907
61 911
61 930
61 942
61 973
62 349
62 475
63 186
63 247
63 256
63 374
63 388
63 457
63 510
63 664
63 698
63 785
63 935
63 936
63 956
64 213
64 225
64 377
64 569
64 689
64 708
64 775
64 909
65 152
65 276
65 309
65 450
65 675
65 680
65 692
65 722
65 942
65 943
66 72
66 228
66 287
66 342
66 372
66 376
66 395
66 463
66 493
66 532
66 608
66 621
66 719
66 738
66 859
66 958
66 968
67 69
67 72
67 137
67 209
67 674
67 683
67 717
67 790
68 427
68 486
68 555
68 671
68 736
68 763
68 938
68 974
69 72
69 137
69 181
69 209
69 251
69 337
69 674
69 683
70 376
70 452
70 494
70 751
70 885
70 891
71 89
71 186
71 357
71 747
71 906
71 983
72 73
72 90
72 108
72 116
72 137
72 153
72 165
72 173
72 177
72 178
72 181
72 187
72 195
72 202
72 208
72 209
72 217
72 228
72 242
72 251
72 264
72 282
72 286
72 287
72 292
72 303
72 304
72 307
72 309
72 315
72 325
72 337
72 340
72 341
72 343
72 356
72 361
72 364
72 369
72 375
72 376
72 380
72 387
72 393
72 409
72 416
72 418
72 451
72 463
72 467
72 475
72 491
72 494
72 511
72 514
72 517
72 518
72 523
72 526
72 531
72 532
72 557
72 564
72 588
72 593
72 608
72 617
72 625
72 665
72 672
72 674
72 683
72 695
72 711
72 715
72 717
72 719
72 722
72 741
72 755
72 765
72 774
72 779
72 780
72 790
72 791
72 795
72 806
72 827
72 843
72 853
72 859
72 868
72 872
72 885
72 909
72 910
72 911
72 914
72 926
72 930
72 941
72 947
72 950
72 955
72 963
72 975
72 983
72 984
73 124
73 364
73 491
73 588
73 711
73 715
73 859
73 930
73 950
73 984
74 179
74 225
74 241
74 329
75 150
75 244
75 427
75 464
75 974
75 980
76 157
76 354
76 381
76 431
76 536
76 617
77 156
77 985
78 182
78 205
78 245
78 280
78 492
78 550
78 617
78 653
78 749
78 808
78 913
78 987
79 267
79 759
80 453
80 816
80 892
80 938
81 159
81 657
81 930
82 133
82 146
82 185
82 220
82 227
82 275
82 368
82 369
82 450
82 522
82 604
82 675
82 722
82 727
82 784
82 827
82 841
82 854
82 861
82 909
82 911
83 152
83 450
83 490
83 675
83 722
83 942
84 105
84 107
84 317
84 347
84 361
84 383
84 396
84 427
84 453
84 455
84 461
84 486
84 730
84 816
84 892
84 921
84 938
84 974
86 232
86 710
86 829
87 294
87 314
87 530
87 532
87 535
87 620
87 786
87 930
87 947
87 989
88 141
88 386
88 454
88 603
88 696
88 769
88 834
88 837
89 186
89 233
89 259
89 374
89 388
89 442
89 510
89 618
89 653
89 672
89 698
89 747
89 785
89 906
89 983
90 364
90 380
90 409
90 491
90 576
90 715
90 779
90 859
91 210
91 271
91 272
91 537
91 577
91 615
91 672
91 814
91 948
91 956
92 94
92 237
92 273
92 336
92 406
92 475
92 650
92 888
93 96
93 163
93 443
93 507
94 237
94 475
94 633
94 650
94 684
95 237
95 336
95 637
95 670
96 163
96 443
96 507
97 269
97 369
97 869
97 881
98 149
98 427
98 432
98 771
98 838
98 919
99 328
99 363
99 378
100 114
100 117
100 323
100 596
101 666
101 697
102 427
102 468
102 486
102 796
102 938
103 128
103 549
103 879
104 184
104 222
104 634
104 764
104 986
105 427
105 453
105 892
105 938
106 135
106 136
106 267
106 350
106 507
106 532
106 759
106 926
107 396
107 427
107 453
107 892
107 938
108 127
108 307
108 325
108 341
109 278
109 400
109 511
109 635
109 720
109 791
109 924
109 967
110 196
110 442
110 554
111 239
111 313
111 384
113 225
113 485
113 883
113 928
115 136
115 187
115 340
115 350
115 449
115 568
116 387
116 517
116 625
116 859
117 367
117 411
117 423
117 471
117 892
118 198
118 221
118 343
118 460
118 496
118 519
118 566
118 659
118 690
119 123
119 328
119 456
119 573
119 617
119 653
120 392
120 540
120 836
121 336
121 776
121 979
122 302
122 353
122 505
122 753
122 754
122 813
123 328
123 378
123 653
123 678
123 902
123 922
123 952
124 137
124 202
124 209
124 364
124 380
124 409
124 418
124 491
124 532
124 576
124 621
124 715
124 859
124 910
125 233
125 271
125 496
125 566
125 802
125 920
125 944
125 956
126 323
126 335
126 357
126 595
126 698
126 836
126 855
126 880
126 951
127 153
127 307
127 325
127 341
127 494
128 166
128 248
128 255
128 316
128 331
128 369
128 414
128 511
128 549
128 601
128 627
128 728
128 765
128 879
128 924
129 180
129 521
129 543
129 619
129 722
129 957
130 530
130 657
130 757
130 809
131 475
131 648
131 966
132 133
132 185
132 220
132 227
132 281
132 368
132 522
132 604
132 619
132 676
132 722
132 784
132 827
132 911
133 137
133 227
133 281
133 369
133 619
133 636
133 667
133 676
133 691
133 722
133 849
133 860
133 861
133 909
133 911
134 199
134 459
134 514
134 580
134 626
135 171
135 350
135 449
135 538
135 751
135 759
136 187
136 400
136 449
136 734
136 824
137 162
137 178
137 181
137 209
137 228
137 242
137 286
137 304
137 337
137 356
137 376
137 380
137 403
137 463
137 504
137 517
137 532
137 588
137 625
137 626
137 674
137 683
137 711
137 715
137 717
137 722
137 779
137 790
137 795
137 843
137 853
137 859
137 984
138 323
138 617
138 626
138 653
138 969
139 205
139 240
139 296
139 610
139 617
139 653
139 819
140 246
140 252
140 360
140 869
140 909
141 386
141 514
141 603
141 696
141 769
141 807
141 834
141 837
142 233
142 357
142 367
142 411
142 423
142 805
142 949
143 155
143 184
143 222
143 852
144 514
144 566
144 567
144 822
144 902
144 944
145 568
146 227
146 385
146 722
146 854
146 861
146 911
147 148
147 150
147 156
147 160
147 172
147 175
147 219
147 232
147 234
147 237
147 274
147 283
147 348
147 361
147 373
147 394
147 402
147 408
147 410
147 427
147 432
147 468
147 479
147 511
147 551
147 589
147 594
147 602
147 606
147 613
147 617
147 623
147 645
147 654
147 663
147 668
147 669
147 687
147 705
147 713
147 721
147 722
147 725
147 771
147 789
147 816
147 838
147 874
147 892
147 909
147 925
147 929
147 938
147 939
147 972
147 997
148 172
148 348
148 410
148 427
148 668
148 687
148 705
148 939
149 175
149 234
149 427
149 432
149 725
149 771
149 838
150 244
150 293
150 317
150 345
150 361
150 427
150 453
150 464
150 479
150 486
150 512
150 586
150 607
150 623
150 671
150 750
150 796
150 815
150 874
150 921
150 938
150 974
150 980
151 237
151 241
151 369
151 787
151 909
152 309
152 450
152 490
152 675
153 307
153 325
153 341
153 365
153 941
154 271
154 567
154 802
154 822
154 882
155 603
155 724
155 769
155 824
155 852
156 172
156 232
156 234
156 237
156 410
156 427
156 432
156 486
156 551
156 662
156 663
156 705
156 767
156 771
156 905
156 925
157 354
157 381
157 425
157 431
157 465
157 536
157 617
157 922
158 324
158 357
158 470
158 644
158 735
158 805
159 287
159 642
159 657
159 930
160 391
160 410
160 427
160 468
160 629
160 713
160 750
160 835
160 919
161 354
161 381
161 431
161 465
161 617
161 626
161 630
161 653
161 693
161 803
161 922
161 923
161 949
162 177
162 463
162 526
162 532
162 631
162 793
162 942
162 958
162 996
163 237
163 273
163 302
163 310
163 369
163 408
163 417
163 443
163 458
163 475
163 483
163 507
163 599
163 640
163 709
163 722
163 768
163 825
163 848
164 176
164 502
164 722
164 909
165 208
165 242
165 325
165 416
165 518
165 632
165 715
165 792
165 843
165 859
165 872
166 248
166 255
166 511
166 514
166 549
166 601
166 627
166 769
166 879
166 912
166 924
167 193
167 675
167 722
167 757
167 871
167 942
168 194
168 526
169 293
169 317
169 396
169 686
169 797
169 892
169 938
171 350
171 376
172 274
172 391
172 410
172 668
172 687
172 939
173 208
173 242
173 517
173 625
173 632
173 843
173 872
174 398
174 431
174 497
174 617
174 626
174 852
174 900
175 427
176 502
176 556
176 722
176 827
177 228
177 264
177 268
177 286
177 287
177 320
177 322
177 463
177 532
177 587
177 631
177 692
177 719
177 722
177 780
177 800
177 859
177 889
177 930
177 933
177 947
178 242
178 517
178 674
178 683
178 774
178 795
179 230
179 237
179 241
179 329
179 419
179 448
179 475
179 544
179 722
179 799
179 888
179 896
179 909
179 978
180 619
180 722
180 827
180 957
181 209
181 337
181 588
181 674
181 683
181 717
181 859
182 354
182 431
182 550
182 591
182 617
182 653
182 812
182 913
182 987
183 214
183 722
184 222
184 986
185 191
185 220
185 227
185 275
185 368
185 369
185 522
185 619
185 722
185 727
185 784
185 861
185 911
186 256
186 259
186 323
186 324
186 374
186 388
186 442
186 453
186 457
186 496
186 510
186 617
186 618
186 664
186 672
186 698
186 906
186 935
186 936
186 983
187 449
187 656
187 734
188 369
188 579
188 869
188 993
189 649
189 890
190 233
190 235
190 244
190 271
190 460
190 496
190 566
190 617
190 641
190 659
190 944
190 956
191 227
191 369
191 522
191 676
191 722
191 784
191 827
191 909
191 911
192 427
192 555
192 736
192 892
192 974
193 276
193 309
193 466
193 508
193 675
193 680
193 722
193 866
193 871
193 930
193 942
194 300
195 209
195 242
195 257
195 290
195 325
195 375
195 376
195 617
195 665
195 674
195 758
195 843
195 859
195 872
195 914
195 975
196 324
196 442
196 554
196 575
196 698
196 735
196 959
197 230
197 369
197 581
197 799
197 865
197 909
198 221
198 519
198 672
199 514
199 580
199 851
200 445
200 446
200 475
200 481
200 524
200 592
200 718
200 934
201 232
201 291
202 364
202 380
202 409
202 418
202 491
202 576
202 859
203 206
203 231
203 722
204 639
205 240
205 296
205 344
205 617
205 653
205 704
205 749
205 819
206 722
206 903
207 237
207 288
207 475
207 888
207 909
208 242
208 416
208 518
208 625
208 843
208 872
209 217
209 228
209 242
209 251
209 282
209 315
209 325
209 337
209 364
209 369
209 376
209 380
209 449
209 523
209 532
209 588
209 593
209 617
209 625
209 674
209 683
209 711
209 715
209 717
209 722
209 779
209 790
209 853
209 859
209 872
209 930
210 233
210 295
210 534
210 537
210 615
210 672
211 253
211 427
211 602
211 655
211 919
212 507
212 547
212 652
213 689
213 827
213 909
214 339
215 506
216 502
216 583
216 722
216 841
216 861
216 911
217 376
217 557
217 588
217 593
217 674
217 683
217 711
217 715
217 717
217 790
217 859
218 293
218 301
218 383
218 396
218 427
218 428
218 435
218 453
218 495
218 606
218 703
218 730
218 892
218 938
218 962
219 705
219 721
219 997
220 227
220 368
220 508
220 604
220 722
220 727
220 784
220 827
220 911
221 262
221 271
221 343
221 460
221 496
221 519
221 566
221 617
221 802
221 944
222 397
222 634
222 852
223 548
223 617
223 626
224 376
224 590
224 614
224 695
224 868
224 926
225 229
225 237
225 277
225 299
225 336
225 369
225 412
225 438
225 440
225 475
225 485
225 501
225 503
225 507
225 533
225 559
225 619
225 624
225 675
225 787
225 857
225 869
225 881
225 887
225 899
225 909
225 911
225 928
225 940
225 978
226 378
226 597
226 678
226 737
226 778
226 873
226 892
226 902
226 952
227 275
227 281
227 318
227 368
227 369
227 444
227 450
227 475
227 502
227 522
227 556
227 604
227 667
227 676
227 691
227 722
227 727
227 777
227 781
227 784
227 821
227 827
227 841
227 849
227 860
227 861
227 911
227 916
227 930
227 947
227 999
228 268
228 351
228 376
228 380
228 395
228 463
228 493
228 532
228 608
228 621
228 674
228 683
228 715
228 722
228 738
228 741
228 755
228 780
228 806
228 968
229 299
229 440
229 475
229 624
229 909
229 940
230 419
230 436
230 475
230 787
230 857
230 909
231 336
231 722
231 903
232 283
232 291
232 405
232 427
232 660
232 710
232 771
232 829
232 997
233 235
233 271
233 306
233 381
233 407
233 434
233 496
233 537
233 566
233 577
233 617
233 628
233 698
233 802
233 814
233 935
233 937
233 944
233 956
233 983
234 427
234 551
234 662
234 771
234 804
234 838
234 938
234 960
234 997
235 306
235 434
235 920
235 956
236 361
236 427
236 486
236 488
236 533
236 555
236 731
236 773
236 783
236 816
236 909
236 974
237 273
237 288
237 336
237 346
237 361
237 369
237 410
237 446
237 475
237 506
237 507
237 565
237 619
237 637
237 650
237 718
237 722
237 776
237 799
237 818
237 840
237 865
237 866
237 888
237 892
237 895
237 909
237 961
237 979
238 399
238 526
238 532
238 954
239 313
239 427
239 428
239 539
239 540
239 836
239 892
239 917
240 245
240 819
241 273
241 329
241 355
241 419
241 436
241 475
241 544
241 857
241 909
242 257
242 290
242 315
242 325
242 341
242 376
242 416
242 518
242 582
242 617
242 625
242 665
242 758
242 859
242 872
242 914
242 941
242 963
243 446
243 475
243 648
243 746
243 966
244 321
244 361
244 396
244 427
244 453
244 464
244 486
244 512
244 815
244 830
244 874
244 892
244 974
245 381
245 425
245 550
245 591
245 617
245 653
245 812
245 850
245 923
245 987
246 252
246 369
246 909
247 473
247 618
247 935
248 255
248 414
248 765
249 354
249 514
249 580
249 617
249 626
249 653
249 760
249 769
249 852
250 305
250 314
250 642
250 757
250 786
250 930
250 947
251 491
251 523
251 674
251 717
251 790
251 859
252 360
252 722
252 869
253 361
253 427
253 468
253 602
253 655
253 750
253 970
254 930
254 954
255 414
255 514
255 765
255 852
256 295
256 374
256 388
256 457
256 510
256 698
256 785
256 935
256 936
257 325
257 843
258 269
258 369
258 489
258 722
258 869
258 881
259 374
259 442
259 510
259 672
259 698
259 747
259 906
259 983
260 347
260 427
260 816
260 974
260 992
261 513
262 460
262 496
262 519
262 566
262 690
263 778
264 380
264 910
265 473
265 618
265 698
265 935
265 956
266 560
266 775
267 734
268 320
268 351
268 369
268 463
268 532
268 722
268 738
268 755
269 303
269 360
269 369
269 501
269 881
269 884
269 999
270 352
270 427
270 468
270 486
270 527
270 602
270 623
270 816
271 306
271 343
271 427
271 496
271 566
271 615
271 641
271 653
271 690
271 802
271 861
271 920
271 944
271 956
272 534
272 615
272 672
272 814
272 937
272 956
272 965
273 369
273 406
273 475
273 506
273 507
273 520
273 633
273 650
273 684
273 718
273 818
273 892
273 894
273 895
273 909
273 961
274 410
274 668
274 687
275 368
275 691
275 722
275 727
275 841
275 861
275 911
276 450
276 675
276 722
276 871
276 942
277 369
277 909
278 511
278 791
278 863
279 546
280 617
280 653
280 749
280 913
281 619
281 676
281 691
281 722
281 781
281 827
281 841
281 849
281 860
281 911
282 632
282 674
282 843
283 405
283 660
283 710
283 829
284 369
284 424
284 545
284 911
284 993
285 692
286 532
286 631
286 722
286 806
286 859
286 998
287 320
287 342
287 430
287 463
287 500
287 526
287 532
287 587
287 608
287 631
287 755
287 780
287 859
287 889
287 930
288 799
288 888
289 373
289 427
289 835
289 901
289 919
289 929
290 625
290 758
290 843
291 997
292 315
292 376
292 885
293 396
293 453
293 455
293 606
293 797
293 892
293 938
293 962
294 305
294 314
294 535
294 930
294 947
295 473
295 474
295 537
295 615
295 672
295 935
295 956
296 610
296 617
297 603
297 724
297 769
297 852
298 307
298 341
298 376
298 494
298 870
299 438
299 440
299 909
300 463
300 526
300 532
300 706
300 859
300 954
300 996
301 495
301 892
302 353
302 475
302 505
302 507
302 599
302 616
302 753
302 754
302 813
302 827
302 840
303 369
303 722
303 777
303 827
303 881
303 884
303 909
303 916
303 931
303 988
303 999
304 504
304 532
304 622
304 715
304 744
304 859
304 933
305 314
305 786
305 859
305 930
305 947
306 343
306 407
306 496
306 534
306 566
306 672
306 920
306 956
307 325
307 341
307 365
307 376
307 494
307 698
307 762
307 859
307 885
308 475
308 481
308 498
308 592
308 934
309 369
309 450
309 490
309 561
309 572
309 675
309 680
309 692
309 694
309 722
309 866
309 942
309 947
310 401
310 417
310 443
310 507
310 640
311 468
311 516
311 919
312 670
312 865
312 899
312 971
313 384
313 836
313 892
314 530
314 535
314 786
314 930
314 947
314 954
315 325
315 341
315 376
315 582
315 665
315 859
315 941
316 331
316 601
316 852
317 383
317 396
317 421
317 427
317 453
317 606
317 646
317 892
317 938
318 722
318 841
318 861
318 911
319 703
319 892
320 430
320 463
320 493
320 532
320 722
320 738
320 755
321 361
321 427
321 486
321 607
321 874
322 463
322 532
322 553
322 631
322 780
322 859
323 335
323 357
323 453
323 574
323 595
323 672
323 697
323 698
323 880
323 892
323 945
323 951
323 956
324 357
324 411
324 423
324 603
324 981
325 341
325 375
325 376
325 494
325 582
325 611
325 626
325 627
325 665
325 792
325 868
325 941
326 389
326 427
326 468
326 629
326 970
327 400
327 441
327 511
328 363
328 378
328 456
328 597
328 617
328 902
328 944
329 355
329 544
329 799
330 369
330 619
330 722
330 729
330 777
330 827
330 861
330 916
331 414
331 601
331 852
331 946
331 986
332 477
332 514
332 603
332 696
332 769
332 837
333 369
333 619
333 740
333 821
333 904
334 616
334 813
335 574
336 369
336 427
336 475
336 637
336 776
336 799
336 818
336 865
336 888
336 909
336 979
337 557
337 674
337 683
338 769
338 810
338 977
339 420
339 466
339 508
339 558
339 722
339 973
340 449
340 568
340 656
341 376
341 625
342 372
342 395
342 532
342 859
342 933
342 968
343 566
343 639
343 659
343 716
343 822
343 862
343 944
344 808
344 817
344 858
345 361
345 410
345 427
345 464
345 486
345 796
345 815
345 816
345 874
346 578
346 585
346 756
347 486
347 555
347 783
347 816
347 938
347 974
347 992
348 410
348 427
348 668
348 687
348 919
348 939
349 700
349 707
349 867
349 982
350 376
350 433
350 759
351 463
351 493
351 532
352 361
352 427
352 468
352 527
352 602
352 623
352 830
353 505
353 754
353 840
354 381
354 425
354 431
354 465
354 536
354 597
354 617
354 626
354 630
354 653
354 693
354 748
354 749
354 769
354 803
354 812
354 827
354 850
354 900
354 902
354 922
354 923
354 987
355 544
355 857
356 376
356 674
356 853
357 367
357 392
357 411
357 423
357 457
357 470
357 471
357 615
357 617
357 644
357 672
357 698
357 805
357 826
357 836
357 892
357 936
357 945
357 956
357 981
357 983
358 474
358 605
358 897
358 935
359 578
359 585
359 756
359 864
360 881
361 427
361 453
361 464
361 468
361 486
361 512
361 539
361 555
361 602
361 607
361 623
361 816
361 830
361 874
361 892
361 919
361 921
361 938
361 974
362 392
362 699
363 378
363 482
363 902
364 380
364 418
364 451
364 491
364 493
364 525
364 532
364 576
364 587
364 674
364 683
364 715
364 779
364 859
364 910
364 950
364 968
365 376
365 429
365 564
365 701
365 868
365 885
365 926
366 476
366 484
366 714
367 411
367 423
367 471
367 983
368 447
368 604
368 722
368 727
368 784
368 827
368 841
368 911
369 390
369 424
369 427
369 475
369 489
369 508
369 522
369 524
369 532
369 543
369 556
369 560
369 561
369 619
369 636
369 667
369 676
369 688
369 694
369 722
369 727
369 729
369 740
369 777
369 784
369 787
369 827
369 849
369 861
369 866
369 869
369 881
369 884
369 904
369 909
369 911
369 916
369 930
369 931
369 957
369 988
369 999
370 443
370 458
370 768
370 825
370 840
370 848
370 909
371 455
371 486
371 892
372 395
372 532
372 608
372 859
372 968
373 410
373 427
373 468
373 475
373 705
373 901
373 919
373 929
374 510
374 664
374 672
374 698
374 935
374 936
374 983
375 792
376 429
376 441
376 449
376 452
376 494
376 511
376 532
376 557
376 564
376 566
376 582
376 590
376 614
376 617
376 626
376 653
376 683
376 695
376 701
376 722
376 734
376 751
376 759
376 769
376 774
376 791
376 792
376 859
376 868
376 870
376 879
376 885
376 891
376 911
376 926
376 941
376 963
376 975
377 689
377 909
378 413
378 456
378 492
378 573
378 597
378 617
378 858
378 873
378 902
379 427
379 468
380 418
380 491
380 525
380 532
380 576
380 593
380 715
380 779
380 859
381 425
381 431
381 465
381 492
381 497
381 536
381 617
381 626
381 630
381 653
381 693
381 803
381 852
381 900
381 922
381 923
382 395
382 422
382 859
382 968
383 453
383 528
383 606
383 733
383 820
383 892
383 938
384 453
384 462
384 539
384 723
385 722
385 854
385 861
386 603
386 696
386 769
386 810
386 834
386 837
386 842
387 625
387 674
387 795
387 955
388 457
388 698
388 785
388 935
388 936
389 427
389 468
389 479
389 750
389 830
389 919
390 722
390 916
390 931
390 999
391 410
391 427
391 468
391 486
391 602
391 668
391 919
392 427
392 540
392 666
392 699
392 712
392 723
392 836
392 855
392 892
393 625
393 852
394 432
394 613
394 645
394 654
394 663
395 532
395 608
395 968
395 994
396 427
396 435
396 453
396 455
396 486
396 495
396 606
396 712
396 730
396 813
396 836
396 892
396 938
396 949
396 962
396 974
397 634
397 764
397 852
398 497
398 529
398 661
398 856
399 526
399 859
400 480
400 511
400 617
400 791
400 898
400 967
401 417
401 640
401 709
402 410
402 427
402 552
403 532
403 557
403 588
403 711
403 715
403 790
403 859
403 984
404 439
404 476
404 932
405 427
405 710
406 475
406 684
406 888
407 672
407 944
407 956
408 640
409 491
409 576
409 715
409 741
409 779
409 859
409 984
410 427
410 453
410 468
410 486
410 552
410 589
410 594
410 645
410 663
410 668
410 687
410 698
410 705
410 713
410 732
410 771
410 816
410 835
410 892
410 911
410 919
410 929
410 938
410 939
410 972
411 423
411 471
411 956
412 485
412 559
412 787
412 883
412 909
413 456
413 858
414 601
414 765
414 863
414 946
415 930
415 947
416 518
416 625
416 843
416 859
416 872
417 475
417 507
417 640
417 709
418 525
418 779
418 859
419 787
420 450
420 466
420 508
420 558
420 722
420 973
421 453
421 646
421 892
422 608
422 621
422 744
422 859
423 471
423 597
423 805
423 959
425 431
425 465
425 536
425 617
425 626
425 653
425 922
425 923
426 597
427 432
427 453
427 455
427 464
427 468
427 475
427 479
427 486
427 488
427 512
427 516
427 527
427 533
427 551
427 555
427 586
427 589
427 602
427 606
427 607
427 617
427 623
427 629
427 655
427 668
427 672
427 705
427 713
427 723
427 732
427 736
427 750
427 771
427 789
427 815
427 816
427 829
427 830
427 831
427 835
427 836
427 855
427 859
427 874
427 892
427 909
427 919
427 945
427 949
427 956
427 970
427 974
427 980
428 892
428 995
429 494
429 751
429 891
429 926
430 532
431 454
431 465
431 497
431 536
431 617
431 626
431 653
431 685
431 803
431 814
431 850
431 922
431 923
432 663
432 705
432 725
432 771
433 759
434 944
434 956
435 495
435 730
435 892
435 949
435 962
436 448
436 787
436 909
437 507
437 513
437 541
437 547
437 707
437 915
437 953
438 440
438 899
438 909
439 476
439 484
439 772
439 782
440 909
440 940
441 511
441 656
442 698
442 983
443 475
443 483
443 507
444 619
444 667
444 722
444 821
444 827
444 860
444 911
445 446
445 475
445 524
445 718
445 746
446 475
446 648
446 746
446 895
447 502
447 556
447 722
447 841
447 861
448 857
448 909
449 734
449 759
450 490
450 508
450 675
450 722
450 745
450 752
450 761
450 871
450 909
450 930
450 942
450 943
451 532
451 859
451 910
452 494
452 751
452 885
452 891
453 461
453 512
453 528
453 533
453 555
453 606
453 646
453 668
453 686
453 713
453 722
453 723
453 730
453 731
453 766
453 815
453 816
453 836
453 877
453 892
453 921
453 938
453 974
453 992
454 603
454 626
454 769
455 797
455 892
455 938
455 962
456 902
457 664
457 698
457 785
457 935
457 936
457 956
458 475
458 507
458 768
458 825
459 626
459 653
459 661
459 760
460 496
460 566
460 617
460 626
460 944
461 938
462 496
462 836
463 475
463 500
463 526
463 532
463 553
463 587
463 706
463 722
463 780
463 800
463 859
463 889
463 930
464 486
464 796
464 874
464 980
465 536
465 617
465 626
465 653
465 693
465 922
465 923
466 508
466 558
466 722
466 907
466 942
466 973
467 491
467 715
467 984
468 479
468 486
468 516
468 602
468 606
468 613
468 629
468 710
468 732
468 750
468 815
468 816
468 830
468 892
468 919
468 929
468 938
468 970
468 974
469 649
469 801
469 890
469 949
470 805
472 700
472 982
473 474
473 537
473 672
473 935
474 605
474 643
474 672
474 897
474 935
474 956
475 481
475 498
475 506
475 507
475 508
475 520
475 524
475 565
475 592
475 633
475 637
475 648
475 650
475 684
475 709
475 718
475 722
475 746
475 753
475 754
475 771
475 787
475 788
475 799
475 813
475 816
475 818
475 836
475 839
475 841
475 848
475 865
475 878
475 883
475 888
475 894
475 895
475 909
475 911
475 934
475 942
475 961
475 966
475 979
476 484
476 585
476 714
476 772
476 782
476 864
476 932
477 769
477 834
477 837
478 562
478 708
478 722
479 750
479 970
480 511
480 677
481 498
481 524
481 592
481 718
481 878
481 895
482 597
482 737
482 873
482 902
483 507
483 892
484 714
484 932
485 909
485 928
486 487
486 488
486 501
486 512
486 533
486 540
486 555
486 623
486 671
486 722
486 731
486 736
486 763
486 773
486 783
486 796
486 815
486 816
486 830
486 874
486 892
486 919
486 921
486 938
486 974
486 980
487 533
487 606
487 647
487 766
487 877
487 938
488 507
488 555
488 671
488 731
488 736
488 773
488 816
488 892
488 938
488 974
489 869
490 675
490 692
490 745
490 871
490 930
490 942
490 943
491 532
491 576
491 588
491 741
491 779
491 859
492 808
493 532
493 608
494 508
494 564
494 665
494 701
494 751
494 762
494 852
494 859
494 885
494 891
494 926
495 892
495 962
496 519
496 566
496 626
496 641
496 653
496 659
496 666
496 690
496 716
496 802
496 814
496 859
496 882
496 920
496 944
496 956
497 529
497 617
497 653
497 685
498 878
498 934
499 627
499 764
499 852
499 986
500 532
500 553
501 579
501 869
501 909
501 993
502 722
502 827
502 841
502 861
502 903
502 911
503 909
503 928
504 744
504 859
504 933
505 507
505 599
505 616
505 753
505 754
505 798
505 813
505 825
505 840
505 930
505 976
506 684
506 818
506 888
506 894
506 895
506 961
507 640
507 651
507 673
507 709
507 753
507 754
507 768
507 789
507 825
507 875
507 909
507 938
507 953
508 558
508 722
508 745
508 761
508 827
508 907
508 911
509 584
509 855
510 672
510 698
510 785
510 936
510 983
511 617
511 635
511 658
511 674
511 677
511 722
511 791
511 851
511 852
511 898
511 912
511 967
512 555
512 607
512 874
512 892
513 541
513 707
513 915
513 953
514 580
514 603
514 612
514 617
514 626
514 653
514 724
514 769
514 807
514 823
514 846
514 851
514 893
514 977
515 619
515 827
515 988
517 625
517 774
517 795
518 843
518 852
518 872
519 944
520 895
520 909
521 543
521 561
521 619
521 667
521 821
521 827
521 911
522 604
522 667
522 676
522 691
522 722
522 781
522 784
522 821
522 827
522 911
522 973
523 588
523 674
523 683
523 717
524 592
524 718
524 818
524 878
524 934
525 859
526 532
526 631
526 719
526 722
526 755
526 793
526 845
526 958
526 996
527 830
527 892
527 980
528 606
528 609
528 733
528 892
528 938
529 617
529 653
529 685
530 692
530 694
530 722
530 757
530 886
530 930
530 947
531 843
531 955
532 553
532 587
532 608
532 617
532 621
532 622
532 626
532 631
532 653
532 674
532 692
532 706
532 715
532 719
532 722
532 738
532 741
532 744
532 755
532 780
532 800
532 806
532 845
532 859
532 930
532 933
532 984
532 994
532 998
533 647
533 766
533 816
533 938
534 577
534 615
534 965
535 620
535 786
535 930
535 947
535 989
536 617
536 630
536 653
536 902
536 923
537 615
537 672
537 814
537 956
538 568
538 726
539 743
539 917
540 723
540 816
540 836
540 855
541 953
542 627
542 764
542 824
543 619
543 667
543 729
543 827
544 896
544 909
545 579
545 869
545 909
546 722
546 771
546 960
546 985
548 626
548 794
549 627
549 728
549 924
550 617
550 626
550 653
550 749
550 812
550 987
551 771
551 804
552 668
553 587
553 780
553 859
553 889
554 575
554 959
555 671
555 731
555 736
555 763
555 773
555 783
555 921
555 974
556 722
557 588
557 593
557 674
557 683
557 711
557 790
558 722
559 883
559 909
559 978
560 562
560 775
560 887
561 636
561 667
561 691
561 722
561 827
562 689
562 887
563 723
563 964
564 701
564 762
564 926
565 637
565 776
565 979
566 617
566 639
566 641
566 672
566 690
566 716
566 802
566 814
566 862
566 920
566 927
566 944
566 956
567 822
567 882
568 656
569 909
569 990
570 617
570 734
571 766
571 816
571 938
574 697
575 735
575 959
576 715
576 741
576 779
576 859
577 628
577 672
577 814
577 937
577 948
577 956
577 965
579 993
580 851
581 799
581 865
582 611
582 665
582 941
583 722
583 811
583 911
584 836
584 949
585 756
587 859
587 889
588 593
588 617
588 674
588 683
588 711
588 715
588 717
588 779
588 790
588 859
588 984
589 669
589 705
589 713
589 972
590 614
590 868
590 926
591 617
591 653
591 850
592 746
592 878
592 934
593 674
593 711
593 715
593 790
593 859
594 613
594 705
594 721
596 600
596 832
596 945
597 617
597 626
597 678
597 737
597 873
597 902
597 952
598 702
598 855
598 949
599 616
599 753
599 839
600 832
600 945
601 765
601 852
601 946
602 655
603 626
603 653
603 696
603 769
603 834
603 837
603 852
603 859
603 908
604 722
604 727
604 841
604 861
604 911
605 643
605 897
605 935
606 646
606 733
606 892
606 938
607 874
608 621
609 820
609 892
610 617
610 653
611 665
611 941
612 696
612 769
612 807
612 846
613 645
614 695
614 868
614 926
615 672
615 944
615 948
615 956
615 965
617 626
617 630
617 653
617 661
617 665
617 677
617 678
617 685
617 693
617 722
617 748
617 749
617 765
617 769
617 794
617 803
617 807
617 808
617 812
617 819
617 833
617 836
617 850
617 852
617 856
617 858
617 859
617 873
617 892
617 900
617 902
617 906
617 909
617 913
617 922
617 923
617 926
617 935
617 944
617 952
617 956
617 965
617 987
618 638
618 672
618 814
618 935
619 722
619 729
619 740
619 777
619 827
619 860
619 884
619 904
619 909
619 911
619 957
620 930
620 947
620 958
621 674
621 994
622 859
623 830
623 836
623 974
624 909
624 928
624 940
625 674
625 683
625 715
625 795
625 843
625 853
625 859
625 872
625 955
626 653
626 661
626 760
626 769
626 794
626 810
626 823
626 834
626 842
626 846
626 852
626 856
626 859
626 892
626 900
626 923
626 969
626 986
627 852
628 672
628 814
628 956
628 965
629 919
630 653
630 693
630 922
630 923
631 806
631 958
631 998
632 843
632 872
633 650
633 684
633 818
633 888
633 961
634 852
634 986
635 720
635 791
635 898
636 722
636 827
637 776
637 979
638 698
638 935
639 659
640 709
642 692
642 886
642 930
642 947
642 954
643 672
643 897
643 935
644 826
645 997
646 892
646 938
647 766
647 816
648 746
648 839
649 801
649 890
649 949
650 818
650 909
651 673
652 679
652 707
652 915
652 953
653 661
653 672
653 678
653 685
653 693
653 704
653 749
653 769
653 803
653 812
653 819
653 833
653 842
653 850
653 852
653 858
653 859
653 868
653 892
653 900
653 902
653 913
653 922
653 923
653 930
653 935
653 938
653 944
653 987
657 809
657 886
657 930
658 677
659 672
659 716
659 802
659 862
660 710
660 829
660 909
661 769
661 794
661 842
661 900
662 771
663 771
663 905
664 698
664 785
664 935
664 936
665 792
665 941
666 697
666 836
667 722
667 821
667 827
667 860
667 904
667 911
668 687
668 705
668 713
668 732
668 789
668 929
668 939
669 705
669 713
669 972
670 899
671 736
671 763
672 698
672 802
672 814
672 897
672 909
672 935
672 944
672 956
672 965
672 983
673 909
674 683
674 692
674 711
674 717
674 722
674 779
674 790
674 843
674 853
674 859
674 926
674 984
675 680
675 722
675 745
675 859
675 909
675 930
675 942
675 943
676 691
676 722
676 827
676 860
676 911
678 737
678 873
678 902
678 952
679 707
679 915
680 722
680 871
680 942
682 726
683 711
683 715
683 774
683 790
683 853
683 859
684 818
684 888
685 748
686 723
686 877
686 892
686 938
687 939
688 729
688 916
688 931
688 988
688 999
689 909
690 892
691 722
691 781
691 784
691 821
691 827
691 849
691 860
691 911
692 694
692 719
692 757
692 770
692 827
692 841
692 866
692 909
692 930
692 942
692 947
694 866
694 930
694 942
695 726
695 769
695 868
695 926
696 769
696 834
696 837
698 747
698 785
698 805
698 906
698 935
698 936
698 956
698 983
699 723
699 836
700 915
701 885
701 926
702 844
702 949
703 892
704 749
705 713
705 919
705 972
706 930
707 771
707 915
707 953
708 909
710 829
710 997
711 715
711 779
711 790
711 859
712 723
712 836
713 892
713 972
714 932
715 741
715 779
715 790
715 859
715 950
715 984
716 862
717 859
719 780
720 791
722 727
722 729
722 741
722 752
722 761
722 770
722 781
722 784
722 789
722 811
722 821
722 827
722 841
722 847
722 854
722 859
722 860
722 861
722 871
722 881
722 884
722 892
722 903
722 909
722 911
722 930
722 938
722 942
722 973
722 988
723 836
723 855
723 892
723 949
723 964
724 824
724 852
727 784
727 827
727 861
727 911
728 765
729 881
729 909
729 911
729 988
729 999
730 836
730 892
730 962
731 736
731 816
731 921
731 938
731 974
732 789
733 892
735 826
735 959
735 983
736 763
736 773
736 974
737 873
737 902
740 777
740 827
740 904
740 911
741 859
742 991
743 892
744 859
744 933
745 752
745 918
746 839
746 888
747 906
747 949
747 983
749 819
749 833
749 913
749 922
750 970
751 868
751 885
752 918
753 754
753 840
753 848
754 813
754 840
755 793
756 864
757 886
757 930
757 942
758 872
760 842
763 816
763 974
764 852
764 863
764 986
765 852
765 879
766 892
766 938
767 838
767 905
768 825
768 848
768 875
769 791
769 807
769 810
769 834
769 837
769 851
769 893
769 898
769 908
769 977
771 829
771 838
771 901
771 905
771 925
771 997
772 932
773 783
773 816
773 892
773 974
774 795
775 887
775 909
776 979
777 884
777 904
779 859
780 793
780 800
780 806
780 859
780 889
781 821
781 849
781 860
781 911
783 974
784 821
784 827
784 841
784 854
784 909
784 911
785 935
785 936
785 983
786 947
786 989
787 883
787 909
788 798
788 813
788 848
790 859
790 872
791 863
791 898
791 912
792 975
793 806
793 958
793 996
794 969
796 815
797 892
798 875
798 976
799 857
799 865
799 888
799 895
799 909
799 971
801 836
801 890
801 949
802 920
802 944
802 956
803 922
803 923
804 925
805 826
807 852
807 893
807 977
808 817
808 858
809 886
809 930
809 947
810 837
810 908
810 977
811 841
811 861
811 911
812 858
812 913
812 987
813 875
814 937
814 944
814 948
814 956
814 965
816 836
816 892
816 921
816 938
816 974
816 992
817 858
818 894
818 895
820 892
821 827
821 841
821 849
821 860
821 911
822 882
824 852
827 841
827 860
827 861
827 881
827 909
827 911
827 916
827 930
827 931
827 947
827 957
827 999
828 982
831 949
833 987
834 837
835 919
836 855
836 890
836 892
836 938
836 949
836 962
836 964
836 974
837 852
838 905
840 875
841 854
841 860
841 861
841 909
841 911
842 856
843 872
843 914
844 855
844 949
845 958
848 976
849 911
850 987
852 872
852 892
852 986
853 859
854 861
854 911
855 938
856 900
857 896
857 909
859 872
859 889
859 902
859 910
859 926
859 930
859 933
859 950
859 958
859 984
860 861
860 911
861 911
862 956
865 971
866 930
866 942
868 891
868 926
868 930
869 909
869 993
871 942
872 955
873 902
873 952
876 892
877 938
878 934
879 924
880 951
881 884
881 909
881 916
881 931
881 988
883 909
884 909
884 911
884 916
885 891
886 930
886 942
887 909
890 949
892 909
892 919
892 921
892 938
892 949
892 962
892 964
892 974
898 912
899 971
900 969
901 929
902 952
903 911
906 983
907 973
907 984
908 977
909 916
909 928
909 930
909 940
909 953
909 971
909 976
909 978
909 982
909 991
909 999
911 942
911 947
911 954
911 999
913 923
913 987
915 953
916 999
918 942
920 944
921 938
921 974
921 992
925 960
925 997
930 942
930 947
930 989
931 988
931 999
935 936
935 944
935 956
935 984
937 948
937 956
937 965
938 949
938 974
941 988
942 943
944 956
947 989
948 956
948 965
950 984
988 999
