0 219
0 243
0 289
0 300
0 367
0 410
0 447
0 453
0 455
0 528
0 733
0 771
0 837
0 878
0 982
1 187
1 208
1 763
2 86
2 255
2 272
2 292
2 349
2 453
2 482
2 526
2 554
2 598
2 680
2 732
2 740
2 890
2 897
3 44
3 47
3 230
3 574
3 593
3 641
3 943
4 36
4 49
4 76
4 85
4 130
4 156
4 166
4 181
4 208
4 321
4 386
4 416
4 441
4 453
4 465
4 472
4 552
4 621
4 632
4 647
4 678
4 690
4 693
4 718
4 723
4 753
4 760
4 772
4 785
4 789
4 802
4 867
4 936
4 949
4 953
5 292
5 381
5 473
5 838
5 911
6 285
6 347
6 506
6 544
6 642
7 166
7 170
7 330
7 356
7 386
7 644
7 867
7 915
7 931
7 932
7 939
7 953
8 287
8 363
8 409
8 610
9 53
9 281
9 364
9 586
10 115
10 241
10 322
10 989
11 62
11 272
11 770
12 16
12 20
12 26
12 81
12 236
12 272
12 292
12 314
12 316
12 359
12 361
12 372
12 469
12 479
12 511
12 577
12 582
12 609
12 699
12 736
12 773
12 883
12 911
12 943
12 973
13 154
13 172
13 195
13 414
13 426
13 484
13 700
14 82
14 444
14 445
14 548
14 782
14 786
14 834
15 45
15 255
15 297
15 526
15 775
16 314
16 359
16 479
16 699
16 773
16 883
16 911
17 36
17 84
17 96
17 129
17 132
17 135
17 136
17 166
17 194
17 234
17 251
17 288
17 311
17 321
17 325
17 337
17 386
17 402
17 413
17 423
17 453
17 472
17 496
17 526
17 542
17 583
17 658
17 665
17 727
17 747
17 766
17 854
17 862
17 867
17 874
17 943
17 965
18 24
18 93
18 169
18 198
18 207
18 406
18 476
18 535
18 633
18 638
18 908
19 525
19 894
19 990
20 81
20 314
20 332
20 372
20 385
20 736
20 883
21 93
21 117
21 142
21 219
21 243
21 289
21 300
21 367
21 406
21 453
21 455
21 516
21 733
21 771
21 933
21 940
21 982
22 195
22 208
22 213
22 295
22 414
22 424
22 432
22 583
22 648
22 700
22 756
22 941
23 50
23 74
23 94
23 248
23 261
23 293
23 364
23 453
23 465
23 547
23 588
23 600
23 606
23 610
23 729
23 754
23 954
23 987
24 98
24 198
24 207
24 227
24 300
24 406
24 453
24 476
24 733
25 991
26 38
26 44
26 45
26 68
26 70
26 78
26 91
26 111
26 118
26 121
26 180
26 200
26 228
26 232
26 240
26 250
26 255
26 256
26 292
26 321
26 329
26 372
26 383
26 386
26 398
26 415
26 427
26 428
26 448
26 453
26 469
26 470
26 472
26 495
26 497
26 526
26 560
26 565
26 608
26 668
26 673
26 680
26 699
26 733
26 744
26 779
26 803
26 837
26 839
26 865
26 867
26 868
26 870
26 875
26 893
26 912
26 919
26 943
26 980
27 68
27 122
27 180
27 526
27 668
28 37
28 113
28 133
28 526
28 568
28 713
28 819
28 951
28 986
29 299
29 475
29 671
29 801
29 904
29 950
29 963
30 293
30 366
30 531
30 584
30 610
30 754
31 34
31 63
31 154
31 225
31 280
31 380
31 426
31 592
31 675
31 700
31 800
31 948
32 106
32 173
32 188
32 284
32 453
32 481
32 490
32 507
32 526
32 596
32 633
32 638
32 733
32 734
32 887
33 134
33 171
33 370
33 654
33 733
33 781
33 787
33 942
34 63
34 426
34 592
34 640
34 700
34 948
35 526
35 568
35 779
35 803
35 863
36 129
36 132
36 311
36 321
36 423
36 452
36 472
36 658
36 665
36 699
36 727
36 733
36 746
36 747
37 113
37 124
37 133
37 151
37 180
37 193
37 254
37 262
37 298
37 318
37 323
37 336
37 351
37 373
37 396
37 403
37 430
37 521
37 526
37 568
37 627
37 631
37 684
37 699
37 704
37 708
37 710
37 722
37 733
37 735
37 764
37 810
37 819
37 837
37 855
37 861
37 873
37 880
37 908
37 951
37 968
37 986
38 526
38 779
38 803
39 117
39 750
39 837
40 113
40 180
40 275
40 317
40 323
40 411
40 526
40 590
40 604
40 717
40 757
40 960
40 968
41 428
41 526
41 779
41 803
41 851
41 906
42 248
42 404
42 465
42 606
42 635
42 841
43 83
43 204
43 453
43 561
43 733
43 739
43 942
44 47
44 143
44 230
44 302
44 321
44 413
44 529
44 545
44 574
44 593
44 702
44 943
45 70
45 116
45 118
45 121
45 165
45 180
45 226
45 255
45 297
45 329
45 383
45 387
45 401
45 412
45 453
45 458
45 467
45 483
45 495
45 511
45 526
45 575
45 582
45 608
45 615
45 699
45 759
45 817
45 839
45 883
45 895
45 911
45 980
46 414
46 700
46 737
46 758
46 888
47 143
47 230
47 413
47 574
47 593
47 641
47 662
47 943
48 185
48 386
48 419
48 718
48 760
48 800
48 949
49 85
49 156
49 441
49 472
49 693
49 772
49 936
50 261
50 547
50 555
50 600
50 610
50 729
50 733
50 754
50 954
51 239
51 255
51 458
51 534
51 608
52 190
52 276
52 472
52 485
52 667
52 672
52 800
52 993
53 59
53 102
53 114
53 248
53 270
53 281
53 285
53 315
53 347
53 354
53 363
53 364
53 453
53 457
53 544
53 659
53 682
53 694
53 724
53 733
53 761
53 800
53 814
53 826
53 835
53 898
53 907
53 925
53 946
53 971
53 979
54 161
54 301
54 453
54 476
54 633
54 638
54 733
54 860
55 148
55 526
55 730
56 174
56 231
56 526
56 926
57 96
57 149
57 203
57 541
57 770
57 943
57 981
58 130
58 131
58 449
58 489
58 581
58 896
58 900
59 281
59 371
59 563
59 660
59 724
59 814
59 826
59 835
60 366
60 531
60 610
60 754
60 841
61 386
61 472
61 900
62 86
62 272
62 292
62 349
62 897
63 154
63 172
63 380
63 426
63 700
63 791
63 948
64 75
64 137
64 163
64 208
64 435
64 454
64 763
65 74
65 248
65 327
65 377
65 509
65 635
65 809
66 824
67 185
67 472
67 697
67 867
67 905
68 104
68 122
68 146
68 180
68 346
68 383
68 384
68 526
68 562
68 568
68 668
68 803
68 837
68 992
69 180
69 215
69 526
69 679
69 715
69 799
69 923
70 118
70 239
70 255
70 439
70 458
70 534
70 784
71 80
71 82
71 117
71 146
71 215
71 238
71 257
71 271
71 394
71 434
71 444
71 445
71 493
71 526
71 548
71 568
71 733
71 750
71 771
71 782
71 786
71 837
71 891
72 219
72 286
72 320
72 390
72 453
72 570
72 578
72 625
72 626
72 733
72 771
72 837
72 944
72 996
73 386
73 420
73 557
73 800
73 830
74 94
74 248
74 293
74 303
74 327
74 364
74 465
74 509
74 526
74 555
74 619
74 635
74 729
74 769
75 137
75 208
75 237
75 407
75 426
75 491
75 524
75 711
75 745
75 988
76 156
76 177
76 441
76 472
76 772
76 785
76 789
77 281
77 364
77 371
77 835
78 116
78 256
78 401
78 405
78 497
78 565
78 699
78 865
78 919
78 980
79 131
79 386
79 513
79 514
79 530
79 611
79 718
79 753
79 800
79 823
79 881
80 731
80 812
80 837
81 332
81 359
81 385
81 526
81 609
81 645
81 736
81 883
81 911
82 257
82 444
82 445
82 526
82 548
82 786
82 837
83 453
83 739
83 749
83 846
83 862
83 942
83 974
84 166
84 321
84 766
85 131
85 181
85 386
85 630
85 647
85 693
85 772
85 802
85 867
85 931
85 936
86 140
86 272
86 349
86 518
86 740
87 324
87 663
88 103
88 506
88 544
88 733
88 761
89 169
89 313
89 400
89 406
89 440
89 453
89 476
89 487
89 519
89 656
89 860
89 929
90 288
90 321
90 339
90 352
90 413
90 486
90 542
90 599
90 624
90 811
90 818
90 943
91 228
91 256
91 497
91 744
91 868
92 453
92 696
92 733
92 795
92 922
92 927
93 169
93 406
93 453
93 535
93 543
93 833
93 929
94 248
94 303
94 954
95 185
95 386
95 485
95 530
95 949
96 149
96 326
96 378
96 392
96 511
96 541
96 641
96 699
96 742
96 770
96 790
96 872
96 910
96 911
96 981
97 145
97 263
97 292
97 372
97 431
97 628
97 689
97 699
97 956
98 198
98 227
98 269
98 544
98 716
98 774
98 899
99 180
99 340
99 450
99 526
99 799
99 806
99 901
99 923
100 166
100 321
100 339
100 413
100 460
100 502
100 688
100 884
101 211
101 961
102 114
102 285
102 334
102 682
102 755
102 787
102 946
102 971
102 987
103 347
103 503
103 567
103 721
103 805
103 866
104 174
104 526
104 556
104 597
104 668
104 703
104 917
104 992
105 504
105 526
105 812
105 837
105 859
105 879
106 173
106 188
106 391
106 453
106 476
106 481
106 490
106 507
106 596
106 633
106 638
106 733
106 734
106 871
106 887
107 120
107 180
107 215
107 411
107 526
107 757
108 140
109 300
109 410
110 129
110 572
110 874
111 200
111 202
111 250
111 383
111 415
111 526
111 538
111 673
111 875
111 912
112 453
112 849
112 889
113 124
113 133
113 146
113 151
113 159
113 193
113 275
113 317
113 318
113 321
113 323
113 351
113 373
113 403
113 430
113 453
113 526
113 568
113 627
113 631
113 663
113 684
113 703
113 717
113 722
113 764
113 810
113 855
113 880
113 908
113 914
113 951
113 960
113 968
113 986
113 995
114 363
114 755
115 241
116 608
116 615
116 839
117 146
117 214
117 238
117 257
117 271
117 324
117 335
117 336
117 394
117 410
117 444
117 445
117 453
117 493
117 504
117 526
117 548
117 568
117 620
117 733
117 750
117 771
117 786
117 837
117 891
117 908
118 233
118 255
118 256
118 297
118 343
118 372
118 383
118 412
118 431
118 453
118 467
118 470
118 526
118 534
118 582
118 602
118 608
118 699
118 759
118 784
118 920
119 260
119 321
119 352
119 413
119 818
120 180
120 389
120 526
120 527
120 669
120 733
120 757
120 837
120 968
121 256
121 329
121 401
121 759
121 919
122 180
122 526
122 562
122 668
123 273
123 453
123 476
123 653
123 733
124 180
124 193
124 323
124 351
124 403
124 526
124 627
124 757
124 810
124 873
124 914
124 968
125 130
125 386
125 449
125 463
125 472
125 530
125 748
125 753
125 760
125 800
125 896
126 196
126 347
126 421
126 677
126 990
127 262
127 336
127 526
127 568
127 710
127 713
127 722
127 764
127 855
127 908
128 376
128 609
128 645
128 883
128 911
128 934
129 135
129 136
129 194
129 234
129 321
129 325
129 413
129 452
129 499
129 526
129 572
129 658
129 766
129 854
129 874
130 131
130 185
130 197
130 208
130 222
130 276
130 321
130 386
130 413
130 416
130 442
130 449
130 463
130 472
130 485
130 489
130 514
130 522
130 526
130 530
130 581
130 611
130 693
130 718
130 753
130 760
130 800
130 802
130 850
130 867
130 881
130 896
130 931
130 949
131 185
131 197
131 208
131 386
131 416
131 442
131 449
131 472
131 485
131 489
131 514
131 522
131 530
131 568
131 581
131 611
131 652
131 678
131 718
131 753
131 760
131 800
131 823
131 827
131 867
131 896
132 452
132 514
132 727
132 747
133 180
133 704
133 717
133 764
133 951
133 986
134 171
134 218
134 347
134 370
134 406
134 453
134 616
134 654
134 733
134 781
134 787
134 849
134 922
134 942
135 194
135 234
135 425
135 499
135 766
135 780
135 854
135 874
136 234
136 321
136 572
136 874
137 163
137 208
137 360
137 435
137 454
137 524
137 763
138 339
138 537
138 780
139 278
139 347
139 453
139 544
139 567
139 595
139 805
139 836
139 866
140 272
140 349
140 392
140 518
140 526
140 740
140 770
140 837
140 883
140 943
141 240
141 383
141 673
141 720
142 243
142 367
142 447
142 933
142 972
142 982
143 230
143 943
144 235
144 313
144 400
144 406
144 453
144 476
144 519
144 526
144 633
144 733
144 833
144 860
144 929
145 263
145 431
145 689
145 699
145 956
146 152
146 180
146 184
146 254
146 268
146 300
146 375
146 468
146 480
146 493
146 504
146 526
146 568
146 594
146 596
146 603
146 618
146 627
146 639
146 706
146 725
146 731
146 812
146 837
146 879
146 886
146 966
146 970
147 208
147 295
147 904
147 977
148 549
148 730
149 541
149 591
149 742
149 770
149 790
149 943
149 981
150 493
150 526
150 568
150 725
150 837
150 886
151 373
151 526
151 631
151 819
151 951
151 986
152 184
152 480
152 504
152 568
152 639
152 837
153 163
153 360
153 454
154 208
154 295
154 426
154 471
154 592
154 675
154 695
154 700
155 166
155 209
155 217
155 321
155 337
155 356
155 690
155 738
155 752
155 847
155 867
156 472
156 723
157 475
157 485
157 583
157 924
157 993
158 174
158 526
158 597
159 526
159 992
160 476
160 587
160 596
160 633
160 733
160 887
161 301
161 453
161 476
161 633
161 638
161 656
161 733
161 860
162 180
162 526
162 568
163 360
163 435
163 454
163 524
164 287
164 303
164 364
164 584
164 729
164 987
165 255
165 298
165 312
165 314
165 331
165 361
165 372
165 469
165 511
165 526
165 536
165 553
165 569
165 582
165 699
165 973
166 170
166 208
166 209
166 217
166 242
166 251
166 292
166 321
166 337
166 402
166 413
166 451
166 456
166 462
166 472
166 477
166 489
166 496
166 526
166 644
166 664
166 690
166 692
166 747
166 753
166 776
166 800
166 840
166 858
166 867
166 943
166 973
166 999
167 467
167 495
167 817
167 839
168 180
168 203
168 790
168 943
168 981
169 400
169 406
169 440
169 487
169 535
169 733
169 833
170 356
170 472
170 621
170 632
170 693
170 802
170 867
170 915
170 930
170 931
171 453
171 616
171 654
171 733
171 787
172 380
172 426
172 640
173 211
173 357
173 453
173 476
173 596
173 707
173 733
173 787
173 846
173 862
173 937
173 974
174 180
174 526
174 568
174 837
174 909
175 287
175 364
175 371
175 586
175 987
176 226
176 255
176 699
176 804
176 955
177 475
177 491
177 583
177 842
177 869
177 993
178 398
178 526
178 601
178 646
178 657
178 779
178 863
178 985
179 257
179 526
179 568
179 620
179 663
179 834
180 193
180 215
180 232
180 244
180 249
180 262
180 275
180 298
180 304
180 317
180 321
180 323
180 336
180 340
180 346
180 372
180 389
180 397
180 398
180 403
180 410
180 411
180 450
180 453
180 526
180 527
180 562
180 566
180 568
180 590
180 668
180 669
180 679
180 715
180 717
180 733
180 750
180 757
180 764
180 779
180 799
180 803
180 825
180 837
180 855
180 873
180 876
180 880
180 893
180 901
180 914
180 923
180 947
180 960
180 968
180 973
181 478
181 621
181 630
181 693
181 802
181 867
182 468
182 663
182 837
183 649
183 685
183 719
183 813
184 480
184 568
184 639
184 706
184 837
185 267
185 291
185 386
185 419
185 420
185 442
185 472
185 530
185 637
185 718
185 753
185 800
185 807
185 830
185 881
185 949
186 404
186 408
186 954
186 994
187 208
187 386
187 763
188 284
188 453
188 476
188 481
188 490
188 507
188 587
188 596
188 633
188 733
188 734
188 887
189 209
189 217
189 321
189 337
189 496
189 690
189 752
189 867
190 386
190 485
190 667
190 800
191 406
191 476
191 543
191 733
191 860
192 255
192 997
193 298
193 323
193 351
193 410
193 526
193 568
193 627
193 722
193 735
193 880
193 914
193 968
194 234
194 325
194 499
194 854
195 208
195 245
195 280
195 299
195 414
195 634
195 648
195 700
195 950
196 421
196 446
197 386
197 489
197 522
197 652
198 227
198 269
198 367
198 406
198 410
198 453
198 568
198 716
198 837
198 899
199 221
199 222
199 459
199 477
199 629
199 672
199 800
199 827
200 232
200 256
200 348
200 415
200 497
200 526
200 565
200 912
201 344
201 360
201 763
202 240
202 383
202 673
202 720
202 824
202 867
203 943
203 964
203 981
204 453
204 623
204 846
204 862
204 877
204 969
204 974
205 472
205 785
206 223
206 475
206 583
206 777
206 976
207 406
207 440
207 476
208 213
208 237
208 245
208 255
208 280
208 295
208 299
208 306
208 341
208 355
208 368
208 386
208 413
208 414
208 421
208 424
208 426
208 432
208 454
208 471
208 475
208 476
208 524
208 526
208 532
208 544
208 558
208 568
208 580
208 583
208 589
208 592
208 617
208 634
208 640
208 648
208 671
208 675
208 681
208 682
208 700
208 701
208 711
208 729
208 756
208 763
208 771
208 777
208 792
208 801
208 820
208 831
208 856
208 881
208 904
208 928
208 941
208 977
208 988
209 321
209 337
209 462
209 496
209 690
209 752
209 800
209 847
209 867
210 295
210 532
210 648
210 700
211 282
211 320
211 350
211 410
211 468
211 526
211 548
211 663
211 733
211 771
211 837
211 855
211 961
211 984
212 347
212 453
212 709
212 721
212 894
213 295
213 386
213 471
213 675
213 695
213 700
214 394
214 526
214 733
214 750
214 837
214 891
215 346
215 526
215 715
215 799
215 923
216 414
217 337
217 496
217 690
217 738
217 752
217 867
218 406
218 453
218 474
218 787
219 300
219 367
219 406
219 453
219 455
219 526
219 570
219 578
219 733
219 771
219 944
219 996
220 300
220 367
220 453
220 933
221 222
221 459
221 477
221 629
221 672
221 800
221 827
222 259
222 362
222 386
222 477
222 800
222 949
223 475
223 763
223 777
223 976
224 485
224 667
224 800
225 380
225 426
225 675
225 829
226 343
226 804
226 952
226 955
227 269
227 406
227 476
227 899
228 256
228 497
228 744
228 868
228 893
229 780
229 943
229 967
230 593
230 641
230 662
230 719
230 943
231 384
231 398
231 526
231 568
231 712
232 348
232 560
232 875
233 255
233 470
234 321
234 325
234 499
234 658
234 766
234 854
234 867
235 400
235 453
235 633
235 733
235 846
235 860
236 469
236 883
237 435
237 524
237 681
237 711
237 745
237 963
237 988
238 568
238 596
238 837
239 255
239 297
239 470
239 534
239 699
239 775
239 973
240 383
240 526
240 673
240 720
240 803
241 465
241 683
241 729
241 989
242 456
242 690
242 738
242 822
242 867
243 367
243 933
243 982
244 389
244 411
244 526
244 566
244 669
244 757
245 280
245 299
245 820
245 904
246 292
246 546
246 838
247 282
247 568
247 984
248 261
248 281
248 303
248 306
248 327
248 347
248 371
248 377
248 404
248 408
248 414
248 426
248 436
248 453
248 464
248 465
248 476
248 509
248 512
248 531
248 547
248 555
248 588
248 606
248 610
248 619
248 635
248 655
248 661
248 729
248 733
248 754
248 769
248 809
248 814
248 841
248 853
248 954
248 994
249 418
249 515
249 625
249 961
249 984
250 256
250 383
250 912
251 308
251 321
251 658
251 664
251 852
251 913
251 965
252 300
252 410
252 455
252 878
253 798
254 298
254 336
254 395
254 526
254 568
254 594
254 603
254 706
254 733
254 757
254 837
254 864
254 880
254 921
254 995
255 256
255 297
255 343
255 372
255 383
255 387
255 398
255 401
255 406
255 431
255 439
255 448
255 453
255 467
255 470
255 483
255 495
255 511
255 526
255 534
255 575
255 582
255 602
255 608
255 628
255 699
255 759
255 775
255 817
255 837
255 839
255 919
255 920
255 943
255 952
255 983
255 997
256 329
256 383
256 387
256 401
256 405
256 412
256 453
256 483
256 495
256 497
256 526
256 565
256 673
256 744
256 865
256 868
256 870
256 893
256 912
256 919
256 920
257 258
257 444
257 548
257 568
257 620
257 786
257 834
257 837
258 468
258 620
259 800
260 413
260 794
260 818
260 902
260 918
261 293
261 547
261 588
261 610
261 729
261 754
261 954
262 526
262 568
262 710
262 713
262 722
262 855
262 908
263 372
263 431
263 573
263 628
263 689
263 699
264 464
264 512
264 841
265 413
265 472
265 552
265 572
265 811
265 874
266 498
266 666
266 765
266 857
266 867
267 386
267 477
267 800
267 949
268 309
268 335
268 493
268 568
268 618
268 706
268 837
268 861
269 406
269 410
269 716
269 899
270 315
270 363
270 682
270 898
270 907
272 292
272 349
272 385
272 392
272 482
272 518
272 546
272 582
272 598
272 699
272 740
272 897
273 453
273 476
273 653
273 733
274 472
274 678
274 723
275 317
275 526
275 568
275 590
275 717
275 735
275 757
275 960
275 968
276 355
276 485
276 583
276 763
277 453
277 623
277 733
277 846
277 877
277 974
278 294
278 347
278 421
278 453
278 544
278 559
278 726
278 805
278 843
278 866
279 347
279 446
279 503
279 567
279 821
279 866
280 295
280 299
280 341
280 524
280 532
280 583
280 648
280 675
280 700
280 792
280 977
281 334
281 364
281 371
281 453
281 544
281 586
281 660
281 724
281 814
281 826
281 835
282 984
283 485
283 637
283 869
284 357
284 406
284 410
284 440
284 453
284 476
284 481
284 490
284 507
284 587
284 596
284 633
284 638
284 653
284 733
284 846
284 860
284 871
284 877
284 887
284 937
285 453
285 526
285 544
285 650
285 694
285 957
286 390
286 570
286 626
286 771
287 364
287 409
287 584
287 987
288 352
289 365
289 447
289 453
289 733
289 771
290 579
290 895
291 386
291 419
291 718
291 800
291 949
292 321
292 359
292 381
292 392
292 399
292 413
292 453
292 469
292 473
292 482
292 501
292 518
292 538
292 546
292 554
292 645
292 680
292 732
292 736
292 740
292 770
292 838
292 883
292 890
292 897
292 911
293 547
293 588
293 610
293 729
293 754
293 954
294 347
294 386
294 421
294 453
294 559
294 677
294 726
294 836
294 866
295 414
295 424
295 432
295 441
295 532
295 675
295 695
295 700
295 756
295 800
295 941
296 437
296 699
296 762
297 775
298 336
298 395
298 403
298 521
298 526
298 540
298 568
298 706
298 710
298 713
298 722
298 764
298 837
298 855
298 921
298 951
299 344
299 524
299 903
299 904
299 950
300 367
300 406
300 410
300 438
300 453
300 516
300 520
300 526
300 587
300 733
300 771
300 774
300 797
300 846
300 899
300 933
300 940
300 975
301 400
301 453
301 476
301 551
301 596
301 633
301 656
301 733
301 833
301 860
302 529
302 545
302 714
302 943
303 379
303 475
303 555
303 600
303 769
304 346
304 526
304 796
305 386
305 485
305 800
305 827
306 414
306 466
306 661
306 675
306 700
306 832
308 321
308 453
308 658
308 852
308 938
308 965
309 335
309 375
309 526
309 568
309 618
309 706
309 837
309 861
309 886
309 968
309 970
310 338
310 674
310 702
310 719
310 780
310 845
311 321
311 345
311 413
311 423
311 658
311 747
311 800
311 965
312 331
312 973
313 400
313 406
313 519
313 596
313 633
313 733
314 359
314 385
314 479
314 645
314 699
314 773
314 883
314 911
315 363
315 651
315 682
315 787
315 814
315 898
315 907
315 979
316 359
316 361
316 883
316 911
317 411
317 526
317 708
317 757
317 968
318 396
318 430
318 526
318 568
318 594
318 764
318 855
319 655
319 661
319 888
320 390
320 418
320 515
320 526
320 625
320 771
320 797
321 333
321 337
321 339
321 345
321 352
321 356
321 382
321 386
321 402
321 413
321 423
321 425
321 441
321 449
321 451
321 452
321 453
321 469
321 472
321 485
321 486
321 496
321 498
321 524
321 526
321 533
321 572
321 579
321 583
321 585
321 599
321 613
321 621
321 644
321 649
321 658
321 664
321 665
321 685
321 690
321 692
321 693
321 699
321 700
321 702
321 727
321 733
321 746
321 747
321 766
321 770
321 776
321 783
321 837
321 840
321 852
321 854
321 858
321 860
321 865
321 867
321 874
321 895
321 912
321 913
321 935
321 938
321 943
321 965
321 980
321 981
321 999
322 655
323 351
323 373
323 403
323 411
323 526
323 568
323 604
323 627
323 810
323 837
323 873
323 914
323 923
323 968
324 468
324 625
324 663
324 892
324 984
325 499
325 572
325 766
325 854
326 770
326 790
326 910
326 981
327 377
327 509
327 606
327 619
327 635
327 729
327 769
327 809
328 493
328 568
328 837
328 886
329 387
329 401
329 467
329 526
329 575
329 582
329 699
329 759
329 911
329 980
330 533
330 867
330 931
330 939
331 372
331 469
331 511
331 536
332 372
332 385
332 546
332 609
332 736
332 911
333 613
333 783
333 895
333 913
334 347
334 363
334 453
334 464
334 544
334 568
334 694
334 957
335 375
335 493
335 526
335 568
335 618
335 706
335 725
335 837
335 861
335 970
336 395
336 521
336 526
336 540
336 568
336 618
336 722
336 733
336 837
336 855
336 908
336 911
336 914
336 968
336 995
337 386
337 462
337 472
337 496
337 690
337 738
337 752
337 800
337 840
337 867
337 931
338 413
338 674
338 702
338 780
338 845
339 413
339 542
339 688
339 780
339 884
340 450
340 526
340 566
340 901
340 923
341 576
341 671
341 801
341 903
341 950
342 526
342 568
342 594
342 750
342 837
342 855
342 864
342 970
343 388
343 526
343 699
343 804
343 952
344 475
344 530
344 733
344 763
345 658
345 867
346 526
346 679
346 704
347 363
347 421
347 446
347 453
347 488
347 503
347 506
347 519
347 544
347 559
347 567
347 595
347 616
347 642
347 677
347 707
347 805
347 821
347 836
347 846
347 866
347 974
347 990
347 998
348 875
349 518
349 538
349 605
349 740
350 526
350 663
350 892
351 403
351 406
351 526
351 627
351 669
351 735
351 810
351 837
351 855
351 880
351 968
352 413
352 599
352 848
353 368
354 457
354 563
354 814
354 826
355 386
355 485
355 583
355 607
355 763
355 928
355 945
356 472
356 478
356 621
356 647
356 723
356 802
356 931
356 932
356 936
357 453
357 507
357 596
357 638
357 733
357 887
358 651
358 659
358 907
358 979
359 361
359 372
359 385
359 469
359 479
359 573
359 609
359 699
359 733
359 736
359 773
359 883
359 911
359 943
361 469
361 479
361 883
361 911
362 419
362 459
362 485
362 672
362 800
363 526
363 651
363 659
363 682
363 898
363 907
363 957
363 979
364 371
364 453
364 586
364 724
364 814
364 987
365 447
365 771
365 982
366 409
366 531
366 547
366 586
366 610
366 729
366 754
366 809
367 406
367 410
367 453
367 476
367 516
367 526
367 544
367 625
367 733
367 771
367 774
367 837
367 860
367 878
367 933
367 940
367 982
368 589
369 374
369 475
369 485
369 583
369 869
369 924
369 993
370 616
370 654
370 781
370 787
370 849
371 457
371 465
371 814
371 835
372 479
372 511
372 526
372 536
372 553
372 573
372 582
372 622
372 645
372 699
372 732
372 768
372 804
372 911
372 973
373 526
373 951
374 475
374 583
374 869
374 924
374 993
375 493
375 526
375 568
375 618
375 706
375 837
375 861
376 645
376 736
376 911
376 934
377 379
377 436
377 464
377 465
377 509
377 606
377 635
377 809
377 994
378 680
378 705
378 743
378 815
378 837
378 883
378 934
380 592
380 733
380 829
381 473
381 680
381 838
381 883
382 451
382 579
383 415
383 417
383 427
383 485
383 526
383 673
383 699
383 720
383 883
383 991
384 978
385 609
385 736
385 911
386 393
386 410
386 413
386 414
386 416
386 419
386 420
386 441
386 442
386 449
386 453
386 463
386 472
386 475
386 477
386 485
386 489
386 496
386 513
386 514
386 522
386 524
386 526
386 530
386 544
386 557
386 581
386 611
386 630
386 632
386 636
386 644
386 648
386 652
386 655
386 667
386 672
386 675
386 681
386 693
386 700
386 718
386 728
386 736
386 753
386 760
386 772
386 777
386 785
386 800
386 807
386 813
386 823
386 830
386 837
386 850
386 867
386 881
386 896
386 931
386 936
386 939
386 949
386 993
387 401
387 483
387 495
387 526
387 575
387 602
387 615
387 759
387 839
388 699
389 526
389 527
389 757
390 526
390 771
390 996
391 453
391 481
391 490
391 733
391 734
391 846
392 740
393 475
393 485
393 869
393 993
394 733
394 750
394 837
394 891
395 521
395 526
395 568
395 844
395 921
395 995
396 430
396 526
396 568
396 722
396 764
396 837
396 855
396 951
397 398
397 526
397 646
397 657
397 803
397 863
397 906
397 916
397 926
397 985
398 549
398 601
398 646
398 657
398 806
398 824
398 863
398 867
398 916
398 985
399 732
399 883
400 453
400 476
400 487
400 519
400 551
400 625
400 633
400 638
400 653
400 656
400 733
400 860
400 899
400 929
401 412
401 759
401 919
402 425
402 451
402 494
402 496
402 613
402 692
402 766
402 800
402 858
402 867
402 965
403 411
403 526
403 590
403 810
403 914
403 968
404 465
404 841
405 526
406 410
406 438
406 440
406 453
406 474
406 476
406 487
406 490
406 519
406 526
406 535
406 543
406 544
406 596
406 633
406 653
406 663
406 731
406 733
406 833
406 837
406 846
406 860
406 871
406 877
406 929
406 959
407 491
407 524
407 711
407 800
407 988
408 465
408 606
408 635
408 994
410 438
410 453
410 455
410 476
410 515
410 519
410 526
410 528
410 568
410 633
410 663
410 686
410 733
410 749
410 774
410 779
410 837
410 860
410 882
410 899
410 933
410 959
410 975
411 526
411 527
411 669
411 717
411 757
411 825
411 837
411 876
411 960
411 968
412 526
412 575
412 699
412 839
412 868
413 475
413 486
413 502
413 526
413 537
413 542
413 552
413 572
413 574
413 585
413 599
413 624
413 658
413 702
413 741
413 766
413 793
413 794
413 811
413 848
413 902
413 918
413 935
413 943
414 453
414 466
414 484
414 490
414 612
414 617
414 661
414 700
414 758
414 800
414 832
414 888
414 962
414 989
415 427
415 560
415 673
415 699
415 875
415 912
416 449
417 983
417 991
418 515
418 771
418 797
419 800
419 830
419 949
420 530
420 557
420 718
420 800
421 453
421 559
421 616
421 677
421 726
421 866
422 453
422 733
422 778
422 942
423 452
423 658
423 665
424 566
424 700
425 496
425 579
426 526
426 592
426 675
426 700
426 791
426 829
426 948
427 526
427 673
428 601
428 657
428 779
428 803
428 806
428 906
429 570
429 625
429 797
430 704
430 764
430 855
430 908
431 469
431 573
431 582
431 622
431 699
431 883
431 973
432 648
432 700
433 612
433 737
433 751
434 526
434 731
434 750
434 812
434 837
435 454
435 491
435 524
435 711
435 950
436 465
436 509
436 606
436 635
436 994
437 699
437 762
437 804
438 520
438 733
438 774
438 882
438 959
439 699
439 784
440 453
440 535
440 551
440 733
440 833
441 472
441 693
441 785
441 789
441 802
442 463
442 472
442 513
442 514
442 522
442 530
442 652
442 718
442 753
442 800
442 823
442 867
442 881
442 949
443 649
443 813
443 943
444 445
444 468
444 548
444 568
444 782
444 786
444 834
444 837
445 548
445 782
445 786
446 453
446 503
446 567
446 677
447 455
447 526
447 878
448 495
448 565
448 919
449 463
449 472
449 489
449 514
449 581
449 652
449 760
449 800
449 881
449 949
450 526
450 566
450 568
451 494
451 867
451 999
452 658
452 665
452 727
452 747
453 470
453 472
453 474
453 476
453 481
453 487
453 490
453 507
453 523
453 526
453 544
453 551
453 555
453 561
453 563
453 564
453 568
453 570
453 586
453 587
453 594
453 595
453 596
453 600
453 610
453 616
453 618
453 623
453 625
453 633
453 638
453 642
453 650
453 653
453 654
453 656
453 659
453 663
453 677
453 682
453 700
453 718
453 721
453 729
453 733
453 734
453 739
453 749
453 771
453 774
453 778
453 779
453 781
453 787
453 800
453 805
453 812
453 835
453 837
453 846
453 855
453 860
453 862
453 866
453 867
453 877
453 883
453 887
453 894
453 907
453 922
453 927
453 929
453 937
453 942
453 943
453 959
453 969
453 974
453 987
453 998
454 524
454 988
455 528
455 570
455 578
455 771
455 837
455 878
455 975
455 982
455 996
456 658
456 738
456 867
457 544
457 682
457 814
457 826
457 925
458 784
459 477
459 629
459 667
459 672
459 800
459 827
460 702
460 780
461 544
461 954
462 496
462 690
462 867
463 472
463 718
463 760
463 896
464 512
464 853
465 509
465 526
465 606
465 635
465 700
465 729
465 733
465 841
465 853
465 954
465 994
466 758
466 832
467 483
467 495
467 602
467 608
467 615
467 699
467 775
467 817
468 620
468 771
468 837
469 479
469 699
469 773
469 883
469 911
469 955
469 973
470 775
471 675
471 695
471 700
472 489
472 514
472 526
472 530
472 557
472 583
472 611
472 630
472 632
472 644
472 666
472 678
472 693
472 700
472 723
472 733
472 748
472 753
472 760
472 763
472 772
472 785
472 789
472 800
472 802
472 823
472 845
472 867
472 881
472 900
472 915
472 936
473 546
473 554
473 680
473 838
474 561
474 633
474 654
474 733
474 787
474 849
474 877
474 889
475 485
475 583
475 667
475 700
475 733
475 763
475 777
475 798
475 800
475 808
475 867
475 869
475 881
475 904
475 924
475 976
475 993
476 490
476 507
476 519
476 526
476 544
476 548
476 551
476 561
476 564
476 568
476 587
476 596
476 616
476 620
476 626
476 633
476 638
476 653
476 656
476 733
476 787
476 837
476 846
476 860
476 877
476 882
476 887
476 899
476 911
476 929
476 942
476 968
477 629
477 672
477 728
477 800
477 827
478 630
478 647
478 693
478 802
479 582
479 883
479 911
480 526
480 568
480 639
480 810
480 837
481 490
481 507
481 587
481 633
481 733
482 554
482 598
482 645
482 740
483 495
484 640
485 583
485 637
485 667
485 671
485 763
485 777
485 800
485 827
485 842
485 869
485 924
485 928
485 949
485 950
485 993
486 599
486 624
486 741
486 780
486 793
486 811
487 633
487 733
487 929
488 544
488 567
488 595
488 836
489 581
490 507
490 568
490 587
490 596
490 638
490 733
490 734
490 846
490 860
490 862
490 871
490 887
490 894
491 711
491 745
491 763
491 988
492 674
492 702
492 845
493 526
493 568
493 594
493 618
493 706
493 725
493 733
493 837
493 886
493 966
493 970
494 613
495 526
495 608
495 615
495 699
495 817
495 839
496 690
496 693
496 738
496 752
496 840
496 847
496 867
496 999
497 744
497 779
497 868
497 875
497 973
498 666
498 765
498 857
498 867
500 569
501 705
501 838
501 883
501 934
502 688
502 702
502 884
503 567
503 595
503 814
504 568
504 837
504 855
504 859
504 879
504 886
504 968
505 591
505 614
505 698
505 714
505 746
505 767
505 943
506 510
506 544
506 707
506 761
506 821
506 866
507 596
507 633
507 733
507 734
508 737
508 751
508 816
508 841
509 635
509 809
509 954
509 994
510 544
510 642
510 707
511 628
511 643
511 699
511 712
511 880
511 973
513 530
513 636
513 718
513 753
513 800
513 881
514 522
514 652
514 718
514 753
514 800
514 823
514 850
514 881
515 625
516 940
516 982
518 740
518 897
518 943
518 981
519 633
519 733
519 899
519 929
520 568
520 837
520 882
520 899
520 959
521 526
521 568
521 594
521 710
521 837
521 844
521 855
521 908
521 921
521 995
522 611
522 652
522 718
522 753
522 800
522 823
523 733
523 846
523 937
523 974
524 576
524 711
524 745
524 751
524 950
524 963
524 988
525 677
526 527
526 540
526 546
526 548
526 549
526 551
526 556
526 566
526 568
526 582
526 587
526 590
526 594
526 604
526 625
526 626
526 631
526 633
526 663
526 668
526 669
526 675
526 679
526 680
526 682
526 684
526 699
526 702
526 703
526 704
526 706
526 708
526 710
526 715
526 717
526 722
526 733
526 735
526 750
526 757
526 763
526 764
526 771
526 779
526 782
526 786
526 796
526 799
526 800
526 803
526 810
526 819
526 825
526 837
526 839
526 846
526 851
526 855
526 867
526 873
526 876
526 880
526 883
526 886
526 901
526 906
526 908
526 909
526 912
526 914
526 917
526 920
526 923
526 926
526 939
526 943
526 947
526 951
526 960
526 968
526 973
526 975
526 978
526 985
526 992
526 995
526 997
527 717
527 757
527 968
528 570
528 771
528 878
529 545
529 591
529 714
530 557
530 611
530 636
530 672
530 718
530 753
530 800
530 807
530 850
530 881
531 547
531 610
531 729
532 634
532 648
533 632
533 644
534 602
534 699
534 784
535 833
536 553
536 582
537 935
538 541
538 605
538 699
538 770
538 790
538 872
539 922
540 568
540 837
541 790
541 981
542 552
542 599
542 624
542 741
542 780
542 793
543 733
543 833
544 595
544 642
544 650
544 707
544 726
544 733
544 761
544 771
544 836
544 866
544 957
544 974
544 998
545 943
546 838
546 943
547 555
547 588
547 610
547 729
547 754
547 841
547 954
548 663
548 782
548 786
548 834
548 837
549 730
549 926
551 633
551 656
551 733
551 860
552 741
554 598
554 732
554 890
555 621
555 729
555 954
556 597
556 668
556 703
557 753
557 800
558 580
558 701
558 763
558 867
559 567
559 733
559 836
559 843
560 912
561 638
561 733
561 739
561 749
561 778
561 849
561 942
561 974
562 992
563 660
563 682
563 814
563 826
564 633
564 733
565 839
565 980
566 669
566 901
566 968
568 578
568 594
568 603
568 618
568 620
568 626
568 631
568 663
568 684
568 706
568 708
568 710
568 713
568 722
568 733
568 764
568 771
568 786
568 787
568 791
568 800
568 825
568 837
568 844
568 855
568 859
568 861
568 864
568 873
568 876
568 880
568 883
568 887
568 908
568 921
568 943
568 951
568 957
568 966
568 968
568 970
568 973
568 983
568 995
569 582
569 643
569 699
570 625
570 626
570 771
570 797
570 944
571 668
571 703
572 780
572 874
573 582
573 622
573 628
573 699
573 956
573 973
574 591
574 593
574 943
576 671
576 801
576 903
576 950
577 943
577 964
578 733
578 771
578 996
582 628
582 699
582 768
582 883
582 956
582 973
583 637
583 667
583 763
583 792
583 798
583 800
583 808
583 867
583 869
583 928
583 950
583 993
584 987
585 848
587 596
587 638
587 733
587 846
587 871
587 887
588 610
588 729
588 754
588 954
589 831
590 708
590 717
590 960
590 968
591 767
591 943
592 675
592 829
592 948
593 649
593 662
593 943
594 706
594 837
594 844
594 855
594 968
594 970
594 995
595 805
595 836
595 998
596 633
596 638
596 653
596 733
596 837
596 846
596 860
596 871
596 877
596 887
596 937
597 668
597 917
598 883
598 897
599 624
599 793
599 811
600 729
601 779
601 803
601 863
601 906
602 775
602 920
603 837
603 864
604 717
604 960
604 968
605 770
606 635
606 769
606 809
606 994
607 763
607 945
608 615
608 839
609 645
609 736
609 883
609 911
610 729
610 754
610 954
611 652
611 753
611 760
611 800
611 823
611 850
611 881
612 751
612 816
613 664
613 727
613 783
613 895
613 913
614 943
615 839
616 654
616 733
616 787
616 846
616 974
616 990
618 706
618 837
618 861
618 970
619 809
620 782
621 630
621 644
621 647
621 693
621 723
621 800
621 867
621 932
622 768
623 733
623 846
623 877
623 942
623 969
624 811
625 626
625 663
625 771
625 797
625 982
626 771
626 797
626 878
626 944
627 735
627 810
628 689
628 804
628 956
629 800
629 827
630 693
631 819
631 908
631 951
631 986
632 800
632 867
632 915
632 930
632 931
633 638
633 653
633 656
633 684
633 699
633 733
633 734
633 833
633 846
633 855
633 860
633 929
634 792
634 904
635 729
635 809
636 718
636 807
637 800
638 733
638 837
638 846
638 860
638 871
638 887
639 837
641 813
641 943
641 967
642 707
642 805
642 821
642 866
642 998
643 699
644 666
644 857
644 867
644 939
644 953
645 736
645 883
645 911
645 934
646 657
646 863
646 985
647 693
647 932
648 675
648 695
648 700
648 792
649 702
649 780
649 813
650 670
651 659
651 733
651 898
652 753
652 850
653 656
653 733
653 860
654 781
654 787
654 922
655 700
655 737
655 885
655 989
656 733
656 860
657 803
657 806
657 863
657 926
658 664
658 727
658 736
658 747
658 852
658 867
659 682
659 826
659 907
660 682
660 724
660 814
660 907
661 737
661 751
661 758
661 816
661 832
661 888
663 687
663 837
663 855
663 892
663 984
664 965
665 727
665 747
666 765
666 798
666 857
667 733
667 760
667 777
667 800
667 842
667 869
668 703
668 779
668 837
668 855
668 909
668 917
669 717
669 757
669 825
669 876
669 960
669 968
670 682
670 957
671 801
671 950
671 988
672 800
673 912
674 702
674 780
675 695
675 700
675 993
676 691
676 712
677 726
678 789
679 968
680 705
680 838
680 911
680 934
681 950
681 988
682 724
682 733
682 814
682 826
682 835
682 866
682 898
682 907
682 925
682 957
684 880
684 951
684 968
685 702
685 780
685 813
685 845
686 733
686 774
687 984
688 702
688 884
689 699
690 693
690 752
690 822
690 847
690 867
691 712
692 840
692 858
693 772
693 789
693 802
693 867
693 936
694 957
695 700
698 767
698 943
699 733
699 736
699 762
699 775
699 784
699 804
699 817
699 828
699 837
699 865
699 911
699 926
699 952
699 955
699 956
699 973
699 997
700 756
700 758
700 800
700 829
700 941
700 949
700 988
701 763
702 719
702 780
702 813
702 845
703 917
704 764
704 837
704 855
704 860
704 951
705 911
706 837
706 855
706 861
706 970
707 866
708 873
708 968
709 721
710 713
710 722
710 837
710 855
710 908
711 745
711 988
713 722
713 764
713 855
713 908
714 943
716 899
717 764
717 837
717 876
717 960
717 968
718 800
718 807
718 881
718 949
719 780
719 943
721 733
721 795
721 894
722 764
722 855
722 908
722 986
723 800
724 814
724 835
725 837
725 886
725 966
727 747
728 800
729 733
729 754
729 769
729 954
729 987
730 926
730 947
731 837
732 740
732 897
733 734
733 739
733 749
733 771
733 778
733 797
733 803
733 833
733 837
733 846
733 849
733 860
733 862
733 866
733 871
733 877
733 878
733 882
733 887
733 899
733 929
733 937
733 940
733 942
733 943
733 954
733 959
733 969
733 974
733 989
735 914
735 968
736 883
736 911
736 934
737 751
737 758
737 816
737 888
738 847
738 867
740 943
741 793
742 770
742 981
743 815
743 934
744 868
744 893
745 950
745 963
745 988
746 938
746 965
748 760
749 862
749 877
749 942
749 974
750 837
750 891
751 758
751 888
751 989
752 867
753 754
753 800
753 807
753 823
753 850
753 867
753 881
753 949
754 954
755 800
757 876
757 923
757 968
758 816
758 888
760 800
760 867
760 896
761 866
763 777
763 867
763 928
763 945
764 819
764 837
764 855
764 908
764 951
764 968
764 986
766 854
767 790
767 943
768 973
770 790
770 872
770 883
770 910
770 943
770 981
771 797
771 837
771 855
771 878
771 944
771 982
771 996
772 785
772 802
772 936
773 883
773 911
775 920
776 867
776 999
777 800
777 808
777 976
777 993
778 862
778 942
779 803
779 806
779 851
779 863
779 906
779 951
779 985
780 813
780 845
780 854
780 884
780 918
780 935
780 943
781 787
782 834
783 913
785 789
785 800
785 802
785 936
786 834
786 837
787 795
787 862
787 889
787 969
788 943
789 936
790 910
790 943
790 981
792 904
792 950
793 918
794 818
794 918
795 922
795 927
799 901
799 923
800 808
800 830
800 837
800 850
800 867
800 881
800 896
800 928
800 945
800 949
800 950
801 903
801 950
802 936
803 806
803 851
803 860
803 863
803 906
803 985
804 828
804 952
807 949
810 914
810 968
812 837
812 879
812 886
816 888
816 989
818 902
818 918
819 855
819 951
820 904
821 866
821 998
822 867
823 850
826 925
828 867
828 952
830 949
832 962
833 929
834 892
837 846
837 855
837 859
837 860
837 861
837 878
837 879
837 886
837 891
837 899
837 906
837 908
837 933
837 943
837 951
837 966
837 970
837 973
837 982
837 984
837 995
839 919
839 920
840 858
840 999
841 853
842 869
842 924
842 993
844 921
846 860
846 871
846 877
846 937
846 942
846 969
847 867
850 881
852 965
855 880
855 908
855 951
855 968
855 970
856 977
858 867
859 879
860 877
860 929
860 951
861 970
862 942
862 974
863 947
863 985
865 870
866 957
866 998
867 883
867 932
867 939
867 942
867 943
867 999
868 893
869 993
870 893
871 887
873 968
876 960
876 968
877 929
877 969
877 974
880 908
880 951
882 959
883 911
883 934
883 943
883 973
885 989
890 897
894 990
897 981
898 907
898 979
901 923
902 918
903 950
904 950
904 977
907 979
908 914
908 951
908 968
909 978
910 943
910 981
911 934
911 943
911 973
914 968
915 930
915 931
918 935
922 927
923 968
924 993
928 945
928 976
930 931
931 932
931 936
933 972
933 982
938 965
942 969
942 974
943 964
943 981
946 957
949 993
950 963
950 988
951 968
951 986
952 955
958 989
959 975
960 968
963 988
964 981
972 982
983 991
