0 159
0 197
1 97
1 167
1 364
2 51
2 112
2 141
2 149
2 203
2 240
2 268
2 295
2 312
2 325
2 351
2 430
2 488
3 23
3 176
3 207
3 254
4 29
4 167
4 212
4 317
4 344
4 364
4 465
5 35
5 38
5 64
5 86
5 167
5 206
5 342
5 364
5 407
5 465
6 29
6 33
6 85
6 124
6 167
6 187
6 364
6 403
6 423
7 187
7 284
7 347
8 158
8 434
9 51
9 137
9 351
9 378
9 444
9 479
9 488
10 226
10 291
10 450
11 19
11 133
11 369
12 66
12 87
12 118
12 128
12 152
12 204
12 259
12 364
13 159
13 179
13 249
13 260
13 498
14 58
14 159
14 249
14 397
14 466
15 151
15 275
15 421
15 444
16 95
16 191
16 308
16 465
16 475
17 22
17 149
17 315
17 465
18 74
18 387
18 464
18 465
18 487
19 133
19 369
19 377
19 430
20 72
20 226
20 252
20 351
20 374
20 406
20 488
21 40
21 203
21 210
21 486
22 259
22 465
23 120
23 207
23 234
23 254
23 259
23 465
24 93
24 204
24 232
24 259
24 372
25 87
25 122
25 141
25 178
25 322
25 339
25 444
25 488
25 489
26 41
26 105
26 203
26 210
26 351
26 370
26 486
26 488
27 47
27 62
27 78
27 95
27 107
27 191
27 207
27 233
27 259
27 274
27 394
27 475
27 492
28 129
28 162
28 165
28 216
28 288
28 468
29 79
29 123
29 167
29 195
29 229
29 246
29 364
29 413
29 435
29 471
30 51
30 224
30 316
30 351
30 378
31 52
31 69
31 73
31 101
31 159
31 162
31 168
31 351
31 468
32 226
32 252
32 293
32 351
32 406
32 488
33 85
33 99
33 124
33 159
33 167
33 187
33 212
33 259
33 282
33 285
33 364
34 87
34 222
34 306
34 319
34 339
34 406
34 444
35 59
35 79
35 84
35 95
35 121
35 127
35 132
35 167
35 186
35 201
35 204
35 259
35 262
35 280
35 290
35 309
35 364
35 400
35 441
35 444
35 465
35 488
37 68
37 159
37 259
37 267
37 364
38 86
38 132
38 156
38 167
38 342
38 364
38 448
39 114
39 127
39 136
39 259
40 203
40 486
41 91
41 175
41 203
41 210
41 351
41 433
41 446
42 67
42 101
42 111
42 135
42 142
42 159
42 163
42 214
42 429
42 460
42 482
42 484
42 490
43 170
43 259
43 380
44 65
44 87
44 149
44 319
44 444
44 465
45 203
45 314
45 351
45 365
45 453
45 462
45 463
46 95
46 107
47 95
47 191
47 233
47 259
47 475
47 492
48 64
48 132
48 167
48 186
48 259
48 364
48 443
48 448
48 451
49 188
49 350
49 465
50 95
50 116
50 127
50 144
50 235
50 259
50 286
50 319
50 355
50 372
50 380
50 405
50 452
51 72
51 87
51 137
51 190
51 224
51 226
51 252
51 351
51 378
51 381
51 384
51 398
51 406
51 444
51 465
51 479
51 488
52 73
52 184
52 203
52 253
52 295
52 320
52 430
52 444
52 483
53 54
53 72
53 226
53 252
53 351
53 406
54 72
54 226
54 252
54 339
54 351
54 382
54 488
55 73
55 101
55 194
55 320
55 430
55 483
56 213
56 252
56 351
56 378
56 384
56 479
57 175
57 203
57 211
57 488
58 157
58 159
58 167
58 198
58 249
59 84
59 95
59 121
59 127
59 167
59 201
59 204
59 259
59 290
59 318
59 357
59 364
59 368
59 392
59 400
59 458
59 465
59 478
59 488
60 108
60 158
60 171
60 248
60 259
60 282
60 364
60 469
61 87
61 239
61 488
62 95
62 120
62 176
62 207
62 254
62 259
63 132
63 167
63 364
64 132
64 167
64 186
64 364
64 427
64 443
64 448
65 87
65 149
65 238
65 306
65 319
65 404
65 444
65 445
66 103
66 118
66 128
66 167
66 204
66 231
66 259
66 380
66 475
66 488
67 82
67 87
67 101
67 111
67 135
67 143
67 163
67 202
67 203
67 214
67 228
67 249
67 295
67 351
67 420
67 431
67 460
67 482
67 484
68 101
68 159
68 179
68 249
68 258
68 260
68 267
68 269
69 73
69 82
69 159
69 163
69 165
69 167
69 214
69 216
69 249
69 288
69 301
69 321
69 449
69 468
70 71
70 95
70 144
70 414
70 440
70 452
71 92
71 95
71 103
71 122
71 144
71 167
71 204
71 207
71 218
71 235
71 259
71 319
71 364
71 372
71 414
71 444
71 452
71 465
72 112
72 137
72 190
72 203
72 224
72 226
72 252
72 300
72 319
72 351
72 371
72 374
72 378
72 382
72 384
72 406
72 409
72 439
72 444
72 465
72 479
72 488
73 87
73 159
73 163
73 165
73 168
73 171
73 194
73 203
73 216
73 249
73 259
73 260
73 295
73 320
73 325
73 351
73 391
73 400
73 430
73 444
73 468
73 477
73 483
73 486
73 488
74 78
74 87
74 95
74 176
74 188
74 207
74 350
74 402
74 418
74 444
74 464
74 465
74 480
74 494
75 123
75 167
75 187
75 364
75 425
76 203
76 295
77 249
77 258
77 259
77 377
77 396
77 455
77 476
77 485
77 499
78 95
78 100
78 117
78 149
78 176
78 207
78 218
78 254
78 259
78 296
78 306
78 319
78 383
78 389
78 402
78 415
78 418
78 426
78 437
78 444
78 464
78 465
78 474
78 479
78 480
78 488
78 494
79 195
79 229
79 246
79 364
79 413
80 167
80 364
80 451
81 101
81 249
81 335
81 431
82 101
82 135
82 142
82 163
82 203
82 214
82 225
82 301
82 321
82 429
82 460
82 482
82 484
82 488
82 490
83 167
84 121
84 132
84 167
84 204
84 234
84 259
84 270
84 311
84 343
84 357
84 364
84 380
84 400
84 478
85 187
85 423
85 435
86 156
86 164
86 167
86 206
86 364
86 407
87 95
87 96
87 98
87 109
87 110
87 122
87 127
87 135
87 138
87 144
87 149
87 154
87 159
87 163
87 167
87 173
87 188
87 191
87 203
87 204
87 207
87 215
87 226
87 238
87 239
87 252
87 254
87 255
87 259
87 263
87 265
87 270
87 275
87 289
87 306
87 310
87 315
87 319
87 325
87 338
87 339
87 345
87 347
87 351
87 357
87 358
87 364
87 372
87 376
87 384
87 389
87 402
87 404
87 406
87 434
87 444
87 445
87 452
87 465
87 472
87 479
87 480
87 488
87 494
88 190
88 291
88 422
88 479
88 491
89 118
90 97
90 125
90 364
91 95
91 105
91 149
91 213
91 351
91 378
91 432
91 444
91 446
91 486
91 488
92 95
92 174
92 259
92 414
93 114
93 116
93 127
93 144
93 167
93 232
93 259
93 372
94 183
94 258
95 100
95 107
95 114
95 116
95 121
95 122
95 127
95 130
95 132
95 144
95 159
95 167
95 174
95 176
95 187
95 191
95 203
95 204
95 207
95 226
95 232
95 233
95 235
95 249
95 250
95 252
95 254
95 259
95 271
95 274
95 286
95 306
95 308
95 319
95 324
95 326
95 330
95 339
95 345
95 351
95 355
95 364
95 372
95 380
95 383
95 387
95 394
95 398
95 400
95 402
95 404
95 405
95 414
95 418
95 425
95 440
95 444
95 452
95 465
95 474
95 475
95 479
95 486
95 488
95 492
96 159
96 249
96 307
96 431
96 466
97 167
98 149
98 207
98 306
98 310
98 319
98 345
98 465
99 187
100 167
100 176
100 207
100 389
100 402
101 111
101 135
101 142
101 143
101 149
101 159
101 163
101 167
101 168
101 172
101 179
101 202
101 203
101 214
101 225
101 228
101 249
101 252
101 258
101 260
101 295
101 303
101 321
101 339
101 364
101 375
101 401
101 420
101 429
101 430
101 431
101 444
101 460
101 470
101 482
101 484
101 490
102 159
102 179
102 249
102 260
102 307
102 431
102 498
103 170
103 259
103 380
103 400
104 334
104 395
104 403
105 370
106 132
106 148
106 189
106 204
106 259
106 273
106 287
106 318
106 357
106 400
108 412
109 149
109 319
109 444
110 200
110 306
110 319
110 339
110 445
110 459
110 465
111 135
111 163
111 202
111 214
111 429
111 482
111 484
111 490
112 312
114 127
114 136
114 259
114 372
115 249
116 144
116 235
116 259
116 286
116 372
117 120
117 207
117 254
117 271
118 128
118 132
118 144
118 207
118 346
119 258
119 396
119 420
119 442
119 455
119 499
120 271
121 132
121 167
121 180
121 204
121 259
121 273
121 280
121 290
121 318
121 357
121 364
121 392
121 400
121 444
121 458
121 465
121 471
121 478
122 149
122 178
122 219
122 226
122 239
122 252
122 263
122 339
122 351
122 356
122 364
122 378
122 379
122 406
122 417
122 419
122 444
122 472
122 488
123 220
123 364
124 167
124 187
124 282
124 285
124 353
124 385
124 403
124 423
125 132
125 167
125 344
125 364
127 136
127 144
127 167
127 232
127 243
127 259
127 278
127 319
127 372
127 380
127 452
127 465
128 167
129 165
129 216
129 288
130 191
130 271
131 352
131 436
132 139
132 144
132 166
132 167
132 180
132 201
132 204
132 212
132 231
132 259
132 262
132 270
132 280
132 309
132 311
132 319
132 339
132 341
132 351
132 357
132 364
132 372
132 380
132 392
132 400
132 425
132 441
132 443
132 444
132 465
132 471
132 481
133 258
134 204
134 259
134 290
134 348
134 380
135 163
135 202
135 214
135 249
135 364
135 375
135 429
135 431
135 460
135 470
135 482
135 484
135 490
136 243
136 259
137 190
137 213
137 224
137 226
137 252
137 319
137 351
137 378
138 149
138 173
138 238
138 319
138 444
138 445
139 167
139 400
140 459
140 465
141 207
141 210
141 295
141 305
141 312
141 486
141 497
142 225
142 245
142 449
142 470
143 159
143 202
143 249
143 431
144 167
144 235
144 259
144 286
144 290
144 319
144 355
144 364
144 372
144 380
144 400
144 405
144 414
144 452
144 465
144 492
145 158
145 258
145 393
145 420
145 428
145 455
146 258
146 329
146 481
147 155
147 182
147 219
147 252
147 319
147 339
147 351
147 421
147 444
147 488
148 180
148 189
148 287
148 290
148 357
149 151
149 154
149 167
149 173
149 188
149 190
149 238
149 252
149 259
149 265
149 275
149 306
149 319
149 338
149 339
149 345
149 351
149 364
149 376
149 404
149 406
149 431
149 444
149 445
149 465
149 486
149 488
150 203
150 226
150 240
150 257
150 268
150 325
150 465
150 479
151 319
151 376
151 419
151 421
151 444
152 340
153 210
154 207
154 238
154 319
154 445
154 465
155 182
155 219
155 339
155 444
155 465
155 488
156 164
156 167
156 206
156 259
156 400
156 427
157 159
157 249
157 466
158 159
158 163
158 327
158 352
158 364
158 416
158 434
158 436
158 469
159 163
159 168
159 179
159 181
159 197
159 198
159 202
159 203
159 204
159 225
159 228
159 236
159 249
159 256
159 258
159 259
159 260
159 267
159 272
159 295
159 298
159 301
159 307
159 319
159 351
159 361
159 364
159 377
159 393
159 396
159 397
159 420
159 431
159 444
159 452
159 455
159 465
159 466
159 484
159 488
159 498
159 499
160 203
160 320
160 430
161 167
161 283
161 364
162 249
163 165
163 167
163 172
163 203
163 209
163 214
163 225
163 228
163 249
163 258
163 260
163 295
163 301
163 303
163 321
163 335
163 364
163 375
163 401
163 429
163 431
163 444
163 449
163 460
163 468
163 470
163 482
163 484
163 486
163 490
164 167
164 206
164 364
164 443
165 216
165 288
165 301
165 449
166 220
166 229
166 246
166 347
166 364
167 177
167 186
167 187
167 189
167 193
167 195
167 201
167 203
167 204
167 206
167 223
167 226
167 232
167 234
167 235
167 249
167 254
167 258
167 259
167 260
167 262
167 270
167 277
167 280
167 282
167 283
167 290
167 309
167 311
167 317
167 318
167 319
167 333
167 339
167 341
167 342
167 344
167 351
167 354
167 355
167 357
167 364
167 380
167 400
167 405
167 406
167 407
167 420
167 425
167 427
167 435
167 441
167 443
167 444
167 448
167 451
167 452
167 455
167 458
167 464
167 465
167 471
167 475
167 479
167 485
168 203
168 477
169 258
169 276
169 336
169 434
170 259
170 380
171 364
172 470
172 482
173 265
173 306
173 319
173 445
173 465
175 295
175 351
175 433
176 207
176 208
176 259
176 296
176 315
176 364
176 383
176 389
176 402
176 418
176 444
176 464
176 465
176 494
177 199
177 241
177 258
177 364
177 425
177 471
178 252
178 313
178 319
178 322
178 339
178 406
178 408
178 417
178 444
178 465
179 249
179 260
180 189
180 204
180 270
180 287
180 290
180 357
181 249
181 258
182 219
182 339
182 444
182 465
182 488
184 203
184 249
184 253
184 295
184 326
184 430
184 463
185 252
185 388
185 444
185 488
186 259
186 342
186 364
186 448
187 203
187 249
187 258
187 282
187 284
187 285
187 323
187 347
187 353
187 364
187 413
187 423
188 418
188 426
188 464
188 465
189 204
189 259
189 273
189 290
189 357
189 380
189 400
190 203
190 226
190 230
190 252
190 293
190 339
190 351
190 378
190 406
190 439
190 444
190 465
190 479
190 488
191 207
191 254
191 259
191 308
191 324
191 330
191 394
191 444
191 452
191 475
191 492
192 437
192 465
193 333
193 364
193 448
193 451
194 391
194 430
194 483
195 229
195 246
195 284
195 292
195 364
195 413
195 435
195 471
196 258
196 396
196 420
196 476
196 485
196 499
197 249
198 397
199 364
200 255
200 366
200 444
200 459
200 465
201 262
201 400
202 228
202 429
202 431
202 484
203 204
203 207
203 210
203 211
203 224
203 226
203 236
203 249
203 252
203 253
203 258
203 259
203 260
203 288
203 295
203 312
203 314
203 319
203 320
203 325
203 326
203 339
203 349
203 351
203 363
203 364
203 365
203 398
203 400
203 420
203 430
203 431
203 444
203 446
203 449
203 455
203 461
203 462
203 463
203 465
203 479
203 482
203 483
203 486
203 488
204 218
204 231
204 234
204 259
204 261
204 270
204 273
204 278
204 280
204 290
204 311
204 319
204 343
204 357
204 364
204 368
204 380
204 392
204 400
204 444
204 447
204 478
204 488
205 226
205 239
205 300
205 339
205 351
205 465
205 488
206 364
207 208
207 254
207 259
207 296
207 319
207 330
207 339
207 351
207 372
207 389
207 400
207 402
207 415
207 465
207 475
207 488
207 494
210 312
210 328
210 351
210 359
210 364
210 406
210 479
210 488
211 295
212 317
212 364
212 465
212 495
213 226
213 339
213 351
213 378
213 384
213 465
213 479
214 429
214 460
214 484
215 465
216 249
216 468
217 237
217 347
217 367
218 319
218 444
218 465
219 339
219 444
220 246
221 249
221 401
221 431
222 444
223 283
223 364
224 226
224 252
224 316
224 351
224 378
224 384
224 398
224 406
224 456
224 479
224 488
225 245
225 303
225 321
225 429
225 470
225 482
226 230
226 239
226 249
226 252
226 259
226 291
226 293
226 295
226 302
226 306
226 312
226 316
226 319
226 325
226 339
226 351
226 364
226 371
226 378
226 382
226 388
226 398
226 406
226 430
226 431
226 439
226 444
226 456
226 457
226 465
226 479
226 486
226 488
226 489
226 494
227 249
227 260
228 249
228 401
228 431
229 246
229 413
230 252
230 351
230 406
230 439
231 242
231 259
231 278
231 364
231 380
231 400
232 259
232 372
232 414
232 465
233 274
234 343
234 380
235 259
235 372
235 380
235 444
235 465
236 256
236 258
236 272
236 294
236 329
236 362
236 377
236 393
236 396
236 420
236 428
236 442
236 481
237 347
237 367
238 306
238 319
238 445
238 465
239 300
239 339
239 409
239 479
239 488
240 257
240 268
240 325
240 351
240 479
241 364
241 425
241 471
242 259
242 278
242 380
243 259
243 340
243 346
243 372
243 444
244 249
244 258
244 377
244 396
244 410
244 420
244 455
245 449
246 364
247 275
247 376
247 444
249 251
249 258
249 259
249 260
249 295
249 307
249 319
249 335
249 339
249 351
249 361
249 396
249 401
249 406
249 420
249 430
249 431
249 449
249 455
249 463
249 465
249 477
249 479
249 484
249 488
249 498
249 499
250 254
250 308
250 394
251 401
251 431
252 263
252 293
252 295
252 299
252 300
252 302
252 316
252 319
252 322
252 339
252 351
252 364
252 371
252 374
252 378
252 382
252 384
252 398
252 406
252 439
252 444
252 452
252 479
252 488
253 295
254 274
254 330
254 339
254 465
254 488
254 494
255 366
255 459
255 465
256 267
257 325
257 479
258 259
258 269
258 272
258 282
258 294
258 297
258 312
258 329
258 351
258 364
258 377
258 393
258 395
258 396
258 410
258 416
258 420
258 428
258 430
258 431
258 434
258 442
258 444
258 455
258 465
258 467
258 476
258 481
258 485
258 488
258 499
259 270
259 273
259 274
259 278
259 280
259 283
259 286
259 290
259 309
259 311
259 318
259 319
259 324
259 339
259 340
259 341
259 343
259 346
259 348
259 351
259 357
259 364
259 368
259 372
259 380
259 392
259 396
259 399
259 400
259 402
259 405
259 427
259 430
259 437
259 440
259 441
259 443
259 444
259 445
259 447
259 448
259 464
259 465
259 479
259 484
259 488
259 494
260 335
260 364
260 378
260 401
260 406
260 431
260 479
261 277
261 284
261 304
262 400
263 306
263 339
263 351
263 406
263 444
263 472
264 282
264 347
264 364
265 319
265 345
265 445
265 465
266 272
266 362
268 325
268 479
270 280
270 290
270 311
270 357
270 400
271 465
272 329
272 362
272 393
272 396
272 420
272 481
273 290
273 357
273 400
274 380
274 475
274 492
275 319
275 339
275 376
275 419
275 430
275 465
275 488
276 412
277 292
277 364
278 380
279 488
280 290
280 311
280 357
280 368
281 347
281 399
282 284
283 364
285 385
286 372
287 290
287 357
288 468
288 482
289 319
289 339
289 444
290 357
290 380
290 400
291 351
291 450
291 479
291 491
292 364
293 351
293 406
294 393
294 399
294 420
294 428
294 476
295 303
295 312
295 314
295 320
295 351
295 400
295 430
295 433
295 444
295 461
295 462
295 463
295 479
295 488
296 383
296 415
296 465
296 494
297 329
297 420
298 364
299 351
299 444
299 488
300 339
300 351
300 409
300 444
300 488
302 339
302 351
302 406
302 488
303 449
303 468
304 364
304 435
305 312
306 310
306 319
306 338
306 339
306 345
306 351
306 364
306 389
306 444
306 445
306 459
306 465
306 489
307 498
310 319
310 345
310 465
311 364
312 351
312 378
312 381
312 430
312 433
312 444
312 479
312 488
312 497
313 339
313 356
313 444
313 465
313 488
314 365
314 453
314 462
314 463
315 319
315 459
315 465
316 351
316 406
316 479
316 488
317 364
317 465
317 471
317 473
318 392
318 400
319 338
319 339
319 345
319 351
319 357
319 364
319 368
319 372
319 378
319 380
319 384
319 404
319 406
319 437
319 444
319 445
319 452
319 465
319 468
319 479
319 488
319 493
320 339
320 430
320 483
321 470
322 339
322 356
322 408
322 417
322 444
322 488
323 364
323 435
324 330
325 351
325 378
325 406
325 465
325 479
325 491
326 339
326 351
327 434
328 359
329 352
329 420
329 428
329 481
330 465
330 475
332 430
332 477
332 483
334 395
335 431
336 373
336 467
337 486
338 465
339 345
339 351
339 356
339 364
339 376
339 378
339 379
339 406
339 408
339 414
339 417
339 419
339 430
339 444
339 445
339 465
339 472
339 479
339 488
339 489
340 346
341 364
341 448
342 364
342 443
342 451
343 380
344 351
344 364
344 495
345 445
345 465
347 444
347 488
348 380
350 465
351 364
351 371
351 372
351 374
351 378
351 382
351 384
351 398
351 400
351 406
351 431
351 439
351 443
351 444
351 450
351 456
351 457
351 463
351 465
351 479
351 486
351 488
351 489
351 491
352 434
353 364
354 364
354 471
354 473
356 444
356 488
357 364
357 368
357 380
357 400
357 478
358 444
358 465
360 364
360 425
360 471
361 390
361 411
361 496
362 481
363 430
363 462
363 463
364 367
364 371
364 378
364 380
364 400
364 413
364 420
364 425
364 429
364 435
364 444
364 448
364 451
364 452
364 465
364 467
364 471
364 473
364 488
364 495
365 453
365 462
365 463
366 465
370 465
370 479
371 406
371 488
372 383
372 400
372 414
372 452
374 444
375 429
375 490
376 419
376 444
376 488
376 494
377 393
377 396
377 410
377 420
377 428
377 431
377 455
377 476
377 499
378 381
378 384
378 398
378 406
378 444
378 457
378 479
378 488
379 444
379 472
379 488
380 400
380 444
380 447
380 488
381 406
381 479
382 406
382 444
382 488
383 389
383 402
383 438
384 457
384 479
386 395
387 465
387 487
388 488
389 402
389 418
390 411
391 477
392 400
393 455
396 410
396 420
396 442
396 455
396 476
396 485
396 499
398 406
398 444
398 456
400 441
400 444
400 451
400 465
400 488
401 431
402 465
402 494
404 445
404 488
405 414
406 439
406 444
406 445
406 465
406 479
406 486
406 488
407 495
408 417
408 444
409 444
409 488
410 420
410 455
413 425
414 440
414 452
415 494
416 454
416 469
417 444
418 426
418 464
418 465
418 474
418 494
419 444
419 488
420 428
420 442
420 455
420 465
420 476
420 481
420 499
421 444
422 479
424 431
425 471
425 473
426 464
426 465
426 474
426 480
427 448
428 455
429 431
429 460
429 482
429 484
429 490
430 444
430 463
430 477
430 479
430 488
431 455
431 470
431 482
431 484
434 436
435 444
435 465
437 465
437 487
437 493
438 494
439 488
440 452
443 448
443 451
444 445
444 459
444 465
444 472
444 488
444 494
445 488
446 486
448 451
449 470
449 482
452 465
452 475
453 462
455 481
455 499
457 479
458 478
459 465
460 484
460 490
462 463
464 480
465 472
465 474
465 475
465 479
465 484
465 487
465 488
465 491
465 493
465 494
472 488
474 480
476 481
476 485
476 499
479 487
479 488
479 491
479 497
482 484
482 490
483 488
486 488
487 493
488 489
488 494
