0 16
0 119
0 378
0 398
0 466
0 491
1 84
1 125
1 149
1 176
1 205
1 215
1 398
1 450
2 70
2 86
2 123
2 149
2 185
2 343
2 384
2 470
2 476
3 225
4 48
4 63
4 92
4 127
4 149
4 250
5 40
5 45
5 75
5 117
5 135
5 179
5 275
5 346
5 443
6 208
6 224
6 315
6 346
6 415
7 88
7 337
8 17
8 114
8 146
8 424
9 93
9 104
9 142
9 290
9 312
9 384
9 462
9 484
10 18
10 25
10 149
10 182
10 222
10 232
10 294
10 384
10 476
11 136
11 146
11 149
11 176
11 278
11 297
11 298
11 351
11 356
12 47
12 355
12 398
13 68
13 176
13 246
13 308
13 452
14 282
14 286
14 434
15 191
15 347
15 391
15 429
16 119
16 355
16 466
16 491
17 58
17 88
17 114
17 118
17 146
17 181
17 203
17 300
17 303
17 337
17 351
17 403
18 25
18 149
18 182
19 131
19 149
19 162
19 179
19 230
19 231
19 235
19 268
19 284
19 302
19 342
19 426
19 497
20 34
20 110
20 149
20 166
20 195
20 213
20 294
20 343
20 384
20 492
21 122
21 275
22 206
22 355
22 394
23 269
23 288
23 380
23 456
24 211
24 269
24 280
25 110
25 149
25 182
25 384
26 79
26 96
26 135
26 234
26 392
26 429
26 488
27 33
27 37
27 129
27 263
27 309
27 369
27 405
27 406
27 458
27 496
27 497
28 29
28 43
28 85
28 95
28 189
28 263
28 271
28 274
28 279
28 307
28 349
28 369
28 373
28 381
28 405
28 408
28 433
28 497
29 98
29 129
29 138
29 189
29 204
29 271
29 369
29 405
29 433
29 497
30 167
30 208
30 228
30 249
30 287
30 346
30 353
30 463
31 72
31 176
31 312
31 318
31 344
32 33
32 47
32 59
32 77
32 80
32 107
32 124
32 139
32 176
32 261
32 264
32 283
32 291
32 297
32 301
32 325
32 329
32 355
32 398
33 52
33 73
33 85
33 98
33 129
33 157
33 243
33 263
33 274
33 307
33 309
33 328
33 348
33 369
33 381
33 399
33 405
33 406
33 416
33 419
33 431
33 433
33 458
33 479
33 496
33 497
34 110
34 149
34 166
34 171
34 195
34 196
34 213
34 294
34 343
34 374
34 384
34 455
34 470
34 476
34 492
35 75
35 94
35 115
35 131
35 169
35 188
35 332
35 342
35 389
35 426
35 430
35 468
36 159
36 187
36 194
36 207
36 310
36 348
36 369
36 416
36 499
37 98
37 129
37 271
37 309
37 369
37 405
37 406
37 458
37 497
38 44
38 61
38 295
38 346
38 429
38 464
38 482
38 488
39 71
39 176
39 215
39 476
40 45
40 275
40 427
40 429
40 443
40 494
41 159
41 277
41 328
41 348
41 373
41 405
41 416
41 431
42 99
42 105
42 208
42 273
43 114
43 146
43 152
43 176
43 203
43 221
43 300
43 351
43 403
43 420
43 424
43 432
44 135
44 273
44 343
44 346
44 390
44 488
45 75
45 82
45 94
45 117
45 120
45 131
45 135
45 148
45 149
45 176
45 188
45 208
45 229
45 275
45 332
45 340
45 360
45 371
45 429
45 443
45 477
45 480
45 494
46 149
46 384
46 400
47 53
47 80
47 81
47 85
47 107
47 124
47 143
47 149
47 154
47 167
47 176
47 187
47 208
47 243
47 261
47 264
47 296
47 319
47 323
47 329
47 337
47 348
47 355
47 369
47 394
47 398
47 403
47 405
47 407
47 444
47 471
47 485
48 191
48 260
49 58
49 158
49 212
49 257
49 424
50 55
50 85
50 103
50 141
50 144
50 167
50 333
50 349
50 369
50 425
50 454
50 497
51 79
51 97
51 134
51 135
51 153
51 346
51 392
51 429
51 435
51 449
52 369
52 399
52 405
52 479
52 496
53 77
53 124
53 176
53 252
53 261
53 283
53 301
53 325
53 355
53 398
54 75
54 97
54 101
54 135
54 153
54 208
54 254
54 392
54 429
54 435
55 141
55 144
55 167
55 285
55 333
55 425
55 454
56 247
56 267
56 339
56 359
56 405
56 418
56 444
56 485
57 85
57 167
57 174
57 333
57 497
58 59
58 149
58 158
58 212
58 217
58 257
58 261
58 265
58 320
58 337
58 398
58 405
58 417
58 424
59 107
59 124
59 126
59 156
59 252
59 261
59 398
59 407
60 178
60 179
60 244
60 270
60 346
60 370
60 434
60 489
61 295
61 306
61 346
61 390
61 482
62 311
62 471
63 92
63 149
63 211
63 250
63 456
64 212
64 217
64 491
65 110
65 112
65 149
65 171
65 195
65 232
65 259
65 294
65 384
65 396
65 476
65 492
66 82
66 117
66 229
66 392
67 131
67 188
67 230
67 235
67 302
67 342
67 426
67 429
68 176
68 246
68 318
68 322
69 121
69 188
69 191
69 248
69 280
69 313
69 345
69 380
69 456
69 483
70 78
70 113
70 137
70 149
70 164
70 211
70 288
70 411
70 476
70 486
71 128
71 317
72 149
72 176
72 199
72 312
72 318
72 344
73 307
73 333
73 405
73 458
74 78
74 149
74 164
74 354
75 94
75 120
75 122
75 135
75 149
75 167
75 188
75 205
75 258
75 275
75 302
75 332
75 340
75 342
75 346
75 360
75 370
75 371
75 389
75 392
75 414
75 426
75 429
75 430
75 443
75 460
75 468
75 477
75 480
75 494
76 106
76 132
76 187
76 216
76 330
77 107
77 124
77 139
77 261
77 264
77 325
78 149
78 185
78 201
78 237
78 354
78 476
79 96
79 97
79 135
79 153
79 188
79 198
79 254
79 262
79 285
79 346
79 392
79 429
79 436
79 437
79 488
80 261
80 296
80 325
80 329
80 355
80 394
81 156
81 261
82 100
82 117
82 122
82 135
82 149
82 168
82 176
82 211
82 229
82 275
82 305
82 346
82 358
82 368
82 392
82 427
82 429
82 452
82 477
82 488
83 172
83 363
83 397
83 452
84 176
84 215
84 351
85 98
85 99
85 130
85 141
85 167
85 174
85 204
85 208
85 228
85 273
85 285
85 299
85 307
85 311
85 328
85 333
85 346
85 381
85 392
85 405
85 408
85 416
85 429
85 433
85 441
85 446
85 454
85 461
85 463
85 467
85 476
85 481
85 497
86 149
86 343
86 476
87 93
87 290
87 462
88 155
88 203
88 326
88 361
88 376
89 92
89 145
89 149
89 191
89 211
89 456
90 149
90 190
91 173
91 255
91 337
91 417
91 424
92 127
92 149
92 347
92 391
92 476
93 109
93 142
93 149
93 205
93 290
93 410
93 484
94 115
94 120
94 131
94 169
94 235
94 258
94 327
94 342
94 389
94 402
94 460
94 468
94 477
95 98
95 138
95 189
95 263
95 307
95 362
95 369
95 381
95 405
95 497
96 134
96 135
96 198
96 390
96 392
96 413
96 429
96 436
96 469
96 488
97 101
97 135
97 140
97 153
97 198
97 254
97 346
97 392
97 426
97 429
97 435
97 436
97 449
97 482
97 488
98 129
98 130
98 138
98 167
98 189
98 204
98 271
98 307
98 333
98 369
98 381
98 405
98 433
98 497
99 105
99 167
99 208
99 218
99 220
99 273
99 287
99 334
99 346
99 350
99 463
99 481
99 497
100 135
100 229
100 288
100 386
100 388
100 429
101 135
101 153
101 392
101 429
101 435
102 177
102 191
102 211
102 280
102 281
102 288
102 336
102 347
102 391
103 133
103 141
103 167
103 425
103 441
104 278
104 290
104 476
105 202
105 208
105 273
105 346
105 429
105 451
105 497
105 498
106 132
106 187
106 194
106 216
106 310
106 331
106 348
107 126
107 252
107 261
107 355
107 369
107 378
107 398
107 424
108 242
108 278
108 300
108 403
109 205
109 290
109 377
109 484
109 493
110 149
110 166
110 171
110 195
110 294
110 384
110 492
111 167
111 202
111 208
111 218
111 273
111 350
112 149
112 232
112 294
112 384
112 396
113 149
113 164
113 226
113 411
113 476
114 118
114 432
115 131
115 177
115 235
115 342
115 430
116 268
116 270
116 338
116 434
117 122
117 149
117 188
117 229
117 346
117 358
117 386
117 389
117 427
117 429
117 477
118 221
118 337
118 376
118 403
119 398
119 407
119 466
119 491
120 188
120 284
120 302
120 327
120 342
120 389
120 402
120 414
120 429
120 460
120 477
120 480
121 149
121 191
121 233
121 248
121 251
121 288
121 380
121 456
121 483
122 135
122 149
122 188
122 208
122 275
122 388
122 392
122 429
122 497
123 149
123 259
123 343
123 470
123 476
124 139
124 163
124 176
124 261
124 264
124 283
124 291
124 301
124 325
124 329
124 355
124 398
124 471
125 375
125 450
126 252
126 261
126 301
126 398
127 149
127 391
128 149
128 317
128 335
129 167
129 189
129 263
129 271
129 274
129 307
129 309
129 369
129 381
129 406
129 433
129 458
129 497
130 204
130 333
130 369
130 381
130 433
130 497
131 149
131 235
131 258
131 270
131 284
131 302
131 327
131 338
131 342
131 389
131 402
131 405
131 426
131 430
131 468
131 476
131 480
132 187
132 216
132 247
132 292
132 310
132 331
132 355
132 373
132 405
132 497
133 167
133 334
133 346
133 349
133 454
133 463
133 497
134 228
134 234
134 245
134 346
134 392
134 401
134 413
134 429
134 464
134 472
134 497
135 140
135 149
135 153
135 167
135 168
135 179
135 191
135 198
135 202
135 208
135 224
135 234
135 254
135 262
135 266
135 270
135 273
135 290
135 295
135 305
135 342
135 346
135 353
135 358
135 369
135 370
135 386
135 388
135 390
135 392
135 413
135 415
135 429
135 435
135 436
135 443
135 449
135 464
135 468
135 469
135 472
135 477
135 482
135 488
135 497
136 151
136 298
136 351
136 395
137 149
137 185
137 211
137 343
137 476
138 189
138 274
138 369
138 381
138 497
139 325
139 329
140 153
140 392
140 429
140 449
141 144
141 167
141 285
141 333
141 349
141 429
141 441
141 454
141 467
141 497
143 346
143 355
144 167
144 333
144 349
144 454
144 467
144 497
145 149
145 382
146 149
146 176
146 221
146 300
146 326
146 351
146 352
146 377
146 403
146 420
146 424
146 432
147 151
147 176
147 298
147 395
147 403
148 167
148 188
148 332
148 371
148 429
148 443
148 477
148 494
149 164
149 165
149 166
149 167
149 170
149 176
149 177
149 182
149 185
149 187
149 191
149 196
149 201
149 205
149 211
149 212
149 213
149 221
149 222
149 226
149 232
149 237
149 250
149 256
149 258
149 259
149 260
149 261
149 269
149 270
149 273
149 275
149 278
149 281
149 285
149 286
149 288
149 290
149 293
149 294
149 317
149 338
149 343
149 346
149 351
149 352
149 354
149 355
149 364
149 366
149 369
149 370
149 374
149 380
149 384
149 391
149 393
149 396
149 398
149 400
149 404
149 405
149 411
149 414
149 417
149 421
149 424
149 426
149 429
149 430
149 433
149 438
149 440
149 442
149 445
149 453
149 455
149 456
149 462
149 463
149 470
149 476
149 477
149 484
149 486
149 492
149 497
150 261
150 304
150 337
150 417
151 298
151 383
152 186
152 221
152 403
152 432
153 254
153 392
153 429
153 435
153 449
154 311
154 355
154 471
155 181
155 265
155 304
155 326
155 337
155 403
156 163
156 212
156 261
156 283
156 355
156 398
157 167
157 276
157 285
157 309
157 348
157 399
157 465
157 479
158 253
158 424
159 167
159 183
159 214
159 219
159 243
159 324
159 328
159 333
159 348
159 405
159 416
159 419
159 431
160 177
160 191
160 286
160 368
160 423
160 438
161 165
161 241
161 448
161 453
162 231
162 284
162 389
162 412
162 426
163 261
164 170
164 201
164 211
164 237
164 338
164 343
164 346
164 354
164 364
164 382
164 411
164 429
164 486
165 175
165 241
165 316
165 337
165 393
165 448
165 453
165 476
165 484
166 171
166 195
166 196
166 259
166 374
166 384
166 455
166 476
167 174
167 176
167 189
167 202
167 204
167 208
167 214
167 218
167 220
167 228
167 272
167 273
167 274
167 276
167 285
167 287
167 299
167 307
167 328
167 333
167 334
167 339
167 346
167 348
167 349
167 350
167 353
167 355
167 381
167 388
167 399
167 405
167 406
167 408
167 416
167 425
167 429
167 431
167 441
167 446
167 454
167 459
167 461
167 467
167 479
167 481
167 487
167 488
167 497
167 498
168 346
168 358
168 385
168 388
168 429
168 488
169 327
169 342
169 389
169 402
169 468
170 201
170 294
170 343
170 354
170 476
171 195
171 196
171 294
171 343
171 366
171 384
172 176
172 227
172 397
172 452
173 253
173 321
173 337
173 417
173 424
174 333
174 381
174 408
174 433
174 446
174 497
175 316
175 335
175 393
175 442
175 448
175 453
175 484
176 185
176 199
176 203
176 215
176 236
176 246
176 270
176 278
176 294
176 297
176 298
176 308
176 312
176 317
176 318
176 322
176 337
176 341
176 343
176 344
176 346
176 347
176 351
176 355
176 363
176 375
176 377
176 383
176 384
176 393
176 397
176 398
176 403
176 416
176 424
176 447
176 450
176 452
176 462
176 476
176 484
176 490
176 497
177 180
177 191
177 209
177 270
177 280
177 286
177 313
177 338
177 368
177 423
177 429
177 438
177 468
178 244
178 270
178 338
178 370
179 211
179 230
179 240
179 244
179 268
179 270
179 338
179 370
179 423
179 426
179 434
179 456
179 468
179 489
180 191
180 197
180 209
180 313
181 265
181 337
182 294
182 476
183 399
183 405
183 431
183 479
185 259
185 280
185 343
185 384
185 391
185 476
186 372
186 397
187 194
187 243
187 310
187 330
187 331
187 348
187 405
187 416
187 431
187 444
187 485
187 497
187 499
188 191
188 268
188 275
188 302
188 327
188 332
188 340
188 342
188 343
188 389
188 392
188 426
188 429
188 430
188 443
188 460
188 477
188 480
188 494
189 369
189 433
189 497
190 400
191 197
191 208
191 209
191 211
191 213
191 233
191 235
191 248
191 251
191 268
191 269
191 270
191 280
191 286
191 288
191 313
191 340
191 343
191 345
191 346
191 347
191 370
191 380
191 382
191 384
191 405
191 414
191 428
191 438
191 439
191 456
191 476
191 483
191 488
192 392
192 429
193 315
193 346
193 463
194 279
194 310
194 499
195 294
195 384
195 476
196 213
196 294
196 343
196 374
196 384
196 476
196 492
197 209
197 439
197 476
198 262
198 346
198 392
198 429
198 436
198 488
199 308
199 312
199 318
200 208
200 273
200 328
200 346
200 353
200 409
201 237
201 354
201 445
202 208
202 220
202 273
202 334
202 350
202 463
202 481
203 221
203 303
203 326
203 337
203 351
203 361
203 417
203 424
203 478
204 285
204 333
204 369
204 381
204 433
204 446
204 497
205 236
205 290
205 357
205 410
205 484
205 493
206 348
206 355
206 365
206 394
206 416
206 471
207 310
207 398
207 499
208 218
208 228
208 249
208 266
208 272
208 273
208 285
208 286
208 287
208 306
208 333
208 346
208 353
208 369
208 392
208 405
208 413
208 425
208 429
208 433
208 451
208 454
208 463
208 464
208 465
208 482
208 497
208 498
209 286
209 288
209 423
209 438
209 439
210 292
210 330
210 379
210 405
211 251
211 269
211 270
211 280
211 281
211 288
211 313
211 338
211 343
211 346
211 347
211 380
211 387
211 391
211 404
211 428
211 429
211 439
211 456
211 483
212 217
212 253
212 257
212 261
212 398
212 417
212 424
213 294
213 384
213 476
213 492
214 279
214 328
214 362
214 405
215 447
216 379
217 398
218 220
218 287
218 299
218 333
218 334
218 346
218 425
218 435
218 481
218 495
219 328
219 346
219 405
219 416
220 346
220 481
220 495
220 497
221 351
221 403
221 420
221 432
221 478
223 229
223 386
223 388
223 429
224 315
224 346
225 421
225 462
226 364
227 341
227 397
228 272
228 346
228 353
228 463
228 465
228 497
229 386
229 427
232 294
232 396
232 476
233 248
233 251
233 288
233 380
233 428
233 456
234 245
234 346
234 392
234 413
234 437
234 469
235 284
235 302
235 342
235 426
236 256
236 377
236 484
237 280
237 354
237 411
237 476
239 332
239 443
240 270
240 370
241 393
241 448
242 300
242 403
242 478
243 324
243 328
243 330
243 348
243 373
243 398
243 405
243 416
243 431
244 370
245 346
245 392
245 413
245 429
245 464
245 488
246 308
246 312
246 322
246 341
247 292
247 339
247 348
247 359
247 379
247 471
247 474
247 485
248 251
248 288
248 313
248 456
248 483
249 346
249 429
249 463
249 465
249 497
250 382
250 391
251 280
251 288
251 380
251 456
252 261
252 378
252 398
252 407
253 255
253 257
253 337
253 398
253 417
253 424
254 332
254 392
254 429
254 435
254 449
255 337
255 417
255 424
256 317
256 377
256 493
257 424
258 342
258 414
258 468
258 480
259 293
259 294
259 343
259 346
259 384
259 470
259 476
259 492
260 404
260 463
261 264
261 283
261 301
261 320
261 325
261 329
261 348
261 355
261 398
261 407
261 417
261 424
261 491
261 497
262 273
262 346
262 392
262 401
262 413
262 488
263 271
263 274
263 289
263 307
263 369
263 381
263 399
263 405
263 406
263 433
263 458
263 497
264 325
264 329
264 355
264 403
265 326
265 337
265 417
265 424
266 346
266 353
266 497
267 379
267 485
268 270
268 282
268 286
268 338
268 434
268 443
269 280
269 288
269 336
269 380
269 387
269 404
269 422
269 428
269 456
270 282
270 288
270 338
270 370
270 429
270 434
270 456
270 489
270 494
271 274
271 309
271 369
271 399
271 405
271 406
271 433
271 458
271 497
272 463
273 287
273 333
273 346
273 350
273 392
273 409
273 425
273 451
273 454
273 463
273 497
273 498
274 307
274 309
274 369
274 405
274 433
274 479
274 497
275 342
275 429
275 443
275 477
276 328
276 348
276 369
276 405
276 458
276 479
277 328
277 348
277 405
277 416
278 478
279 285
279 328
279 348
279 362
279 398
279 399
279 405
279 431
279 479
279 497
280 288
280 343
280 380
280 387
280 404
280 422
280 456
281 288
281 347
281 392
282 434
283 301
283 329
283 355
283 398
283 405
285 287
285 299
285 333
285 346
285 405
285 408
285 425
285 433
285 441
285 454
285 459
285 461
285 467
285 471
285 481
285 497
286 288
286 380
286 412
286 423
286 429
286 438
287 333
287 334
287 348
287 425
287 429
287 481
287 487
287 495
287 497
288 345
288 380
288 422
288 428
288 438
288 439
288 456
288 476
289 309
289 369
289 399
289 479
289 496
290 384
290 393
290 405
290 410
290 476
290 484
290 493
291 325
291 367
292 330
292 379
292 444
292 471
293 343
293 384
293 455
293 470
293 476
294 343
294 366
294 384
294 396
294 456
294 476
294 484
294 492
295 346
295 482
296 319
296 355
297 351
297 356
297 398
297 417
299 346
299 369
299 408
299 433
299 441
299 459
299 461
299 467
299 497
300 351
300 403
300 478
301 329
301 348
301 355
302 426
303 376
303 403
303 417
304 337
304 417
304 424
305 358
305 429
306 314
306 315
306 346
306 482
307 369
307 458
308 318
309 346
309 369
309 406
309 458
309 496
309 497
310 328
310 331
310 348
310 373
310 405
310 424
310 497
310 499
311 418
311 471
312 318
312 344
313 345
314 346
315 346
315 465
315 482
316 453
317 335
317 344
317 375
317 476
317 484
318 452
319 355
319 367
320 355
321 325
321 424
324 328
324 333
324 348
324 373
324 416
325 329
325 355
326 337
326 361
326 417
327 342
327 346
327 389
327 402
327 429
327 443
327 468
327 477
327 480
328 348
328 362
328 369
328 373
328 381
328 392
328 399
328 405
328 416
328 419
328 429
328 431
328 463
328 473
328 479
329 398
330 348
330 379
332 340
332 360
332 371
332 480
333 369
333 381
333 405
333 408
333 425
333 429
333 433
333 441
333 454
333 457
333 459
333 461
333 463
333 467
333 487
333 497
334 425
334 481
334 487
334 497
335 450
336 347
336 456
337 351
337 398
337 403
337 417
337 424
338 370
338 426
338 434
338 489
339 359
339 379
339 405
339 474
339 485
340 342
340 371
340 477
340 480
341 452
342 346
342 360
342 370
342 389
342 402
342 426
342 429
342 468
342 480
342 494
343 347
343 354
343 384
343 405
343 428
343 456
343 470
343 476
344 397
346 348
346 349
346 350
346 353
346 355
346 358
346 390
346 392
346 398
346 399
346 401
346 403
346 405
346 408
346 413
346 415
346 416
346 418
346 426
346 429
346 431
346 433
346 435
346 449
346 456
346 459
346 461
346 463
346 464
346 465
346 472
346 476
346 481
346 482
346 485
346 488
346 495
346 497
347 456
348 355
348 369
348 373
348 381
348 398
348 399
348 405
348 416
348 419
348 429
348 431
348 433
348 452
348 473
348 479
348 497
349 425
349 454
349 497
350 497
351 352
351 355
351 372
351 397
351 403
351 478
352 403
353 409
353 463
353 465
353 497
354 476
355 365
355 367
355 394
355 416
355 429
355 466
355 471
355 488
355 497
358 386
358 392
359 444
359 485
360 371
362 405
362 416
362 458
363 397
363 452
363 490
365 394
365 418
365 471
366 384
367 429
368 423
368 438
368 439
369 381
369 399
369 405
369 406
369 416
369 418
369 429
369 431
369 446
369 458
369 496
369 497
370 380
370 412
370 429
372 403
372 478
373 416
373 473
374 384
374 455
374 476
374 492
375 447
375 450
375 484
376 417
377 484
378 398
378 407
379 394
379 405
379 418
379 474
379 485
380 387
380 391
380 422
380 428
380 434
380 456
380 476
381 399
381 405
381 429
381 433
381 446
381 457
381 497
382 440
383 452
384 403
384 453
384 455
384 476
384 488
384 492
385 392
385 429
386 392
386 427
386 429
387 404
387 456
388 392
388 429
389 402
389 468
389 494
390 392
390 415
390 464
392 401
392 405
392 413
392 426
392 429
392 435
392 436
392 449
392 463
392 465
392 476
392 480
392 488
393 448
393 476
394 471
396 476
397 452
397 490
397 493
398 403
398 407
398 417
398 424
398 466
398 471
398 491
398 497
399 405
399 479
399 496
400 476
401 413
401 429
401 464
401 472
402 412
402 414
402 429
402 480
403 417
403 420
403 424
403 429
403 432
403 478
404 456
405 416
405 429
405 431
405 433
405 443
405 446
405 454
405 457
405 458
405 471
405 473
405 479
405 496
405 497
405 499
408 416
408 433
408 446
408 497
409 451
409 463
409 498
410 493
411 476
411 486
413 427
413 429
413 433
413 469
413 472
413 476
413 488
413 497
414 468
414 494
415 464
416 419
416 431
416 473
417 424
418 471
420 432
422 428
422 456
423 438
424 475
425 487
425 497
426 429
426 430
426 476
427 429
428 456
429 431
429 435
429 436
429 449
429 463
429 464
429 469
429 472
429 477
429 482
429 488
429 497
431 497
433 441
433 457
433 497
436 488
437 469
437 472
437 488
441 459
441 461
441 467
441 497
442 453
443 477
443 480
444 485
446 497
449 488
451 498
454 461
454 467
454 487
454 497
455 476
455 492
456 476
456 483
456 488
457 497
458 479
458 497
459 461
459 467
459 497
460 480
461 467
461 497
462 484
463 465
463 497
463 498
464 497
466 491
467 497
469 472
469 488
470 476
476 480
476 492
477 480
477 494
480 494
481 487
481 495
481 497
484 493
488 497
494 497
495 497
