0 17
0 630
1 202
1 295
1 669
1 678
1 837
1 870
1 894
2 17
2 62
2 479
2 935
3 267
3 280
3 350
3 368
3 379
3 418
3 435
3 535
3 564
3 613
3 654
3 699
3 758
3 787
3 818
3 863
3 922
3 924
4 52
4 442
4 613
4 699
4 758
4 818
5 55
5 67
5 75
5 176
5 268
5 313
5 318
5 409
5 477
5 526
5 905
5 938
5 949
5 987
6 13
6 155
6 232
6 417
6 422
6 429
6 531
6 688
6 781
6 849
7 113
7 180
7 524
7 580
7 794
8 53
8 90
8 301
8 515
8 829
9 458
9 541
9 676
9 913
10 52
10 297
10 306
10 367
10 613
10 699
11 52
11 367
11 676
11 700
11 834
12 128
12 363
12 443
12 593
12 660
12 702
12 724
12 894
12 984
13 147
13 422
13 429
13 889
13 895
14 109
14 160
14 174
14 248
14 594
14 845
14 907
14 972
14 981
15 17
15 479
15 935
16 46
16 48
16 52
16 297
16 342
16 438
16 471
16 559
16 618
16 623
16 676
16 739
16 752
16 780
16 834
16 850
16 851
16 997
17 23
17 27
17 31
17 41
17 44
17 47
17 52
17 62
17 66
17 71
17 94
17 98
17 99
17 115
17 123
17 136
17 166
17 184
17 189
17 193
17 207
17 210
17 227
17 236
17 238
17 245
17 248
17 250
17 271
17 276
17 287
17 297
17 302
17 325
17 327
17 334
17 348
17 354
17 367
17 381
17 382
17 389
17 397
17 399
17 402
17 403
17 406
17 421
17 438
17 441
17 448
17 454
17 472
17 479
17 480
17 484
17 492
17 502
17 511
17 514
17 518
17 519
17 520
17 530
17 549
17 555
17 559
17 575
17 587
17 611
17 613
17 619
17 623
17 625
17 630
17 641
17 647
17 650
17 653
17 654
17 657
17 671
17 676
17 679
17 699
17 728
17 744
17 747
17 756
17 757
17 775
17 796
17 800
17 807
17 825
17 838
17 839
17 841
17 847
17 851
17 862
17 864
17 878
17 879
17 890
17 900
17 922
17 928
17 935
17 948
17 953
17 964
17 973
18 716
18 743
18 872
19 49
19 96
19 128
19 129
19 144
19 195
19 202
19 203
19 233
19 248
19 289
19 363
19 376
19 413
19 451
19 465
19 490
19 506
19 585
19 593
19 660
19 676
19 677
19 685
19 689
19 702
19 724
19 766
19 791
19 800
19 821
19 837
19 894
19 984
20 92
20 404
20 449
20 545
20 676
20 813
21 51
21 52
21 99
21 210
21 389
21 426
21 654
21 758
21 818
22 84
22 119
22 144
22 216
22 230
22 248
22 259
22 303
22 315
22 406
22 419
22 440
22 451
22 466
22 502
22 569
22 751
22 761
22 800
22 963
23 131
23 254
23 575
23 676
23 718
23 804
23 825
23 960
24 52
24 123
24 257
24 626
24 642
24 900
25 347
25 369
25 434
25 557
26 40
26 79
26 144
26 159
26 170
26 174
26 248
26 303
26 393
26 395
26 406
26 436
26 437
26 475
26 476
26 539
26 579
26 655
26 723
26 751
26 800
26 853
27 66
27 245
27 372
27 480
27 671
27 744
27 807
28 80
28 100
28 107
28 133
28 228
28 247
28 265
28 359
28 453
28 468
28 523
28 572
28 609
28 645
28 769
28 819
29 100
29 228
29 304
29 341
29 373
29 523
29 572
29 641
30 270
30 524
30 624
30 664
30 750
30 794
30 866
30 981
31 43
31 262
31 441
31 484
31 518
31 587
31 851
32 39
32 191
32 248
32 406
32 751
32 800
32 803
33 179
33 458
33 507
33 623
33 772
34 100
34 117
34 247
34 371
34 383
34 468
34 572
34 616
34 793
34 816
34 833
34 860
34 920
35 52
35 141
35 297
35 458
35 623
35 676
35 698
35 719
35 772
35 871
35 952
36 76
36 95
36 582
36 731
36 868
37 100
37 383
37 468
37 733
38 209
38 458
38 623
38 871
38 991
39 248
39 406
39 800
39 803
39 810
39 921
40 159
40 170
40 248
40 395
40 437
40 476
40 655
40 723
40 853
41 52
41 115
41 205
41 210
41 222
41 227
41 394
41 511
41 574
41 653
41 758
41 839
41 851
42 643
42 702
42 821
43 372
43 441
43 484
43 518
43 555
43 587
43 728
43 839
43 851
44 611
45 171
45 372
45 441
45 518
45 587
45 839
45 851
45 888
45 969
46 48
46 52
46 132
46 138
46 152
46 297
46 334
46 342
46 438
46 497
46 559
46 654
46 676
46 780
46 786
46 917
46 931
47 236
47 287
47 973
48 52
48 438
48 676
49 128
49 363
49 413
49 660
49 685
49 702
49 821
49 894
50 204
50 273
50 439
50 604
50 846
50 941
51 52
51 85
51 99
51 175
51 210
51 267
51 379
51 389
51 407
51 587
51 613
51 623
51 654
51 881
52 71
52 81
52 85
52 96
52 98
52 99
52 105
52 115
52 116
52 123
52 125
52 132
52 141
52 143
52 165
52 169
52 171
52 172
52 175
52 179
52 207
52 209
52 210
52 226
52 245
52 248
52 254
52 264
52 267
52 276
52 280
52 287
52 297
52 306
52 314
52 330
52 339
52 340
52 342
52 350
52 367
52 368
52 369
52 372
52 379
52 389
52 391
52 397
52 402
52 418
52 435
52 438
52 441
52 442
52 448
52 454
52 471
52 479
52 485
52 486
52 488
52 497
52 498
52 519
52 535
52 536
52 538
52 541
52 556
52 559
52 574
52 575
52 587
52 606
52 613
52 618
52 619
52 621
52 623
52 626
52 628
52 653
52 654
52 661
52 676
52 679
52 699
52 700
52 719
52 728
52 731
52 735
52 747
52 751
52 758
52 760
52 763
52 766
52 772
52 787
52 790
52 797
52 805
52 818
52 826
52 832
52 837
52 839
52 841
52 850
52 851
52 859
52 878
52 879
52 881
52 917
52 919
52 924
52 929
52 931
52 935
52 964
52 969
52 997
53 90
53 301
53 422
53 515
53 648
53 829
53 842
53 869
53 934
54 127
54 355
54 632
54 766
54 817
55 75
55 261
55 268
55 294
55 313
55 314
55 323
55 409
55 422
55 477
55 495
55 588
55 684
55 794
55 823
55 905
55 938
55 987
56 126
56 278
56 349
56 399
56 911
57 240
57 261
57 314
57 495
57 503
57 927
58 318
58 340
58 477
58 565
58 826
58 896
58 956
59 183
59 290
59 461
59 801
59 872
59 967
60 245
60 354
60 381
60 671
60 695
60 807
60 879
61 122
61 247
61 453
61 682
61 703
62 479
62 653
62 890
63 422
63 455
63 570
63 690
63 773
63 838
64 65
64 180
64 248
64 261
64 270
64 271
64 282
64 709
64 794
64 958
64 974
65 113
65 180
65 451
65 462
65 565
65 750
65 794
65 908
66 245
66 480
66 744
66 879
67 282
67 300
67 313
67 318
67 337
67 340
67 422
67 477
67 478
67 565
67 591
67 604
67 652
67 794
67 823
67 826
67 949
67 987
68 142
68 473
68 488
68 504
68 581
68 590
68 615
68 988
69 100
69 117
69 265
69 359
69 523
69 533
69 769
69 819
70 82
70 91
70 96
70 177
70 363
70 625
70 674
70 894
70 994
71 131
71 163
71 212
71 239
71 250
71 254
71 302
71 321
71 459
71 510
71 514
71 530
71 575
71 607
71 631
71 658
71 667
71 707
71 718
71 804
71 818
71 839
71 862
71 884
71 948
72 182
72 929
72 930
73 110
73 152
73 335
73 488
73 559
73 590
73 606
73 623
73 798
74 79
74 326
74 766
74 815
74 901
75 294
75 313
75 318
75 409
75 477
75 526
75 905
75 938
75 987
76 95
76 361
76 504
76 582
76 778
77 172
77 187
77 192
77 251
77 391
77 454
77 504
77 584
77 656
77 876
77 916
77 955
77 986
78 176
78 260
78 261
78 314
78 323
78 374
78 588
78 652
79 766
79 788
79 854
80 117
80 133
80 186
80 422
80 609
80 769
80 808
81 474
81 488
81 676
81 760
82 91
82 96
82 177
82 252
82 309
82 310
82 432
82 625
82 674
82 741
83 668
83 736
84 89
84 248
84 259
84 428
84 451
84 457
84 537
84 740
84 856
85 99
85 535
85 654
85 661
85 881
86 168
86 194
86 538
86 559
86 560
86 623
86 719
86 832
87 877
88 273
88 433
88 522
89 451
89 537
90 121
90 301
90 304
90 515
90 690
90 827
90 829
90 934
90 962
91 96
91 177
91 252
91 309
91 363
91 625
91 674
92 116
92 430
92 449
92 454
92 592
93 656
93 830
94 372
94 704
94 728
94 839
94 851
94 878
94 964
95 169
95 196
95 297
95 392
95 488
95 504
95 538
95 582
95 731
95 778
95 797
95 828
95 832
95 868
96 128
96 146
96 177
96 252
96 269
96 293
96 309
96 310
96 311
96 330
96 331
96 363
96 432
96 470
96 625
96 674
96 751
96 766
96 785
96 909
96 940
96 978
96 994
97 140
97 247
97 408
97 542
97 656
98 280
98 379
98 613
98 679
98 699
98 758
98 818
99 175
99 379
99 389
99 407
99 426
99 486
99 654
99 839
99 881
100 107
100 117
100 133
100 228
100 247
100 265
100 298
100 304
100 332
100 341
100 373
100 386
100 400
100 454
100 456
100 468
100 493
100 515
100 523
100 539
100 547
100 571
100 572
100 609
100 616
100 640
100 641
100 645
100 659
100 676
100 682
100 711
100 731
100 733
100 769
100 808
100 833
100 836
100 873
101 163
101 960
102 182
102 980
103 416
103 837
104 245
104 421
104 548
105 116
105 201
105 391
105 505
105 623
105 687
105 708
105 719
105 731
105 783
105 797
105 802
105 828
105 874
105 943
105 954
106 200
106 362
106 454
106 488
106 494
106 943
107 117
107 133
107 265
107 523
107 645
107 838
108 766
108 951
109 248
109 305
110 152
110 225
110 335
110 798
111 180
111 199
111 247
111 307
111 524
111 565
111 580
111 591
111 637
111 794
111 823
111 961
112 219
112 292
112 585
112 726
112 837
112 894
113 180
113 580
113 637
113 794
114 321
114 338
114 406
114 460
114 573
114 639
114 666
114 722
114 900
115 157
115 205
115 207
115 210
115 227
115 330
115 394
115 402
115 448
115 486
115 574
115 654
115 747
115 832
115 839
115 851
115 878
115 964
116 192
116 362
116 396
116 449
116 454
116 592
116 597
116 676
116 736
117 158
117 197
117 224
117 265
117 288
117 332
117 341
117 456
117 468
117 469
117 572
117 609
117 711
117 769
117 808
118 382
118 557
118 691
118 900
118 942
119 216
119 259
119 451
119 537
119 539
119 569
120 451
120 502
120 525
120 576
120 677
121 190
121 231
121 414
121 515
121 567
121 620
121 715
121 717
121 749
121 838
121 840
121 897
121 934
122 422
122 703
123 217
123 221
123 257
123 278
123 320
123 406
123 578
123 589
123 608
123 613
123 626
123 642
123 900
123 937
124 194
124 226
124 559
124 560
124 612
124 832
124 957
125 152
125 488
125 581
125 615
125 719
125 790
125 988
126 278
126 399
126 911
127 248
127 277
127 355
127 411
127 766
128 195
128 248
128 358
128 443
128 465
128 506
128 585
128 593
128 660
128 724
128 789
128 837
128 894
128 984
129 195
129 203
129 233
129 248
129 413
129 660
129 794
129 894
130 375
130 454
130 467
130 584
130 629
130 735
130 953
131 212
131 248
131 254
131 459
131 575
131 607
131 631
131 862
131 948
132 334
132 339
132 438
132 497
132 613
132 676
132 917
132 931
133 197
133 247
133 265
133 373
133 400
133 455
133 456
133 468
133 523
133 533
133 547
133 641
133 645
133 769
133 808
133 819
133 865
134 174
134 215
134 248
134 261
134 285
134 305
134 406
134 476
134 532
134 539
134 594
134 751
134 771
134 792
134 799
134 800
134 945
134 981
135 178
135 192
135 244
135 274
135 362
135 454
135 904
135 993
136 193
136 653
137 278
137 521
137 557
137 575
137 755
137 911
138 281
138 752
139 549
139 666
139 947
140 183
140 297
140 336
140 366
140 481
140 542
140 656
140 701
140 801
140 872
141 447
141 458
141 512
141 623
141 758
141 871
142 590
143 297
143 367
143 613
143 676
143 700
144 160
144 198
144 230
144 248
144 259
144 289
144 303
144 315
144 406
144 419
144 440
144 451
144 502
144 525
144 539
144 751
144 761
144 800
144 803
144 831
144 843
144 856
144 932
144 963
144 981
145 172
145 247
145 251
145 366
145 391
145 656
145 714
145 916
145 975
146 363
146 674
146 978
146 994
147 429
147 531
148 173
148 364
148 380
148 422
148 455
148 515
148 571
148 620
148 636
148 781
148 829
148 923
149 174
149 248
149 256
149 282
149 406
149 554
149 579
149 800
150 410
150 412
150 469
150 561
150 648
150 711
151 319
151 852
151 929
151 930
152 194
152 225
152 226
152 335
152 346
152 377
152 463
152 464
152 488
152 499
152 538
152 559
152 560
152 599
152 612
152 615
152 623
152 634
152 656
152 676
152 719
152 798
152 832
153 422
153 455
153 509
153 567
153 690
154 362
154 454
154 536
155 275
155 390
155 417
155 422
155 454
155 570
155 596
155 690
155 773
155 923
155 989
156 183
156 279
156 296
156 336
156 445
156 682
156 703
156 721
156 743
156 793
156 809
156 950
157 207
157 210
157 486
158 197
158 456
158 533
158 769
159 170
159 248
159 395
159 476
159 655
159 723
159 751
159 981
160 174
160 248
160 256
160 282
160 393
160 423
160 594
160 800
160 822
160 845
160 907
160 925
160 972
160 981
161 187
161 454
161 965
162 208
162 604
162 720
162 886
163 795
163 825
164 207
164 402
164 448
164 498
164 621
164 728
164 839
164 851
164 888
165 306
165 556
165 613
165 859
166 258
166 519
166 553
166 605
166 630
166 864
167 286
168 194
168 343
168 538
168 719
169 201
169 483
169 559
169 582
169 676
169 708
169 731
169 745
169 764
169 797
169 802
169 858
170 248
170 282
170 395
170 436
170 437
170 476
170 655
170 751
170 800
170 981
171 372
171 441
171 587
171 851
171 888
171 969
172 183
172 196
172 299
172 351
172 357
172 361
172 362
172 391
172 404
172 422
172 454
172 602
172 617
172 629
172 735
172 876
172 910
172 965
172 986
172 992
173 253
173 284
173 352
173 353
173 422
173 567
173 690
173 838
173 885
173 926
174 214
174 248
174 256
174 282
174 289
174 318
174 340
174 406
174 422
174 451
174 524
174 579
174 591
174 594
174 603
174 610
174 624
174 751
174 766
174 794
174 799
174 800
174 822
174 894
174 925
174 949
174 972
174 981
175 389
175 654
175 881
176 323
176 340
176 374
177 309
177 432
177 625
177 674
178 192
178 244
178 263
178 274
178 378
178 396
178 430
178 731
178 904
178 954
179 507
179 512
179 559
179 612
179 623
179 698
179 719
179 729
179 772
180 199
180 247
180 248
180 249
180 271
180 307
180 313
180 314
180 318
180 323
180 384
180 429
180 477
180 496
180 524
180 539
180 544
180 565
180 579
180 580
180 591
180 637
180 649
180 672
180 684
180 709
180 751
180 794
180 800
180 823
180 826
180 961
180 970
180 987
181 558
181 566
181 613
181 891
182 319
182 651
182 766
182 852
182 903
182 929
182 930
182 944
183 235
183 408
183 481
183 656
183 801
183 872
183 967
184 415
184 500
184 514
184 530
184 575
184 718
184 862
184 892
184 948
185 422
185 455
185 570
185 690
185 773
185 782
185 838
185 923
186 288
186 422
186 469
186 561
186 609
186 711
186 769
186 808
187 196
187 322
187 357
187 391
187 454
187 586
187 598
187 731
187 965
187 985
187 995
188 705
188 980
189 516
189 671
189 695
189 757
189 807
189 879
189 893
190 231
190 414
190 422
190 515
190 620
190 690
190 717
190 829
190 840
190 844
190 897
191 248
191 751
191 800
191 803
192 244
192 247
192 274
192 322
192 362
192 396
192 404
192 406
192 430
192 454
192 499
192 683
192 731
192 904
192 943
192 954
192 993
193 653
194 343
194 488
194 538
194 559
194 560
194 606
194 614
194 832
195 506
195 660
195 724
195 791
195 837
195 894
196 322
196 357
196 375
196 454
196 552
196 586
196 598
196 617
196 777
196 953
197 469
197 523
198 218
198 502
198 525
198 677
198 996
199 248
199 249
199 307
199 462
199 477
199 524
199 591
199 624
199 637
199 649
199 794
199 961
200 362
200 494
200 943
201 362
201 378
201 505
201 582
201 623
201 670
201 687
201 719
201 731
201 764
201 783
201 797
201 828
202 295
203 233
203 506
203 791
203 821
203 894
204 208
204 439
204 725
204 886
205 227
205 330
205 619
206 656
207 448
207 587
207 728
207 839
207 851
207 878
208 784
208 886
208 941
209 623
209 871
209 991
209 999
210 227
210 379
210 389
210 407
210 426
210 486
210 535
210 613
210 654
210 661
210 758
210 839
211 257
211 283
211 320
211 490
211 578
211 626
211 665
211 861
211 914
211 937
211 998
212 239
212 254
212 459
212 510
212 575
212 667
212 707
212 718
212 884
213 246
213 444
213 455
213 509
213 690
213 712
213 773
213 782
213 824
213 966
214 256
214 282
214 423
214 579
214 610
215 248
215 285
215 388
215 406
215 436
215 751
215 945
216 230
216 248
216 259
216 303
216 451
216 537
216 539
216 569
216 761
216 843
216 963
217 257
217 642
217 900
218 406
218 416
218 502
218 525
218 837
218 856
218 894
219 292
219 405
219 585
219 734
219 837
220 666
221 283
221 320
221 578
221 589
221 608
221 626
221 642
221 900
222 227
222 330
222 394
222 402
222 448
222 486
222 587
222 619
222 728
222 839
222 851
223 386
223 422
223 469
223 561
223 865
224 288
224 410
224 469
224 609
225 346
225 559
225 599
225 719
226 488
226 538
226 559
226 560
226 590
226 606
226 612
226 623
226 676
226 719
226 832
226 957
227 330
227 372
227 402
227 511
227 574
227 587
227 619
227 654
227 747
227 839
227 851
227 878
227 900
228 304
228 332
228 341
228 373
228 468
228 547
228 572
228 641
229 248
229 385
229 416
229 502
229 585
229 678
229 856
230 248
230 259
230 303
230 333
230 363
230 406
230 451
230 539
230 751
230 800
230 835
230 843
230 932
231 414
231 609
231 620
231 715
231 717
231 737
231 781
231 829
231 840
231 844
231 897
231 923
232 417
232 452
232 531
233 248
233 358
233 443
233 506
233 593
233 660
233 791
233 894
233 984
234 404
234 454
234 586
234 946
234 965
235 391
235 481
235 572
235 656
235 872
235 967
236 287
236 611
236 851
236 973
237 245
237 403
237 756
238 327
238 397
238 420
238 775
238 890
239 254
239 575
239 631
239 707
239 884
240 495
240 503
241 291
241 345
241 501
241 753
241 940
242 573
243 528
243 604
243 784
244 274
244 378
244 430
244 904
244 943
244 959
244 993
245 254
245 266
245 354
245 480
245 519
245 521
245 605
245 630
245 647
245 671
245 695
245 744
245 807
245 841
245 861
245 862
245 864
245 879
245 893
245 973
246 422
246 455
246 509
246 567
246 570
246 690
246 824
246 838
246 966
247 248
247 298
247 371
247 391
247 400
247 422
247 445
247 453
247 454
247 458
247 468
247 487
247 493
247 524
247 547
247 616
247 645
247 656
247 682
247 696
247 769
247 793
247 816
247 833
247 860
247 873
247 875
247 920
247 923
248 256
248 259
248 269
248 271
248 282
248 289
248 303
248 314
248 315
248 318
248 363
248 395
248 406
248 416
248 425
248 437
248 451
248 454
248 476
248 477
248 502
248 513
248 525
248 531
248 537
248 539
248 563
248 565
248 569
248 579
248 594
248 604
248 655
248 660
248 662
248 674
248 677
248 702
248 723
248 724
248 740
248 751
248 761
248 766
248 771
248 792
248 794
248 800
248 803
248 806
248 810
248 811
248 812
248 821
248 831
248 835
248 837
248 838
248 843
248 853
248 856
248 867
248 894
248 900
248 907
248 918
248 921
248 932
248 949
248 968
248 972
248 977
248 981
248 990
249 270
249 271
249 282
249 591
249 794
249 800
249 958
249 974
250 563
250 639
250 847
251 391
251 910
252 310
252 331
252 363
252 432
252 502
252 529
252 625
252 674
252 785
252 940
253 353
253 380
253 422
253 444
253 468
253 567
253 568
253 838
253 926
254 302
254 459
254 510
254 530
254 575
254 631
254 639
254 667
254 707
254 718
254 774
254 884
254 998
255 528
255 600
255 814
255 927
256 282
256 603
257 347
257 642
257 900
258 519
258 630
258 756
258 807
259 303
259 406
259 428
259 451
259 502
259 515
259 525
259 537
259 569
259 740
259 751
259 794
259 894
259 932
259 940
260 261
260 314
260 496
260 684
260 983
261 268
261 294
261 308
261 313
261 314
261 323
261 374
261 477
261 495
261 496
261 524
261 528
261 588
261 604
261 652
261 684
261 710
261 855
261 923
261 938
261 949
261 976
261 983
261 987
262 441
262 484
262 543
262 587
262 653
262 851
262 878
262 928
262 964
263 404
263 430
263 449
263 454
263 545
263 946
264 613
264 679
264 699
264 758
265 332
265 468
265 523
265 533
265 547
265 572
265 645
265 819
266 480
266 744
267 350
267 379
267 418
267 442
267 498
267 613
267 623
267 654
267 676
267 681
267 758
267 818
267 863
268 294
268 323
268 374
268 406
268 477
268 652
268 938
268 987
269 333
269 446
269 585
269 734
269 837
270 271
270 282
270 450
270 524
270 624
270 664
270 672
270 794
270 866
270 958
271 289
271 524
271 672
271 794
271 866
271 908
271 958
271 974
272 326
272 766
272 951
273 314
273 433
273 522
273 732
273 941
274 396
274 904
274 954
274 993
275 422
275 596
276 280
276 306
276 438
276 556
276 613
276 676
276 679
276 699
277 355
278 303
278 347
278 349
278 382
278 399
278 434
278 521
278 557
278 686
278 751
278 755
278 900
278 911
279 461
279 950
280 613
280 628
280 758
280 763
280 787
280 818
281 334
281 676
281 752
281 786
282 406
282 450
282 524
282 554
282 601
282 610
282 624
282 723
282 751
282 794
282 812
282 822
282 887
282 908
282 981
283 320
283 578
283 589
283 608
283 626
283 642
283 766
283 900
283 937
284 455
284 636
284 926
285 436
285 792
285 794
286 623
287 653
287 973
288 456
288 468
288 797
289 303
289 315
289 406
289 419
289 451
289 513
289 525
289 539
289 569
289 677
289 751
289 761
289 800
289 803
289 810
289 831
289 835
289 843
289 867
289 963
289 990
290 336
290 445
290 461
290 721
290 779
290 950
291 293
291 319
291 345
291 398
291 491
291 625
291 635
291 676
291 753
291 759
291 766
291 940
292 406
292 585
292 726
292 734
292 789
292 837
293 345
293 363
293 387
293 398
293 491
293 635
293 753
293 759
293 766
293 940
294 340
294 526
294 800
294 905
294 938
294 987
296 461
296 779
297 339
297 342
297 367
297 372
297 379
297 391
297 438
297 471
297 477
297 497
297 519
297 559
297 613
297 618
297 623
297 654
297 676
297 699
297 700
297 739
297 766
297 780
297 818
297 834
297 851
297 931
297 997
299 351
299 391
299 454
299 876
300 313
300 318
300 409
300 477
300 517
300 693
300 880
300 938
300 949
300 987
301 515
302 530
302 575
302 607
302 630
302 631
302 718
302 756
302 862
302 948
303 315
303 406
303 416
303 419
303 440
303 451
303 476
303 537
303 539
303 569
303 677
303 751
303 761
303 794
303 800
303 806
303 831
303 835
303 837
303 843
303 856
303 867
303 932
303 963
303 990
304 332
304 341
304 547
304 572
304 641
305 393
305 812
305 981
306 367
306 613
306 676
306 699
307 524
307 591
307 794
307 823
307 958
308 314
308 710
308 727
308 855
308 899
308 976
309 310
309 363
309 369
309 432
309 550
309 625
309 674
309 741
309 994
310 316
310 625
310 741
311 363
311 470
311 625
311 978
311 994
312 490
312 644
312 748
312 877
312 900
313 318
313 337
313 340
313 477
313 524
313 526
313 565
313 591
313 826
313 880
313 905
313 938
313 949
313 956
313 970
313 987
314 318
314 422
314 477
314 496
314 524
314 588
314 652
314 684
314 710
314 727
314 838
314 855
314 899
314 927
314 976
314 987
315 406
315 539
315 569
315 751
315 835
315 843
315 990
316 424
316 754
316 820
317 375
317 404
317 454
317 586
317 617
317 912
317 965
318 337
318 340
318 477
318 478
318 517
318 524
318 526
318 565
318 591
318 655
318 693
318 751
318 794
318 823
318 826
318 857
318 880
318 938
318 949
318 956
318 970
318 983
318 987
319 355
319 930
319 944
320 589
320 626
320 639
320 642
320 900
321 460
321 540
321 573
321 639
321 722
321 796
321 900
322 357
322 454
322 468
322 584
322 598
322 953
322 995
323 374
323 477
323 565
323 588
323 652
323 684
323 826
323 983
324 589
324 691
324 746
324 900
325 484
325 647
325 681
325 928
326 766
326 901
327 420
327 775
327 851
328 458
328 512
328 623
328 698
328 719
328 729
329 665
329 900
329 936
329 998
330 379
330 397
330 402
330 448
330 486
330 498
330 619
330 728
330 747
331 432
331 625
331 894
332 341
332 373
332 523
332 567
332 572
332 640
332 641
333 416
333 502
333 585
333 677
333 678
333 837
334 472
334 497
334 559
334 676
334 786
334 931
335 346
335 464
335 559
335 599
335 612
335 615
335 676
335 719
335 790
335 798
336 682
336 721
336 743
336 872
337 340
337 409
337 477
337 524
337 794
337 823
337 880
337 949
338 549
338 666
338 673
338 933
339 438
339 471
339 739
340 477
340 478
340 526
340 565
340 663
340 826
340 839
340 949
340 956
340 970
340 987
341 370
341 373
341 468
341 469
341 523
341 547
341 572
341 641
341 833
341 836
342 438
342 676
342 786
343 488
343 538
343 559
343 560
343 606
343 614
343 719
343 832
344 486
344 919
345 398
345 491
345 625
345 635
345 759
345 766
345 940
346 599
346 719
347 369
347 434
347 521
347 557
347 686
347 691
347 713
347 942
348 653
348 657
348 841
349 399
349 521
349 911
350 379
351 391
351 584
351 629
351 735
351 865
352 353
352 422
352 444
352 567
352 762
353 380
353 422
353 455
353 567
353 690
353 762
353 781
354 381
354 671
354 695
354 879
355 427
355 551
355 632
355 705
355 817
356 391
356 454
356 602
356 876
356 992
357 375
357 454
357 953
357 995
358 724
358 894
359 523
359 533
359 769
360 638
361 504
361 731
361 745
361 802
361 858
361 874
362 404
362 454
362 494
362 536
362 613
362 797
362 943
362 954
363 406
363 432
363 446
363 465
363 470
363 490
363 532
363 585
363 625
363 674
363 702
363 718
363 724
363 751
363 761
363 766
363 791
363 800
363 803
363 817
363 821
363 837
363 894
363 909
363 940
363 994
364 380
364 422
364 444
364 455
364 567
364 762
364 838
365 401
365 766
365 788
365 854
365 902
366 454
366 584
366 656
366 714
366 916
366 955
367 623
367 676
367 700
367 834
368 379
368 418
368 435
368 564
368 661
368 863
369 399
369 434
369 540
369 578
369 691
369 713
369 900
369 911
369 939
369 942
370 400
370 468
370 873
371 816
371 860
372 379
372 448
372 486
372 583
372 587
372 704
372 728
372 839
372 851
372 878
372 922
372 964
373 533
373 547
373 572
373 641
374 477
374 588
374 652
374 938
375 391
375 404
375 454
375 467
375 552
375 598
375 953
375 995
376 660
376 791
376 894
377 464
377 559
377 731
377 832
378 505
378 670
378 731
378 797
378 828
379 418
379 435
379 442
379 519
379 564
379 621
379 654
379 661
379 676
379 679
379 699
379 758
379 818
379 851
379 863
379 964
380 422
380 444
380 455
380 567
380 690
380 762
380 838
380 923
381 671
381 695
381 757
381 807
381 879
381 893
382 557
382 626
382 691
382 900
382 911
383 468
383 547
383 659
383 833
383 873
384 477
384 565
384 663
384 882
384 896
385 416
385 502
386 469
386 561
386 711
386 717
387 501
387 753
387 940
388 532
388 792
388 981
389 407
389 535
389 619
389 654
389 702
389 851
389 881
390 422
390 482
390 568
390 712
390 989
391 454
391 584
391 602
391 617
391 629
391 682
391 876
391 910
391 916
391 953
391 955
391 965
391 992
392 778
393 532
393 594
393 800
393 981
394 574
394 619
395 476
395 655
395 723
395 751
395 800
396 454
397 518
397 647
397 775
397 851
397 890
397 935
398 491
398 635
398 759
398 766
398 900
398 940
399 521
399 686
399 900
399 911
399 939
400 572
400 640
400 833
400 873
401 411
401 766
401 788
401 902
402 619
402 654
402 839
402 851
404 545
404 586
404 597
404 617
404 736
404 813
404 912
404 946
404 965
405 585
405 789
406 409
406 437
406 451
406 468
406 476
406 525
406 537
406 539
406 569
406 603
406 655
406 697
406 751
406 761
406 766
406 800
406 803
406 806
406 810
406 831
406 837
406 853
406 900
406 921
406 932
406 940
406 977
406 981
406 990
407 486
408 481
408 701
408 801
409 477
409 517
409 526
409 905
409 938
409 949
409 987
410 469
410 711
410 865
411 766
411 788
411 902
412 648
413 465
413 689
413 702
414 515
414 715
414 840
415 500
415 530
415 575
415 718
415 774
415 948
416 425
416 451
416 502
416 525
416 562
416 585
416 677
416 678
416 800
416 837
416 856
416 981
417 422
417 429
417 452
417 531
417 570
417 620
417 623
417 688
417 730
417 808
417 857
417 895
417 923
418 564
418 587
418 621
418 661
420 775
420 890
420 928
420 935
421 548
422 429
422 439
422 444
422 452
422 454
422 455
422 468
422 482
422 496
422 508
422 509
422 513
422 515
422 523
422 524
422 531
422 565
422 567
422 568
422 570
422 645
422 656
422 690
422 711
422 712
422 715
422 717
422 719
422 730
422 767
422 773
422 797
422 800
422 824
422 827
422 838
422 839
422 849
422 857
422 869
422 923
422 927
422 941
422 987
422 989
423 579
424 625
424 674
424 766
425 562
425 856
426 486
426 654
427 632
427 766
427 817
427 903
428 440
428 451
428 457
428 502
428 539
428 740
429 433
429 531
429 730
429 794
429 857
429 895
430 499
430 592
430 683
430 904
430 959
431 437
431 475
431 476
431 853
432 625
432 674
432 741
433 522
433 565
433 732
434 521
434 543
434 713
434 755
434 900
434 911
435 564
435 818
435 863
436 655
436 751
436 771
436 981
437 475
437 476
437 523
437 655
437 662
437 723
437 751
437 794
437 800
437 853
437 968
437 977
438 471
438 497
438 559
438 613
438 618
438 623
438 676
438 699
438 739
438 758
438 851
438 859
438 931
438 997
439 604
439 720
439 725
439 732
439 846
439 941
439 989
440 451
440 457
440 466
440 502
440 702
440 740
440 800
440 996
441 484
441 486
441 518
441 587
441 654
441 839
441 851
441 888
441 928
441 964
442 613
442 758
442 818
444 455
444 567
444 690
444 794
444 838
445 454
445 743
445 779
445 950
446 821
446 909
447 458
447 623
447 772
447 952
448 498
448 619
448 728
448 747
448 839
448 851
448 878
449 454
449 545
449 736
449 813
449 851
449 946
450 624
450 979
451 502
451 513
451 525
451 537
451 539
451 569
451 576
451 677
451 740
451 751
451 761
451 810
451 837
451 843
451 996
452 838
452 941
453 682
453 809
454 467
454 468
454 488
454 538
454 545
454 552
454 572
454 582
454 584
454 586
454 592
454 597
454 598
454 602
454 617
454 623
454 645
454 656
454 668
454 676
454 682
454 719
454 731
454 735
454 736
454 777
454 797
454 816
454 828
454 838
454 876
454 883
454 898
454 916
454 946
454 953
454 965
454 972
454 975
454 986
454 992
454 995
455 508
455 509
455 515
455 567
455 690
455 767
455 824
455 838
455 923
455 966
456 523
456 533
456 645
456 819
457 525
457 537
457 677
457 740
458 623
458 676
458 719
458 772
458 871
458 952
459 575
459 707
460 639
461 656
461 682
461 779
461 872
462 524
462 637
462 649
462 794
462 961
463 488
463 606
463 832
464 798
465 685
465 689
465 702
465 791
465 894
466 837
467 656
467 883
468 469
468 523
468 547
468 572
468 609
468 616
468 694
468 696
468 703
468 716
468 733
468 793
468 816
468 819
468 833
468 836
468 873
468 920
469 515
469 711
469 769
469 808
469 819
469 829
469 865
470 625
470 674
470 978
470 994
471 676
471 739
472 474
472 541
472 623
472 676
472 850
472 913
473 488
473 534
473 581
473 590
473 615
473 790
473 988
474 623
474 676
474 760
474 999
475 476
475 751
475 853
475 977
475 981
476 539
476 660
476 662
476 723
476 800
476 853
476 968
476 977
477 478
477 496
477 515
477 517
477 524
477 526
477 544
477 565
477 591
477 663
477 693
477 711
477 773
477 794
477 800
477 826
477 880
477 882
477 949
477 970
477 987
478 826
479 653
480 630
481 701
481 801
481 872
481 967
482 568
482 712
482 838
482 989
483 582
484 518
484 555
484 587
484 839
484 851
484 928
484 969
485 787
485 818
485 924
486 511
486 654
486 758
486 839
486 851
486 919
487 872
488 534
488 559
488 560
488 581
488 590
488 614
488 615
488 623
488 719
488 731
488 778
488 790
488 832
488 898
488 988
489 732
490 626
490 748
490 861
490 930
490 936
490 998
491 759
491 940
492 653
493 656
493 793
494 797
495 503
495 794
495 927
496 565
496 588
496 684
496 927
497 613
497 676
497 699
497 731
497 739
497 780
497 917
497 931
498 839
499 676
499 683
499 736
499 959
500 514
500 530
500 607
500 718
500 765
500 862
500 892
500 948
501 753
501 770
501 785
501 940
502 513
502 525
502 677
502 697
502 761
502 794
502 831
502 856
502 996
503 927
504 778
504 891
505 670
505 797
505 828
506 660
506 702
506 791
506 894
507 623
508 690
508 782
508 838
509 690
509 824
509 838
509 966
510 575
511 878
511 919
512 623
512 698
512 729
513 525
513 677
513 837
513 856
514 575
514 607
514 718
514 765
514 862
515 636
515 742
515 749
515 827
515 829
515 840
515 842
515 844
515 869
515 923
515 934
515 995
516 630
516 671
516 757
516 864
516 879
517 526
517 693
517 880
517 949
517 987
518 587
518 851
519 553
519 575
519 605
519 630
519 671
519 756
519 893
520 630
520 862
521 673
521 692
521 755
521 939
522 923
523 533
523 547
523 572
523 641
523 645
523 656
523 659
523 808
523 819
524 544
524 565
524 591
524 637
524 649
524 660
524 794
524 797
524 800
524 823
524 826
524 873
524 956
524 961
524 987
525 562
525 576
525 677
525 697
525 751
525 800
525 815
525 837
525 856
526 794
526 905
526 938
526 949
526 976
526 987
527 546
527 738
528 600
528 604
528 794
528 927
529 550
529 753
530 575
530 607
530 718
530 862
530 892
530 948
531 730
531 776
531 838
531 857
532 799
532 800
532 925
532 945
532 981
533 572
533 819
534 590
534 615
535 621
535 654
535 676
536 943
537 569
537 677
537 800
537 837
537 856
538 559
538 606
538 614
538 676
538 719
538 832
538 957
539 569
539 585
539 677
539 678
539 751
539 761
539 800
539 803
539 810
539 831
539 835
539 843
539 932
539 981
540 563
540 575
540 658
540 847
540 906
540 915
541 623
541 627
542 656
543 555
543 587
543 839
543 851
544 580
544 637
544 794
545 668
545 813
545 946
546 732
546 738
547 572
547 641
548 657
549 633
549 666
549 947
550 625
550 770
550 785
551 632
551 817
551 929
552 598
552 883
553 630
553 756
554 918
555 587
555 851
556 613
556 676
556 699
556 758
556 859
557 578
557 713
557 942
558 566
558 891
558 898
559 560
559 582
559 590
559 606
559 612
559 623
559 634
559 676
559 719
559 758
559 832
559 851
559 898
559 957
560 606
560 612
560 719
560 832
560 957
562 585
562 677
562 837
562 856
563 575
563 676
563 906
563 960
564 654
564 676
564 818
565 591
565 649
565 663
565 794
565 823
565 826
565 880
565 896
565 938
565 961
565 982
566 768
566 898
567 773
567 824
567 833
567 838
567 966
568 712
568 838
568 923
569 677
569 740
569 751
569 761
570 773
570 838
570 923
571 962
572 609
572 641
572 645
572 656
572 838
575 607
575 622
575 630
575 631
575 667
575 707
575 718
575 774
575 795
575 804
575 825
575 856
575 862
575 884
575 900
575 948
576 677
576 697
576 718
577 625
578 589
578 608
578 626
578 642
578 900
579 610
579 751
579 908
580 794
581 615
581 790
582 719
582 731
582 764
582 778
582 790
583 839
583 878
583 964
584 598
584 629
584 735
584 777
584 876
584 953
584 965
584 995
585 678
585 726
585 734
585 751
585 789
585 837
585 856
585 963
586 617
586 965
587 623
587 647
587 654
587 676
587 758
587 839
587 851
587 878
587 888
587 928
587 935
587 964
587 969
588 684
588 855
588 983
589 608
589 626
589 642
589 900
590 615
590 790
590 988
591 655
591 794
591 800
591 823
591 896
591 956
591 961
591 987
592 597
592 683
592 904
593 660
593 724
593 837
593 894
593 984
594 845
594 972
596 838
596 923
597 668
597 736
598 623
598 904
598 953
598 985
598 995
599 719
600 794
600 814
600 887
600 927
601 794
602 629
602 986
602 992
603 812
603 822
604 675
604 684
604 784
604 887
604 927
604 941
605 630
605 756
606 832
607 650
607 718
607 765
607 774
607 892
608 626
608 900
609 769
609 808
611 973
612 623
612 719
612 832
612 957
613 628
613 654
613 676
613 679
613 687
613 699
613 700
613 731
613 758
613 763
613 818
613 832
613 859
613 862
613 863
613 881
613 999
614 623
614 832
615 623
615 790
615 898
615 988
616 816
616 860
616 873
617 912
618 676
618 758
619 747
619 839
620 715
620 717
620 781
620 829
620 838
620 840
620 844
620 897
621 654
621 661
621 881
622 915
623 627
623 634
623 676
623 698
623 699
623 719
623 729
623 731
623 739
623 758
623 760
623 768
623 772
623 813
623 832
623 851
623 871
623 900
623 931
623 952
623 999
624 794
624 811
624 908
624 979
625 674
625 702
625 741
625 751
625 766
625 785
625 820
625 821
625 940
625 994
626 642
626 691
626 766
626 861
626 900
627 991
628 676
628 758
628 818
629 656
629 735
629 876
629 883
629 992
630 631
630 650
630 653
630 756
630 851
630 862
630 864
630 879
630 998
631 707
631 718
631 774
632 817
632 900
632 903
632 929
632 944
633 666
633 947
634 719
635 759
635 766
635 800
635 940
637 649
637 794
637 961
638 827
639 666
639 796
639 851
639 915
640 676
640 873
642 900
642 937
642 944
644 748
644 861
644 936
645 819
645 873
646 954
647 839
647 851
647 888
649 794
649 823
650 671
650 757
650 851
650 893
651 852
651 929
651 944
652 905
652 983
653 657
653 671
653 841
653 851
653 935
654 661
654 676
654 681
654 758
654 818
654 839
654 851
654 863
654 881
655 662
655 723
655 751
655 800
655 968
656 676
656 682
656 701
656 714
656 721
656 794
656 801
656 872
656 876
656 916
656 950
656 975
656 992
658 960
660 702
660 724
660 800
660 837
660 894
660 984
661 681
662 751
662 968
662 977
663 750
663 982
664 676
664 866
665 900
665 929
665 937
666 673
666 911
666 933
666 947
667 804
667 884
669 837
669 870
670 708
671 695
671 744
671 757
671 807
671 862
671 879
671 893
672 908
672 971
673 911
673 933
673 947
674 702
674 741
674 785
674 940
674 978
674 994
675 784
675 887
676 679
676 698
676 699
676 700
676 729
676 739
676 758
676 760
676 772
676 780
676 786
676 805
676 818
676 834
676 850
676 851
676 859
676 871
676 881
676 924
676 931
676 952
676 991
676 997
677 690
677 800
677 837
677 996
678 751
678 837
679 699
679 758
679 818
679 851
679 987
680 933
681 818
681 839
682 703
682 743
682 801
682 809
682 829
682 833
682 848
684 976
685 702
685 894
686 911
687 708
687 731
687 783
687 797
688 730
688 776
688 857
689 702
689 791
690 773
690 782
690 824
690 838
690 923
690 966
691 900
692 900
692 939
693 938
693 949
694 716
695 757
695 807
695 879
695 893
696 833
698 729
699 700
699 758
699 763
699 818
699 851
699 881
699 900
700 758
700 805
700 834
700 859
701 872
702 724
702 791
702 821
702 843
702 894
703 716
703 809
703 875
704 728
704 839
704 851
704 878
704 922
706 766
706 940
707 884
708 731
708 783
708 797
708 832
709 794
710 899
710 976
711 865
712 989
715 737
715 840
715 844
715 926
715 934
716 721
716 848
717 838
717 897
718 756
718 774
718 832
718 862
718 892
718 948
719 731
719 790
719 832
719 952
720 941
721 809
721 848
722 796
723 751
723 800
723 853
724 837
724 870
724 894
725 846
725 941
726 734
727 899
727 987
728 839
728 851
728 878
728 922
728 964
730 776
730 857
731 745
731 758
731 764
731 778
731 783
731 802
731 832
731 858
731 874
731 904
733 873
734 837
734 894
735 777
735 992
742 749
742 829
742 934
744 851
744 879
745 858
746 900
748 766
748 861
748 900
748 998
749 869
749 934
750 908
750 971
751 761
751 766
751 792
751 794
751 800
751 803
751 806
751 810
751 831
751 867
751 894
751 921
751 925
751 968
751 977
751 981
751 990
752 786
753 770
753 940
755 900
755 939
757 879
757 893
758 763
758 818
758 834
758 913
759 940
760 991
760 999
761 963
763 818
764 802
766 788
766 794
766 815
766 817
766 838
766 851
766 854
766 877
766 900
766 901
766 902
766 929
766 940
766 951
767 773
767 923
768 898
769 808
770 940
771 792
772 952
773 838
773 923
774 862
774 948
775 851
775 928
775 935
776 857
777 992
779 872
781 827
781 838
781 962
782 838
783 797
787 818
788 901
788 902
791 894
793 833
794 812
794 823
794 866
794 908
794 927
794 940
794 941
794 961
794 971
794 979
794 987
796 915
797 828
799 800
799 945
799 981
800 803
800 806
800 810
800 835
800 837
800 843
800 856
800 977
800 981
800 990
801 872
802 858
802 874
807 879
807 893
811 979
812 981
815 901
816 860
817 929
817 930
818 839
822 925
823 826
823 882
823 961
823 987
824 838
826 882
827 842
827 934
829 840
829 842
829 934
830 955
831 867
832 957
832 991
833 873
833 920
837 856
837 894
838 923
838 934
838 966
839 851
839 878
839 879
839 888
839 922
839 935
839 964
839 969
840 844
841 928
841 973
842 869
843 932
844 897
844 934
845 907
845 981
846 941
851 878
851 888
851 922
851 928
851 935
851 964
851 969
852 929
852 930
852 944
853 977
854 940
855 899
855 976
857 889
858 874
861 877
862 948
866 958
872 967
876 953
876 955
876 986
876 992
878 922
878 928
878 964
878 969
879 893
880 987
882 982
885 926
886 941
887 927
888 964
888 969
890 935
892 948
894 984
896 956
896 982
896 987
899 976
900 914
900 929
900 930
900 937
901 951
902 980
903 929
903 944
904 959
904 993
905 938
905 949
907 972
908 971
908 979
910 955
914 937
916 975
917 931
925 972
928 964
929 930
929 940
929 944
930 940
930 944
930 998
936 998
938 949
938 987
945 981
949 987
953 995
956 982
958 974
959 965
968 977
971 979
978 994
985 995
986 992
991 999
