0 107
0 146
0 555
0 604
0 820
1 257
1 258
1 490
1 776
1 862
1 940
2 112
2 206
2 270
2 337
2 538
2 733
2 757
2 817
2 850
3 163
3 258
3 451
3 519
3 674
4 94
4 108
4 169
4 258
4 266
4 268
4 299
4 314
4 475
4 480
4 515
4 528
4 575
4 576
4 601
4 629
4 742
4 846
4 889
4 913
4 921
4 965
5 94
5 155
5 185
5 238
5 413
5 565
5 601
5 647
5 738
5 742
5 772
5 996
6 799
7 39
7 120
7 211
7 272
7 447
7 570
7 701
7 914
7 938
8 221
8 623
8 721
9 38
9 106
9 270
10 258
10 432
10 965
11 965
12 381
12 538
13 155
13 214
13 328
13 399
13 711
13 900
13 910
13 965
14 151
14 279
14 289
14 413
14 965
15 783
16 474
17 104
17 275
17 480
17 559
17 697
17 893
18 164
18 167
18 336
18 572
18 601
19 63
19 96
19 119
19 221
19 258
19 445
19 480
19 942
19 995
20 209
20 429
20 552
20 872
20 887
20 889
21 155
21 214
21 342
21 415
21 673
21 711
22 179
22 601
22 871
23 38
23 92
23 99
23 107
23 155
23 193
23 239
23 258
23 263
23 287
23 406
23 519
23 545
23 596
23 601
23 606
23 624
23 671
23 674
23 689
23 781
23 797
23 804
23 870
23 876
23 878
23 939
23 970
23 993
24 166
24 446
24 480
25 234
25 384
25 674
26 32
26 188
26 483
26 527
26 601
26 713
26 771
26 965
27 293
27 430
27 496
27 623
28 258
29 227
29 700
29 996
30 35
30 269
30 587
30 799
30 973
31 36
31 165
31 166
31 258
31 596
31 642
31 652
31 654
31 666
32 169
32 188
32 364
32 413
32 432
32 481
32 527
32 532
32 601
32 713
32 771
32 965
33 107
33 146
33 258
33 545
33 555
33 589
33 663
34 133
34 258
34 506
35 269
35 290
35 587
35 743
35 799
35 934
35 973
36 166
36 258
36 564
36 596
36 642
36 652
37 56
37 61
37 258
37 706
37 857
38 61
38 66
38 94
38 106
38 107
38 112
38 114
38 172
38 194
38 206
38 218
38 270
38 381
38 413
38 538
38 598
38 606
38 656
38 674
38 704
38 725
38 736
38 757
38 797
38 817
38 878
38 939
38 941
38 948
38 963
38 965
38 972
39 175
39 272
39 938
39 945
40 47
40 94
40 169
40 258
40 275
40 396
40 480
40 496
40 528
40 618
40 694
40 837
40 838
40 854
40 922
41 334
41 413
41 504
41 601
42 57
42 81
42 155
42 161
42 164
42 167
42 169
42 413
42 444
42 515
42 528
42 547
42 601
42 685
42 761
42 762
42 831
42 846
42 872
42 919
42 996
43 601
43 644
43 965
43 996
44 185
44 601
44 899
44 996
45 258
45 538
45 812
45 892
45 895
46 258
46 417
46 487
46 797
46 878
46 907
46 956
47 52
47 56
47 75
47 104
47 166
47 169
47 201
47 206
47 221
47 228
47 230
47 246
47 258
47 275
47 284
47 300
47 308
47 413
47 446
47 452
47 480
47 496
47 528
47 538
47 556
47 558
47 559
47 596
47 597
47 601
47 694
47 697
47 795
47 851
47 893
47 965
47 996
48 72
48 258
48 275
48 452
48 528
48 619
48 694
48 851
49 201
49 308
49 323
49 480
49 953
50 399
50 549
50 742
50 859
50 996
51 194
51 206
51 270
51 354
51 426
51 478
51 636
51 725
51 739
51 878
52 308
52 480
52 597
53 73
53 206
53 746
53 786
54 175
54 178
55 440
55 442
56 61
56 68
56 89
56 99
56 133
56 135
56 155
56 166
56 169
56 171
56 189
56 198
56 206
56 215
56 227
56 257
56 258
56 348
56 361
56 373
56 496
56 506
56 509
56 528
56 586
56 596
56 601
56 641
56 664
56 684
56 706
56 707
56 730
56 742
56 756
56 855
56 856
56 857
56 877
56 893
56 926
56 928
56 933
56 948
56 952
56 972
56 996
57 155
57 161
57 164
57 167
57 169
57 227
57 258
57 357
57 444
57 463
57 488
57 528
57 601
57 650
57 690
57 761
57 846
57 872
57 884
57 889
57 919
57 986
58 269
58 570
58 716
58 799
58 965
60 208
60 389
60 401
60 481
60 548
60 601
61 101
61 124
61 133
61 186
61 198
61 206
61 221
61 234
61 258
61 316
61 347
61 348
61 366
61 373
61 380
61 400
61 435
61 490
61 496
61 506
61 528
61 601
61 628
61 642
61 657
61 664
61 674
61 756
61 857
61 864
61 933
61 948
62 520
62 573
62 870
62 876
63 166
63 182
63 221
63 228
63 258
63 382
63 430
63 453
63 489
63 496
63 623
63 721
63 727
63 763
63 790
63 943
64 227
65 383
65 532
65 601
65 888
66 244
66 258
66 448
66 505
66 804
67 108
67 164
67 169
67 431
67 496
67 690
67 846
67 996
68 198
68 258
68 348
68 564
68 641
68 752
68 856
68 857
68 948
69 169
69 258
69 528
69 579
70 336
70 583
70 831
71 166
71 169
71 221
71 248
71 258
71 298
71 307
71 420
71 421
71 435
71 453
71 480
71 482
71 496
71 503
71 585
71 596
71 617
71 638
71 731
71 750
71 775
71 805
71 843
71 909
71 923
72 104
72 275
72 452
72 567
72 619
72 851
73 566
73 786
74 133
74 186
74 258
74 857
74 948
75 104
75 230
75 275
75 452
75 480
75 795
75 893
76 481
77 282
77 356
77 517
77 538
78 275
79 481
80 258
80 265
80 674
80 717
80 767
80 804
81 169
81 650
81 846
82 353
82 601
82 613
82 852
83 965
84 447
85 130
85 156
85 258
85 302
85 397
85 413
85 483
85 510
85 580
85 601
85 965
85 969
86 479
86 601
86 996
87 155
87 214
87 342
87 742
87 749
88 183
88 716
88 741
88 799
88 883
88 965
89 93
89 94
89 118
89 128
89 154
89 166
89 169
89 190
89 221
89 227
89 229
89 252
89 257
89 258
89 297
89 338
89 346
89 348
89 378
89 421
89 480
89 490
89 496
89 538
89 550
89 593
89 596
89 601
89 607
89 610
89 616
89 623
89 628
89 642
89 643
89 652
89 662
89 678
89 706
89 740
89 776
89 791
89 829
89 839
89 857
89 862
89 878
89 940
89 948
89 950
89 952
89 972
90 155
90 399
90 549
90 601
90 699
90 742
90 859
90 997
91 107
91 985
92 99
92 689
93 191
93 593
93 596
93 601
93 623
93 654
93 678
93 791
93 886
94 116
94 121
94 138
94 140
94 155
94 156
94 166
94 169
94 185
94 206
94 214
94 227
94 238
94 258
94 269
94 275
94 306
94 318
94 330
94 343
94 353
94 355
94 365
94 369
94 399
94 412
94 413
94 424
94 433
94 457
94 465
94 479
94 480
94 481
94 492
94 496
94 499
94 502
94 504
94 528
94 529
94 532
94 549
94 556
94 561
94 565
94 601
94 602
94 608
94 623
94 644
94 647
94 665
94 688
94 699
94 700
94 711
94 716
94 738
94 742
94 753
94 772
94 798
94 799
94 831
94 834
94 841
94 852
94 853
94 859
94 881
94 888
94 889
94 899
94 905
94 921
94 924
94 935
94 972
94 973
94 978
94 996
95 570
96 228
96 445
96 480
96 496
97 164
97 167
97 240
97 376
97 846
97 872
97 919
98 169
98 201
98 228
98 250
98 258
98 480
98 496
98 556
98 601
98 622
98 825
98 833
98 842
99 239
99 258
99 406
99 674
99 689
99 804
99 876
100 197
100 413
100 532
100 549
100 551
100 601
100 888
100 924
101 258
101 333
101 702
101 948
102 201
102 480
102 556
102 622
103 107
103 206
103 258
103 267
103 540
103 646
103 797
103 878
103 916
103 982
104 166
104 169
104 228
104 246
104 258
104 275
104 323
104 413
104 480
104 496
104 558
104 559
104 619
104 697
104 795
104 851
104 889
104 893
104 996
105 457
105 615
105 888
106 114
106 194
106 206
106 258
106 270
106 381
106 538
106 601
106 736
106 817
106 941
107 206
107 236
107 258
107 460
107 471
107 530
107 545
107 555
107 625
107 663
107 704
107 755
107 821
107 948
107 985
108 155
108 167
108 169
108 256
108 258
108 299
108 488
108 515
108 528
108 629
108 686
108 690
108 872
108 921
108 986
108 996
109 979
110 152
110 155
110 214
110 328
110 362
110 399
111 319
111 789
111 998
112 153
112 194
112 206
112 233
112 258
112 321
112 326
112 337
112 356
112 413
112 485
112 528
112 538
112 554
112 592
112 596
112 605
112 606
112 704
112 764
112 817
112 850
112 863
112 939
112 941
112 996
113 258
113 408
113 672
113 780
113 799
113 908
113 973
114 194
114 402
114 704
114 878
115 123
115 186
115 198
115 204
115 258
115 348
115 395
115 706
116 159
116 269
116 408
116 474
116 799
116 917
116 965
116 973
117 119
117 228
117 496
117 687
118 297
118 607
119 137
119 228
119 275
119 300
119 525
119 942
120 175
120 180
120 254
120 258
120 272
120 285
120 294
120 518
120 890
120 914
120 938
121 185
121 227
121 601
121 647
121 742
121 759
121 881
121 899
121 935
121 996
122 166
122 221
122 496
122 788
123 204
123 258
123 348
124 133
124 166
124 237
124 258
124 333
124 380
124 400
124 538
124 657
124 703
124 726
124 804
124 948
125 156
125 200
125 309
125 385
125 413
125 512
125 601
125 888
125 965
125 996
126 167
126 386
127 166
127 221
127 258
127 390
127 489
127 496
127 596
127 623
127 813
127 996
127 999
128 133
128 249
128 257
128 258
128 348
128 391
128 485
128 601
128 641
128 664
128 777
128 855
128 857
128 877
128 926
128 948
129 413
129 483
129 524
129 601
129 665
129 799
129 965
129 969
130 322
130 413
130 601
130 612
131 596
132 350
132 538
132 570
132 630
132 992
133 166
133 169
133 186
133 198
133 258
133 324
133 400
133 506
133 538
133 542
133 590
133 657
133 704
133 756
133 828
133 857
133 933
133 948
133 968
134 226
134 258
134 484
134 604
134 797
135 258
135 684
135 857
136 206
136 531
136 704
136 815
137 228
137 480
137 687
137 833
138 601
138 742
138 853
138 996
139 369
139 601
139 996
140 185
140 601
140 899
140 996
141 258
141 348
141 777
141 855
141 926
142 789
143 272
143 304
143 413
143 440
143 548
143 716
143 799
143 965
144 168
144 199
144 258
144 304
144 401
144 413
144 481
144 538
144 601
144 708
144 744
144 799
144 965
144 973
144 996
145 185
145 601
145 644
146 258
146 555
146 604
146 820
146 970
147 152
147 155
147 328
148 155
148 583
148 831
149 155
149 174
149 637
149 911
151 200
151 279
151 302
151 413
151 830
152 155
152 214
152 227
152 328
152 996
153 326
153 381
153 538
153 606
153 633
153 941
154 166
154 189
154 190
154 228
154 229
154 257
154 258
154 490
154 596
154 610
154 641
154 662
154 740
154 776
154 829
154 839
154 940
154 972
155 164
155 166
155 167
155 168
155 169
155 174
155 185
155 202
155 205
155 214
155 218
155 221
155 227
155 231
155 240
155 258
155 276
155 277
155 299
155 311
155 312
155 314
155 328
155 329
155 330
155 336
155 339
155 342
155 353
155 359
155 362
155 367
155 370
155 399
155 405
155 413
155 415
155 422
155 425
155 428
155 431
155 436
155 438
155 447
155 456
155 463
155 465
155 477
155 481
155 496
155 513
155 515
155 528
155 538
155 549
155 550
155 561
155 568
155 569
155 575
155 583
155 596
155 601
155 603
155 609
155 613
155 629
155 637
155 644
155 647
155 650
155 652
155 655
155 667
155 673
155 688
155 695
155 699
155 700
155 711
155 723
155 742
155 756
155 761
155 779
155 811
155 822
155 829
155 831
155 834
155 846
155 849
155 852
155 859
155 866
155 889
155 900
155 905
155 910
155 919
155 965
155 975
155 978
155 980
155 986
155 996
155 997
156 167
156 200
156 279
156 385
156 399
156 413
156 459
156 462
156 483
156 502
156 512
156 601
156 658
156 737
156 799
156 850
156 925
156 965
156 969
156 996
157 341
157 447
157 754
157 806
157 832
157 867
158 203
158 320
158 511
158 528
158 801
158 889
159 269
159 716
159 741
159 799
159 883
160 227
160 353
160 601
160 852
161 169
161 256
161 528
161 650
161 690
162 169
162 300
162 468
162 525
162 623
163 258
163 451
164 167
164 169
164 227
164 240
164 256
164 258
164 376
164 413
164 437
164 496
164 515
164 528
164 547
164 575
164 601
164 690
164 742
164 761
164 831
164 846
164 872
164 900
164 919
164 986
164 989
164 996
165 258
165 596
166 167
166 169
166 182
166 184
166 198
166 201
166 206
166 213
166 221
166 228
166 243
166 248
166 252
166 257
166 258
166 298
166 307
166 348
166 381
166 382
166 390
166 393
166 398
166 411
166 413
166 420
166 421
166 430
166 435
166 445
166 446
166 451
166 453
166 454
166 480
166 482
166 489
166 490
166 496
166 500
166 503
166 528
166 538
166 550
166 556
166 569
166 575
166 578
166 583
166 585
166 596
166 601
166 617
166 619
166 623
166 628
166 631
166 634
166 641
166 645
166 652
166 654
166 657
166 662
166 666
166 677
166 681
166 727
166 731
166 733
166 742
166 745
166 750
166 758
166 763
166 775
166 776
166 788
166 790
166 802
166 805
166 813
166 814
166 824
166 826
166 843
166 859
166 862
166 885
166 888
166 889
166 909
166 927
166 943
166 948
166 965
166 966
166 996
166 999
167 169
167 227
167 258
167 286
167 299
167 305
167 336
167 359
167 376
167 399
167 413
167 480
167 496
167 513
167 528
167 572
167 583
167 601
167 629
167 696
167 742
167 831
167 846
167 848
167 852
167 872
167 889
167 920
167 951
167 986
167 996
168 199
168 276
168 304
168 481
168 601
168 704
168 799
168 836
169 185
169 195
169 202
169 203
169 214
169 221
169 227
169 229
169 231
169 256
169 257
169 258
169 266
169 268
169 275
169 299
169 305
169 311
169 314
169 318
169 328
169 336
169 348
169 349
169 353
169 357
169 360
169 370
169 376
169 399
169 412
169 413
169 419
169 431
169 444
169 446
169 463
169 475
169 477
169 480
169 481
169 483
169 488
169 494
169 496
169 497
169 501
169 511
169 515
169 516
169 528
169 538
169 549
169 552
169 568
169 569
169 575
169 576
169 579
169 583
169 596
169 601
169 606
169 609
169 629
169 631
169 639
169 641
169 648
169 650
169 652
169 653
169 685
169 686
169 690
169 697
169 698
169 711
169 717
169 741
169 742
169 756
169 762
169 763
169 773
169 776
169 787
169 799
169 801
169 811
169 831
169 840
169 846
169 852
169 854
169 872
169 874
169 884
169 889
169 893
169 898
169 905
169 913
169 919
169 921
169 922
169 927
169 930
169 948
169 965
169 975
169 977
169 986
169 996
169 997
170 413
171 189
171 196
171 198
171 257
171 258
171 344
171 346
171 348
171 398
171 485
171 490
171 496
171 522
171 596
171 628
171 641
171 660
171 662
171 776
171 857
171 862
171 940
172 194
172 218
172 274
172 606
173 217
173 258
173 295
173 714
173 918
173 948
174 637
174 831
174 852
174 911
175 178
175 180
175 211
175 258
175 272
175 285
175 294
175 341
175 447
175 518
175 570
175 599
175 601
175 754
175 799
175 890
175 895
175 914
175 936
175 938
175 945
175 965
175 996
176 225
176 679
177 704
177 733
177 817
178 206
178 223
178 538
179 424
179 965
180 202
180 254
180 258
180 272
180 294
180 341
180 413
180 447
180 518
180 570
180 599
180 733
180 806
180 890
180 914
180 936
180 938
180 973
181 432
181 568
181 732
181 737
181 944
181 965
182 258
182 430
182 489
182 496
182 596
182 601
182 623
182 627
182 763
182 790
182 943
183 192
183 269
183 716
183 741
183 799
184 496
184 727
184 996
185 214
185 227
185 330
185 355
185 413
185 465
185 513
185 549
185 565
185 601
185 647
185 719
185 738
185 742
185 753
185 759
185 785
185 799
185 853
185 899
185 935
185 996
186 258
186 496
186 506
186 596
186 601
186 730
186 756
186 933
186 952
186 968
187 413
187 424
188 534
188 595
188 769
188 771
188 965
189 229
189 257
189 258
189 434
189 490
189 596
189 641
189 660
189 675
189 776
189 803
189 862
189 940
190 229
190 258
190 740
190 829
190 952
190 972
191 258
191 678
192 403
192 601
192 716
192 983
193 258
193 295
193 562
193 717
193 724
193 735
193 931
194 206
194 218
194 258
194 466
194 528
194 606
194 704
194 736
194 757
194 817
194 878
194 996
196 258
196 485
196 641
196 877
197 413
197 532
197 551
197 601
198 258
198 324
198 348
198 361
198 373
198 400
198 472
198 506
198 509
198 543
198 590
198 596
198 664
198 670
198 684
198 704
198 756
198 776
198 799
198 828
198 857
198 878
198 948
198 996
199 304
199 413
199 481
199 601
199 799
199 836
199 965
200 413
200 601
201 221
201 228
201 250
201 258
201 480
201 556
201 622
201 825
201 833
201 842
202 206
202 254
202 258
202 262
202 272
202 273
202 285
202 387
202 388
202 447
202 461
202 533
202 538
202 601
202 632
202 704
202 799
202 860
202 867
202 914
202 938
202 946
202 965
202 973
203 320
203 511
203 528
203 575
203 889
203 989
204 348
204 641
204 915
205 399
206 218
206 221
206 226
206 229
206 247
206 254
206 258
206 263
206 269
206 270
206 275
206 281
206 348
206 354
206 374
206 381
206 413
206 417
206 426
206 478
206 496
206 514
206 526
206 536
206 538
206 545
206 570
206 573
206 589
206 596
206 598
206 601
206 606
206 623
206 628
206 636
206 640
206 642
206 656
206 657
206 674
206 704
206 717
206 725
206 733
206 739
206 756
206 792
206 797
206 804
206 815
206 817
206 846
206 847
206 850
206 875
206 878
206 888
206 897
206 906
206 916
206 939
206 941
206 948
206 956
206 963
206 965
206 973
206 986
206 996
207 704
207 847
208 389
208 401
208 548
208 799
209 887
209 889
209 994
210 337
210 606
210 868
210 939
210 941
211 272
212 381
212 392
212 538
212 606
212 661
212 692
212 941
212 988
212 996
213 228
213 445
213 496
213 677
214 227
214 258
214 328
214 329
214 342
214 353
214 362
214 367
214 399
214 405
214 413
214 415
214 449
214 528
214 529
214 549
214 568
214 575
214 601
214 629
214 641
214 673
214 711
214 742
214 749
214 831
214 852
214 900
214 905
214 965
214 975
214 980
214 986
214 996
215 348
215 706
215 752
215 857
216 470
216 799
216 880
217 258
217 295
217 366
217 371
217 601
217 652
217 918
218 258
218 466
218 538
218 704
218 736
218 757
218 878
218 941
219 258
219 519
219 601
219 874
220 381
220 538
220 606
220 661
220 988
221 227
221 248
221 258
221 298
221 300
221 307
221 382
221 390
221 420
221 430
221 435
221 453
221 480
221 482
221 489
221 496
221 564
221 578
221 585
221 596
221 601
221 623
221 627
221 631
221 638
221 652
221 705
221 721
221 731
221 750
221 775
221 805
221 813
221 826
221 857
221 909
221 923
221 990
221 996
222 258
222 522
222 641
223 799
224 528
224 569
224 889
225 258
225 540
225 679
225 916
226 258
226 484
226 530
226 540
226 601
226 797
226 818
226 821
226 965
227 258
227 277
227 311
227 328
227 340
227 342
227 353
227 399
227 413
227 415
227 477
227 496
227 528
227 549
227 568
227 575
227 583
227 596
227 601
227 609
227 700
227 711
227 723
227 742
227 762
227 787
227 799
227 831
227 846
227 852
227 859
227 872
227 884
227 889
227 905
227 910
227 911
227 919
227 921
227 954
227 965
227 996
228 250
228 258
228 300
228 375
228 445
228 446
228 480
228 489
228 496
228 556
228 601
228 622
228 623
228 687
228 697
228 825
228 833
228 842
228 942
229 258
229 643
229 704
229 740
229 776
229 827
229 839
229 940
229 972
230 275
230 851
231 889
233 258
233 538
233 554
233 669
233 817
233 850
233 863
233 939
233 941
234 258
234 384
234 674
234 717
234 781
235 310
235 965
236 258
236 797
237 258
237 948
238 330
238 399
238 413
238 601
238 608
238 647
238 772
238 996
239 258
239 263
239 406
239 671
239 804
240 258
240 690
240 831
240 846
240 872
240 919
240 996
241 413
241 416
241 455
241 524
241 601
241 665
241 965
242 413
242 416
242 455
242 502
242 665
242 668
242 676
242 769
242 965
243 454
243 623
244 258
244 418
244 505
244 621
245 356
245 538
245 605
245 941
246 275
246 480
246 697
247 757
247 932
248 453
248 496
248 617
248 638
248 826
249 391
249 485
250 480
250 496
250 556
250 742
250 825
250 833
250 842
251 552
252 258
252 338
252 596
252 652
252 654
252 803
252 814
252 958
253 309
253 413
253 459
253 601
253 615
253 799
253 971
254 294
254 599
254 890
255 470
255 799
256 357
256 515
256 690
257 258
257 271
257 344
257 346
257 398
257 434
257 490
257 596
257 660
257 662
257 675
257 740
257 776
257 777
257 829
257 857
257 862
257 885
257 940
257 952
257 964
257 972
258 263
258 264
258 265
258 267
258 269
258 270
258 271
258 272
258 275
258 280
258 287
258 291
258 292
258 293
258 295
258 296
258 297
258 298
258 299
258 300
258 304
258 307
258 315
258 316
258 321
258 324
258 332
258 333
258 337
258 347
258 348
258 361
258 366
258 371
258 373
258 374
258 377
258 380
258 381
258 382
258 384
258 391
258 395
258 398
258 399
258 400
258 404
258 408
258 413
258 415
258 417
258 418
258 420
258 421
258 426
258 430
258 432
258 433
258 434
258 445
258 446
258 447
258 448
258 451
258 453
258 454
258 460
258 464
258 471
258 472
258 480
258 481
258 483
258 484
258 485
258 489
258 490
258 491
258 493
258 496
258 505
258 506
258 508
258 509
258 517
258 519
258 520
258 526
258 528
258 538
258 540
258 542
258 543
258 545
258 550
258 555
258 556
258 558
258 562
258 564
258 566
258 568
258 569
258 570
258 571
258 574
258 578
258 581
258 582
258 583
258 585
258 586
258 588
258 589
258 590
258 591
258 596
258 598
258 601
258 604
258 606
258 610
258 611
258 613
258 614
258 619
258 620
258 621
258 623
258 624
258 625
258 628
258 629
258 636
258 640
258 641
258 642
258 643
258 646
258 647
258 652
258 653
258 654
258 657
258 660
258 662
258 663
258 664
258 670
258 672
258 674
258 675
258 678
258 679
258 683
258 684
258 689
258 690
258 691
258 693
258 697
258 702
258 704
258 706
258 707
258 710
258 714
258 716
258 717
258 721
258 724
258 726
258 727
258 728
258 730
258 735
258 740
258 741
258 742
258 746
258 751
258 752
258 755
258 756
258 757
258 758
258 767
258 775
258 776
258 777
258 780
258 781
258 782
258 783
258 790
258 791
258 797
258 799
258 802
258 803
258 804
258 809
258 814
258 815
258 817
258 818
258 819
258 820
258 821
258 828
258 829
258 831
258 839
258 843
258 846
258 850
258 852
258 855
258 856
258 857
258 862
258 864
258 867
258 870
258 872
258 873
258 874
258 875
258 876
258 877
258 878
258 881
258 885
258 888
258 889
258 891
258 893
258 908
258 915
258 918
258 919
258 926
258 931
258 933
258 937
258 938
258 939
258 940
258 941
258 948
258 952
258 956
258 963
258 965
258 968
258 970
258 972
258 973
258 985
258 986
258 990
258 993
258 994
258 996
259 306
259 330
259 369
259 601
259 965
259 996
260 528
260 889
261 269
261 716
261 741
261 799
261 883
262 860
263 624
263 674
263 876
264 448
264 519
264 562
264 571
264 717
264 735
265 371
265 767
266 511
266 528
266 576
266 629
266 913
266 986
267 646
267 916
267 982
268 528
268 552
268 807
268 889
268 903
269 290
269 413
269 481
269 587
269 715
269 716
269 741
269 743
269 799
269 816
269 883
269 901
269 934
269 941
269 973
270 354
270 426
270 514
270 526
270 538
270 606
270 636
270 656
270 704
270 725
270 739
270 747
270 764
270 815
270 847
270 850
270 878
270 941
270 965
271 490
271 641
271 662
271 776
272 518
272 538
272 601
272 715
272 799
272 890
272 914
272 936
272 938
272 945
272 965
274 327
275 311
275 368
275 452
275 480
275 496
275 515
275 528
275 552
275 558
275 567
275 596
275 601
275 619
275 629
275 694
275 697
275 742
275 795
275 837
275 851
275 854
275 878
275 888
275 889
275 893
275 996
276 304
276 413
276 481
276 601
276 691
276 741
276 794
276 965
277 353
277 359
277 438
277 513
277 583
277 601
277 831
278 528
278 930
279 289
279 413
279 601
279 830
279 996
280 337
280 410
280 588
280 606
280 939
281 704
281 963
282 356
282 517
282 538
282 780
283 413
283 601
283 965
284 308
284 480
284 697
284 893
285 890
285 914
286 305
286 399
287 640
287 876
288 413
288 414
288 532
288 601
288 768
288 841
288 888
288 924
289 334
289 413
290 743
290 799
291 878
292 302
292 322
292 413
292 416
292 483
292 510
292 532
292 580
292 601
292 612
292 665
292 676
292 965
292 996
293 454
293 496
293 623
294 538
294 890
294 914
295 333
295 366
295 519
295 683
295 702
295 714
295 717
295 889
295 891
295 918
295 948
296 717
297 338
297 628
297 740
297 857
298 453
298 503
298 578
298 638
298 775
299 314
299 357
299 360
299 515
299 528
299 629
299 846
299 889
299 986
300 308
300 468
300 480
300 496
300 525
300 596
300 623
301 517
301 538
302 322
302 413
302 432
302 483
302 510
302 532
302 601
302 612
302 665
302 760
302 965
302 996
303 566
303 786
304 432
304 481
304 965
305 696
305 831
306 330
306 413
306 601
306 742
306 834
306 965
306 996
307 482
307 750
308 323
308 480
308 556
308 596
308 782
308 893
308 953
309 330
309 351
309 413
309 459
309 532
309 601
309 615
309 799
309 800
309 830
309 888
309 889
309 924
309 965
309 969
309 996
310 432
310 601
310 965
311 353
311 477
311 601
311 609
311 700
311 723
311 787
311 852
311 996
312 399
312 568
312 601
312 695
312 742
312 846
312 967
312 996
313 403
313 799
313 983
314 528
314 921
315 348
315 829
315 855
315 915
316 506
316 657
316 756
316 948
317 769
317 965
318 479
318 601
318 888
319 949
320 575
320 889
321 606
321 850
321 939
321 965
322 413
322 965
323 480
323 782
323 953
324 400
324 506
324 596
324 611
324 670
324 828
324 857
325 748
325 845
326 337
326 381
326 427
326 538
326 606
326 704
326 939
326 941
328 399
328 528
328 601
328 831
328 965
328 996
329 342
330 413
330 499
330 532
330 601
330 996
331 596
331 865
331 984
332 417
332 526
332 728
333 371
333 496
333 693
333 702
333 948
334 413
335 496
335 500
335 596
335 623
336 399
336 547
336 572
336 601
336 650
336 696
336 831
336 920
336 951
337 538
337 588
337 606
337 850
337 868
337 939
337 941
337 965
338 596
338 641
338 829
338 952
339 399
339 529
339 601
339 667
339 742
339 849
339 859
339 975
339 996
340 399
340 647
340 742
340 910
340 996
341 447
341 806
341 867
342 415
342 568
342 601
342 996
343 601
343 798
343 996
344 398
344 490
344 662
344 776
344 829
345 831
345 852
346 601
346 641
346 662
347 948
348 395
348 398
348 434
348 485
348 496
348 528
348 601
348 641
348 662
348 706
348 707
348 752
348 777
348 850
348 855
348 857
348 862
348 915
348 926
348 948
348 972
349 801
349 840
349 989
351 413
351 459
351 601
351 800
351 830
352 626
352 873
352 903
353 399
353 413
353 477
353 528
353 568
353 601
353 609
353 623
353 700
353 723
353 831
353 852
353 954
353 996
354 636
354 739
355 601
355 647
355 996
356 381
356 517
356 538
356 601
356 606
356 674
356 780
356 879
356 939
356 965
357 528
357 601
357 650
357 690
359 583
359 655
359 765
359 831
360 528
360 629
360 831
360 986
361 373
361 590
361 670
361 706
362 405
362 822
363 413
363 532
363 601
363 688
364 413
364 771
364 965
365 521
365 601
365 742
365 859
365 947
366 683
366 918
366 948
367 742
367 980
367 996
368 558
369 479
369 601
369 834
369 996
370 889
370 961
371 756
372 748
373 400
373 480
373 506
373 509
373 590
373 596
373 624
373 641
373 664
373 670
373 684
373 703
373 756
373 828
373 857
373 996
374 487
374 747
375 486
376 431
377 601
377 715
377 716
377 799
377 844
377 861
377 965
377 973
378 628
379 599
380 400
380 756
380 948
381 392
381 432
381 498
381 537
381 538
381 588
381 601
381 605
381 606
381 620
381 633
381 661
381 692
381 704
381 742
381 780
381 799
381 863
381 868
381 878
381 892
381 939
381 941
381 965
381 988
382 430
382 480
382 489
382 496
382 500
382 596
382 623
382 727
382 763
383 413
383 601
383 615
383 888
384 451
384 674
384 819
385 413
385 462
385 512
385 601
385 771
385 823
385 965
386 583
386 920
386 996
387 447
387 867
388 867
389 548
390 482
390 496
390 596
391 563
391 641
391 855
392 498
392 537
392 538
392 633
392 941
392 988
393 596
393 645
393 966
393 984
394 480
394 600
394 955
394 981
396 694
396 854
397 413
397 483
397 601
398 596
398 641
398 776
398 862
399 413
399 415
399 422
399 456
399 480
399 521
399 528
399 529
399 549
399 568
399 601
399 613
399 659
399 667
399 695
399 711
399 742
399 831
399 852
399 859
399 866
399 900
399 905
399 910
399 947
399 975
399 980
399 996
400 657
400 756
400 857
400 948
401 413
401 581
401 601
401 799
401 965
402 538
402 704
403 523
403 983
404 589
404 604
406 689
407 413
407 658
408 799
408 965
408 973
409 593
409 596
409 678
409 791
410 538
410 606
410 939
411 420
411 421
411 496
412 532
412 601
412 904
412 996
413 416
413 432
413 450
413 455
413 456
413 459
413 462
413 480
413 481
413 483
413 496
413 502
413 504
413 512
413 524
413 528
413 532
413 538
413 549
413 551
413 556
413 565
413 580
413 581
413 582
413 583
413 596
413 601
413 606
413 608
413 612
413 615
413 623
413 644
413 652
413 658
413 665
413 676
413 688
413 698
413 708
413 711
413 732
413 741
413 742
413 769
413 771
413 785
413 797
413 799
413 800
413 823
413 830
413 831
413 857
413 859
413 871
413 888
413 889
413 892
413 902
413 924
413 925
413 965
413 969
413 971
413 973
413 976
413 996
414 768
414 841
414 888
414 924
415 549
415 568
415 711
415 742
415 900
415 910
415 996
416 455
416 582
417 526
417 728
417 747
418 735
419 511
419 528
419 575
419 601
419 801
420 421
420 596
420 843
420 987
421 496
421 596
421 642
421 745
421 843
421 987
422 456
422 529
422 568
422 601
422 742
422 859
422 975
422 996
423 601
423 615
423 965
424 912
424 965
425 568
425 742
425 905
425 996
426 514
426 704
426 815
427 538
427 606
427 868
427 939
427 941
428 549
428 742
428 996
429 480
429 596
429 887
429 889
429 994
430 489
430 496
430 528
430 596
430 623
430 634
430 727
430 763
430 790
431 742
431 846
432 473
432 502
432 534
432 577
432 595
432 596
432 799
432 944
432 965
432 973
432 996
433 560
433 601
433 711
433 742
433 853
433 996
434 490
434 641
434 660
434 776
434 862
434 940
434 964
435 496
435 585
435 745
435 775
436 996
437 547
437 601
437 761
437 846
437 872
438 513
438 613
438 831
439 596
439 642
440 601
440 716
440 996
441 552
441 807
441 889
442 799
443 754
443 806
443 890
444 463
444 488
444 690
444 996
445 557
445 995
446 480
446 496
446 528
446 623
446 962
446 996
447 461
447 799
447 860
447 867
447 938
447 965
447 996
449 568
449 601
449 980
450 523
450 716
450 799
450 880
450 965
450 973
451 493
451 519
451 674
451 717
451 751
451 756
451 819
451 876
451 948
452 480
452 558
452 567
452 619
452 851
453 496
453 503
453 578
453 596
453 750
453 775
453 826
454 496
454 623
455 502
455 582
455 601
455 769
455 965
456 549
456 601
456 667
456 742
456 859
456 967
456 975
456 978
456 996
457 459
457 601
457 615
457 647
457 841
457 888
457 924
457 965
458 601
458 649
458 901
458 908
458 946
458 965
459 601
459 965
460 545
460 591
460 663
460 818
462 512
462 601
462 823
462 965
462 996
463 515
463 601
463 690
463 884
464 757
465 601
465 785
465 974
465 996
467 653
467 807
467 852
467 873
468 496
469 601
469 644
469 647
469 996
470 635
470 799
471 755
472 506
473 732
473 965
474 778
474 973
475 528
475 576
476 938
477 528
477 609
477 831
477 852
477 954
477 996
478 636
478 725
478 739
479 601
479 799
479 996
480 489
480 490
480 496
480 519
480 528
480 552
480 556
480 558
480 559
480 585
480 596
480 597
480 600
480 601
480 619
480 622
480 623
480 629
480 647
480 652
480 677
480 682
480 687
480 694
480 697
480 742
480 763
480 776
480 782
480 799
480 825
480 833
480 851
480 852
480 889
480 919
480 953
480 955
480 981
480 990
480 996
481 483
481 538
481 594
481 595
481 601
481 651
481 676
481 691
481 734
481 794
481 799
481 836
481 965
481 973
481 996
482 496
482 652
482 750
482 826
482 909
482 965
483 510
483 601
483 612
483 665
483 965
485 490
485 596
485 641
485 662
485 776
485 777
485 855
485 877
485 940
485 996
487 526
487 747
488 528
488 601
488 690
488 884
489 496
489 500
489 525
489 596
489 601
489 623
489 627
489 727
489 763
489 790
489 943
490 593
490 596
490 623
490 641
490 660
490 662
490 740
490 776
490 827
490 829
490 857
490 862
490 940
490 948
490 952
490 972
490 996
491 601
491 837
491 838
491 922
491 927
492 601
493 751
494 528
494 629
495 564
495 596
495 631
495 652
495 803
496 500
496 506
496 507
496 519
496 525
496 528
496 538
496 556
496 564
496 578
496 585
496 593
496 596
496 601
496 606
496 623
496 627
496 628
496 629
496 631
496 634
496 641
496 642
496 648
496 652
496 653
496 654
496 677
496 681
496 687
496 697
496 704
496 721
496 727
496 742
496 750
496 756
496 758
496 763
496 776
496 788
496 790
496 796
496 799
496 805
496 813
496 857
496 872
496 889
496 943
496 965
496 996
496 999
497 528
497 575
497 840
498 538
498 601
498 606
498 633
498 941
499 601
499 996
501 889
502 582
502 601
502 668
502 676
502 769
502 799
502 965
503 578
503 638
504 601
505 621
506 509
506 538
506 543
506 590
506 596
506 611
506 664
506 670
506 684
506 756
506 933
506 940
506 948
507 698
508 596
508 642
508 652
508 803
508 885
508 990
509 670
509 703
509 730
509 857
510 601
510 965
511 575
511 742
511 801
511 852
511 889
512 580
512 601
512 823
512 969
513 601
513 831
514 704
514 725
514 878
515 528
515 686
515 804
515 872
515 884
515 996
516 556
516 622
517 538
517 574
517 605
517 780
517 808
517 941
518 890
518 914
519 628
519 674
519 717
519 724
519 735
519 751
519 804
519 819
519 948
520 876
521 601
521 742
521 859
521 996
522 641
523 799
523 983
524 665
525 544
525 991
526 606
526 704
526 728
526 878
526 965
527 601
527 713
527 771
527 965
528 541
528 556
528 568
528 569
528 575
528 576
528 583
528 596
528 601
528 619
528 623
528 629
528 641
528 648
528 652
528 697
528 700
528 711
528 742
528 801
528 811
528 831
528 840
528 846
528 852
528 884
528 889
528 898
528 913
528 919
528 921
528 930
528 951
528 959
528 961
528 977
528 986
528 989
528 996
529 742
529 859
529 947
529 978
529 996
530 821
531 656
531 704
531 815
532 551
532 601
532 602
532 615
532 647
532 888
532 924
532 965
532 976
532 996
533 614
533 632
533 960
533 965
534 965
535 601
535 644
536 704
536 878
537 538
537 633
537 692
537 704
538 570
538 574
538 588
538 592
538 596
538 598
538 601
538 605
538 606
538 623
538 633
538 652
538 661
538 680
538 692
538 704
538 709
538 716
538 718
538 725
538 780
538 783
538 797
538 799
538 812
538 850
538 858
538 868
538 875
538 878
538 879
538 892
538 938
538 939
538 941
538 948
538 965
538 973
538 988
538 996
538 998
539 610
539 740
539 829
539 952
539 972
540 566
540 704
540 797
540 878
540 916
540 956
540 982
541 569
541 653
541 889
541 977
542 948
543 684
545 555
545 591
545 625
545 663
545 755
545 804
545 818
545 876
545 963
546 960
547 761
547 846
547 872
549 568
549 601
549 647
549 659
549 699
549 742
549 882
549 947
549 996
549 997
550 654
550 803
550 814
551 601
551 888
551 924
551 965
552 889
553 596
553 642
553 652
553 885
554 850
554 863
555 604
555 820
555 878
555 970
556 559
556 596
556 601
556 687
556 825
556 833
556 842
556 965
556 996
557 623
557 995
558 795
558 893
558 922
559 697
559 795
559 893
560 601
560 603
560 742
560 759
560 996
561 601
561 647
561 753
561 957
561 996
562 571
562 717
562 735
562 931
562 937
563 855
563 926
564 596
564 652
565 601
565 602
565 647
565 742
565 798
565 996
566 786
568 601
568 695
568 711
568 742
568 852
568 859
568 866
568 900
568 905
568 910
568 947
568 965
568 967
568 975
568 996
569 575
569 601
569 653
569 889
569 977
569 996
570 630
570 783
570 965
571 717
571 937
572 996
573 857
573 876
574 780
574 879
575 629
575 840
575 961
575 989
575 996
577 965
578 731
580 601
580 965
580 969
581 601
581 871
581 912
581 965
582 601
582 665
582 668
582 676
582 769
582 799
582 965
583 601
583 613
583 690
583 742
583 765
583 831
583 846
583 852
583 919
583 951
583 986
583 996
585 596
585 652
585 745
585 750
585 923
586 703
586 857
587 716
587 743
587 799
587 934
588 606
588 850
588 939
588 941
589 604
589 767
590 933
591 818
592 606
592 850
593 678
593 791
593 803
594 651
594 799
594 965
595 965
596 601
596 610
596 616
596 623
596 627
596 628
596 631
596 638
596 641
596 642
596 645
596 652
596 654
596 662
596 664
596 666
596 684
596 704
596 705
596 742
596 745
596 750
596 775
596 790
596 802
596 803
596 814
596 818
596 843
596 855
596 857
596 862
596 865
596 885
596 926
596 927
596 940
596 950
596 965
596 966
596 972
596 984
596 987
596 990
596 996
598 704
598 757
598 764
598 941
599 601
599 806
599 914
600 981
601 602
601 606
601 608
601 609
601 612
601 613
601 615
601 619
601 623
601 629
601 630
601 632
601 641
601 643
601 644
601 647
601 649
601 650
601 652
601 658
601 662
601 665
601 675
601 676
601 682
601 690
601 697
601 699
601 700
601 704
601 711
601 712
601 715
601 716
601 719
601 723
601 727
601 732
601 737
601 738
601 742
601 753
601 760
601 769
601 771
601 772
601 779
601 785
601 787
601 797
601 798
601 799
601 800
601 803
601 817
601 818
601 823
601 830
601 831
601 834
601 841
601 846
601 849
601 852
601 853
601 857
601 859
601 867
601 871
601 872
601 878
601 881
601 882
601 884
601 888
601 889
601 899
601 900
601 904
601 905
601 910
601 912
601 919
601 921
601 924
601 925
601 935
601 939
601 948
601 951
601 952
601 954
601 957
601 965
601 971
601 973
601 974
601 980
601 986
601 996
602 647
602 742
602 899
602 996
603 996
604 820
604 985
605 633
605 965
606 623
606 797
606 799
606 815
606 817
606 850
606 868
606 878
606 939
606 941
606 948
606 965
606 988
607 628
607 654
608 996
609 647
609 700
609 723
609 787
609 852
609 954
609 996
610 643
610 827
610 829
610 839
610 952
611 828
613 852
613 996
614 632
615 888
615 924
615 965
615 971
615 996
616 628
617 731
617 750
617 775
618 837
618 854
619 851
620 764
620 817
622 697
622 825
622 833
622 893
623 634
623 652
623 727
623 763
623 790
623 826
623 831
623 843
623 857
623 893
623 948
623 965
623 995
624 674
628 643
628 652
628 791
628 839
628 940
628 950
628 952
628 972
629 648
629 797
629 799
629 801
629 831
629 846
629 889
629 898
629 930
629 948
629 959
629 965
629 977
629 986
629 996
631 652
631 705
631 865
631 966
632 960
633 692
635 778
635 799
636 704
637 831
637 911
638 731
638 750
638 775
638 826
639 653
639 889
640 870
640 876
641 662
641 776
641 877
641 926
641 940
641 948
641 972
641 996
642 652
642 654
642 662
642 666
642 791
642 802
642 803
642 814
642 885
642 972
642 990
643 839
643 972
644 996
646 797
647 673
647 719
647 742
647 753
647 759
647 779
647 798
647 852
647 853
647 881
647 899
647 935
647 957
647 965
649 799
649 901
649 908
649 946
649 973
650 690
650 742
650 831
651 965
652 678
652 788
652 803
652 857
652 885
652 940
652 972
652 990
652 996
653 889
653 961
653 977
654 803
654 814
654 824
654 829
654 886
654 958
655 831
656 704
656 815
656 906
657 756
657 948
659 742
659 779
659 996
660 662
660 675
660 776
660 862
661 939
661 941
661 988
662 776
662 855
662 862
662 940
662 964
664 670
664 684
664 703
664 828
664 857
665 676
665 742
665 771
665 965
665 996
667 742
667 859
667 975
667 978
667 996
668 769
669 863
670 684
671 674
672 799
672 908
673 996
674 689
674 717
674 751
674 781
674 797
674 804
674 819
674 876
674 996
675 776
675 862
676 769
676 965
676 996
680 783
683 756
683 804
683 948
684 730
684 857
684 928
684 965
685 846
686 846
686 986
687 842
688 904
689 781
689 876
689 993
690 831
690 846
690 872
690 884
690 919
690 921
691 965
692 988
693 702
694 837
694 854
695 742
696 848
696 951
697 893
698 889
699 742
699 996
700 742
700 787
700 831
700 852
700 888
700 951
700 996
701 808
701 938
702 704
703 928
704 725
704 739
704 797
704 815
704 818
704 847
704 878
704 896
704 906
704 917
704 956
704 963
704 965
704 973
704 996
705 865
706 707
706 857
706 996
707 926
709 812
709 892
711 742
711 749
711 831
711 859
711 900
711 905
711 910
711 965
711 967
711 996
713 965
714 948
715 799
715 844
715 894
715 965
715 973
716 741
716 743
716 799
716 883
716 934
716 965
716 973
716 996
717 724
717 735
717 804
717 937
719 753
719 996
720 878
721 796
723 787
723 996
724 735
724 931
725 815
725 878
725 965
727 943
728 746
728 878
728 897
729 748
730 857
731 750
731 775
732 965
733 817
734 965
735 937
737 858
737 944
737 965
740 776
740 827
740 829
740 972
741 799
741 883
741 996
742 779
742 784
742 799
742 822
742 831
742 846
742 849
742 852
742 853
742 859
742 866
742 881
742 882
742 888
742 889
742 899
742 905
742 910
742 947
742 965
742 967
742 973
742 975
742 978
742 996
742 997
743 799
743 883
743 934
746 878
747 797
747 897
748 799
749 859
749 996
750 775
750 843
750 923
753 996
754 806
754 996
756 828
756 857
756 864
756 948
757 817
757 932
758 999
759 996
761 846
761 872
762 846
763 790
763 943
765 831
765 835
766 783
766 895
767 809
768 888
768 924
769 965
770 998
771 799
771 965
771 996
773 837
773 838
773 922
775 826
776 827
776 829
776 862
776 940
776 948
776 952
776 964
776 972
777 855
777 926
778 799
779 784
779 996
780 879
780 941
781 804
782 996
783 799
783 896
783 941
783 979
784 996
785 996
787 831
787 911
787 996
789 949
790 991
792 878
793 799
793 973
794 965
797 804
797 818
797 821
797 878
797 916
797 982
798 996
799 816
799 836
799 878
799 880
799 883
799 888
799 901
799 908
799 912
799 934
799 941
799 946
799 960
799 965
799 973
799 983
799 996
801 889
801 893
801 898
802 803
802 814
802 990
803 814
803 885
803 889
803 948
803 952
803 990
803 996
804 878
804 939
806 965
808 938
811 959
811 986
813 999
814 958
815 878
815 906
815 963
817 850
817 939
817 941
817 988
818 878
820 970
821 878
823 965
824 886
825 833
825 842
827 829
827 839
827 972
828 857
828 933
828 948
829 940
829 952
829 972
831 835
831 846
831 852
831 889
831 951
831 995
831 996
836 965
837 854
839 952
839 972
840 989
841 888
841 924
841 965
844 894
844 965
844 973
846 852
846 859
846 872
846 919
846 965
846 986
846 996
848 951
849 859
849 882
849 996
850 863
850 939
850 941
850 988
852 911
852 986
852 996
853 881
853 996
855 857
855 926
855 940
855 996
856 857
857 928
857 933
857 948
857 996
858 944
858 965
859 882
859 910
859 947
859 978
859 996
860 996
861 973
862 940
864 948
865 966
866 905
866 996
868 939
868 941
869 927
870 876
871 912
871 965
872 919
872 951
872 996
875 879
876 878
878 941
878 956
878 963
878 965
881 899
881 935
881 974
881 996
882 996
884 921
884 996
885 990
887 889
887 994
888 924
888 965
888 996
889 961
889 965
889 977
889 996
890 914
892 895
892 939
894 973
899 974
899 996
900 905
900 910
900 996
901 908
901 946
901 965
901 973
902 965
905 910
905 996
907 956
908 965
908 973
910 996
912 965
914 936
914 945
914 965
916 982
917 973
919 996
921 986
921 996
924 965
925 969
926 972
933 948
933 968
935 996
936 938
938 965
938 973
939 941
940 965
940 972
941 965
941 988
941 996
944 965
946 973
947 978
947 996
948 968
948 996
951 996
952 972
955 981
957 996
963 965
965 969
965 973
965 996
969 996
973 996
974 996
975 996
976 996
978 996
980 996
986 996
996 997
