0 81
0 332
0 336
0 394
0 420
0 500
0 543
0 600
0 788
0 902
0 972
0 996
1 47
1 108
1 302
1 359
1 454
1 472
1 869
1 952
2 97
2 201
2 330
2 938
3 140
3 184
3 338
3 764
3 817
4 43
4 119
4 390
4 504
4 749
4 844
5 18
5 87
5 249
5 490
5 511
5 591
5 628
5 832
6 40
6 108
6 164
6 232
6 300
6 657
6 733
6 857
6 869
6 890
6 896
7 122
7 211
7 278
7 335
7 592
7 721
7 862
7 899
7 909
8 173
8 490
8 625
8 667
9 127
9 174
9 230
9 425
9 476
9 490
9 581
9 591
9 621
9 758
9 852
9 878
9 916
9 958
10 48
10 74
10 323
10 626
10 637
10 793
10 823
11 111
11 133
11 178
11 327
11 423
11 470
11 492
11 529
11 651
11 705
11 916
11 947
11 997
12 375
12 392
12 612
12 936
13 208
13 237
13 654
13 784
13 886
13 946
13 988
14 20
14 254
14 591
14 716
14 836
14 878
15 160
15 295
15 524
15 559
15 916
15 919
15 947
15 989
16 50
16 53
16 119
16 145
16 175
16 200
16 237
16 306
16 569
16 656
16 668
16 749
16 783
16 797
17 44
17 190
17 272
17 490
17 639
17 702
17 841
17 918
18 105
18 320
18 399
18 444
18 730
18 791
18 945
19 332
19 420
19 436
19 464
19 465
19 483
19 500
19 543
19 992
19 996
20 716
20 831
20 836
20 960
21 29
21 80
21 129
21 181
21 445
21 541
21 921
22 45
22 55
22 114
22 138
22 183
22 195
22 245
22 346
22 376
22 460
22 490
22 647
22 690
22 820
22 967
23 363
23 385
23 417
23 467
23 670
23 698
23 820
23 830
23 835
23 951
23 967
23 971
24 331
24 810
24 834
25 85
25 154
25 177
25 473
25 477
25 576
25 634
25 700
25 713
25 718
25 851
26 57
26 199
26 357
26 782
27 106
27 365
27 940
28 134
28 562
28 931
29 129
29 181
29 611
30 331
30 509
30 530
30 752
30 860
30 882
31 204
31 314
31 334
31 398
31 463
31 572
31 635
31 811
31 861
31 973
31 984
32 35
32 164
32 314
32 463
32 553
32 572
32 801
32 973
33 102
33 170
33 190
33 209
33 268
33 324
33 490
33 540
33 602
33 680
33 702
33 703
33 770
33 846
33 883
33 918
34 351
34 473
34 510
34 519
35 142
35 164
35 463
35 553
35 591
35 811
35 860
35 973
35 995
36 69
36 113
36 202
36 248
36 343
36 362
36 613
36 671
36 675
36 854
36 903
36 914
37 406
37 618
37 789
37 803
38 120
38 150
38 253
38 388
38 799
39 51
39 99
39 215
39 219
39 273
39 438
39 458
39 481
39 582
39 772
39 816
39 838
40 232
40 300
40 302
40 733
40 857
40 890
41 188
41 349
41 636
41 642
41 831
41 895
41 942
42 264
42 297
42 383
42 538
42 637
43 119
43 504
43 683
43 749
44 639
44 650
44 702
45 55
45 114
45 138
45 193
45 195
45 245
45 346
45 376
45 385
45 490
45 535
45 548
45 690
45 758
45 987
46 168
46 568
46 800
46 876
46 968
46 994
47 124
47 142
47 164
47 377
47 572
47 857
47 917
47 973
47 984
48 74
48 98
48 251
48 297
48 323
48 619
48 626
48 637
48 793
48 823
48 938
48 962
48 986
49 189
49 228
49 502
49 860
49 924
50 53
50 175
50 200
50 306
50 656
50 783
50 813
50 885
51 350
51 438
51 552
51 595
51 599
51 772
51 809
51 853
51 927
52 111
52 133
52 178
52 262
52 327
52 364
52 423
52 490
52 492
52 529
52 591
52 593
52 705
52 743
52 794
52 947
53 145
53 200
53 237
53 287
53 306
53 475
53 569
53 605
53 656
53 677
53 783
53 797
53 817
53 850
53 975
54 147
54 149
54 238
54 483
54 795
54 815
54 996
55 114
55 138
55 183
55 195
55 245
55 346
55 376
55 490
55 690
55 702
55 987
56 385
56 535
56 670
56 798
56 820
56 950
57 67
57 93
57 199
57 284
57 319
57 357
57 782
58 265
58 321
58 597
58 926
59 141
59 297
59 538
59 558
59 669
60 159
60 541
60 642
60 831
61 198
61 307
61 315
61 483
61 501
61 521
61 620
61 633
61 658
62 311
62 405
62 424
62 486
62 513
62 534
62 939
63 100
63 101
63 130
63 136
63 152
63 154
63 177
63 269
63 331
63 351
63 365
63 380
63 427
63 456
63 473
63 478
63 502
63 510
63 551
63 576
63 591
63 663
63 700
63 718
63 725
63 790
63 851
63 860
63 871
63 910
63 924
63 963
63 990
64 70
64 248
64 358
64 360
64 627
64 730
64 791
64 877
64 889
64 945
65 140
65 237
65 338
65 414
65 696
65 813
65 817
65 905
65 975
66 181
66 337
66 482
66 648
66 809
67 72
67 93
67 109
67 357
67 457
67 710
68 184
68 405
68 813
69 107
69 113
69 343
69 360
69 362
69 400
69 496
69 671
69 739
69 840
69 854
69 903
69 914
70 113
70 360
70 627
70 877
70 889
71 94
71 229
71 246
71 380
71 450
71 537
71 547
71 682
71 745
71 753
71 792
72 134
72 143
72 439
72 462
72 562
72 578
72 711
72 769
72 779
72 860
72 931
73 710
73 728
73 808
73 888
74 98
74 196
74 203
74 222
74 247
74 250
74 297
74 309
74 323
74 331
74 378
74 442
74 505
74 506
74 514
74 570
74 619
74 626
74 637
74 659
74 696
74 714
74 754
74 763
74 793
74 823
74 901
74 907
74 962
74 999
75 232
75 302
75 359
75 472
75 857
75 869
75 952
76 145
76 175
76 200
76 237
76 668
76 677
76 885
77 337
77 546
77 809
78 938
79 153
79 822
79 865
80 179
80 180
80 490
80 561
80 586
80 686
80 806
80 809
80 900
80 956
81 240
81 303
81 336
81 543
81 554
81 600
81 603
81 655
81 788
81 812
81 857
81 911
82 171
82 206
82 778
83 179
83 188
83 561
83 686
83 895
83 900
83 956
84 179
84 188
84 220
84 349
84 561
84 636
84 895
84 921
84 942
84 956
84 960
85 154
85 331
85 456
85 477
85 551
85 576
85 718
85 851
85 871
86 173
86 216
86 422
86 490
86 625
86 667
86 679
86 959
87 511
87 544
87 628
87 832
88 408
88 459
88 474
88 514
88 614
88 646
88 776
88 787
88 825
88 862
89 204
89 334
89 398
89 571
89 572
89 617
89 811
89 840
89 857
89 861
89 984
90 502
90 860
90 922
90 924
91 92
91 94
91 158
91 225
91 229
91 236
91 246
91 450
91 547
91 568
91 660
91 682
91 753
91 759
91 789
91 810
91 827
92 246
92 331
92 419
92 547
92 660
92 731
92 800
92 827
93 199
93 284
93 357
93 457
93 781
94 225
94 246
94 450
94 547
94 682
95 162
95 392
95 612
95 643
95 836
95 936
96 117
96 291
96 430
97 330
97 879
97 938
98 196
98 222
98 247
98 250
98 297
98 323
98 331
98 383
98 410
98 433
98 475
98 479
98 484
98 490
98 505
98 506
98 536
98 564
98 570
98 619
98 626
98 637
98 659
98 714
98 754
98 763
98 793
98 823
98 907
99 219
99 273
99 458
99 838
99 847
99 874
100 130
100 136
100 269
100 331
100 427
100 473
100 519
100 860
100 910
100 963
101 177
101 525
101 551
101 634
102 121
102 173
102 317
102 329
102 495
102 702
102 841
102 870
102 918
103 106
103 365
103 435
103 640
103 859
103 904
104 279
104 469
104 557
104 693
105 320
105 399
105 730
105 791
105 945
106 143
106 152
106 155
106 255
106 270
106 365
106 384
106 404
106 435
106 640
106 691
106 799
106 855
106 860
106 940
107 840
107 854
107 914
108 123
108 240
108 300
108 302
108 348
108 359
108 394
108 454
108 472
108 554
108 600
108 666
108 735
108 857
108 869
108 911
108 952
109 146
109 221
109 574
109 710
110 112
110 597
110 653
111 133
111 178
111 262
111 295
111 364
111 492
111 529
111 651
111 695
111 705
111 794
111 916
111 947
111 960
111 997
112 165
112 265
112 653
113 176
113 192
113 202
113 248
113 285
113 343
113 358
113 360
113 362
113 607
113 613
113 671
113 675
113 854
113 875
113 914
114 138
114 183
114 245
114 346
114 376
114 690
114 872
114 987
115 134
115 143
115 284
115 319
115 389
115 781
115 782
115 931
116 658
117 285
117 444
117 495
117 523
117 607
117 846
117 998
118 127
118 174
118 428
118 490
118 581
118 591
118 593
118 758
118 780
118 852
118 966
119 206
119 213
119 237
119 390
119 475
119 504
119 641
119 844
119 928
120 388
120 502
120 860
121 490
121 841
121 918
122 278
122 297
122 403
122 459
122 592
122 664
122 704
122 761
122 829
122 884
122 899
122 909
123 240
123 398
123 666
123 735
123 911
124 164
124 370
124 499
124 801
124 917
125 230
125 244
125 476
125 492
125 493
125 591
125 621
125 674
126 226
126 440
126 778
126 863
127 174
127 230
127 367
127 476
127 581
127 591
127 676
127 758
127 916
127 947
127 966
128 169
128 691
128 760
128 855
128 858
128 859
129 181
129 445
129 482
129 546
129 809
129 921
130 154
130 269
130 456
130 477
130 519
130 576
130 672
130 700
130 718
130 851
130 910
131 205
131 516
131 539
131 689
131 789
131 790
131 828
132 138
132 195
132 490
132 535
133 139
133 178
133 327
133 423
133 470
133 492
133 591
133 593
133 651
133 695
133 705
133 734
133 743
133 758
133 794
133 916
133 930
133 997
134 143
134 389
134 439
134 457
134 562
134 931
135 168
135 234
135 443
135 455
135 568
135 610
135 682
135 759
136 269
136 276
136 331
136 351
136 473
136 478
136 510
136 848
136 990
137 724
137 746
137 819
138 166
138 183
138 193
138 195
138 216
138 245
138 376
138 385
138 490
138 495
138 512
138 535
138 540
138 548
138 670
138 987
139 178
139 295
139 432
139 470
139 492
139 507
139 577
139 736
139 743
139 758
139 916
139 919
139 930
139 989
140 252
140 260
140 338
140 405
140 813
140 817
141 157
141 196
141 297
141 479
141 520
141 538
141 630
141 899
142 164
142 204
142 232
142 356
142 377
142 572
142 657
142 811
142 840
142 861
142 917
142 973
143 261
143 319
143 389
143 412
143 439
143 562
143 578
143 711
143 779
143 781
143 782
143 860
144 213
144 237
144 381
144 440
144 468
144 475
144 641
144 928
145 175
145 237
145 306
145 486
145 605
145 668
145 677
145 749
145 850
145 885
145 975
145 976
146 221
146 261
146 396
146 407
146 542
146 728
146 808
146 957
147 149
147 227
147 238
147 345
147 464
147 483
147 488
147 600
147 633
147 796
147 815
147 996
148 503
148 653
149 238
149 464
149 715
149 796
149 815
150 365
150 624
150 665
150 799
150 949
151 369
151 571
151 840
151 873
152 331
152 382
152 477
152 502
152 688
152 718
152 752
152 860
152 897
153 185
153 239
153 507
153 645
153 692
153 822
153 865
153 916
154 177
154 331
154 477
154 551
154 576
154 672
154 700
154 718
154 851
155 255
155 365
155 371
155 384
155 404
155 760
155 908
156 296
156 536
156 584
156 696
156 697
156 880
156 905
157 196
157 289
157 669
158 214
158 225
158 229
158 246
158 325
158 419
158 547
158 623
158 660
158 682
158 731
158 756
159 220
159 299
159 402
159 642
159 808
159 831
159 956
159 960
160 372
160 432
160 470
160 490
160 522
160 524
160 601
160 736
160 891
160 916
161 180
161 337
161 552
161 565
161 809
161 853
161 927
162 375
162 392
162 612
162 643
162 717
162 936
163 334
163 398
163 572
163 811
164 310
164 356
164 377
164 430
164 490
164 499
164 553
164 635
164 801
164 896
164 917
164 952
164 973
164 980
165 340
165 597
165 653
165 926
166 186
166 216
166 231
166 288
166 313
166 490
166 512
166 625
166 798
166 982
167 217
167 246
167 281
167 325
167 373
167 380
167 406
167 490
167 618
167 756
167 789
167 790
167 803
167 828
167 843
168 234
168 443
168 449
168 455
168 568
168 876
168 899
168 968
169 371
169 387
169 482
169 691
169 760
169 859
170 209
170 268
170 347
170 602
170 846
171 206
171 446
171 608
171 778
171 807
172 252
172 426
172 696
172 813
172 817
172 905
172 937
173 186
173 195
173 216
173 245
173 288
173 302
173 308
173 313
173 327
173 415
173 422
173 490
173 535
173 591
173 621
173 625
173 628
173 667
173 679
173 758
173 798
173 864
173 893
173 948
173 959
174 243
174 283
174 292
174 367
174 423
174 428
174 490
174 492
174 507
174 581
174 589
174 591
174 593
174 621
174 676
174 744
174 758
174 780
174 798
174 852
174 860
174 916
174 947
174 953
174 966
174 991
175 200
175 237
175 668
175 677
175 783
175 797
175 885
176 263
176 285
176 361
176 527
176 540
176 870
176 920
176 973
177 294
177 331
177 431
177 456
177 490
177 525
177 551
177 579
177 634
177 687
177 713
177 718
177 792
177 814
177 828
177 860
177 906
177 954
177 963
178 292
178 327
178 364
178 392
178 423
178 425
178 470
178 507
178 533
178 601
178 651
178 695
178 705
178 734
178 743
178 916
178 930
178 947
178 997
179 188
179 299
179 561
179 895
179 956
180 565
180 595
180 642
180 786
180 809
180 853
181 445
181 541
181 611
181 809
181 921
181 956
182 227
182 489
182 795
182 992
182 996
183 193
183 245
183 346
183 376
183 535
183 690
183 872
183 987
184 252
184 405
184 817
185 580
185 645
185 865
185 935
186 216
186 288
186 313
186 490
186 512
186 690
186 798
187 273
187 350
187 438
187 552
187 595
187 599
187 772
187 927
188 220
188 349
188 636
188 642
188 895
188 942
188 956
189 305
189 502
189 860
189 924
190 272
190 540
190 639
190 702
190 918
191 442
191 570
192 212
192 362
192 369
192 398
192 400
192 471
192 496
192 604
192 617
192 678
192 730
192 840
193 195
193 245
193 346
193 376
193 490
193 535
193 548
193 690
193 987
194 196
194 297
194 383
194 410
195 245
195 376
195 490
195 535
195 548
195 690
195 947
196 224
196 259
196 264
196 293
196 297
196 323
196 378
196 383
196 508
196 538
196 626
196 637
196 659
196 669
196 682
196 901
196 962
196 999
197 517
197 563
197 789
198 286
198 315
198 480
198 483
198 501
198 521
198 633
198 658
198 856
198 902
199 357
199 781
200 237
200 306
200 668
200 677
200 885
201 242
201 297
201 339
201 536
201 609
201 742
201 748
201 777
201 981
201 983
202 248
202 343
202 362
202 400
202 613
202 675
202 903
203 304
203 344
203 368
203 416
203 433
203 452
203 497
203 587
203 696
203 833
204 334
204 398
204 572
204 973
204 984
205 217
205 421
205 684
205 689
205 789
205 790
206 213
206 226
206 237
206 379
206 381
206 434
206 440
206 446
206 483
206 504
206 594
206 778
206 807
206 923
207 257
207 642
207 765
207 836
207 936
207 960
208 315
208 494
208 654
208 724
208 784
208 819
208 946
208 988
208 996
209 268
209 347
209 532
209 602
209 607
209 680
209 770
209 818
209 846
209 934
210 415
210 670
210 706
210 830
210 950
210 967
211 279
211 335
211 403
211 411
211 664
211 704
211 707
211 829
211 899
212 398
212 471
212 496
212 604
212 617
212 671
212 678
212 840
212 854
213 237
213 381
213 468
213 475
213 504
213 641
213 797
213 844
213 928
214 229
214 419
214 429
214 623
214 660
214 682
214 731
215 219
215 273
215 366
215 441
215 458
215 481
215 582
215 816
215 838
215 847
215 874
215 957
216 231
216 313
216 385
216 422
216 490
216 512
216 591
216 625
216 667
216 798
216 832
216 864
216 982
217 325
217 331
217 373
217 409
217 421
217 450
217 789
217 790
217 803
217 828
217 860
217 867
218 354
218 507
218 916
218 919
219 273
219 337
219 438
219 481
219 490
219 552
219 582
219 599
219 772
219 816
219 838
219 874
220 299
220 349
220 402
220 642
220 766
221 357
221 562
221 574
222 247
222 250
222 297
222 330
222 659
222 754
222 823
223 297
223 298
223 661
223 696
223 817
223 979
224 293
224 297
224 378
224 383
224 508
224 630
224 767
224 999
225 229
225 419
225 547
225 623
225 660
225 682
225 731
225 756
225 759
225 800
225 827
226 237
226 434
226 440
226 468
226 590
226 594
226 797
226 863
226 923
227 436
227 795
227 992
227 996
228 860
229 246
229 281
229 331
229 380
229 429
229 443
229 450
229 510
229 537
229 547
229 568
229 660
229 682
229 689
229 731
229 745
229 753
229 756
229 789
229 800
229 803
229 843
229 909
230 244
230 249
230 448
230 476
230 490
230 493
230 591
230 621
230 674
230 758
230 852
230 916
230 958
230 966
231 288
231 313
231 422
231 490
231 798
231 864
232 300
232 499
232 657
232 733
232 857
232 869
232 890
232 896
233 387
233 855
233 858
233 860
234 443
234 455
234 610
235 237
235 307
235 549
235 712
235 757
236 429
236 466
236 487
236 568
236 660
236 682
236 699
236 731
236 759
236 792
236 800
236 912
237 297
237 306
237 326
237 381
237 391
237 464
237 468
237 475
237 536
237 590
237 605
237 617
237 626
237 641
237 656
237 749
237 778
237 797
237 839
237 863
237 887
237 928
238 464
238 465
238 483
238 488
238 489
238 600
238 715
238 795
238 796
238 815
238 845
238 996
239 681
239 836
239 960
240 336
240 359
240 603
240 655
240 666
240 735
241 278
241 312
241 335
241 341
241 352
241 355
241 459
241 514
241 520
241 558
241 564
241 592
241 614
241 644
241 646
241 704
241 761
241 762
241 776
241 825
241 837
241 862
241 899
241 909
241 915
242 330
242 777
242 938
243 283
243 425
243 589
243 593
243 758
244 476
244 493
244 591
244 621
244 852
245 346
245 376
245 385
245 417
245 490
245 535
245 548
245 591
245 690
245 860
245 950
245 987
246 258
246 331
246 380
246 406
246 419
246 429
246 450
246 455
246 466
246 487
246 537
246 547
246 557
246 660
246 682
246 684
246 731
246 756
246 759
246 792
246 800
246 827
246 828
246 843
247 442
247 626
247 823
247 892
247 932
248 343
248 360
248 362
248 613
248 671
248 675
248 702
248 854
248 875
248 903
249 428
249 490
249 511
250 297
250 479
250 505
250 626
250 637
250 659
251 626
251 892
251 986
252 260
252 391
252 424
252 426
252 498
252 696
252 813
252 817
252 850
252 937
252 979
253 365
253 388
253 437
253 799
253 860
254 316
254 533
254 716
254 960
255 270
255 365
255 371
255 384
255 404
255 760
255 904
255 908
255 940
256 267
256 490
256 507
256 583
256 722
256 768
257 716
257 836
257 960
258 466
258 682
258 912
259 282
259 386
259 518
259 570
259 879
260 513
260 813
260 817
261 573
261 629
261 653
261 719
261 955
261 957
262 327
262 423
262 492
262 529
262 651
262 736
262 794
262 916
262 947
262 953
263 285
263 393
263 399
263 418
263 709
263 730
263 791
263 842
263 945
264 297
264 383
264 538
264 685
264 925
265 321
265 503
265 552
265 597
265 726
265 926
266 443
266 449
266 455
266 466
266 487
266 682
266 800
267 413
267 507
267 583
267 722
267 729
267 768
267 785
267 935
268 347
268 540
268 602
268 607
268 680
268 770
268 818
268 846
268 934
269 331
269 427
269 478
269 510
269 700
269 713
269 718
269 860
269 871
269 910
269 963
270 365
270 384
270 404
271 369
271 617
271 840
271 873
272 439
272 467
272 495
272 591
272 639
272 650
272 702
272 841
272 918
273 350
273 438
273 458
273 481
273 582
273 726
273 772
273 838
273 847
273 874
273 927
273 965
274 280
274 433
274 536
274 616
274 880
274 981
275 374
275 556
275 559
275 580
275 916
276 331
276 351
276 478
276 510
276 517
276 519
276 563
276 977
277 491
277 536
277 555
277 652
277 708
277 824
278 335
278 403
278 592
278 899
278 909
279 469
279 557
279 693
279 741
280 616
280 880
281 325
281 331
281 380
281 406
281 450
281 537
281 684
281 756
281 789
281 800
282 386
282 442
282 518
282 570
282 699
282 742
283 292
283 331
283 367
283 425
283 470
283 490
283 589
283 591
283 593
283 758
283 826
283 947
284 319
284 331
284 457
284 710
284 781
284 782
285 393
285 418
285 444
285 447
285 490
285 515
285 523
285 527
285 709
285 730
285 791
285 842
285 998
286 401
286 488
286 526
286 715
286 856
286 894
287 311
287 326
287 391
287 405
287 513
287 534
287 656
287 817
287 887
288 313
288 490
288 512
288 591
288 628
288 798
288 982
289 297
289 479
289 614
289 631
289 669
289 925
290 612
290 765
290 916
291 430
291 607
291 898
291 920
292 367
292 428
292 490
292 492
292 581
292 589
292 591
292 593
292 621
292 625
292 676
292 947
293 297
293 508
293 669
293 999
294 456
294 551
294 713
294 718
294 814
294 851
294 860
294 906
295 372
295 423
295 490
295 492
295 507
295 585
295 916
295 919
295 978
295 989
296 616
296 697
296 880
296 905
297 339
297 373
297 378
297 383
297 410
297 433
297 479
297 506
297 508
297 518
297 536
297 538
297 558
297 614
297 619
297 630
297 637
297 659
297 669
297 685
297 696
297 699
297 714
297 754
297 767
297 823
297 829
297 860
297 862
297 901
297 909
297 915
297 999
298 368
298 391
298 433
298 661
298 696
298 740
298 976
299 385
299 402
299 642
299 831
299 900
300 310
300 733
300 857
300 890
300 896
300 952
301 458
301 847
302 303
302 332
302 359
302 472
302 600
302 735
302 795
302 857
302 869
302 902
302 911
302 973
302 980
303 336
303 348
303 554
303 600
303 603
303 655
303 812
304 433
304 452
304 536
304 833
304 976
305 502
305 860
305 922
306 405
306 783
306 797
306 885
307 315
307 501
307 598
307 712
307 757
308 490
308 738
308 798
308 893
309 638
309 849
310 370
310 499
310 567
310 657
310 980
310 995
311 486
311 513
311 534
311 749
311 817
311 939
312 341
312 514
312 520
312 626
312 644
312 682
312 762
312 776
312 825
312 837
312 862
312 899
312 909
312 915
313 422
313 490
313 512
313 591
313 625
313 628
313 798
313 959
313 982
314 572
314 635
314 694
314 811
314 861
314 902
314 973
314 984
315 342
315 483
315 488
315 494
315 501
315 549
315 598
315 712
315 757
315 886
316 716
316 836
316 916
316 941
316 960
317 639
317 702
317 870
317 918
318 334
318 398
318 492
318 540
318 811
318 840
318 973
319 389
319 457
319 781
319 782
320 399
320 540
320 730
320 791
320 945
321 597
321 653
321 926
322 799
323 626
323 637
323 823
324 490
324 540
324 702
324 846
324 883
325 380
325 406
325 537
325 682
325 684
325 756
325 789
325 800
325 803
325 810
325 828
326 405
326 486
326 534
326 609
326 805
326 817
326 887
327 413
327 423
327 490
327 492
327 529
327 560
327 651
327 695
327 705
327 794
327 916
327 930
327 947
327 953
327 997
328 886
329 333
329 451
329 490
329 495
329 727
329 841
329 918
329 948
330 518
330 570
330 587
330 619
330 626
330 777
330 938
331 351
331 365
331 431
331 456
331 466
331 473
331 477
331 478
331 502
331 510
331 514
331 516
331 519
331 551
331 557
331 563
331 576
331 611
331 634
331 640
331 672
331 700
331 707
331 713
331 718
331 742
331 745
331 752
331 756
331 789
331 790
331 803
331 810
331 814
331 834
331 848
331 851
331 860
331 871
331 897
331 904
331 906
331 910
331 915
331 963
331 977
331 990
332 394
332 420
332 464
332 500
332 543
332 788
332 902
332 933
333 451
333 490
333 495
333 727
333 773
333 841
333 918
333 948
334 398
334 572
334 811
335 411
335 664
335 761
335 829
335 884
335 899
336 343
336 359
336 496
336 554
336 600
336 603
336 655
336 666
336 735
336 812
336 902
336 972
337 383
337 482
337 546
337 595
337 611
337 648
337 786
338 405
338 414
338 813
338 817
338 976
339 433
339 566
339 609
339 622
339 626
339 696
339 747
339 748
339 777
339 981
339 983
340 503
340 719
340 808
341 355
341 514
341 520
341 592
341 721
341 899
341 909
341 915
342 549
343 358
343 369
343 671
343 675
343 771
343 854
343 875
343 903
344 452
344 536
344 555
344 615
345 464
345 465
345 483
345 490
345 845
346 376
346 385
346 535
346 690
346 820
346 950
346 987
347 461
347 532
347 607
347 680
347 703
347 818
348 655
348 911
349 546
349 636
349 642
349 766
349 831
349 942
349 956
350 438
350 552
350 582
350 595
350 772
351 473
351 478
351 510
351 516
351 519
351 563
351 689
351 810
351 848
351 851
351 977
352 355
352 459
352 474
352 514
352 762
352 825
352 837
352 862
352 915
353 396
353 407
353 542
353 808
354 413
354 490
354 507
354 785
355 459
355 514
355 704
355 825
355 862
355 909
356 377
356 801
356 917
357 781
358 360
358 362
358 675
358 771
358 875
358 889
359 454
359 472
359 666
359 857
359 869
359 952
360 362
360 369
360 531
360 675
360 771
360 875
360 877
360 889
360 945
361 444
361 998
362 613
362 671
362 675
362 771
362 840
362 854
362 875
362 903
362 914
362 920
363 385
363 415
363 417
363 690
363 706
363 950
364 492
364 529
364 591
364 651
364 794
364 947
365 371
365 389
365 404
365 435
365 640
365 711
365 799
365 860
365 904
365 940
365 949
366 847
366 965
367 593
367 736
367 744
367 758
367 826
367 947
368 416
368 433
368 452
368 497
368 498
368 587
368 696
368 802
368 833
368 976
368 979
369 398
369 471
369 496
369 572
369 604
369 617
369 811
369 840
369 861
369 903
370 490
371 384
371 404
371 908
372 423
372 432
372 470
372 507
372 524
372 601
372 695
372 736
372 821
372 891
372 916
372 919
372 947
372 989
373 421
373 539
373 689
373 789
373 790
373 803
373 828
373 867
374 392
374 507
374 580
374 794
375 865
375 936
376 490
376 535
376 548
376 690
376 987
377 917
378 383
378 508
378 538
378 630
378 767
379 395
379 778
379 844
380 406
380 419
380 466
380 537
380 547
380 682
380 684
380 745
380 753
380 756
380 789
380 790
380 828
380 843
381 468
381 590
381 641
382 688
382 860
383 405
383 410
383 479
383 538
383 558
383 626
383 664
383 669
383 685
383 767
383 999
384 387
384 404
384 435
384 691
384 799
384 859
384 860
384 904
384 908
385 415
385 417
385 490
385 535
385 602
385 662
385 670
385 701
385 702
385 706
385 723
385 727
385 820
385 830
385 835
385 881
385 948
385 950
385 951
385 967
386 570
387 404
387 642
387 781
387 799
387 855
387 858
388 437
388 502
388 799
389 781
389 782
390 475
390 683
390 749
390 885
391 433
391 534
391 656
391 764
391 805
391 887
392 591
392 612
392 642
392 643
392 645
392 681
392 717
392 860
392 865
392 936
392 960
393 418
393 444
393 515
393 528
393 730
393 842
393 920
394 420
394 543
394 600
394 603
394 788
394 795
394 902
394 933
395 434
395 594
395 778
396 542
396 629
396 808
396 957
397 502
397 922
397 985
398 571
398 572
398 811
398 873
398 917
398 973
399 418
399 730
399 791
399 842
400 854
400 914
401 464
401 483
401 488
401 521
401 526
401 658
401 751
401 856
402 642
402 766
402 809
402 956
403 592
403 664
403 693
403 704
403 829
403 884
403 899
403 915
404 435
404 760
404 799
404 908
404 940
405 424
405 433
405 486
405 534
405 696
405 747
405 813
405 817
406 756
406 803
407 573
407 574
407 728
407 888
408 459
408 474
408 558
408 614
408 646
408 762
408 787
408 825
409 516
409 539
409 663
409 867
410 564
411 592
411 664
411 776
411 829
411 884
411 899
411 909
412 673
412 711
412 769
412 964
412 993
413 507
413 583
413 722
413 729
413 785
413 919
414 813
414 817
414 937
415 670
415 830
415 967
415 971
416 433
416 452
416 497
416 536
416 587
416 696
416 802
416 833
416 976
417 490
417 706
417 820
417 830
417 950
417 967
418 444
418 515
418 528
418 709
419 623
419 660
419 682
419 731
419 759
419 800
419 860
420 436
420 543
420 788
420 902
420 933
421 689
421 789
421 790
421 828
422 490
422 625
422 667
422 798
422 864
423 470
423 490
423 492
423 529
423 560
423 695
423 705
423 734
423 736
423 916
423 930
423 935
423 947
423 997
424 513
424 534
424 795
424 817
425 589
425 593
425 744
425 916
425 947
425 991
426 498
426 817
426 937
427 700
427 860
427 963
428 470
428 476
428 589
428 593
428 621
428 628
428 758
428 780
428 947
429 487
429 547
429 682
429 792
429 800
430 515
430 540
430 607
430 703
430 898
430 920
431 737
431 814
431 860
432 470
432 490
432 524
432 601
432 736
432 821
432 891
432 916
432 930
433 452
433 490
433 497
433 504
433 536
433 545
433 584
433 587
433 615
433 652
433 696
433 697
433 708
433 747
433 802
433 804
433 817
433 833
433 970
433 976
433 979
434 594
434 658
435 439
435 640
435 940
436 483
436 500
436 788
436 902
436 933
437 502
438 441
438 490
438 552
438 561
438 565
438 582
438 595
438 599
438 772
438 809
438 847
438 853
439 578
439 711
439 779
439 964
440 590
440 863
441 458
441 481
441 582
441 816
441 838
441 926
442 626
442 699
443 466
443 537
443 568
443 610
443 682
443 994
444 515
444 528
444 709
444 840
444 842
445 541
445 611
445 921
446 608
446 778
446 807
446 819
446 863
447 515
447 709
447 998
448 476
448 490
448 493
448 581
448 591
448 621
448 625
448 758
449 450
449 455
449 466
449 563
449 610
449 682
449 707
449 792
449 800
449 803
450 547
450 682
450 745
451 495
451 540
451 596
451 698
451 702
451 706
451 723
451 732
451 773
451 841
451 868
451 918
451 948
452 497
452 536
452 587
452 802
452 817
452 833
452 976
453 507
453 580
454 472
454 857
455 487
455 610
455 682
456 502
456 525
456 551
456 576
456 634
456 687
456 713
456 718
456 737
456 814
456 827
456 851
456 860
456 906
457 578
457 781
457 782
458 481
458 838
459 520
459 626
459 644
459 685
459 762
459 825
459 862
459 909
459 915
460 872
461 607
461 703
461 934
462 711
462 779
463 553
463 694
463 861
463 973
464 465
464 483
464 488
464 500
464 526
464 554
464 778
464 815
464 845
464 894
464 943
464 974
464 996
464 999
465 483
465 715
465 845
465 974
466 682
466 800
467 495
467 670
467 830
467 835
467 881
467 950
467 967
467 971
468 641
469 557
469 741
470 490
470 522
470 524
470 559
470 577
470 585
470 591
470 593
470 601
470 628
470 642
470 651
470 695
470 705
470 736
470 743
470 821
470 916
470 919
470 930
470 947
470 960
470 997
471 496
471 604
471 617
471 671
471 973
472 869
473 478
473 510
474 614
474 646
474 761
474 776
474 787
475 504
475 751
475 928
476 490
476 493
476 511
476 581
476 591
476 593
476 621
476 674
476 758
476 852
476 958
476 966
477 576
477 672
477 718
477 851
477 871
478 510
478 910
478 990
479 514
479 614
479 631
479 669
479 721
479 776
479 787
479 828
480 658
481 582
481 772
481 816
481 838
481 847
481 874
482 490
482 648
482 809
483 488
483 500
483 501
483 526
483 658
483 715
483 751
483 795
483 796
483 815
483 845
483 974
483 992
483 996
484 619
484 626
484 823
484 866
485 769
485 964
485 993
486 513
486 534
486 817
486 939
486 975
487 682
487 775
487 792
487 800
488 526
488 715
488 751
488 845
488 894
489 795
489 796
489 996
490 492
490 495
490 507
490 511
490 512
490 521
490 524
490 535
490 536
490 540
490 548
490 591
490 607
490 625
490 628
490 632
490 639
490 647
490 667
490 670
490 671
490 675
490 679
490 690
490 695
490 696
490 698
490 702
490 734
490 736
490 738
490 758
490 771
490 794
490 795
490 798
490 808
490 820
490 821
490 826
490 832
490 835
490 840
490 841
490 842
490 846
490 852
490 868
490 874
490 878
490 891
490 893
490 903
490 916
490 918
490 936
490 941
490 945
490 947
490 948
490 950
490 951
490 958
490 959
490 967
490 971
490 973
490 982
490 987
490 989
491 536
491 588
491 615
491 652
491 747
491 824
492 524
492 529
492 560
492 591
492 632
492 651
492 705
492 758
492 794
492 916
492 947
492 997
493 591
493 621
493 674
493 758
494 724
494 746
494 988
495 596
495 639
495 662
495 723
495 727
495 773
495 841
495 868
495 870
495 918
495 948
496 617
496 840
496 854
497 802
497 833
497 976
499 567
499 980
499 995
500 600
500 788
500 795
500 815
500 869
500 902
500 996
501 521
501 598
501 620
501 633
501 712
501 755
501 757
501 815
501 856
502 509
502 530
502 634
502 682
502 799
502 851
502 859
502 860
502 882
502 897
502 922
502 924
502 985
503 629
503 653
503 926
503 957
504 844
504 928
505 626
505 714
505 754
505 907
506 754
506 901
507 524
507 556
507 559
507 580
507 583
507 585
507 591
507 645
507 692
507 722
507 729
507 768
507 785
507 795
507 860
507 865
507 878
507 891
507 916
507 919
507 930
507 935
507 978
507 989
508 630
508 754
508 767
508 999
509 718
509 752
509 860
509 882
510 519
510 848
510 977
510 990
511 591
511 628
511 947
512 625
512 798
512 864
512 982
513 534
513 817
513 937
513 939
514 520
514 592
514 644
514 704
514 721
514 762
514 837
514 899
514 909
515 842
515 945
515 998
516 539
516 663
516 789
516 828
516 867
518 570
519 634
519 977
520 669
520 825
520 837
520 899
520 909
521 633
521 658
522 577
522 736
522 743
522 821
523 998
524 585
524 601
524 758
524 794
524 821
524 891
524 916
524 947
524 989
525 551
525 634
525 687
525 713
525 718
526 715
526 751
526 795
526 894
527 709
527 877
527 998
528 709
528 842
529 651
529 947
529 997
530 579
530 752
530 860
530 882
530 922
531 627
531 889
532 540
532 607
532 680
532 702
532 770
532 818
532 934
533 642
533 681
533 716
533 878
533 941
533 960
534 656
534 696
534 813
534 817
534 937
534 939
535 548
535 591
535 662
535 690
535 758
535 841
535 881
535 916
535 947
535 971
535 987
536 545
536 550
536 584
536 588
536 615
536 626
536 652
536 696
536 697
536 708
536 747
536 767
536 804
536 824
536 833
536 860
536 880
536 905
536 969
536 979
537 539
537 547
537 682
537 684
537 745
537 756
537 789
537 803
537 828
537 833
537 843
537 860
538 564
538 685
539 689
539 718
539 789
539 790
539 860
539 867
540 602
540 639
540 650
540 680
540 702
540 770
540 818
540 836
540 841
540 883
540 916
540 918
540 948
541 921
542 808
542 888
543 788
543 902
543 933
544 591
544 832
545 697
545 747
545 880
545 905
546 575
546 809
546 921
547 623
547 660
547 759
547 775
547 800
547 827
548 690
550 615
550 708
550 747
551 634
551 672
551 687
551 713
551 718
551 851
551 860
551 906
552 595
552 599
552 728
552 772
552 809
552 853
552 874
552 927
552 956
553 572
553 694
553 973
554 603
554 655
554 812
554 911
554 972
555 615
555 652
555 696
555 747
556 768
556 865
557 564
557 638
557 693
557 707
557 741
557 849
557 899
558 568
558 614
558 626
558 787
559 736
559 916
559 919
559 947
560 695
560 734
560 736
560 930
560 947
560 953
561 642
561 956
562 578
562 931
562 955
564 592
564 664
564 693
564 707
564 741
564 849
564 899
565 599
565 786
565 809
565 853
567 801
567 980
567 995
568 610
568 638
568 682
568 756
568 876
568 909
568 968
568 994
569 783
569 797
569 850
569 975
570 699
570 932
570 938
571 811
571 861
572 635
572 694
572 811
572 857
572 860
572 861
572 875
572 973
572 984
573 710
573 728
573 781
573 888
574 710
574 781
575 809
576 672
576 718
576 851
577 601
577 736
577 743
577 916
578 711
578 779
578 964
579 752
579 860
579 882
579 924
579 954
581 591
581 621
581 758
582 595
582 599
582 772
582 816
582 838
582 847
582 874
583 692
583 722
583 729
583 785
584 616
584 697
584 905
584 970
585 891
585 916
585 919
585 978
585 989
586 686
586 806
586 809
586 900
586 956
587 747
587 802
587 833
587 976
588 708
588 747
589 593
589 676
589 758
589 826
589 947
590 656
590 778
590 863
591 593
591 621
591 628
591 642
591 667
591 674
591 702
591 736
591 758
591 798
591 852
591 860
591 916
591 919
591 927
591 930
591 947
591 958
591 959
591 966
591 982
592 664
592 704
592 707
592 721
592 761
592 829
592 837
592 899
592 909
592 915
593 676
593 695
593 744
593 758
593 794
593 826
593 947
594 778
594 789
595 599
595 853
595 874
595 927
596 662
596 723
596 727
596 732
596 773
596 868
596 948
596 971
597 726
597 926
598 712
598 757
599 809
599 853
599 927
600 603
600 812
600 845
600 856
600 902
601 701
601 736
601 743
601 821
601 916
602 680
602 702
602 770
602 818
602 846
602 934
603 655
603 795
603 972
604 617
604 678
605 677
605 839
605 885
605 913
606 746
606 840
607 703
607 920
607 934
608 778
608 807
609 622
609 747
609 969
611 809
611 921
612 643
612 717
612 865
612 919
612 936
613 675
613 854
613 875
613 903
614 631
614 646
614 669
614 693
614 776
614 787
615 652
615 747
615 824
616 626
616 697
616 740
616 747
616 880
616 961
617 678
617 840
617 873
617 914
618 789
618 790
618 803
618 828
619 626
619 682
619 793
619 823
619 866
620 633
621 628
621 758
621 852
621 958
622 938
622 981
622 983
623 660
623 756
623 759
623 800
624 799
624 860
625 667
625 864
626 637
626 659
626 696
626 742
626 750
626 790
626 793
626 823
626 866
626 892
626 907
626 938
626 962
626 986
627 771
627 877
627 889
628 676
628 758
629 719
629 957
630 767
630 999
631 669
631 862
631 925
632 705
632 744
632 916
632 947
632 953
633 658
633 757
633 996
634 687
634 713
634 718
634 737
634 851
635 694
635 861
635 973
635 984
636 895
636 942
636 956
637 659
637 669
637 714
637 747
637 750
637 763
637 789
637 823
637 962
638 682
639 650
639 680
639 702
639 918
640 904
640 940
641 928
642 686
642 766
642 806
642 831
642 836
642 841
642 936
642 941
642 960
643 836
643 936
644 762
644 825
644 837
644 862
644 909
644 915
645 822
645 865
646 787
646 862
647 820
647 872
648 809
649 860
649 897
649 954
650 702
650 870
650 918
651 705
651 947
651 997
652 708
652 747
652 880
653 719
653 808
653 926
653 957
654 886
655 796
655 812
655 911
656 764
656 805
656 850
656 887
656 937
657 857
657 980
657 995
658 757
658 856
659 754
659 793
659 907
660 682
660 718
660 731
660 745
660 759
660 827
661 696
661 740
661 979
662 702
662 723
662 732
662 841
662 868
662 918
662 948
663 789
663 790
663 828
663 867
664 829
664 884
664 899
665 799
665 949
666 735
667 798
667 947
668 677
668 749
668 885
669 925
670 830
670 951
670 967
670 971
671 675
671 854
671 914
671 948
672 718
672 789
672 851
672 860
672 871
673 855
673 993
675 771
675 875
675 903
675 914
676 758
677 783
677 885
679 832
679 959
680 703
680 818
680 846
681 765
681 960
682 718
682 731
682 756
682 759
682 775
682 790
682 792
682 800
682 828
682 849
682 860
682 900
682 909
682 912
682 994
683 778
683 913
684 745
684 756
684 789
684 828
684 843
686 806
686 809
686 895
686 900
686 921
686 956
687 713
687 718
687 860
688 860
688 897
689 725
689 789
689 790
689 828
689 867
690 702
690 948
690 987
691 760
691 855
691 859
691 860
691 908
692 758
693 884
694 861
694 973
694 984
695 734
695 736
695 916
695 930
695 947
696 740
696 754
696 813
696 817
696 833
696 860
696 905
696 937
696 976
696 979
697 747
697 804
697 880
697 905
697 970
698 868
700 851
700 871
700 910
701 736
701 743
701 821
701 916
701 978
702 758
702 841
702 846
702 870
702 883
702 918
702 948
702 973
703 918
703 934
704 721
704 899
704 909
705 734
705 794
705 930
705 947
706 948
706 967
707 741
707 849
708 747
708 905
708 969
709 730
709 842
710 808
711 779
711 964
712 757
713 718
713 851
713 860
713 906
714 763
715 751
715 845
715 856
715 894
715 943
715 974
715 996
716 836
716 942
716 960
717 936
718 737
718 756
718 789
718 790
718 803
718 808
718 809
718 814
718 848
718 851
718 860
718 871
718 906
718 910
718 954
718 963
718 990
719 955
720 858
721 909
722 729
722 785
722 919
723 732
723 773
723 948
724 746
724 784
724 946
724 988
725 834
725 860
726 926
727 773
727 948
728 808
728 888
729 768
729 785
729 919
729 935
730 791
731 759
732 773
732 868
733 857
733 869
733 890
733 896
733 952
734 736
734 916
734 930
734 947
735 869
736 743
736 758
736 821
736 860
736 916
736 947
737 752
737 814
737 860
737 924
738 893
739 877
739 945
740 805
740 817
742 748
742 983
743 821
743 865
743 916
743 947
744 826
744 916
744 947
744 953
745 753
745 756
745 827
745 843
746 819
747 804
747 824
747 833
747 880
747 905
747 938
747 961
747 969
747 983
750 823
750 866
750 986
751 815
751 894
751 943
752 860
752 882
752 924
754 901
754 907
755 886
756 789
756 800
756 843
756 860
756 963
758 780
758 794
758 852
758 916
758 947
758 958
758 966
759 827
760 859
761 829
761 899
762 825
762 862
762 915
764 887
765 929
765 960
767 999
769 964
769 993
770 883
771 854
771 875
772 809
772 838
772 874
773 841
773 918
773 948
773 967
773 971
774 965
775 792
775 800
775 912
776 787
777 879
777 938
778 784
778 807
778 923
778 944
779 964
780 852
780 966
781 782
781 860
783 797
783 839
784 946
784 988
786 900
788 902
788 933
789 790
789 792
789 800
789 803
789 828
789 843
789 860
789 867
790 803
790 828
790 867
791 945
792 800
792 912
793 823
794 916
794 947
794 997
795 815
795 902
795 992
795 996
796 815
797 850
798 864
798 982
799 860
799 949
800 803
800 912
801 917
802 833
802 976
803 828
803 848
804 969
805 887
806 900
806 956
808 860
809 853
809 900
809 921
809 927
809 960
811 840
811 861
811 973
811 984
812 972
813 817
813 937
814 860
816 838
816 847
817 833
817 937
817 939
817 979
818 846
819 944
820 872
821 916
822 865
822 936
823 866
823 879
823 962
825 862
825 915
826 916
826 947
828 867
829 899
830 835
830 950
830 951
830 967
830 971
831 956
833 976
833 979
835 951
835 971
836 878
836 956
836 960
837 909
837 915
840 873
840 973
841 870
841 918
841 948
842 945
845 943
845 974
846 918
847 965
848 977
850 975
851 860
851 963
852 916
852 947
852 958
853 927
854 914
854 945
855 940
857 869
857 896
857 952
858 904
859 908
860 871
860 882
860 897
860 922
860 924
860 931
860 949
860 954
860 985
860 993
861 973
861 984
862 909
865 936
865 956
866 986
868 918
868 948
869 896
869 952
870 918
871 910
873 973
874 956
875 877
875 903
876 968
877 889
877 945
878 941
878 960
879 938
879 961
880 905
882 924
882 954
884 899
885 913
889 945
891 916
891 989
892 932
894 943
895 942
896 972
897 954
898 920
899 909
900 956
902 933
902 992
902 996
904 940
904 964
905 969
905 970
910 963
916 919
916 930
916 947
916 953
916 960
916 966
916 989
917 973
918 934
918 948
920 934
920 998
922 924
922 985
924 985
930 947
930 997
946 988
947 953
947 966
947 978
947 989
947 991
947 997
950 967
951 971
956 960
958 966
967 971
973 980
973 984
981 983
992 996
