0 9
0 48
1 48
1 53
2 33
2 48
2 51
2 55
2 79
2 81
2 86
2 92
2 96
3 6
3 47
3 81
3 90
5 14
5 46
5 49
5 58
5 64
5 81
5 86
5 90
6 7
6 10
6 19
6 24
6 28
6 33
6 36
6 43
6 45
6 50
6 52
6 57
6 61
6 65
6 66
6 78
6 80
6 81
6 83
6 86
6 89
6 90
6 92
6 93
6 95
6 96
6 98
7 10
7 24
7 33
7 50
7 52
7 57
7 65
7 74
7 75
7 78
7 79
7 81
7 83
7 86
7 87
7 88
7 92
7 96
8 14
8 58
8 73
8 81
8 86
9 12
9 48
9 53
9 68
9 79
9 81
9 96
10 24
10 30
10 33
10 71
11 16
11 25
11 47
11 57
11 81
12 15
12 26
12 41
12 48
12 53
12 54
12 67
12 81
12 96
13 54
13 81
14 46
14 49
14 58
14 64
14 81
14 86
14 99
15 18
15 31
15 54
15 70
16 57
16 86
17 54
17 70
17 72
18 31
18 54
18 70
18 72
18 81
18 86
19 23
19 40
19 61
19 78
19 79
19 80
19 86
19 92
19 95
19 96
20 25
20 75
20 86
21 24
21 57
21 75
22 57
22 81
22 86
23 34
23 55
23 56
23 63
23 78
23 79
23 81
23 82
23 86
23 87
23 92
23 93
23 94
23 96
24 30
24 33
24 57
24 65
24 71
24 83
24 86
25 47
25 75
25 86
25 96
26 48
26 53
26 67
26 96
27 39
27 81
27 85
27 86
28 33
28 43
28 55
28 61
28 78
28 87
28 90
28 96
29 48
29 55
29 77
29 79
30 57
30 71
31 54
31 70
31 81
31 86
32 48
32 53
32 54
32 60
32 96
33 36
33 48
33 50
33 65
33 71
33 78
33 81
33 83
33 93
34 55
34 79
34 82
34 87
34 88
34 95
34 96
36 43
36 50
36 52
36 66
36 78
37 44
37 47
37 69
37 76
37 81
37 86
37 96
37 97
38 79
38 82
38 87
38 92
38 93
38 96
39 62
39 73
39 81
39 85
39 86
40 61
40 78
40 79
40 88
40 92
40 95
40 96
41 67
42 81
43 57
43 61
43 74
43 78
43 79
43 80
43 92
43 95
43 96
44 86
45 78
45 95
46 49
46 58
46 62
46 81
46 86
46 99
47 55
47 57
47 81
47 84
48 53
48 55
48 59
48 60
48 68
48 78
48 79
48 80
48 81
48 85
48 86
48 87
48 92
48 95
48 96
49 62
49 81
49 86
49 99
50 65
50 83
51 79
51 96
52 66
52 78
52 89
53 55
53 60
53 67
53 77
53 78
53 79
53 81
53 86
53 96
54 70
54 72
54 81
54 85
54 86
54 96
55 59
55 63
55 78
55 79
55 81
55 82
55 87
55 88
55 93
55 96
56 63
56 79
56 82
56 94
56 96
57 61
57 64
57 71
57 75
57 78
57 79
57 81
57 86
57 94
57 95
58 64
58 81
58 86
58 90
59 79
59 81
59 96
60 77
60 79
60 96
61 78
61 79
61 80
61 87
61 92
61 93
61 95
61 96
62 64
62 73
62 78
62 81
62 86
62 91
62 99
63 79
63 96
64 69
64 76
64 81
64 86
64 90
64 92
64 97
64 99
65 78
65 83
65 96
66 78
66 86
67 79
67 81
67 86
69 81
69 86
69 90
71 78
72 81
72 85
73 78
73 81
73 86
73 99
74 78
75 96
76 81
76 86
76 90
76 97
77 96
78 79
78 81
78 82
78 83
78 86
78 87
78 89
78 92
78 93
78 94
78 95
78 96
79 80
79 81
79 82
79 86
79 87
79 92
79 93
79 94
79 96
80 92
80 96
81 85
81 86
81 90
81 91
81 92
81 95
81 96
81 97
81 99
82 85
82 87
82 88
82 93
82 95
82 96
85 86
85 91
85 96
86 90
86 91
86 93
86 96
86 97
86 99
87 92
87 93
87 94
87 95
87 96
88 95
88 96
90 99
92 93
92 95
92 96
92 99
93 94
93 95
93 96
94 95
94 96
95 96
