0 312
0 586
0 593
0 685
0 690
0 759
0 876
0 934
0 966
1 91
1 223
1 641
1 957
2 20
2 118
2 137
2 378
2 458
2 555
2 631
2 863
2 963
3 61
3 245
3 634
3 670
4 363
5 32
5 150
5 498
5 850
6 58
6 107
6 110
6 463
6 504
6 682
6 685
6 711
6 719
6 828
7 74
7 120
7 250
7 322
7 426
7 562
7 565
7 731
7 890
8 126
8 165
8 230
8 250
8 551
9 25
9 73
9 90
9 105
9 203
9 207
9 208
9 348
9 444
9 483
9 499
9 536
9 561
9 592
9 626
9 781
9 782
9 795
9 803
9 853
9 879
9 933
9 967
9 992
10 43
10 299
10 400
10 597
10 645
10 778
10 836
10 897
11 42
11 228
11 312
11 369
11 374
11 628
11 685
11 716
11 873
11 876
11 966
12 34
12 59
12 179
12 251
12 475
12 943
12 991
13 138
13 141
13 159
13 192
13 195
13 337
13 402
13 419
13 466
13 569
13 638
13 699
13 920
13 929
13 998
14 67
14 166
14 390
14 580
14 703
14 723
14 733
14 740
14 763
14 838
14 852
14 854
14 913
15 35
15 218
15 294
15 320
15 327
15 537
15 653
15 655
15 694
15 747
15 857
15 965
16 87
16 230
16 413
16 417
16 479
16 506
16 549
16 550
16 554
16 844
16 968
17 28
17 47
17 338
17 547
17 652
17 841
17 901
17 983
18 59
18 82
18 640
18 677
18 715
18 765
18 780
18 866
19 23
19 31
19 37
19 49
19 59
19 82
19 106
19 127
19 134
19 149
19 195
19 227
19 255
19 312
19 332
19 355
19 360
19 382
19 397
19 401
19 406
19 407
19 428
19 431
19 445
19 446
19 466
19 467
19 527
19 574
19 625
19 629
19 681
19 693
19 698
19 700
19 783
19 814
19 834
19 855
19 902
19 922
19 941
19 955
19 964
20 65
20 378
20 458
20 518
20 555
20 624
20 631
20 705
20 863
21 354
21 460
21 520
21 856
21 949
22 53
22 88
22 221
22 224
22 277
22 302
22 512
23 31
23 48
23 49
23 57
23 59
23 60
23 66
23 83
23 100
23 127
23 134
23 138
23 192
23 195
23 217
23 227
23 234
23 255
23 284
23 311
23 312
23 328
23 332
23 335
23 352
23 355
23 360
23 365
23 372
23 382
23 397
23 399
23 406
23 407
23 425
23 428
23 431
23 435
23 438
23 445
23 446
23 466
23 469
23 507
23 510
23 527
23 556
23 560
23 568
23 574
23 593
23 617
23 625
23 643
23 648
23 654
23 667
23 681
23 693
23 698
23 700
23 710
23 738
23 754
23 763
23 770
23 776
23 783
23 799
23 804
23 855
23 894
23 903
23 904
23 920
23 922
23 934
23 941
23 953
23 955
23 982
23 986
24 45
24 59
24 72
25 90
25 105
25 140
25 208
25 282
25 450
25 499
25 535
25 561
25 592
25 803
25 864
25 967
26 40
26 240
26 260
26 315
26 451
26 508
26 511
26 524
26 582
26 617
26 676
26 833
27 102
27 321
27 348
27 387
27 405
27 477
27 493
27 514
27 795
27 899
28 33
28 47
28 69
28 81
28 132
28 237
28 377
28 678
29 171
29 343
29 427
29 607
29 701
29 812
30 33
30 69
30 678
30 775
31 127
31 428
31 625
32 150
32 498
32 794
32 850
33 69
33 237
33 775
33 829
33 836
33 841
33 901
34 79
34 251
34 436
34 820
35 75
35 218
35 294
35 320
35 324
35 327
35 372
35 399
35 528
35 537
35 578
35 617
35 653
35 694
35 757
35 807
35 857
35 965
36 135
36 529
36 586
36 651
36 718
36 770
37 83
37 352
37 401
37 406
37 407
37 431
37 446
37 507
37 560
37 573
37 654
37 804
37 843
37 902
37 922
38 78
38 109
38 245
38 349
38 498
38 669
38 906
39 46
39 143
39 277
39 646
39 656
39 944
39 973
40 240
40 315
40 451
40 511
40 524
40 617
40 676
40 822
40 833
41 194
41 211
41 230
41 286
41 805
42 228
42 310
42 312
42 356
42 374
42 616
42 685
42 876
43 71
43 183
43 230
43 299
43 358
43 400
43 459
43 597
43 778
43 836
43 897
44 228
44 264
44 292
44 310
44 770
45 594
45 598
46 88
46 277
46 347
46 348
46 752
46 939
46 942
46 944
47 81
47 88
47 116
47 132
47 209
47 221
47 224
47 237
47 338
47 348
47 386
47 387
47 405
47 433
47 483
47 547
47 605
47 612
47 645
47 652
47 678
47 683
47 739
47 793
47 795
47 800
47 836
47 841
47 856
47 897
47 942
47 983
47 984
48 59
48 60
48 195
48 219
48 312
48 352
48 397
48 425
48 428
48 465
48 466
48 556
48 568
48 574
48 648
48 700
48 738
48 894
48 920
48 941
48 986
49 66
49 134
49 192
49 195
49 234
49 274
49 332
49 452
49 466
49 472
49 503
49 638
49 666
49 754
49 776
49 799
49 810
49 920
49 953
49 981
49 986
49 996
50 406
50 440
50 446
50 977
51 211
51 263
51 286
51 300
51 417
51 462
51 604
51 650
51 805
52 59
52 160
52 186
52 544
52 677
52 865
52 911
52 943
53 88
53 386
53 752
53 908
54 59
54 72
54 160
54 353
54 366
54 661
54 820
55 193
55 195
55 258
55 615
55 742
55 744
56 62
56 177
56 185
56 398
57 366
57 544
58 107
58 110
58 158
58 463
58 504
58 658
58 828
59 63
59 75
59 79
59 80
59 82
59 94
59 139
59 155
59 166
59 179
59 186
59 195
59 198
59 230
59 234
59 256
59 266
59 312
59 329
59 330
59 341
59 348
59 353
59 354
59 366
59 372
59 401
59 436
59 446
59 466
59 475
59 481
59 487
59 490
59 498
59 519
59 531
59 590
59 591
59 592
59 598
59 606
59 627
59 653
59 665
59 676
59 677
59 709
59 715
59 720
59 727
59 732
59 735
59 740
59 749
59 753
59 755
59 761
59 764
59 780
59 787
59 799
59 807
59 820
59 822
59 823
59 847
59 865
59 866
59 898
59 902
59 904
59 911
59 913
59 953
59 971
59 972
59 986
59 991
59 995
59 997
60 195
60 466
60 556
60 700
60 986
61 78
61 273
61 349
61 712
61 990
62 177
62 388
62 398
62 476
62 500
63 75
63 82
63 94
63 256
63 319
63 330
63 481
63 487
63 490
63 502
63 519
63 590
63 591
63 649
63 677
63 749
63 761
63 787
63 847
63 867
64 206
64 287
64 374
64 685
64 690
64 876
64 934
64 966
64 987
65 84
65 137
65 223
65 230
65 286
65 288
65 301
65 318
65 458
65 501
65 579
65 631
65 737
65 770
65 788
65 863
65 957
65 963
65 974
66 195
66 219
66 234
66 332
66 472
66 523
66 702
66 754
66 920
66 981
67 108
67 243
67 390
67 580
67 601
67 671
67 733
67 796
67 838
67 854
67 913
68 230
68 300
68 455
68 525
68 701
68 818
69 132
69 247
69 678
69 683
69 775
69 983
70 108
70 189
70 243
70 415
70 671
70 733
70 763
70 813
70 913
71 459
71 539
71 645
71 836
72 76
72 440
72 661
73 136
73 208
73 224
73 282
73 351
73 430
73 535
73 592
73 781
73 864
73 913
73 951
74 120
74 230
74 231
74 250
74 322
74 326
74 409
74 526
74 562
74 565
74 583
74 836
74 860
75 82
75 94
75 329
75 330
75 481
75 487
75 502
75 513
75 519
75 590
75 591
75 677
75 761
75 765
75 847
75 971
76 446
76 594
77 224
77 282
77 311
77 321
77 348
77 493
77 661
77 739
77 773
77 779
77 899
77 947
77 962
78 108
78 109
78 113
78 139
78 140
78 152
78 163
78 166
78 191
78 225
78 230
78 239
78 245
78 273
78 275
78 282
78 307
78 309
78 349
78 358
78 371
78 395
78 400
78 406
78 428
78 447
78 478
78 482
78 489
78 531
78 548
78 581
78 588
78 589
78 617
78 619
78 712
78 733
78 740
78 781
78 803
78 835
78 836
78 838
78 887
78 913
78 932
78 937
78 995
79 436
79 475
79 627
79 720
79 820
79 833
79 991
80 438
80 446
80 977
81 338
81 348
81 433
81 652
81 683
81 800
81 836
81 841
81 983
82 94
82 155
82 195
82 198
82 240
82 312
82 319
82 329
82 330
82 333
82 341
82 446
82 481
82 487
82 490
82 496
82 519
82 521
82 559
82 590
82 591
82 640
82 649
82 665
82 677
82 715
82 753
82 761
82 765
82 780
82 787
82 820
82 823
82 847
82 866
82 898
82 902
82 913
82 959
82 971
82 997
83 100
83 195
83 217
83 340
83 341
83 352
83 401
83 406
83 507
83 560
83 573
83 654
83 804
83 843
83 902
84 230
84 417
84 479
84 540
84 673
84 766
84 801
84 917
85 213
85 312
85 711
85 714
85 751
85 809
85 811
85 960
86 150
86 336
86 498
86 636
86 649
86 794
86 866
86 909
87 215
87 220
87 230
87 416
87 506
87 525
87 550
87 792
88 143
88 201
88 221
88 290
88 302
88 348
88 367
88 386
88 396
88 512
88 656
88 773
88 800
88 908
88 942
88 984
89 140
89 273
89 403
89 434
89 707
89 859
89 956
90 561
90 592
90 967
91 133
91 501
91 641
91 659
91 737
91 788
92 256
92 484
92 496
92 498
92 513
92 636
92 649
92 709
92 794
92 823
92 867
92 909
93 406
93 438
93 446
94 319
94 330
94 591
94 787
95 192
95 195
95 295
95 312
95 328
95 344
95 545
95 621
95 629
95 667
95 888
95 928
95 936
95 978
96 171
96 363
96 427
96 610
96 701
96 926
96 968
97 210
97 622
97 644
97 777
97 892
97 952
98 118
98 230
98 298
98 300
98 541
98 760
98 830
98 912
99 124
99 138
99 141
99 238
99 332
99 335
99 517
99 710
99 940
99 979
100 217
100 340
100 406
100 407
100 507
100 560
100 573
100 783
100 902
101 188
101 304
101 609
101 900
102 224
102 321
102 493
102 739
102 779
102 899
102 962
103 368
103 570
103 611
103 637
103 815
104 278
104 343
104 346
104 354
104 448
104 515
104 620
104 728
104 877
105 203
105 282
105 348
105 351
105 450
105 499
105 592
105 626
105 803
105 853
105 933
105 992
106 352
106 360
106 406
106 428
106 431
106 527
106 681
106 693
106 783
106 804
106 922
106 931
107 196
107 453
107 504
107 658
107 719
107 770
107 828
108 113
108 166
108 224
108 225
108 243
108 246
108 261
108 275
108 282
108 303
108 307
108 309
108 371
108 373
108 418
108 482
108 489
108 531
108 581
108 617
108 642
108 670
108 671
108 680
108 687
108 703
108 740
108 763
108 796
108 835
108 838
108 887
108 906
108 913
108 932
108 937
108 951
108 995
109 349
109 478
109 548
109 669
109 670
109 712
109 906
110 158
110 453
110 463
110 504
110 534
110 682
110 711
110 719
110 828
110 872
111 339
111 553
111 630
111 635
111 696
111 748
111 993
112 145
112 245
112 478
112 634
112 990
113 166
113 246
113 418
113 444
113 733
113 740
113 913
113 932
113 995
114 213
114 552
114 632
114 751
114 907
115 128
115 135
115 151
115 196
115 376
115 410
115 586
115 651
115 660
115 770
116 224
116 282
116 311
116 423
116 456
116 505
116 592
116 803
116 947
117 131
117 486
117 532
117 919
117 948
118 130
118 194
118 220
118 229
118 230
118 267
118 280
118 298
118 300
118 345
118 357
118 370
118 413
118 417
118 479
118 525
118 541
118 550
118 554
118 663
118 697
118 701
118 760
118 818
118 912
118 945
118 968
119 453
119 463
119 486
119 682
119 711
119 767
119 872
120 230
120 346
120 526
120 562
120 565
121 147
121 178
121 285
121 317
121 331
121 485
121 553
121 630
121 993
122 209
122 384
122 836
123 185
123 252
123 313
123 476
123 485
123 868
123 976
124 141
124 238
124 262
124 312
124 332
124 335
124 517
124 710
124 929
124 940
125 141
125 195
125 533
125 621
125 710
125 888
125 936
126 618
127 255
127 428
127 431
127 922
128 586
128 651
128 660
128 768
128 770
128 934
129 156
129 195
129 219
129 234
129 332
129 468
129 699
129 702
129 880
129 920
129 979
130 220
130 230
130 300
130 345
130 455
130 541
130 912
131 205
131 486
131 802
132 384
132 652
132 678
133 223
133 288
133 558
133 641
133 659
133 684
133 689
133 737
133 788
133 974
134 355
134 467
134 903
134 904
134 982
134 986
135 151
135 312
135 470
135 586
135 587
135 608
135 651
135 660
135 746
135 770
136 140
136 351
136 535
136 938
137 223
137 230
137 288
137 378
137 458
137 500
137 579
137 631
137 659
137 863
137 963
138 141
138 195
138 335
138 517
138 621
138 710
138 940
138 978
139 162
139 230
139 276
139 757
139 848
139 875
140 232
140 273
140 351
140 395
140 403
140 434
140 478
140 577
140 670
140 707
140 740
140 781
140 859
140 938
140 967
141 195
141 219
141 234
141 238
141 262
141 295
141 312
141 332
141 335
141 402
141 419
141 517
141 666
141 667
141 699
141 710
141 888
141 935
141 940
142 178
142 185
142 285
142 339
142 421
142 553
142 630
142 696
142 748
142 844
142 871
143 221
143 290
143 347
143 386
143 646
143 656
143 944
143 973
144 230
144 306
144 701
144 824
144 968
145 395
145 478
146 249
146 492
146 497
146 717
147 178
147 252
147 285
147 317
147 339
147 421
147 553
147 993
148 213
148 616
148 726
148 842
148 883
149 227
149 352
149 431
149 693
150 336
150 498
150 617
150 850
151 192
151 376
151 410
151 470
151 586
151 587
151 651
151 770
151 910
152 166
152 246
152 261
152 740
152 932
152 995
153 717
153 907
153 919
153 958
154 195
154 466
154 510
154 799
154 825
155 591
155 866
156 195
156 234
156 332
156 402
156 699
156 702
156 789
156 979
157 354
157 460
157 509
157 797
157 856
158 453
158 463
158 504
158 658
158 682
158 719
159 195
159 234
159 332
159 337
159 402
159 419
159 569
159 638
159 666
159 929
159 998
160 186
161 213
161 241
161 492
161 557
161 657
161 668
161 717
161 919
162 294
162 372
162 411
162 617
162 676
162 757
162 913
163 239
163 447
163 589
163 619
164 312
164 369
164 374
164 876
165 230
165 233
165 289
165 385
166 207
166 225
166 230
166 239
166 243
166 246
166 273
166 275
166 309
166 312
166 351
166 371
166 373
166 418
166 428
166 447
166 482
166 531
166 574
166 581
166 601
166 642
166 670
166 671
166 680
166 687
166 695
166 712
166 740
166 763
166 795
166 816
166 835
166 836
166 838
166 859
166 913
166 932
166 995
167 230
167 242
167 361
167 370
167 417
167 479
167 713
168 230
168 253
168 268
168 300
168 442
168 596
168 603
168 611
168 662
168 722
168 815
168 884
168 927
169 170
169 172
169 259
169 389
169 442
169 734
169 849
169 885
170 184
170 259
170 385
170 389
170 772
170 849
171 220
171 230
171 427
171 701
171 812
172 385
172 389
172 571
172 734
172 741
172 885
173 406
173 977
174 431
174 507
175 326
175 860
176 195
176 219
176 234
176 332
176 466
176 754
176 880
176 920
176 979
177 308
177 388
177 398
178 301
178 317
178 331
178 339
178 485
178 553
178 622
178 630
178 635
178 696
178 748
178 771
178 871
178 952
178 993
179 475
179 820
179 911
179 991
180 187
180 195
180 199
180 316
180 323
180 667
180 743
181 242
181 342
181 564
182 303
182 572
182 763
182 913
182 923
183 358
183 836
184 188
184 259
184 442
184 734
184 772
184 849
184 885
185 252
185 388
185 476
185 635
185 871
185 976
186 865
186 911
187 199
187 316
187 466
187 542
187 613
187 621
187 667
187 743
188 304
188 404
188 772
188 815
188 844
189 244
189 261
189 305
189 320
189 415
189 813
189 913
190 195
190 312
190 375
190 474
190 667
190 710
190 756
190 916
190 930
191 303
191 495
191 572
191 740
191 763
191 878
191 913
192 195
192 199
192 219
192 228
192 295
192 312
192 325
192 332
192 350
192 355
192 381
192 406
192 435
192 446
192 461
192 473
192 474
192 543
192 545
192 575
192 593
192 608
192 614
192 621
192 667
192 675
192 706
192 710
192 716
192 724
192 756
192 770
192 774
192 784
192 791
192 819
192 845
192 888
192 918
192 930
192 934
192 966
192 975
192 978
192 980
192 987
192 999
193 258
193 359
193 615
193 744
193 891
194 211
194 215
194 286
194 462
194 479
194 564
194 915
195 199
195 219
195 230
195 234
195 238
195 254
195 255
195 271
195 274
195 295
195 297
195 312
195 314
195 332
195 335
195 337
195 344
195 350
195 381
195 402
195 406
195 419
195 428
195 445
195 461
195 466
195 468
195 472
195 473
195 517
195 523
195 533
195 546
195 556
195 569
195 574
195 586
195 613
195 614
195 621
195 629
195 638
195 666
195 667
195 675
195 677
195 685
195 698
195 699
195 700
195 702
195 710
195 743
195 754
195 776
195 784
195 789
195 804
195 819
195 834
195 874
195 880
195 887
195 904
195 913
195 920
195 922
195 929
195 931
195 934
195 935
195 936
195 940
195 955
195 970
195 975
195 978
195 979
195 980
195 981
195 982
195 986
195 996
195 998
195 999
196 213
196 422
196 586
196 658
196 726
196 742
196 842
196 883
197 248
197 701
197 817
197 892
198 341
198 590
198 677
198 866
198 898
199 312
199 316
199 323
199 350
199 621
199 629
199 667
199 743
200 226
200 334
200 439
200 758
200 878
201 793
201 800
202 273
202 395
202 403
202 434
202 763
202 859
202 951
202 956
203 208
203 444
203 450
203 499
203 592
203 626
203 782
203 803
203 853
203 933
203 992
204 234
204 236
204 312
204 325
204 332
204 461
204 546
204 593
204 647
204 690
204 706
204 746
204 770
204 934
204 966
204 980
204 987
205 486
205 952
206 269
206 287
206 593
206 685
206 876
206 934
206 966
206 987
207 733
207 740
207 763
207 852
207 913
208 351
208 423
208 450
208 592
208 803
208 864
208 967
209 237
209 247
209 299
209 459
209 491
209 539
209 645
209 778
209 836
210 486
211 215
211 286
211 805
212 249
212 391
212 486
212 492
212 777
212 893
212 948
212 954
213 258
213 312
213 422
213 453
213 463
213 492
213 504
213 534
213 632
213 651
213 660
213 711
213 719
213 726
213 730
213 742
213 770
213 842
213 883
213 960
214 346
214 409
214 494
215 286
215 479
215 639
215 650
215 805
216 289
216 343
216 392
216 394
216 618
216 869
216 885
217 340
217 406
217 507
217 560
217 573
217 654
218 320
218 372
218 537
218 694
218 763
218 913
219 234
219 274
219 312
219 332
219 452
219 461
219 466
219 468
219 523
219 560
219 702
219 754
219 810
219 920
219 970
219 981
220 230
220 280
220 300
220 345
220 697
221 282
221 347
221 348
221 367
221 386
221 512
221 752
221 973
222 655
222 807
222 816
222 831
222 913
223 252
223 286
223 312
223 318
223 378
223 501
223 553
223 558
223 579
223 604
223 631
223 641
223 659
223 674
223 684
223 788
223 957
224 282
224 311
224 321
224 348
224 351
224 423
224 456
224 493
224 499
224 505
224 646
224 729
224 739
224 773
224 782
224 790
224 795
224 803
224 899
224 905
224 947
224 967
225 239
225 275
225 307
225 371
225 581
225 680
225 695
225 887
226 439
226 758
226 763
226 878
227 352
227 431
227 783
227 804
227 814
227 922
228 258
228 264
228 292
228 310
228 312
228 356
228 369
228 374
228 452
228 466
228 628
228 685
228 688
228 690
228 746
228 839
228 873
228 876
228 934
228 966
228 980
229 230
229 550
230 233
230 242
230 249
230 263
230 267
230 271
230 272
230 280
230 281
230 286
230 293
230 298
230 300
230 306
230 312
230 313
230 345
230 354
230 357
230 358
230 361
230 363
230 370
230 388
230 406
230 413
230 414
230 417
230 429
230 449
230 455
230 462
230 479
230 486
230 506
230 525
230 532
230 541
230 549
230 550
230 553
230 554
230 564
230 570
230 586
230 603
230 607
230 610
230 618
230 631
230 663
230 673
230 690
230 697
230 701
230 704
230 711
230 713
230 725
230 745
230 760
230 766
230 786
230 792
230 798
230 801
230 805
230 812
230 818
230 830
230 836
230 844
230 863
230 869
230 884
230 896
230 900
230 912
230 925
230 934
230 945
230 952
230 963
230 968
230 985
231 279
231 346
231 530
231 633
231 860
232 273
232 351
232 707
232 781
232 938
233 271
233 343
233 414
233 686
233 745
234 332
234 337
234 468
234 621
234 638
234 699
234 702
234 710
234 789
234 810
234 880
234 920
234 929
234 979
234 981
235 586
235 616
235 770
236 312
236 647
236 746
236 930
236 966
237 247
237 459
237 491
237 539
237 597
237 645
237 836
238 335
238 517
238 638
238 699
238 710
238 743
238 935
239 309
239 482
239 588
239 887
240 315
240 451
240 521
240 524
240 582
240 636
240 676
240 827
240 833
241 492
241 557
241 657
241 668
241 862
241 919
242 342
242 361
242 417
242 449
242 479
242 553
242 564
243 246
243 261
243 303
243 305
243 341
243 580
243 601
243 687
243 723
243 733
243 763
243 838
243 913
243 988
244 305
244 415
244 763
244 913
244 988
245 634
245 740
245 990
246 418
246 671
246 687
246 740
246 932
246 995
247 384
247 459
247 491
247 539
247 645
247 778
247 836
248 301
248 421
248 485
248 553
248 599
248 622
248 644
248 817
248 993
249 391
249 492
249 532
249 557
249 802
249 893
249 948
249 952
249 954
250 426
250 562
250 708
250 844
250 860
250 890
250 946
251 436
251 820
252 308
252 398
252 458
252 476
252 868
252 976
253 268
253 404
253 603
253 722
253 815
253 884
254 445
254 503
254 922
254 953
255 428
255 431
255 469
255 527
255 625
255 698
255 700
255 834
255 855
255 922
256 333
256 649
256 794
256 867
256 921
257 299
257 358
257 491
257 778
257 836
258 492
258 717
258 730
258 989
259 389
259 442
259 571
259 603
259 772
259 849
259 914
260 291
260 411
260 617
260 676
260 806
261 390
261 687
261 723
261 733
261 763
261 813
261 913
262 332
262 435
262 461
262 466
262 517
262 621
262 702
262 929
262 935
262 940
263 624
263 650
263 721
264 292
264 310
264 746
264 839
265 429
265 522
265 704
266 341
266 590
266 591
266 677
266 753
266 765
266 866
266 898
266 972
267 417
267 479
267 725
267 792
267 945
268 404
268 603
268 609
268 611
268 815
268 884
268 927
269 287
269 380
269 473
269 593
269 685
269 690
269 759
269 770
269 874
269 876
269 934
269 966
269 987
270 296
270 432
270 441
270 623
270 881
271 414
271 420
271 610
271 686
271 745
272 506
273 282
273 351
273 395
273 403
273 434
273 577
273 707
273 740
273 781
273 835
273 859
273 913
273 938
273 956
274 312
274 452
274 466
274 799
274 996
275 371
275 373
275 489
275 581
275 680
275 695
275 995
276 320
276 443
276 653
276 848
276 866
276 913
277 347
277 450
277 656
277 808
277 939
277 942
277 944
277 973
278 494
278 620
278 728
279 346
279 364
279 408
279 457
279 480
279 491
279 516
279 526
279 530
279 595
279 633
279 704
279 772
279 797
279 837
279 961
280 300
280 357
280 554
280 663
280 697
280 792
280 912
281 968
281 985
282 311
282 321
282 348
282 354
282 362
282 377
282 423
282 444
282 456
282 483
282 514
282 535
282 536
282 561
282 592
282 600
282 626
282 729
282 739
282 773
282 781
282 782
282 790
282 803
282 835
282 853
282 879
282 905
282 908
282 913
282 933
282 967
282 983
283 408
283 429
283 602
283 623
283 704
283 844
284 355
284 431
284 625
284 698
284 814
284 986
285 301
285 317
285 331
285 421
285 485
285 553
285 622
285 958
285 993
286 300
286 342
286 378
286 417
286 449
286 462
286 479
286 564
286 586
286 639
286 650
286 805
286 832
286 896
287 310
287 312
287 369
287 587
287 593
287 685
287 759
287 934
287 966
287 987
288 300
288 378
288 624
288 650
288 659
288 863
289 603
289 701
289 786
290 386
290 396
290 646
290 656
290 752
290 973
291 411
291 508
291 617
291 676
291 806
292 310
292 312
292 356
292 685
292 746
292 858
292 876
293 506
293 549
294 320
294 327
294 372
294 399
294 537
294 694
294 857
295 312
295 328
295 344
295 629
295 710
295 888
295 928
295 936
295 978
296 385
296 441
296 583
297 312
297 466
297 510
297 776
297 799
297 986
298 541
298 650
298 760
298 912
299 459
299 491
299 597
299 778
299 836
299 856
299 897
300 345
300 357
300 417
300 554
300 663
300 697
300 701
300 818
300 912
300 945
301 317
301 331
301 421
301 485
301 553
301 599
301 622
301 851
301 993
302 396
302 512
302 656
302 942
302 973
303 495
303 572
303 763
303 878
303 913
303 923
304 570
304 603
304 609
304 611
304 900
304 927
305 415
305 763
305 813
305 878
305 913
305 988
306 607
306 824
306 844
306 968
306 985
307 309
307 371
307 581
307 680
308 388
308 476
308 553
309 482
309 489
309 588
309 589
309 677
309 740
309 887
309 937
309 995
310 312
310 356
310 369
310 374
310 628
310 685
310 839
310 876
310 966
310 987
311 423
311 483
311 505
311 561
311 600
311 626
311 729
311 782
311 790
311 803
311 853
311 879
311 905
312 316
312 323
312 325
312 332
312 335
312 344
312 350
312 352
312 374
312 375
312 380
312 381
312 407
312 421
312 431
312 435
312 446
312 454
312 461
312 466
312 473
312 474
312 542
312 543
312 545
312 546
312 553
312 567
312 571
312 575
312 586
312 593
312 614
312 621
312 628
312 629
312 632
312 636
312 638
312 647
312 660
312 666
312 667
312 675
312 682
312 685
312 690
312 700
312 702
312 710
312 711
312 716
312 724
312 736
312 743
312 746
312 756
312 759
312 770
312 774
312 784
312 787
312 791
312 819
312 825
312 853
312 858
312 873
312 874
312 876
312 886
312 916
312 918
312 919
312 920
312 921
312 922
312 929
312 930
312 934
312 940
312 941
312 966
312 975
312 980
312 986
312 987
313 318
313 500
313 769
313 771
313 798
314 425
314 466
314 503
314 825
314 922
314 953
315 451
315 498
315 511
315 524
315 617
315 676
315 827
315 833
316 323
316 350
316 542
316 621
316 667
316 743
317 331
317 485
317 553
317 993
318 500
318 553
318 689
318 769
318 771
318 861
318 957
319 330
319 591
320 372
320 498
320 578
320 617
320 653
320 694
320 763
320 813
320 965
321 348
321 387
321 405
321 477
321 514
321 739
321 773
321 779
321 899
321 942
321 962
322 426
322 562
322 731
322 890
323 350
323 542
323 629
323 667
323 710
323 743
323 975
323 978
325 546
325 593
325 706
325 934
325 966
325 980
326 526
326 565
327 747
327 807
327 831
327 857
327 965
328 344
328 621
328 629
328 710
328 888
328 928
328 936
328 978
328 987
329 341
329 519
329 640
329 765
329 780
329 847
329 866
329 997
330 502
330 591
330 649
330 761
330 787
330 823
331 421
331 553
331 622
332 337
332 402
332 466
332 468
332 510
332 569
332 621
332 638
332 666
332 699
332 702
332 710
332 743
332 754
332 789
332 880
332 920
332 940
332 970
332 979
332 998
333 649
333 665
333 794
333 823
333 867
333 921
334 572
334 763
335 710
336 498
336 794
336 850
337 402
337 569
337 638
337 702
337 710
338 433
338 652
338 683
338 800
339 476
339 486
339 553
339 630
339 696
339 748
339 851
339 871
340 406
340 407
340 507
340 573
340 654
340 755
341 490
341 559
341 590
341 617
341 627
341 677
341 715
341 764
341 787
341 866
341 898
341 972
341 997
342 449
342 564
343 392
343 394
343 551
343 596
343 603
343 786
343 869
343 925
343 968
344 613
344 621
344 629
344 743
344 888
344 928
346 354
346 364
346 409
346 457
346 480
346 633
346 772
346 837
346 961
347 939
347 942
348 362
348 387
348 405
348 423
348 464
348 477
348 493
348 514
348 561
348 592
348 646
348 656
348 729
348 739
348 773
348 779
348 790
348 795
348 800
348 803
348 859
348 895
348 899
348 913
348 942
348 947
348 962
349 478
349 712
350 542
350 621
350 667
350 743
350 975
351 430
351 483
351 535
351 536
351 561
351 626
351 707
351 781
351 864
351 938
351 951
351 967
352 360
352 382
352 401
352 406
352 407
352 428
352 431
352 681
352 693
352 698
352 783
352 804
352 814
352 843
352 922
352 931
353 366
353 661
353 911
354 358
354 362
354 383
354 448
354 460
354 494
354 515
354 595
354 620
354 632
354 728
354 797
354 800
354 836
354 840
354 856
354 860
354 877
354 890
354 897
355 428
355 469
355 698
355 931
355 986
356 374
356 685
356 966
357 479
357 554
357 663
357 697
357 945
358 400
358 597
358 797
358 836
358 856
359 615
359 744
360 406
360 407
360 431
360 755
360 804
360 882
360 902
360 922
360 964
361 370
361 713
362 448
362 595
362 836
362 840
362 877
363 701
364 426
364 480
364 633
364 860
365 625
365 698
365 922
365 986
366 544
366 661
366 911
367 512
367 656
367 800
367 908
367 984
368 570
368 603
368 611
368 637
368 815
368 884
369 567
369 593
369 628
369 685
369 873
369 876
369 966
370 713
370 766
371 373
371 581
371 588
371 680
371 695
371 835
371 913
371 938
371 947
372 399
372 443
372 528
372 537
372 572
372 578
372 617
372 653
372 694
372 740
372 757
372 763
372 816
372 827
372 857
372 913
372 965
373 418
373 642
374 567
374 586
374 628
374 685
374 873
374 876
374 934
375 756
375 918
376 410
376 566
376 586
376 616
376 770
376 863
377 384
377 652
377 829
377 836
377 983
378 417
378 458
378 479
378 518
378 555
378 579
378 624
378 631
378 674
378 863
378 963
379 742
379 842
380 543
380 716
380 930
380 966
381 435
381 473
381 545
381 724
381 784
381 791
381 819
381 918
382 428
382 431
382 643
382 700
382 814
383 840
384 539
384 645
384 775
384 829
385 429
385 571
385 603
385 623
385 704
385 734
385 741
385 772
385 844
385 881
385 884
385 914
386 396
386 512
386 656
386 752
386 973
386 984
387 405
387 477
387 493
387 514
387 779
387 899
388 476
388 553
388 635
388 851
389 442
389 571
389 772
389 885
390 580
390 687
390 694
390 733
390 740
390 838
390 852
390 854
390 913
391 492
391 777
391 802
391 893
391 919
391 948
391 954
392 869
393 667
393 743
393 791
393 975
394 551
394 662
394 925
395 403
395 434
395 859
396 656
396 752
396 803
396 973
397 431
397 466
397 467
397 700
397 799
397 894
397 922
397 941
397 982
397 986
398 476
398 771
398 798
398 826
399 528
399 537
399 653
399 694
400 491
400 597
400 778
400 897
401 406
401 407
401 428
401 431
401 560
401 804
401 843
401 902
401 986
402 419
402 466
402 569
402 638
402 929
402 998
403 450
403 707
403 859
403 864
403 913
404 603
404 611
404 815
404 884
404 927
405 477
406 407
406 428
406 431
406 438
406 446
406 507
406 527
406 560
406 573
406 591
406 654
406 693
406 700
406 755
406 783
406 789
406 804
406 814
406 834
406 843
406 870
406 902
406 922
406 931
406 964
406 966
406 986
407 431
407 466
407 507
407 527
407 560
407 654
407 681
407 700
407 804
407 843
407 882
407 902
407 922
407 931
407 964
408 429
408 602
408 704
408 844
408 890
409 494
409 516
410 470
410 566
410 586
410 587
410 651
410 658
410 770
411 617
411 806
411 822
412 594
412 598
412 672
413 549
413 550
415 723
415 733
415 763
415 813
415 913
415 988
416 550
417 479
417 540
417 554
417 564
417 673
417 725
417 766
417 792
417 917
417 945
418 642
418 995
419 666
419 710
419 929
419 940
419 998
420 610
421 553
421 622
421 644
421 952
422 726
422 770
422 883
423 456
423 483
423 600
423 626
423 656
423 729
423 782
423 790
423 803
423 905
424 476
424 486
424 553
424 630
424 635
424 851
424 868
425 445
425 465
425 466
425 574
425 738
425 953
426 562
426 683
426 731
426 890
427 701
427 812
427 968
428 431
428 466
428 507
428 574
428 625
428 698
428 738
428 754
428 804
428 834
428 855
428 922
428 977
428 982
429 583
429 602
429 704
429 844
430 781
430 913
431 446
431 466
431 527
431 574
431 625
431 643
431 681
431 693
431 698
431 700
431 743
431 783
431 804
431 814
431 834
431 922
431 931
431 955
432 441
432 623
432 836
432 844
432 881
432 889
433 652
433 683
433 983
434 478
434 634
434 781
434 956
435 461
435 473
435 543
435 545
435 569
435 675
435 710
435 743
435 784
435 791
435 819
435 858
435 934
435 966
436 591
436 820
437 492
437 552
437 563
437 576
437 632
437 664
437 679
437 711
437 751
437 811
437 891
437 907
438 446
438 488
438 507
438 755
439 655
439 758
439 763
441 442
441 623
441 772
441 844
441 881
441 889
442 571
442 772
442 849
442 885
443 521
443 617
443 848
444 592
444 626
444 729
444 853
444 933
445 503
445 556
445 574
445 698
445 953
445 986
446 488
446 573
446 590
446 594
446 681
446 698
446 750
446 755
446 763
446 866
446 902
446 956
446 977
447 489
447 589
447 619
447 835
447 937
448 515
448 877
449 564
450 535
450 592
450 781
450 803
450 859
450 967
451 521
451 524
451 833
452 466
452 940
453 463
453 534
453 682
453 719
453 767
453 874
454 461
454 845
454 858
454 975
454 999
455 697
455 818
456 600
456 803
457 961
458 555
458 650
458 863
458 963
459 491
459 539
459 645
459 778
459 836
459 897
459 949
460 797
460 856
461 545
461 675
461 746
461 791
461 819
461 858
461 888
461 916
461 918
462 705
462 805
462 896
463 504
463 682
463 719
463 726
463 770
464 895
465 503
465 776
466 468
466 510
466 523
466 568
466 654
466 657
466 677
466 700
466 702
466 738
466 776
466 799
466 810
466 903
466 910
466 920
466 929
466 935
466 953
466 981
466 982
466 996
467 698
467 700
467 903
467 904
467 982
467 986
468 523
468 569
468 638
468 699
468 702
468 710
468 789
468 880
469 700
469 804
469 986
470 529
470 586
470 651
470 660
470 768
470 770
470 910
471 646
471 795
471 942
472 754
472 920
472 981
473 545
473 575
473 614
473 667
473 724
473 774
473 784
473 812
473 819
473 886
473 918
473 934
474 614
474 724
474 756
474 916
475 820
475 943
475 991
476 622
476 635
476 826
476 851
476 868
476 976
477 514
477 739
478 634
478 781
478 956
478 990
478 995
479 540
479 553
479 554
479 564
479 570
479 631
479 673
479 766
479 792
479 801
479 917
479 945
480 530
480 562
480 633
480 961
481 487
481 498
481 519
481 591
481 780
481 847
481 997
482 581
482 588
482 617
482 887
483 729
483 782
483 790
483 803
483 879
483 905
484 496
484 649
484 655
484 787
485 553
485 622
486 492
486 497
486 532
486 553
486 657
486 777
486 802
486 817
486 892
486 893
486 952
487 490
487 591
487 749
487 753
487 761
487 847
489 588
489 835
489 937
490 519
491 597
491 645
491 778
491 836
491 897
492 557
492 657
492 668
492 691
492 717
492 777
492 862
492 892
492 910
492 919
493 739
493 779
493 803
493 899
493 962
494 961
495 572
495 763
495 913
496 498
496 513
496 636
496 649
496 665
496 676
496 794
497 711
497 717
497 919
497 958
497 989
498 513
498 582
498 617
498 636
498 649
498 677
498 709
498 794
498 823
498 827
498 850
498 909
498 913
499 561
499 592
499 967
499 992
500 769
500 771
500 798
501 684
501 737
502 749
502 787
503 568
503 776
503 953
504 586
504 658
504 719
504 811
504 828
505 600
505 773
505 803
505 908
505 947
506 968
507 560
507 573
507 654
507 804
508 649
508 676
508 822
508 833
509 515
509 595
509 797
509 836
509 856
510 776
510 799
511 524
511 822
513 636
513 709
513 794
513 909
514 779
514 905
514 962
515 620
515 728
515 856
515 877
517 666
517 935
517 940
518 624
518 705
519 559
519 582
519 591
519 601
519 640
519 677
519 753
519 765
519 780
519 847
519 866
519 867
519 898
519 997
520 836
520 949
521 524
521 582
521 617
521 676
521 822
521 827
522 583
523 754
523 920
524 617
524 676
524 833
525 549
525 550
526 565
526 860
527 617
527 804
527 882
527 964
528 653
528 694
529 586
529 660
529 718
529 770
530 633
530 860
531 671
531 687
531 740
532 622
532 802
532 892
533 710
533 888
533 970
534 658
535 536
535 592
535 692
535 781
535 790
535 864
535 951
535 967
535 992
536 592
536 781
536 967
537 694
537 747
537 857
537 965
538 594
538 598
538 755
539 836
540 554
540 564
540 673
540 725
540 801
541 701
541 760
541 912
542 621
542 629
542 667
542 743
542 819
542 918
543 614
543 716
543 724
543 930
543 934
543 966
544 732
544 865
545 724
545 774
545 784
545 791
545 819
545 918
545 934
546 690
546 706
546 934
546 966
546 980
546 987
547 652
547 800
547 983
548 619
548 712
549 550
549 968
550 554
550 701
550 824
550 968
551 603
551 662
551 925
552 563
552 576
552 664
552 679
552 711
552 730
552 744
553 622
553 635
553 696
553 748
553 817
553 851
553 871
553 892
553 993
553 999
554 564
554 622
554 663
554 673
554 697
554 725
554 792
554 927
554 945
555 631
555 863
555 963
556 574
556 700
556 894
557 657
557 668
557 721
557 862
558 684
558 788
559 715
559 780
559 866
559 898
560 573
560 654
560 804
560 902
561 592
561 803
561 967
561 992
562 704
562 708
562 731
562 844
562 890
563 632
563 664
563 679
563 730
563 751
563 907
564 805
564 912
565 890
566 770
567 685
567 873
567 876
567 987
568 825
568 953
569 638
569 699
569 702
569 920
569 929
569 940
569 979
570 885
570 900
571 885
572 763
572 923
573 654
573 902
574 648
574 700
574 738
574 941
574 964
575 614
575 724
575 756
575 774
575 886
575 916
575 918
576 632
576 664
576 711
576 717
576 751
576 907
577 707
577 781
577 938
578 653
578 655
579 631
579 963
580 733
580 740
580 852
580 854
580 913
581 588
581 913
582 617
582 676
582 827
582 833
583 844
584 586
584 746
584 770
584 846
584 874
585 746
585 874
585 876
586 587
586 651
586 658
586 660
586 685
586 717
586 746
586 756
586 759
586 768
586 770
586 821
586 846
586 934
586 966
586 987
586 994
587 616
587 651
587 660
587 770
587 910
588 887
589 619
589 887
590 677
590 764
590 866
590 898
591 640
591 665
591 715
591 749
591 833
591 847
591 959
592 626
592 692
592 781
592 782
592 803
592 836
592 913
592 967
592 992
593 685
593 690
593 934
593 966
593 987
594 598
595 797
595 836
595 856
596 603
596 884
597 778
597 836
597 897
598 672
598 755
599 622
599 644
600 739
600 790
600 803
600 879
601 687
601 703
601 733
601 740
602 704
602 844
602 889
603 609
603 611
603 637
603 701
603 722
603 815
603 844
603 884
603 927
604 624
604 963
605 793
606 764
606 866
607 701
607 812
607 824
607 968
608 736
608 746
608 821
609 815
609 900
610 968
611 637
611 815
611 884
613 621
613 629
613 667
613 710
613 888
613 936
613 978
614 710
614 716
614 724
614 774
614 819
614 916
614 966
615 744
616 742
616 770
616 994
617 649
617 676
617 694
617 729
617 757
617 806
617 827
617 831
617 838
619 913
620 728
620 797
620 836
621 629
621 667
621 685
621 710
621 743
621 888
621 928
621 936
621 978
622 644
622 952
623 704
623 844
623 914
624 650
624 705
624 721
624 863
624 915
624 950
625 643
625 698
625 700
625 922
625 955
626 782
626 790
626 803
626 853
626 879
626 905
626 933
626 967
627 720
627 820
628 873
628 876
628 966
629 667
629 710
629 743
629 888
629 928
629 936
629 940
629 978
630 635
630 696
630 748
630 851
630 868
630 871
630 993
631 674
631 963
632 751
632 811
632 907
633 913
634 803
634 990
635 851
635 868
635 871
635 892
635 952
636 649
636 709
636 794
636 827
636 909
638 667
638 699
638 702
638 998
640 715
640 761
640 765
640 780
640 997
641 659
641 684
641 737
641 957
642 913
642 995
643 698
643 814
643 922
644 892
644 952
645 836
646 795
646 939
646 942
646 944
647 934
647 966
647 980
648 700
648 738
649 709
649 823
649 867
649 909
649 965
650 701
650 705
650 721
650 832
650 915
650 950
651 660
651 718
651 768
651 770
651 876
651 934
652 683
652 836
652 983
653 694
653 763
654 902
655 816
655 831
655 878
655 913
656 752
656 944
656 973
657 668
657 744
657 893
657 919
657 948
658 719
658 726
658 872
658 883
658 994
659 737
659 788
660 966
661 749
663 792
664 679
664 711
664 730
664 811
664 907
665 694
665 727
665 787
665 823
665 866
665 867
665 921
666 929
666 998
667 702
667 710
667 743
667 756
667 776
667 845
667 858
667 888
667 929
667 934
667 975
667 978
667 999
668 862
669 712
669 906
670 906
671 687
671 703
671 740
671 932
673 725
673 801
673 917
674 863
674 963
675 784
675 791
675 819
675 999
676 822
676 833
676 866
677 715
677 755
677 764
677 780
677 820
677 836
677 847
677 866
677 898
677 913
677 971
677 972
677 997
679 711
679 726
679 751
679 891
680 695
681 693
681 783
681 804
681 814
681 931
682 719
682 767
682 872
683 983
684 788
685 690
685 706
685 743
685 746
685 770
685 873
685 876
685 934
685 966
685 987
685 999
686 701
686 968
687 703
687 733
687 740
687 913
688 746
688 762
688 770
688 874
688 969
689 957
690 706
690 746
690 759
690 876
690 930
690 966
690 980
692 803
692 951
693 783
693 804
693 922
693 931
694 831
694 857
694 875
694 965
696 748
696 871
697 945
698 783
698 804
698 834
698 855
698 922
698 955
698 986
699 702
699 880
699 920
699 970
699 979
699 998
700 738
700 894
700 904
700 922
700 941
700 982
700 986
701 745
701 812
701 815
701 824
701 926
701 968
701 985
702 754
702 789
702 880
702 888
702 970
702 979
702 998
703 733
703 740
703 763
703 913
704 708
704 844
705 863
705 963
706 934
706 966
707 781
707 803
707 859
707 864
707 938
708 890
708 946
709 794
709 850
709 909
710 754
710 920
710 936
710 940
710 966
711 714
711 767
711 785
711 809
711 811
711 872
711 960
713 766
714 809
715 753
715 761
715 765
715 780
715 847
715 959
716 966
717 862
717 919
717 958
717 966
717 989
720 820
720 971
721 832
721 915
721 950
722 815
722 884
722 927
723 740
723 913
724 756
724 819
724 886
724 916
724 918
724 934
724 966
725 792
726 883
727 794
727 921
729 790
729 803
729 879
729 905
730 891
731 890
732 865
732 911
733 740
733 763
733 796
733 813
733 838
733 852
733 854
733 913
733 932
734 900
735 865
735 911
736 746
736 821
736 874
737 788
739 779
739 795
739 803
739 899
739 962
740 852
740 854
740 913
740 923
740 988
740 995
741 844
741 881
741 914
742 770
742 883
742 934
742 994
743 975
744 777
744 811
746 770
746 821
746 839
746 846
746 874
746 876
746 934
746 969
747 831
747 965
748 871
748 919
748 993
749 753
750 870
750 902
750 977
751 811
751 907
752 800
752 944
752 973
753 959
754 810
754 920
754 981
755 902
756 770
756 916
756 930
756 934
756 966
757 875
758 763
758 913
759 934
759 966
760 912
760 968
761 787
761 847
762 969
763 878
763 913
763 923
763 988
764 866
765 780
765 997
766 801
766 917
768 770
768 910
769 771
769 798
770 799
770 819
770 821
770 842
770 876
770 888
770 910
770 919
770 934
770 994
771 798
773 947
774 819
774 886
774 918
775 836
776 799
777 802
777 893
777 919
777 948
777 954
778 836
778 897
779 800
779 899
779 947
779 962
780 997
781 859
782 790
782 803
782 879
782 967
783 931
784 916
784 918
787 823
787 867
787 921
789 970
789 979
790 803
790 853
790 879
790 905
791 819
791 918
791 934
792 945
793 800
793 984
794 833
794 850
794 909
795 895
795 942
796 838
796 854
797 836
797 856
797 949
798 861
799 996
800 836
800 908
800 973
800 984
801 917
802 862
802 893
803 853
803 864
803 879
803 905
803 933
803 947
803 967
803 992
804 834
804 843
804 882
804 922
804 931
804 964
807 816
808 939
808 942
809 811
809 960
811 960
812 968
813 913
813 988
814 922
814 955
815 884
815 927
816 831
817 892
818 830
819 918
820 866
820 943
820 971
820 991
821 873
821 876
821 966
823 867
823 921
824 968
824 985
826 851
826 868
827 833
829 836
829 901
832 915
834 855
834 922
835 887
835 913
835 937
836 841
836 856
836 897
836 968
836 983
838 913
839 966
841 983
842 883
842 994
843 902
844 881
844 889
844 900
844 914
844 968
845 858
845 975
845 999
846 969
848 875
849 885
851 868
851 976
852 854
853 933
853 967
853 992
854 913
855 922
856 860
856 924
856 949
858 934
858 999
863 950
863 963
864 951
865 911
866 898
866 911
866 971
866 972
867 921
870 977
871 993
873 876
873 966
876 918
876 922
876 966
876 987
878 913
879 905
880 920
881 914
882 964
884 927
886 918
887 913
888 928
888 978
889 914
890 946
891 989
893 948
893 954
893 993
894 904
894 941
894 986
896 945
899 962
903 904
903 941
903 982
903 986
904 982
904 986
906 983
908 983
908 984
913 921
913 923
913 988
913 995
916 930
919 922
919 958
919 989
920 929
920 970
920 998
922 955
922 986
924 949
926 968
928 978
929 998
934 952
934 966
934 980
935 940
939 942
941 982
941 986
942 944
942 973
944 973
948 954
959 997
966 980
966 987
968 985
970 979
975 999
982 986
