0 176
0 223
0 404
0 474
1 86
1 88
1 99
2 155
2 367
2 438
3 11
3 15
3 129
3 133
3 369
3 370
3 382
3 477
4 7
4 171
4 182
5 70
5 240
5 324
5 387
5 415
5 442
6 21
6 200
6 240
6 308
6 387
6 498
7 174
8 99
8 183
9 99
9 241
9 403
10 42
10 396
11 245
11 295
11 369
11 382
11 400
11 412
11 477
12 49
12 219
12 308
12 461
12 496
13 77
13 95
13 219
13 290
13 308
13 318
13 324
13 327
13 461
13 467
14 40
14 127
14 141
14 308
15 26
15 40
15 57
15 92
15 133
15 151
15 152
15 216
15 233
15 240
15 243
15 247
15 263
15 265
15 285
15 295
15 308
15 315
15 352
15 359
15 361
15 369
15 382
15 383
15 389
15 400
15 404
15 412
15 444
15 461
15 477
16 180
16 254
16 268
16 338
16 380
16 407
16 438
16 448
17 338
17 380
17 438
17 448
18 62
18 93
18 151
18 163
18 188
18 233
18 352
19 25
19 40
19 93
19 118
19 287
19 352
19 412
19 451
19 480
20 322
20 367
20 377
20 438
20 481
21 57
21 131
21 240
21 263
21 311
21 361
21 387
21 438
22 131
22 197
22 263
22 443
23 184
23 358
23 431
24 155
25 69
25 93
25 118
25 151
25 412
25 451
25 469
25 480
26 34
26 40
26 115
26 141
26 145
26 160
26 190
26 412
26 461
27 231
27 367
27 438
28 53
28 58
28 181
28 275
28 281
28 284
28 358
28 367
28 414
28 438
29 62
29 64
29 66
29 95
29 132
29 165
29 308
29 342
29 461
30 43
30 145
30 150
30 219
30 293
30 308
30 324
30 461
31 51
31 132
31 252
31 308
32 68
32 81
32 228
32 230
32 244
32 264
32 306
32 309
32 385
32 433
32 438
32 461
33 108
33 208
33 215
33 286
33 302
33 328
33 344
33 438
33 491
34 40
34 57
34 120
34 141
34 151
34 160
34 174
34 190
34 219
34 299
34 308
34 412
34 417
34 456
34 461
34 467
34 476
34 477
35 211
35 299
35 366
36 41
36 57
36 137
36 263
36 383
36 397
36 416
37 99
38 106
38 149
38 208
38 344
39 490
40 43
40 52
40 62
40 69
40 83
40 92
40 93
40 95
40 101
40 120
40 122
40 127
40 141
40 145
40 151
40 160
40 174
40 190
40 198
40 199
40 211
40 214
40 219
40 221
40 229
40 239
40 248
40 261
40 267
40 292
40 295
40 299
40 308
40 318
40 324
40 355
40 361
40 362
40 366
40 369
40 375
40 382
40 389
40 398
40 403
40 412
40 417
40 419
40 424
40 438
40 449
40 451
40 452
40 456
40 461
40 467
40 477
40 479
40 499
41 57
41 228
41 238
41 240
41 361
41 383
41 397
42 82
42 253
42 319
42 396
42 409
42 438
42 465
43 62
43 66
43 95
43 100
43 120
43 121
43 132
43 145
43 150
43 151
43 158
43 165
43 190
43 191
43 219
43 236
43 240
43 273
43 293
43 296
43 308
43 324
43 340
43 358
43 363
43 402
43 438
43 455
43 461
43 467
43 475
43 477
43 479
43 487
44 425
44 490
45 55
45 101
45 116
45 239
45 247
45 295
46 161
46 270
46 367
46 438
46 453
47 169
47 256
47 308
47 373
47 441
48 111
48 205
48 438
49 219
49 331
49 362
49 461
49 496
50 131
50 142
50 189
50 200
50 240
50 263
50 438
50 443
50 498
51 99
51 171
51 256
51 376
53 113
53 117
53 181
53 358
53 438
54 139
54 268
54 308
54 435
54 438
55 62
55 92
55 93
55 101
55 116
55 118
55 148
55 151
55 153
55 159
55 188
55 219
55 233
55 239
55 247
55 269
55 295
55 300
55 365
55 382
55 389
55 400
55 401
55 412
55 438
55 467
55 477
56 88
56 99
57 83
57 108
57 131
57 137
57 151
57 185
57 190
57 200
57 211
57 218
57 228
57 238
57 240
57 263
57 295
57 308
57 334
57 361
57 369
57 382
57 383
57 387
57 389
57 395
57 397
57 412
57 415
57 416
57 432
57 438
57 442
57 443
57 446
57 448
57 461
57 477
57 493
57 497
58 91
58 105
58 117
58 242
58 266
58 268
58 297
58 358
58 360
58 403
58 436
58 438
58 457
59 288
59 396
59 409
59 438
60 263
61 228
61 298
61 458
62 64
62 66
62 88
62 93
62 95
62 99
62 100
62 124
62 132
62 145
62 147
62 151
62 158
62 187
62 190
62 195
62 199
62 219
62 228
62 235
62 236
62 246
62 257
62 260
62 273
62 283
62 293
62 296
62 303
62 308
62 312
62 316
62 324
62 327
62 340
62 342
62 356
62 362
62 363
62 364
62 373
62 375
62 382
62 392
62 402
62 412
62 417
62 438
62 451
62 455
62 459
62 460
62 461
62 467
62 472
62 475
62 479
62 487
62 488
62 492
63 263
63 314
64 308
64 312
64 438
65 374
66 100
66 145
66 158
66 308
66 340
66 364
67 151
67 369
67 428
68 135
68 264
68 294
68 306
68 309
68 344
68 385
68 438
69 83
69 93
69 118
69 119
69 120
69 151
69 174
69 175
69 179
69 188
69 211
69 229
69 233
69 287
69 293
69 295
69 299
69 352
69 399
69 412
69 418
69 451
69 461
69 467
69 469
69 477
69 483
69 499
70 137
70 240
70 361
70 415
70 442
70 493
71 124
71 373
71 386
71 441
72 123
72 173
72 228
72 279
72 313
72 347
72 357
73 99
73 183
74 228
74 298
74 381
74 458
75 151
75 233
75 239
75 352
76 424
77 95
77 120
77 219
77 293
77 308
77 318
77 327
77 461
77 467
78 90
78 99
78 114
78 117
78 192
78 227
78 251
78 268
78 308
78 341
78 358
78 367
78 393
78 438
78 482
79 99
79 241
79 345
79 403
79 441
80 338
80 435
80 438
81 135
81 244
81 385
81 438
82 288
82 323
82 385
82 438
83 93
83 119
83 151
83 179
83 190
83 211
83 229
83 299
83 412
83 451
83 477
83 499
84 92
84 243
84 382
84 477
85 228
85 240
85 411
86 88
86 99
86 117
86 183
86 242
87 190
87 358
87 377
87 438
87 482
88 91
88 99
88 181
88 183
88 196
88 241
88 242
88 266
88 344
88 356
88 358
88 360
88 373
88 436
88 438
88 441
88 495
89 289
89 438
90 114
90 393
91 92
91 117
91 134
91 161
91 168
91 181
91 220
91 275
91 281
91 284
91 293
91 297
91 304
91 308
91 338
91 348
91 358
91 360
91 371
91 436
91 438
91 441
91 457
92 93
92 101
92 159
92 206
92 233
92 239
92 240
92 243
92 269
92 280
92 295
92 305
92 308
92 369
92 370
92 382
92 389
92 400
92 408
92 412
92 461
92 477
93 95
93 118
93 119
93 120
93 151
93 174
93 175
93 179
93 188
93 190
93 211
93 221
93 226
93 229
93 233
93 240
93 287
93 295
93 299
93 308
93 352
93 376
93 382
93 387
93 399
93 412
93 417
93 418
93 451
93 469
93 477
93 479
93 480
93 483
93 499
94 126
94 177
94 270
94 367
94 438
95 132
95 145
95 150
95 151
95 187
95 211
95 219
95 273
95 290
95 293
95 308
95 318
95 324
95 327
95 331
95 354
95 373
95 412
95 438
95 461
95 467
95 479
95 486
96 223
96 474
97 260
97 308
97 437
97 472
98 299
98 412
99 105
99 117
99 120
99 125
99 147
99 151
99 181
99 183
99 219
99 233
99 241
99 284
99 297
99 308
99 312
99 324
99 348
99 356
99 358
99 367
99 376
99 388
99 403
99 412
99 435
99 436
99 438
99 441
99 461
100 145
100 153
100 158
100 273
100 293
100 308
100 340
100 364
100 402
100 461
100 475
100 487
101 116
101 148
101 151
101 153
101 211
101 233
101 239
101 240
101 280
101 295
101 300
101 305
101 308
101 353
101 382
101 401
101 412
101 455
101 461
102 151
102 346
102 412
103 107
103 173
103 426
103 459
103 490
104 211
104 214
104 248
104 375
105 217
105 284
105 358
105 438
106 149
106 208
106 344
107 425
107 459
107 490
108 149
108 208
108 302
108 306
108 344
109 123
109 167
109 228
109 279
110 161
110 421
110 438
111 205
111 228
111 378
111 405
111 438
112 121
112 260
112 437
113 181
113 338
113 358
113 371
113 438
114 151
114 181
114 192
114 227
114 341
114 351
114 358
114 372
114 393
114 438
114 482
115 479
115 492
116 151
116 233
116 239
116 295
116 382
116 412
117 124
117 168
117 181
117 242
117 266
117 275
117 281
117 282
117 297
117 308
117 348
117 358
117 360
117 403
117 436
117 438
118 151
118 179
118 188
118 287
118 352
118 382
118 410
118 412
118 461
118 469
118 480
119 175
119 412
119 418
119 461
120 141
120 174
120 190
120 198
120 199
120 211
120 233
120 293
120 308
120 412
120 417
120 449
120 452
120 461
120 463
120 477
121 308
122 267
122 412
122 424
122 461
123 130
123 167
123 173
123 224
123 228
123 279
123 309
123 313
123 347
123 461
123 478
124 125
124 162
124 292
124 304
124 308
124 343
124 356
124 373
124 376
124 386
124 438
124 441
125 241
125 438
126 177
126 367
126 438
127 190
127 308
127 456
128 157
128 338
128 438
128 448
129 243
129 369
129 370
129 389
129 444
129 477
130 228
130 279
130 313
130 347
130 357
130 450
131 142
131 173
131 189
131 200
131 228
131 238
131 240
131 263
131 361
131 383
131 438
131 443
131 477
131 498
132 147
132 170
132 219
132 273
132 283
132 293
132 308
132 312
132 438
132 460
132 461
132 467
133 152
133 216
133 369
133 438
133 444
133 477
134 275
134 360
134 461
135 244
135 385
135 471
136 302
136 438
136 459
136 491
137 173
137 238
137 240
137 263
137 308
137 311
137 361
137 379
137 382
137 383
137 387
137 390
137 397
137 412
137 416
137 432
137 438
137 443
137 446
137 467
137 477
138 428
138 440
139 435
139 438
140 145
140 219
140 235
140 293
140 308
140 461
140 486
141 160
141 190
141 417
141 456
142 189
142 200
142 240
142 263
142 443
142 498
143 299
143 320
144 345
144 403
145 150
145 170
145 187
145 194
145 219
145 222
145 233
145 236
145 260
145 273
145 293
145 308
145 355
145 363
145 412
145 438
145 441
145 447
145 461
145 467
145 475
145 477
146 173
146 228
146 332
147 308
147 312
147 460
148 151
148 163
148 233
148 295
148 326
149 208
149 344
150 293
150 461
151 159
151 163
151 172
151 174
151 178
151 188
151 190
151 193
151 211
151 219
151 229
151 233
151 239
151 247
151 249
151 280
151 293
151 295
151 299
151 305
151 308
151 326
151 346
151 352
151 354
151 358
151 361
151 365
151 369
151 375
151 382
151 383
151 387
151 389
151 400
151 410
151 412
151 417
151 418
151 438
151 442
151 451
151 461
151 466
151 477
151 480
152 216
152 369
152 382
152 477
153 159
153 172
153 206
153 239
153 247
153 269
153 295
153 305
153 382
153 389
153 400
153 412
153 477
154 173
154 228
154 288
154 350
154 438
155 367
155 482
156 228
157 338
157 398
157 438
158 219
158 246
158 308
158 340
158 487
159 247
159 295
159 382
159 412
160 190
161 207
161 231
161 270
161 367
161 394
161 421
161 438
161 464
162 259
162 304
162 308
162 356
162 373
162 438
162 441
163 233
163 295
163 352
163 412
164 396
164 409
164 438
165 308
165 342
165 437
166 260
166 472
167 228
167 279
168 457
169 256
169 373
170 283
170 296
170 308
170 312
170 441
170 461
171 182
171 276
172 206
172 280
172 382
173 186
173 203
173 224
173 228
173 234
173 240
173 262
173 263
173 279
173 302
173 347
173 381
173 382
173 383
173 438
173 443
173 458
173 478
174 190
174 211
174 233
174 248
174 295
174 299
174 308
174 366
174 412
174 461
174 473
175 308
175 412
175 418
176 240
176 415
176 474
177 367
177 438
179 190
179 211
179 273
179 412
179 418
179 451
180 254
180 338
180 380
180 407
180 438
180 448
181 281
181 308
181 351
181 358
181 367
181 371
181 372
181 373
181 414
181 431
181 438
182 276
183 414
183 441
184 281
184 358
184 431
185 240
185 361
185 387
185 415
186 262
187 211
187 219
187 308
187 318
187 324
187 327
187 461
187 467
188 233
188 352
188 412
189 200
189 498
190 211
190 219
190 240
190 295
190 308
190 387
190 412
190 417
190 438
190 452
190 456
190 461
190 467
190 492
191 194
191 236
191 293
191 308
191 455
191 461
191 488
192 227
192 291
192 322
192 341
192 358
192 372
192 461
192 481
192 482
193 233
193 295
193 412
194 236
194 293
194 308
194 363
194 488
195 438
196 242
196 495
197 228
197 263
197 339
197 443
197 498
198 452
198 467
199 219
199 271
199 308
199 354
199 406
199 412
199 423
199 461
199 468
199 479
200 228
200 443
201 282
201 284
202 288
202 323
203 228
204 411
205 338
205 385
205 405
205 438
205 465
206 280
206 382
207 367
207 438
208 215
208 228
208 279
208 288
208 302
208 308
208 309
208 328
208 344
208 378
208 385
208 438
208 459
208 464
209 268
209 301
209 438
210 438
210 482
211 214
211 219
211 221
211 228
211 233
211 293
211 295
211 299
211 308
211 320
211 366
211 382
211 399
211 412
211 419
211 438
211 452
211 461
211 463
211 467
211 469
211 473
211 477
212 308
213 226
213 271
213 406
213 434
213 461
214 261
214 375
214 452
214 463
214 467
215 286
215 328
215 344
215 459
216 265
216 477
217 282
217 297
217 438
218 228
218 263
218 314
218 361
218 391
218 438
219 226
219 236
219 273
219 283
219 290
219 293
219 308
219 312
219 318
219 324
219 327
219 331
219 355
219 358
219 359
219 412
219 417
219 438
219 447
219 461
219 467
219 468
219 477
219 479
219 494
219 496
220 282
220 284
221 299
221 473
222 293
222 308
223 384
223 474
224 228
224 279
225 441
226 271
226 308
226 406
226 434
226 461
226 476
226 479
227 372
227 438
227 482
228 234
228 240
228 244
228 254
228 262
228 263
228 268
228 274
228 279
228 281
228 302
228 308
228 313
228 314
228 321
228 332
228 344
228 347
228 357
228 361
228 367
228 383
228 385
228 387
228 391
228 411
228 412
228 427
228 438
228 443
228 450
228 459
228 461
228 477
228 478
228 479
228 490
229 399
229 412
229 451
229 469
229 480
231 367
231 438
233 239
233 240
233 249
233 295
233 308
233 326
233 352
233 379
233 382
233 412
233 438
233 451
233 461
233 466
233 477
235 293
235 461
235 467
235 486
236 293
236 308
236 342
236 363
236 461
236 488
238 240
238 263
238 361
238 383
239 295
239 300
239 305
239 361
239 382
239 389
239 412
240 263
240 308
240 325
240 361
240 369
240 378
240 383
240 387
240 390
240 397
240 412
240 415
240 416
240 420
240 432
240 438
240 442
240 443
240 446
240 467
240 493
241 308
241 345
241 388
241 403
241 438
242 266
243 382
243 387
243 389
243 408
243 412
243 461
243 477
244 385
244 438
245 389
245 400
245 451
245 477
246 308
247 305
247 382
247 412
248 295
248 308
248 438
248 461
249 412
250 308
250 445
251 438
252 308
253 319
253 396
253 409
253 438
253 465
254 268
254 338
254 438
255 256
255 373
255 376
255 441
255 454
256 308
256 373
256 376
256 412
256 438
256 441
256 485
257 308
257 340
258 316
259 292
259 304
259 356
259 376
259 441
260 283
260 308
260 472
261 366
261 375
261 452
262 263
263 308
263 314
263 383
263 391
263 398
263 425
263 443
263 458
263 490
263 498
264 306
264 309
265 369
265 477
266 308
266 358
266 438
266 457
267 424
267 479
268 301
268 308
268 338
268 367
268 412
268 435
268 438
268 448
269 305
269 382
270 367
270 438
270 453
270 489
271 324
271 354
271 406
271 434
271 476
272 373
272 376
273 293
273 308
273 363
273 455
273 461
273 467
273 475
274 321
274 438
275 282
275 436
275 438
276 308
277 335
278 288
278 438
279 313
279 347
279 357
279 387
279 438
279 478
280 382
280 389
280 412
280 477
281 308
281 358
281 371
281 431
282 284
282 438
283 296
283 303
283 308
283 312
283 460
284 438
285 477
286 302
286 328
286 344
286 438
286 459
287 412
287 451
288 323
288 338
288 378
288 409
288 438
289 379
289 395
290 308
290 324
290 327
290 461
290 467
291 377
291 481
291 482
292 304
292 373
292 376
292 439
292 441
292 454
293 308
293 318
293 324
293 327
293 355
293 358
293 363
293 382
293 389
293 412
293 438
293 461
293 467
293 479
293 486
293 488
294 306
294 309
294 344
295 300
295 308
295 352
295 361
295 369
295 382
295 401
295 412
295 451
295 456
295 466
295 477
296 308
296 312
296 461
296 472
297 438
298 458
299 308
299 320
299 412
299 419
299 461
299 473
300 382
300 477
301 438
302 328
302 344
302 438
302 490
303 308
303 312
304 343
304 356
304 373
304 441
305 369
305 382
305 477
306 309
307 351
307 414
308 312
308 316
308 317
308 318
308 324
308 327
308 338
308 340
308 342
308 354
308 355
308 358
308 361
308 362
308 363
308 364
308 367
308 373
308 382
308 383
308 387
308 393
308 397
308 402
308 406
308 412
308 417
308 422
308 423
308 430
308 437
308 438
308 441
308 445
308 447
308 452
308 460
308 461
308 467
308 468
308 472
308 475
308 477
308 482
308 486
308 487
308 488
309 344
309 438
310 438
312 316
312 373
312 438
312 460
312 461
312 467
312 472
313 347
314 391
315 329
315 477
317 445
318 324
318 331
318 461
318 467
319 396
319 438
319 465
320 412
320 419
320 467
322 377
322 438
322 481
322 482
324 327
324 355
324 358
324 387
324 412
324 438
324 447
324 461
324 467
324 468
324 475
324 488
325 393
325 470
326 382
326 412
327 461
327 467
328 438
329 359
329 369
329 428
329 438
330 409
330 438
330 465
331 461
331 496
332 412
332 438
332 458
332 459
333 378
333 385
333 413
333 438
334 387
334 415
334 442
334 493
335 387
335 442
336 385
338 344
338 358
338 367
338 380
338 398
338 435
338 438
338 448
339 443
340 402
340 461
340 487
341 372
341 393
341 482
342 438
342 461
342 467
342 487
343 386
343 438
343 441
344 438
344 459
345 403
346 352
346 412
347 387
350 438
351 358
352 382
352 412
352 477
353 382
353 412
354 423
354 461
354 479
355 461
356 373
356 403
356 441
358 360
358 367
358 371
358 372
358 373
358 376
358 393
358 403
358 412
358 414
358 436
358 438
358 441
358 461
358 470
358 482
359 477
360 436
360 438
361 374
361 383
361 387
361 389
361 397
361 412
361 415
361 416
361 432
361 438
361 442
361 443
361 446
361 477
362 461
363 455
363 461
363 467
366 382
366 412
367 377
367 385
367 387
367 393
367 421
367 438
367 453
367 464
367 489
368 411
368 427
369 382
369 400
369 444
369 477
370 382
370 477
372 438
372 481
372 482
373 376
373 386
373 438
373 439
373 441
373 485
374 387
375 412
375 452
376 439
376 441
376 454
376 461
377 438
377 481
377 482
378 385
378 413
378 429
378 438
379 387
379 395
379 442
380 407
380 438
380 448
381 438
381 458
381 459
381 490
382 389
382 400
382 408
382 412
382 438
382 441
382 442
382 461
382 477
382 482
383 387
383 397
383 412
383 432
383 438
383 442
383 443
383 446
383 498
385 438
386 441
387 390
387 415
387 420
387 432
387 438
387 442
387 477
387 493
388 403
389 400
389 404
389 408
389 412
389 438
389 444
389 477
393 438
393 470
393 482
394 438
396 409
396 438
396 465
397 438
398 438
399 412
399 469
400 412
400 477
402 455
402 461
402 487
403 422
403 438
403 441
404 474
404 477
405 438
406 434
406 476
407 438
407 448
409 438
410 412
411 427
411 438
412 417
412 418
412 438
412 440
412 442
412 451
412 461
412 466
412 467
412 469
412 477
412 479
412 480
412 483
412 487
412 499
413 438
414 438
415 442
415 493
417 449
417 461
419 461
419 473
423 461
423 479
423 492
425 459
425 490
426 459
428 477
429 438
431 438
434 467
435 438
435 461
436 438
436 441
438 441
438 443
438 448
438 453
438 455
438 458
438 459
438 460
438 461
438 462
438 464
438 477
438 481
438 482
438 485
438 490
441 461
442 477
442 484
442 493
443 498
444 477
446 477
447 461
447 468
447 494
451 469
451 477
451 480
455 488
458 490
459 478
459 490
460 461
461 467
461 468
461 475
461 477
461 482
461 487
461 492
461 494
461 496
467 488
468 494
469 480
469 483
477 480
479 492
481 482
