0 3
0 18
0 27
0 31
0 86
0 97
1 5
1 13
1 15
1 20
1 29
1 35
1 59
1 61
1 67
1 69
1 74
1 80
1 82
1 92
2 18
2 19
2 22
2 39
2 45
2 61
2 67
3 27
3 31
3 41
3 86
3 96
4 11
4 18
4 21
4 26
4 31
4 34
4 36
4 37
4 38
4 43
4 49
4 89
4 91
5 13
5 20
5 32
5 35
5 41
5 61
5 65
5 82
5 92
6 13
6 15
6 20
6 29
6 32
6 35
6 43
6 57
6 61
6 65
6 71
6 80
6 95
7 17
7 43
7 64
7 79
8 9
8 10
8 30
8 33
8 37
8 53
8 63
8 64
8 81
8 89
8 91
9 10
9 30
9 33
9 37
9 38
9 53
9 54
9 63
9 64
9 73
9 81
9 91
10 16
10 33
10 36
10 43
10 48
10 50
10 53
10 63
10 64
10 68
10 73
10 75
10 76
10 83
10 88
11 12
11 26
11 36
11 41
11 53
11 54
11 60
11 61
11 63
11 64
11 68
11 73
11 87
11 89
11 93
12 26
12 93
13 14
13 15
13 17
13 18
13 23
13 29
13 35
13 40
13 43
13 47
13 51
13 53
13 57
13 61
13 64
13 65
13 66
13 69
13 73
13 74
13 75
13 76
13 80
13 82
13 84
13 94
13 95
13 98
14 23
14 25
14 43
14 47
14 51
14 58
14 61
14 66
14 69
14 76
14 86
14 92
14 94
15 20
15 22
15 24
15 29
15 32
15 35
15 39
15 59
15 61
15 64
15 65
15 71
15 80
15 82
15 92
16 43
16 64
16 88
17 43
17 55
17 77
17 79
18 22
18 27
18 31
18 36
18 40
18 42
18 49
18 56
18 61
18 62
18 67
18 70
18 78
18 96
18 97
19 34
19 40
19 41
19 56
20 32
20 35
20 57
20 61
20 65
20 71
20 80
20 92
20 94
21 37
21 44
21 53
21 54
21 68
21 73
21 90
22 34
22 45
22 46
22 61
22 67
23 25
23 61
23 66
23 98
24 34
24 59
24 61
24 71
24 82
24 95
25 43
25 47
25 52
25 61
25 63
25 66
25 74
25 76
25 84
25 85
25 94
25 98
26 36
26 37
26 41
26 43
26 73
26 89
27 31
27 40
27 41
27 56
27 62
27 78
27 96
28 41
28 42
28 46
28 49
29 32
29 35
29 45
29 51
29 57
29 61
29 65
29 71
29 80
29 92
30 33
30 37
30 38
30 43
30 53
30 54
30 63
30 64
30 73
30 81
30 87
30 91
31 41
31 86
31 96
32 35
32 57
32 61
32 65
32 71
32 80
33 43
33 53
33 54
33 63
33 64
33 73
33 88
33 91
34 45
34 46
34 67
34 92
35 61
35 65
35 71
35 80
35 82
35 92
36 49
36 64
36 68
36 73
36 89
37 38
37 43
37 44
37 49
37 53
37 54
37 64
37 68
37 73
37 81
37 93
38 43
38 50
38 53
38 54
38 60
38 64
38 87
38 91
39 46
40 41
40 78
40 86
40 97
41 42
41 43
41 49
41 54
41 60
41 61
41 67
41 73
41 78
41 86
41 89
41 97
42 49
43 48
43 52
43 53
43 54
43 55
43 57
43 58
43 60
43 61
43 64
43 66
43 73
43 74
43 75
43 77
43 79
43 82
43 83
43 84
43 88
43 89
43 99
44 53
44 54
44 64
44 73
44 90
45 46
45 61
45 67
45 82
46 67
47 51
47 57
47 61
47 65
47 69
47 71
47 95
48 54
48 63
48 64
48 75
48 83
48 88
49 56
49 58
49 89
50 53
50 54
50 63
50 64
50 87
51 57
51 61
51 69
51 95
52 74
52 75
52 79
52 85
53 54
53 64
53 73
53 75
53 81
53 87
53 91
54 60
54 63
54 64
54 68
54 73
54 81
54 87
54 93
55 58
55 99
56 62
56 78
57 59
57 61
57 65
57 69
57 71
57 80
57 84
57 92
57 95
58 64
58 77
58 99
59 61
59 82
59 92
60 68
60 73
60 90
60 93
61 62
61 65
61 67
61 69
61 70
61 71
61 73
61 74
61 77
61 79
61 80
61 82
61 84
61 92
61 94
61 95
61 98
62 78
63 64
63 73
63 88
63 91
64 65
64 68
64 73
64 75
64 79
64 81
64 83
64 87
64 88
64 91
64 96
65 71
65 80
65 95
66 74
66 76
66 94
67 92
67 95
68 73
68 89
68 90
68 93
69 95
70 78
71 80
71 82
72 79
73 81
73 87
73 90
74 76
74 84
74 85
74 94
75 83
75 88
76 84
76 94
76 98
78 86
79 98
81 91
82 92
83 88
84 98
87 90
89 93
90 93
94 98
