0 2
0 38
0 40
0 43
0 47
0 67
0 68
0 70
0 85
1 8
1 12
1 22
1 42
1 48
1 52
1 53
1 57
1 62
1 72
1 80
1 87
1 93
1 97
1 98
2 17
2 38
2 43
2 67
2 70
3 11
3 20
3 27
3 31
3 88
4 10
4 24
4 37
4 41
4 77
5 56
5 72
5 78
6 16
6 18
6 37
6 43
6 68
7 10
7 65
8 25
8 32
8 48
8 53
8 72
8 76
8 93
8 97
8 98
9 11
9 31
9 51
9 90
9 92
10 11
10 24
10 31
11 20
11 21
11 24
11 27
11 31
11 88
11 92
12 32
12 35
12 36
12 38
12 42
12 48
12 52
12 64
12 66
12 72
12 83
12 87
12 98
13 34
13 37
13 60
13 81
13 84
13 95
13 96
14 32
14 38
15 18
15 38
15 43
15 44
15 67
15 68
16 34
16 37
16 60
16 68
16 77
16 96
17 38
17 43
17 70
17 79
18 50
18 67
18 68
19 32
19 36
19 38
19 42
19 49
19 61
19 66
19 85
20 21
20 27
20 31
20 38
20 88
21 27
21 31
21 37
21 45
21 55
21 63
21 72
22 32
22 38
22 57
22 61
22 64
22 80
22 98
23 33
23 38
23 43
23 54
23 71
24 31
24 34
24 37
24 38
24 39
24 41
24 45
24 48
24 51
24 65
24 72
24 73
24 77
24 84
24 92
24 94
25 32
25 38
25 48
25 72
26 32
26 38
27 38
27 43
27 55
27 59
27 63
27 72
27 90
27 92
28 32
28 35
28 38
28 42
28 57
28 80
28 83
28 87
29 37
29 38
29 60
29 81
29 95
29 96
30 32
30 38
30 48
30 53
30 72
30 76
30 78
31 58
31 72
31 88
31 93
32 35
32 38
32 42
32 48
32 53
32 56
32 57
32 58
32 61
32 62
32 64
32 66
32 67
32 72
32 75
32 76
32 80
32 82
32 87
32 93
32 97
32 98
33 38
33 52
33 54
33 66
33 71
33 79
33 86
34 37
34 41
34 44
34 50
34 60
34 67
34 69
34 81
34 84
34 95
34 96
35 38
35 57
35 83
36 38
36 42
36 61
36 75
36 83
36 98
37 38
37 42
37 43
37 44
37 50
37 60
37 67
37 70
37 81
37 84
37 95
37 96
38 42
38 43
38 48
38 52
38 53
38 54
38 57
38 58
38 61
38 63
38 64
38 66
38 67
38 68
38 70
38 71
38 72
38 79
38 80
38 83
38 85
38 86
38 87
38 92
38 93
38 94
38 95
38 96
38 97
38 98
38 99
39 41
39 65
39 94
40 67
41 50
41 65
41 74
42 43
42 49
42 52
42 54
42 57
42 61
42 64
42 66
42 75
42 76
42 80
42 83
42 93
42 98
42 99
43 47
43 52
43 54
43 66
43 67
43 68
43 70
43 72
43 79
44 68
45 50
45 74
46 53
46 56
46 72
47 70
48 53
48 56
48 72
48 76
48 78
48 91
48 93
49 67
49 83
49 85
50 65
50 67
50 68
50 69
50 74
50 79
51 55
51 63
51 89
51 90
51 92
52 54
52 66
52 71
52 79
52 86
52 98
53 72
53 76
53 80
53 87
53 93
53 97
53 98
54 66
54 71
54 72
54 86
54 87
55 63
55 72
55 88
55 89
55 90
56 72
56 78
56 91
57 58
57 62
57 64
57 80
57 87
57 93
57 97
57 98
58 64
58 83
58 87
58 98
59 72
60 81
60 84
60 96
61 72
62 64
62 87
62 93
62 98
63 89
64 80
64 83
64 93
64 98
65 77
65 94
66 71
66 79
66 85
66 86
66 87
66 99
67 68
67 70
67 79
67 84
69 74
69 95
69 96
70 79
71 86
72 78
72 80
72 83
72 91
72 92
72 98
73 88
73 94
74 82
75 83
76 98
79 84
79 86
79 95
80 87
80 98
81 84
81 95
82 94
83 98
84 95
86 99
87 93
87 98
89 90
90 92
93 97
93 98
95 96
97 98
