0 81
0 103
0 379
0 418
0 606
0 787
1 14
1 76
1 104
1 111
1 569
1 700
1 731
1 739
1 758
1 760
1 767
1 772
1 895
2 110
2 171
2 188
2 402
2 483
2 631
2 994
3 72
3 90
3 101
3 236
3 415
3 469
4 54
4 434
4 474
4 607
4 678
4 878
5 24
5 153
5 500
5 674
5 699
5 717
5 722
5 773
5 891
6 47
6 56
6 63
6 118
6 197
6 236
6 455
6 666
6 709
6 776
6 784
6 882
6 985
7 59
7 322
7 559
7 896
8 73
8 81
8 166
8 199
8 226
8 418
8 689
8 867
8 982
9 37
9 55
9 141
9 190
9 268
9 377
9 449
9 858
9 952
10 115
10 120
10 131
10 172
10 185
10 270
10 288
10 312
10 489
10 539
10 597
10 607
10 657
10 826
10 887
10 889
11 294
11 331
11 518
11 795
11 972
11 981
12 204
12 394
12 410
12 489
12 506
12 558
12 990
13 284
13 381
13 425
13 591
13 944
13 991
14 76
14 200
14 569
14 700
14 739
14 760
14 767
14 772
15 271
15 340
15 363
15 417
15 565
15 651
15 888
15 999
16 59
16 227
16 287
16 344
16 832
16 870
17 26
17 173
17 269
17 355
17 619
17 749
18 29
18 113
18 281
18 504
18 643
18 816
18 830
18 944
18 980
19 50
19 54
19 168
19 184
19 211
19 293
19 360
19 365
19 448
19 565
19 585
19 601
19 611
19 801
19 850
19 854
19 866
19 941
19 992
20 146
20 191
20 234
20 333
20 548
20 568
20 613
21 145
21 197
21 306
21 370
21 484
21 552
21 598
21 776
22 139
22 186
22 263
22 500
22 624
22 645
22 707
22 836
22 891
22 946
23 59
23 84
23 195
23 240
23 330
23 380
23 508
23 708
23 755
23 802
23 831
23 862
23 896
23 978
24 153
24 299
24 699
24 717
24 722
24 768
25 157
25 216
25 259
25 374
25 489
25 501
25 565
25 664
25 665
25 683
25 744
25 839
25 847
25 858
26 194
26 355
26 520
26 619
26 813
27 28
27 35
27 333
27 393
27 849
28 35
28 146
28 231
28 234
28 318
28 333
28 393
28 548
28 568
28 649
28 652
28 849
28 934
29 113
29 272
29 504
29 531
29 643
29 816
29 830
29 900
29 980
30 36
30 87
30 201
30 208
30 310
30 396
30 439
30 529
30 629
30 930
31 46
31 318
31 652
31 735
31 822
32 55
32 69
32 152
32 207
32 209
32 215
32 249
32 377
32 449
32 473
32 650
32 798
32 903
33 76
33 173
33 192
33 391
33 673
33 700
33 739
33 758
33 767
33 874
33 895
33 899
33 953
33 988
34 164
34 178
34 239
34 843
34 869
34 948
35 318
35 333
35 393
35 849
36 59
36 87
36 132
36 201
36 310
36 351
36 396
36 439
36 440
36 457
36 466
36 517
36 529
36 629
36 674
36 701
36 930
36 935
37 40
37 218
37 223
37 307
37 465
37 495
37 506
37 578
37 695
37 738
37 786
37 839
38 377
38 449
38 853
39 250
39 304
39 374
39 429
39 446
39 482
39 523
39 573
39 582
39 678
39 733
39 828
39 872
40 216
40 223
40 495
40 738
40 847
40 989
41 62
41 143
41 309
41 337
41 542
41 642
41 846
42 44
42 419
42 516
42 798
42 852
42 858
42 890
43 63
43 306
43 479
43 498
43 754
43 844
44 99
44 120
44 419
44 516
44 852
45 70
45 82
45 109
45 741
45 974
46 174
46 274
46 318
46 393
46 452
46 593
46 715
46 735
46 746
46 845
46 849
46 905
47 56
47 63
47 236
47 375
47 406
47 455
47 976
48 280
48 783
48 821
48 886
49 258
49 362
49 544
49 934
50 57
50 102
50 119
50 187
50 271
50 408
50 555
50 581
50 587
50 601
50 626
50 667
50 690
50 729
50 769
50 781
50 959
50 963
51 94
51 139
51 277
51 326
51 329
51 453
51 645
51 698
51 883
52 285
52 306
52 693
52 712
52 837
52 877
52 969
52 986
53 64
53 301
53 387
54 607
54 678
54 799
54 884
55 141
55 152
55 190
55 209
55 215
55 268
55 377
55 449
55 762
56 63
56 72
56 121
56 164
56 197
56 241
56 306
56 311
56 370
56 375
56 406
56 415
56 455
56 511
56 652
56 666
56 709
56 752
56 776
56 783
56 784
56 792
56 840
56 868
56 882
56 908
56 910
56 914
56 921
56 985
57 565
57 594
57 959
57 961
58 116
58 135
58 147
58 254
58 352
58 399
58 414
58 470
58 580
59 66
59 84
59 95
59 100
59 108
59 132
59 195
59 199
59 201
59 207
59 208
59 216
59 227
59 233
59 240
59 264
59 283
59 287
59 310
59 313
59 322
59 324
59 344
59 347
59 351
59 361
59 396
59 427
59 439
59 440
59 457
59 481
59 488
59 500
59 502
59 525
59 529
59 549
59 551
59 559
59 570
59 638
59 640
59 662
59 674
59 677
59 699
59 701
59 708
59 722
59 798
59 811
59 812
59 832
59 847
59 858
59 870
59 896
59 911
59 935
59 946
60 301
60 305
60 553
60 630
60 703
60 855
60 906
60 925
61 306
61 776
61 837
61 918
61 929
62 92
62 117
62 143
62 216
62 220
62 257
62 307
62 309
62 337
62 353
62 429
62 446
62 482
62 503
62 642
62 678
62 733
62 779
62 799
62 839
62 846
62 865
62 887
62 997
63 101
63 179
63 236
63 241
63 306
63 375
63 397
63 406
63 455
63 565
63 666
63 690
63 774
63 840
63 849
63 868
63 869
63 882
63 906
63 976
63 985
64 162
64 245
64 375
65 175
65 504
65 816
66 71
66 525
66 549
66 677
67 172
67 270
67 618
67 657
67 806
67 950
68 199
68 315
68 537
68 668
68 807
68 851
68 880
68 932
69 152
69 264
69 325
69 347
69 488
69 530
69 692
69 922
69 952
70 82
70 109
70 235
70 830
70 920
70 956
72 90
72 101
72 236
72 333
72 375
72 415
72 792
72 921
73 81
73 97
73 128
73 226
73 366
73 556
73 668
73 689
73 787
74 358
74 398
74 549
74 896
75 115
75 350
75 412
75 618
75 806
75 924
76 94
76 111
76 173
76 192
76 200
76 453
76 493
76 540
76 569
76 619
76 673
76 700
76 731
76 739
76 760
76 767
76 823
76 895
76 899
77 179
77 306
78 253
78 293
78 417
78 507
78 512
78 565
78 753
78 999
79 164
79 178
79 239
79 608
79 714
79 869
79 948
80 116
80 135
80 395
80 421
80 809
80 998
81 97
81 199
81 315
81 348
81 418
81 697
81 787
81 807
81 973
82 107
82 109
82 771
83 133
83 141
83 423
83 566
83 744
83 777
83 790
84 88
84 100
84 151
84 195
84 207
84 282
84 330
84 339
84 364
84 380
84 437
84 458
84 508
84 513
84 614
84 645
84 708
84 748
84 755
84 802
84 831
84 862
84 896
84 952
84 978
84 984
85 107
85 492
85 725
85 900
85 956
85 974
86 346
86 477
86 698
87 201
87 310
87 313
87 396
87 439
87 529
87 629
87 674
87 896
87 930
87 935
88 100
88 195
88 240
88 330
88 508
88 708
88 755
88 862
88 896
88 977
89 105
89 110
89 112
89 238
89 262
89 483
89 532
89 565
89 631
89 686
90 101
90 236
90 241
90 371
90 375
90 415
90 469
90 526
90 776
90 792
91 266
91 300
91 323
91 467
91 543
91 648
91 696
91 838
92 228
92 257
92 353
92 434
92 678
92 872
93 202
93 346
93 804
93 838
93 949
94 114
94 139
94 263
94 277
94 286
94 303
94 326
94 388
94 480
94 500
94 645
94 698
94 707
94 836
94 875
94 883
94 926
94 946
95 127
95 132
95 233
95 299
95 622
95 898
96 449
96 762
96 798
96 890
97 787
97 807
98 151
98 282
98 670
98 743
98 755
98 952
98 984
99 216
99 419
99 449
99 516
99 519
99 761
99 852
99 858
99 890
100 195
100 240
100 330
100 339
100 508
100 708
100 831
100 862
100 896
100 977
101 236
101 415
101 469
101 526
101 792
101 921
102 408
102 468
102 769
102 781
103 379
103 418
104 252
104 438
104 453
104 487
104 833
104 943
104 957
105 238
105 262
105 483
105 532
106 292
106 521
106 600
106 773
106 891
107 109
107 175
107 217
107 320
107 492
107 504
107 635
107 682
107 741
107 771
107 830
107 900
107 920
107 951
107 993
108 292
108 466
108 521
108 701
108 794
108 848
108 893
109 235
109 256
109 281
109 643
109 741
109 816
109 974
110 171
110 189
110 390
110 483
110 631
110 686
110 728
110 975
111 173
111 214
111 391
111 772
111 823
111 895
112 171
112 188
112 189
112 390
112 468
112 483
112 532
112 631
112 686
112 728
112 975
113 272
113 281
113 531
113 741
114 139
114 286
114 303
114 388
114 883
115 211
115 618
115 656
116 306
116 356
116 395
116 414
116 608
116 641
116 714
116 780
116 869
116 948
116 983
116 998
117 131
117 474
117 887
117 939
118 121
118 397
118 455
118 666
118 709
118 868
118 908
118 910
118 914
119 187
119 587
119 961
120 172
120 288
120 657
120 950
121 236
121 397
121 666
121 709
121 774
121 840
121 868
121 908
121 910
122 304
122 446
122 523
122 659
122 678
122 679
122 789
122 872
123 131
123 185
123 278
123 367
123 369
123 426
123 539
123 826
123 889
124 279
124 741
124 808
124 815
124 897
124 909
125 174
125 494
125 639
125 652
125 672
125 757
126 565
126 597
126 652
126 653
126 747
126 791
126 797
126 972
127 132
127 233
127 361
127 396
127 701
127 898
128 332
128 689
128 815
128 820
128 867
128 919
128 982
129 244
129 343
129 588
129 652
129 713
130 216
130 419
130 562
130 567
130 726
130 839
130 847
130 960
131 165
131 220
131 228
131 278
131 288
131 312
131 367
131 369
131 472
131 474
131 486
131 601
131 657
131 733
131 767
131 846
131 878
131 887
131 889
131 917
132 142
132 201
132 233
132 283
132 299
132 310
132 324
132 361
132 396
132 436
132 622
132 896
132 987
133 423
133 566
134 251
134 318
134 409
134 431
134 583
134 660
134 751
134 827
134 892
135 352
135 399
135 432
135 948
135 966
136 139
136 427
136 477
136 603
136 684
136 768
136 810
137 588
137 633
137 669
138 160
138 162
138 553
138 557
138 574
138 652
139 177
139 186
139 263
139 277
139 286
139 289
139 388
139 427
139 477
139 480
139 500
139 514
139 541
139 624
139 645
139 648
139 684
139 698
139 707
139 722
139 763
139 833
139 836
139 859
139 875
139 883
139 926
139 946
140 191
140 255
140 260
140 333
140 393
140 548
140 613
140 860
141 190
141 268
141 377
141 449
141 853
142 396
142 622
143 257
143 337
143 523
143 799
143 846
143 865
143 884
144 183
144 202
144 346
144 447
144 707
144 796
144 838
144 949
145 306
145 484
145 552
145 598
145 676
145 776
145 837
145 929
146 234
146 318
146 333
146 393
146 548
147 193
147 261
147 356
147 414
147 966
147 968
148 179
148 306
148 592
149 230
149 307
149 374
149 542
149 659
150 221
150 260
150 333
150 393
150 400
150 576
150 613
150 649
150 934
151 422
151 743
151 984
152 347
152 473
152 488
152 565
152 650
152 692
152 708
152 803
152 896
152 903
153 638
153 699
153 717
153 722
153 773
153 793
154 199
154 644
154 724
154 741
154 785
154 897
154 909
154 964
155 210
155 750
155 833
155 967
156 157
156 216
156 347
156 419
156 423
156 566
156 702
156 790
156 847
157 216
157 259
157 359
157 423
157 446
157 558
157 566
157 609
157 664
157 678
157 744
157 790
157 858
157 936
157 960
158 443
158 501
158 558
158 562
158 567
158 726
158 839
158 846
158 847
158 936
159 206
159 385
159 409
159 759
159 855
159 856
159 962
160 162
160 553
160 574
160 655
161 308
161 336
161 652
161 817
161 822
161 905
162 245
162 557
163 216
163 359
163 419
163 423
163 501
163 566
163 609
163 664
163 665
163 744
163 790
163 818
163 936
164 178
164 239
164 275
164 306
164 522
164 712
164 843
164 869
164 873
164 877
164 948
165 220
165 267
165 295
165 678
165 846
165 872
165 889
166 265
166 416
166 815
166 857
167 256
167 281
167 334
167 441
167 829
167 904
168 411
168 442
168 565
168 597
168 611
168 625
168 801
168 850
168 866
168 941
168 992
169 258
169 336
169 649
169 706
169 934
170 253
170 293
170 417
170 528
170 565
170 651
170 753
170 788
170 888
171 189
171 483
171 631
171 728
171 975
171 994
172 185
172 288
172 618
172 657
172 889
172 950
173 335
173 673
173 722
173 760
173 823
173 874
173 895
174 333
174 372
174 452
174 494
174 535
174 561
174 588
174 652
174 669
174 672
174 687
174 713
174 732
174 757
174 769
174 879
175 199
175 217
175 235
175 320
175 405
175 635
175 644
175 682
175 741
175 771
175 785
175 920
176 188
176 373
176 408
176 631
176 729
177 263
177 384
177 427
177 500
177 514
177 541
177 645
177 836
178 180
178 197
178 391
178 522
178 564
178 586
178 714
178 843
178 869
178 877
178 948
178 969
179 196
179 197
179 306
179 498
179 754
179 774
179 985
180 356
180 564
180 869
180 948
180 983
181 308
181 561
181 652
181 687
181 954
182 394
182 506
182 634
182 742
182 789
182 835
182 839
182 942
182 990
183 346
183 447
183 875
183 949
184 211
184 411
184 420
184 442
184 509
184 565
184 597
184 801
184 854
184 937
185 278
185 288
185 290
185 294
185 312
185 367
185 486
185 539
185 565
185 657
185 826
185 828
185 846
185 889
186 263
186 277
186 413
186 500
186 624
186 645
186 707
186 836
186 926
186 946
187 253
187 408
187 555
187 587
187 626
187 667
187 669
187 672
187 727
187 769
187 959
187 963
188 189
188 373
188 408
188 483
188 532
188 631
188 729
188 769
188 994
189 483
189 631
189 686
189 994
190 268
190 377
191 255
191 260
191 333
191 393
191 544
191 548
191 568
191 613
191 849
191 860
192 391
192 612
192 758
192 825
192 874
192 899
193 261
193 317
193 352
193 399
193 966
194 199
194 355
194 520
194 619
194 813
195 240
195 330
195 339
195 347
195 358
195 364
195 508
195 674
195 708
195 755
195 862
195 896
195 977
195 978
195 979
196 197
196 774
196 910
196 991
197 236
197 306
197 370
197 383
197 479
197 484
197 498
197 536
197 598
197 658
197 676
197 709
197 776
197 869
197 871
197 913
197 976
198 199
198 279
198 349
198 524
198 628
199 204
199 205
199 229
199 242
199 265
199 277
199 279
199 291
199 292
199 298
199 315
199 324
199 341
199 348
199 349
199 379
199 382
199 403
199 445
199 491
199 504
199 520
199 524
199 537
199 565
199 577
199 606
199 627
199 628
199 635
199 646
199 654
199 663
199 668
199 696
199 697
199 741
199 767
199 771
199 783
199 785
199 787
199 807
199 812
199 814
199 820
199 824
199 833
199 842
199 851
199 867
199 876
199 880
199 885
199 897
199 901
199 916
199 919
199 920
199 928
199 932
199 933
199 993
200 505
200 700
200 739
200 760
201 227
201 361
201 529
201 551
201 629
201 896
202 453
202 571
202 647
202 804
202 838
203 419
203 519
203 761
203 858
203 896
204 216
204 319
204 338
204 394
204 489
204 506
204 558
204 634
204 789
204 990
205 279
205 382
205 403
205 491
205 663
206 251
206 385
206 548
206 855
206 856
206 962
207 264
207 276
207 325
207 422
207 632
207 670
207 692
207 705
207 743
207 766
207 922
207 952
207 984
208 439
208 457
208 517
208 529
208 930
209 215
209 268
209 377
209 903
210 438
210 467
210 599
210 750
210 775
210 833
210 943
211 365
211 411
211 420
211 442
211 450
211 509
211 565
211 585
211 597
211 601
211 611
211 625
211 652
211 769
211 791
211 850
211 866
211 937
211 941
211 992
212 464
212 520
212 813
212 876
212 940
213 381
213 405
213 837
213 944
213 991
214 248
214 269
214 478
214 661
214 767
215 377
216 259
216 359
216 377
216 419
216 423
216 461
216 495
216 560
216 565
216 566
216 567
216 590
216 609
216 664
216 665
216 674
216 683
216 707
216 738
216 744
216 786
216 789
216 818
216 839
216 847
216 896
216 936
216 939
216 960
217 320
217 635
217 682
217 816
217 900
217 920
217 964
218 465
218 578
218 637
219 289
219 329
219 413
219 500
219 810
219 946
220 295
220 878
220 889
220 917
221 260
221 362
221 393
221 485
221 623
221 649
221 923
221 934
222 225
222 460
223 495
223 726
223 738
223 847
224 555
224 690
224 769
224 963
225 265
225 416
225 451
225 602
226 689
226 867
226 982
227 324
227 457
227 529
227 640
227 674
227 832
228 257
228 307
228 434
228 482
228 523
228 582
228 642
228 678
228 733
228 779
229 379
229 418
229 497
229 606
229 697
229 885
230 307
230 374
230 446
230 523
230 582
230 659
230 679
230 733
230 872
231 318
231 849
232 245
232 375
233 396
233 622
233 701
233 898
233 987
234 255
234 318
234 333
234 548
234 568
234 613
234 652
234 860
235 281
235 741
235 974
236 241
236 245
236 275
236 285
236 306
236 371
236 375
236 415
236 469
236 526
236 666
236 774
236 784
236 792
236 837
236 840
236 844
236 868
236 908
236 921
236 976
237 244
237 301
237 314
237 759
237 855
238 262
238 390
238 483
238 532
239 873
239 877
240 330
240 339
240 473
240 508
240 708
240 755
240 896
240 977
241 306
241 387
241 406
241 455
241 526
241 666
241 693
241 784
241 840
241 882
242 279
242 291
242 341
242 445
242 654
242 947
243 389
243 463
243 580
243 783
243 886
244 258
244 260
244 333
244 409
244 544
244 655
244 671
244 706
244 710
244 711
244 934
245 371
245 375
245 387
245 415
245 579
245 655
245 784
245 792
245 882
245 921
246 280
246 354
246 545
246 721
246 783
246 991
247 490
247 575
247 603
247 722
247 995
248 269
248 355
248 749
248 965
249 276
249 922
250 304
250 446
250 573
250 678
250 733
250 828
250 872
251 311
251 583
251 649
251 660
251 764
251 827
251 892
252 424
252 680
252 967
253 293
253 331
253 402
253 417
253 433
253 528
253 597
253 601
253 651
253 727
253 753
253 769
253 788
253 805
254 306
254 317
254 352
254 356
254 357
254 399
254 414
254 454
254 470
254 580
254 783
254 886
254 966
254 968
254 970
255 260
255 333
255 393
255 613
255 718
255 860
256 334
256 441
256 782
256 904
256 980
257 309
257 337
257 353
257 429
257 434
257 446
257 482
257 523
257 642
257 678
257 733
257 779
257 789
257 828
257 846
257 872
257 997
258 260
258 301
258 306
258 311
258 318
258 393
258 409
258 485
258 544
258 563
258 581
258 613
258 671
258 681
258 706
258 711
258 764
258 827
258 855
258 927
258 934
259 423
259 501
259 665
259 744
259 786
259 818
259 936
260 333
260 362
260 393
260 400
260 576
260 613
260 652
261 352
261 399
261 414
261 470
261 966
262 532
262 686
263 277
263 447
263 480
263 500
263 514
263 624
263 645
263 707
263 833
263 836
263 838
263 946
264 276
264 347
264 488
264 530
264 692
264 922
264 952
265 416
265 605
265 857
266 300
266 323
266 453
266 543
266 680
266 696
266 967
267 295
267 474
267 887
267 889
267 917
267 939
268 449
268 853
269 720
269 749
269 767
270 806
271 417
271 444
271 565
271 601
271 625
271 651
271 992
272 281
272 504
272 531
272 925
272 980
273 790
273 881
274 336
274 452
274 593
274 715
274 746
275 586
275 608
275 948
275 983
276 347
276 377
276 473
276 488
276 530
276 614
276 692
276 743
276 922
276 952
277 286
277 480
277 500
277 645
277 648
277 707
277 763
277 836
277 875
277 883
277 926
277 946
278 539
278 826
278 889
279 291
279 341
279 349
279 403
279 445
279 491
279 646
279 654
279 663
279 668
279 741
279 787
279 816
279 824
279 897
280 721
280 783
280 821
280 931
281 441
281 504
281 531
281 643
281 741
281 783
281 816
281 829
281 904
281 980
282 458
282 513
282 614
282 748
282 802
282 896
282 978
282 984
283 299
283 351
283 361
283 396
283 551
283 987
284 334
284 381
284 425
284 782
284 944
284 991
285 693
285 712
285 776
285 871
285 873
285 986
286 303
286 388
286 645
286 698
286 946
287 324
287 396
287 457
288 367
288 657
289 329
289 413
289 427
289 500
289 514
289 541
289 645
289 707
289 763
289 810
289 836
289 883
289 946
290 369
290 472
290 539
290 678
290 889
291 341
291 349
291 491
291 737
291 824
291 901
292 466
292 521
292 600
292 701
292 848
292 891
292 893
293 340
293 417
293 528
293 565
293 753
293 788
293 888
294 636
294 795
294 981
296 436
296 466
296 610
296 622
296 701
296 898
297 589
297 751
297 855
297 856
298 557
298 655
299 310
299 361
299 396
299 439
299 551
299 622
299 701
299 893
299 896
299 911
299 935
300 323
300 467
300 675
301 305
301 314
301 383
301 630
301 703
301 710
301 751
301 855
301 856
301 906
301 925
301 934
301 996
302 327
302 331
302 476
302 546
302 597
302 972
302 981
303 326
303 698
303 875
303 946
304 446
304 523
304 642
304 828
304 872
305 630
305 703
305 906
305 925
306 370
306 375
306 418
306 455
306 479
306 484
306 498
306 511
306 536
306 552
306 592
306 652
306 658
306 676
306 693
306 754
306 776
306 816
306 837
306 844
306 871
306 882
306 910
306 913
306 929
306 966
306 976
307 374
307 446
307 482
307 523
307 542
307 659
307 678
307 679
307 789
307 835
307 847
307 872
307 896
307 942
308 318
308 336
308 452
308 471
308 652
308 687
308 735
308 746
308 817
308 822
309 337
309 353
309 642
309 678
309 846
309 865
310 324
310 351
310 396
310 439
310 457
310 517
310 551
310 629
310 894
310 935
310 987
311 393
312 360
312 367
312 369
312 426
312 539
312 565
312 887
312 889
313 324
313 439
313 457
313 529
313 640
313 674
314 328
315 537
315 814
315 916
315 932
316 327
316 331
316 475
316 518
316 527
316 597
316 621
316 795
316 863
316 981
317 357
317 580
317 886
317 968
318 331
318 333
318 393
318 396
318 452
318 548
318 593
318 652
318 715
318 849
318 905
318 934
319 338
319 489
319 558
319 637
319 691
319 695
319 730
319 770
319 872
319 938
320 635
320 682
320 741
320 900
320 956
321 392
321 405
321 545
321 944
321 991
322 324
322 559
322 811
323 424
323 453
323 467
323 538
323 543
323 680
323 696
323 778
323 967
324 344
324 396
324 439
324 457
324 487
324 500
324 517
324 529
324 559
324 640
324 674
324 793
324 832
324 870
324 896
324 898
324 935
324 946
325 670
325 743
325 766
326 645
326 648
326 698
326 883
327 331
327 475
327 476
327 532
327 546
327 791
327 924
327 972
328 589
329 413
329 427
329 514
329 615
329 684
329 763
329 859
330 339
330 508
330 614
330 708
330 755
330 862
330 896
330 977
330 979
331 442
331 476
331 546
331 565
331 597
331 621
331 636
331 729
331 747
331 863
331 924
331 972
331 981
332 556
332 597
332 689
332 815
332 867
332 919
332 982
333 336
333 393
333 452
333 548
333 568
333 613
333 687
333 711
333 718
333 741
333 822
333 934
334 381
334 441
334 531
334 776
334 782
334 904
335 416
335 556
335 815
336 452
336 471
336 565
336 652
336 687
336 817
337 353
337 642
337 678
337 799
337 846
337 865
337 884
337 997
338 407
338 410
338 489
338 558
338 637
338 691
338 770
338 789
338 938
339 508
339 708
339 896
339 977
340 363
340 417
340 444
340 585
340 601
340 651
340 888
340 999
341 403
341 491
341 646
341 824
342 372
342 535
342 652
342 669
342 672
343 499
343 652
343 694
344 629
344 870
345 385
345 856
345 927
346 404
346 447
346 796
346 883
347 473
347 488
347 517
347 650
347 673
347 692
347 803
347 896
347 922
348 418
348 807
348 973
349 403
349 445
349 654
349 663
350 412
350 618
350 636
350 656
350 950
351 396
351 457
351 551
351 935
352 395
352 399
352 966
352 998
353 482
353 523
353 642
353 678
353 846
354 545
354 591
354 783
354 931
355 619
355 767
356 608
356 780
356 869
357 414
357 454
357 580
357 886
357 968
357 970
358 398
358 549
358 896
359 664
359 847
359 936
360 442
360 565
360 585
360 850
360 854
361 396
361 517
361 529
361 551
361 674
361 832
361 911
361 930
361 935
362 485
362 623
362 923
362 934
363 390
363 417
363 433
363 888
363 999
364 896
364 979
365 420
365 450
365 503
365 527
365 565
365 597
365 653
366 787
367 539
368 427
368 603
368 836
369 426
369 472
369 889
370 479
370 484
370 536
370 592
370 776
370 844
370 913
371 375
371 415
371 526
371 792
371 921
372 494
372 535
372 633
372 652
372 669
372 672
372 879
372 902
374 542
375 415
375 469
375 526
375 579
375 776
375 792
375 855
375 882
375 921
376 819
376 945
376 971
377 419
377 650
377 790
377 847
377 853
377 903
378 390
378 534
378 727
378 805
379 418
379 606
379 812
380 437
380 614
380 708
380 748
380 755
380 896
380 977
380 978
380 984
381 782
381 904
382 403
382 491
382 663
382 808
382 901
383 703
383 925
384 427
384 500
384 514
384 684
384 836
384 946
385 681
385 759
385 855
385 912
385 962
386 405
386 596
386 931
386 955
387 557
387 579
387 792
387 976
388 645
389 721
389 886
390 417
390 534
390 805
391 453
391 510
391 612
391 758
391 825
391 899
391 953
391 988
392 533
392 545
392 591
392 596
392 821
392 931
392 955
392 974
393 400
393 548
393 568
393 613
393 718
393 849
393 860
393 923
393 934
394 410
394 489
394 506
394 558
394 770
394 896
395 608
395 641
395 780
396 439
396 500
396 514
396 529
396 551
396 600
396 622
396 629
396 674
396 699
396 701
396 848
396 893
396 896
396 898
396 911
396 935
396 946
397 455
397 511
397 592
397 666
397 709
397 752
397 774
397 868
397 910
397 976
398 549
398 896
399 414
399 580
399 886
399 966
399 970
400 576
400 649
400 923
401 724
401 897
401 928
402 769
402 781
403 491
403 663
403 741
403 808
403 901
403 908
404 453
404 467
404 538
404 543
404 595
404 675
404 765
404 833
405 533
405 545
405 596
405 782
405 816
405 944
405 991
406 882
406 985
407 410
407 489
407 558
407 562
407 691
407 730
407 770
407 839
408 468
408 729
408 769
408 781
409 431
409 462
409 604
409 660
409 681
409 716
409 764
409 800
409 827
410 489
410 558
410 691
410 730
410 770
410 839
410 938
411 420
411 442
411 450
411 509
411 565
411 585
411 597
411 625
411 866
411 937
411 992
412 456
412 618
412 636
412 656
412 846
412 981
413 810
413 946
414 454
414 470
414 580
414 783
414 966
415 469
415 526
415 776
415 792
415 914
415 921
416 556
416 815
416 857
416 919
417 433
417 444
417 512
417 565
417 601
417 651
417 888
417 999
418 606
418 741
418 885
419 423
419 449
419 516
419 519
419 761
419 798
419 852
419 858
419 890
419 903
419 936
419 942
420 442
420 509
420 565
420 597
420 937
421 809
421 966
421 998
422 458
422 670
422 984
423 428
423 566
423 744
423 786
423 790
423 818
423 847
423 896
423 936
424 453
424 680
424 696
424 967
425 533
425 782
425 991
426 472
426 539
426 846
426 889
427 477
427 500
427 514
427 547
427 615
427 684
427 859
427 891
427 946
428 461
428 560
428 566
428 777
428 790
429 446
429 482
429 678
429 733
429 872
430 699
430 717
430 722
430 773
430 793
430 891
431 462
431 583
431 604
431 660
431 681
431 764
431 827
433 651
433 788
433 888
433 999
434 678
434 779
434 846
434 872
435 571
435 645
435 647
435 804
435 838
436 622
436 701
436 838
437 614
437 708
437 802
437 831
437 896
437 978
438 487
438 833
438 841
438 943
438 957
439 440
439 457
439 529
439 551
439 629
439 640
439 674
439 935
440 457
440 529
441 504
441 829
441 904
442 509
442 565
442 597
442 625
442 753
442 866
442 937
443 501
443 562
443 847
444 651
444 888
444 999
445 654
445 824
446 482
446 523
446 542
446 573
446 582
446 607
446 642
446 659
446 679
446 733
446 789
446 828
446 835
446 846
446 847
446 872
447 647
447 796
447 949
448 565
448 585
448 854
448 866
448 992
449 516
449 798
449 853
449 896
450 503
450 565
450 597
450 653
451 627
451 644
451 682
451 724
451 741
451 785
451 787
451 897
451 920
451 928
451 964
452 565
452 593
452 652
452 715
452 735
452 746
452 845
452 849
452 905
453 467
453 543
453 571
453 572
453 595
453 647
453 675
453 696
453 697
453 756
453 765
453 778
453 825
453 833
453 838
453 864
453 874
453 875
453 896
453 907
453 926
453 967
454 580
455 511
455 666
455 840
455 882
455 976
455 985
456 636
457 529
457 551
457 629
457 640
457 674
457 701
457 794
457 870
457 935
458 614
458 670
458 896
458 984
459 638
459 891
460 556
460 602
460 605
460 606
460 619
460 815
460 857
460 919
461 560
461 566
461 777
462 583
462 604
462 660
462 711
462 827
463 783
463 886
463 970
464 619
464 947
465 495
465 578
465 839
466 610
466 622
466 701
466 722
466 794
466 848
467 675
467 765
467 778
467 967
468 565
468 729
468 769
468 781
469 792
470 580
470 970
471 652
471 687
471 822
472 826
472 889
473 803
474 846
474 887
474 889
475 527
475 546
475 621
475 863
476 546
476 565
476 791
476 924
476 972
477 500
477 541
477 603
477 684
477 859
478 619
478 661
478 673
478 767
478 965
479 498
479 592
479 658
479 776
479 844
480 500
480 624
480 645
480 707
481 525
481 570
481 584
481 677
481 811
481 896
482 523
482 573
482 582
482 642
482 678
482 733
482 779
482 828
482 846
482 858
482 872
482 997
483 532
483 631
483 728
483 769
483 975
483 994
484 536
484 552
484 776
485 649
485 923
485 934
486 917
487 833
487 899
487 957
488 530
488 692
488 922
489 506
489 558
489 691
489 770
489 938
490 575
490 995
491 663
491 668
491 901
492 635
492 725
492 741
493 673
493 895
494 652
494 669
494 672
494 879
495 501
495 567
495 578
495 738
495 847
495 872
495 989
496 734
496 775
496 864
496 874
497 606
497 697
497 812
497 842
497 880
497 933
498 592
498 658
498 754
498 776
498 913
498 914
499 652
499 713
500 514
500 615
500 645
500 707
500 836
500 838
500 875
500 926
500 946
501 590
501 744
501 847
501 989
502 549
502 736
502 896
503 597
503 601
504 545
504 643
504 682
504 816
504 830
504 920
504 980
505 700
505 739
505 767
505 772
506 558
506 634
506 742
506 789
506 835
506 872
506 990
507 512
507 616
507 723
508 662
508 708
508 831
508 862
508 896
508 977
509 565
509 597
509 611
509 937
510 547
510 612
510 775
511 666
511 752
511 840
511 882
511 976
511 985
512 616
512 723
513 614
513 748
513 755
513 802
513 834
513 984
514 541
514 575
514 603
514 615
514 645
514 707
514 810
514 836
514 946
515 521
515 688
515 717
515 722
515 891
516 798
516 852
516 858
516 890
517 529
517 551
517 600
517 894
517 935
518 636
519 685
519 761
519 858
519 881
520 619
520 661
520 813
521 600
521 622
522 871
522 873
523 542
523 582
523 678
523 733
523 828
523 872
524 628
525 559
525 570
525 584
525 677
525 896
526 921
527 621
527 863
527 981
528 565
528 753
529 629
529 674
529 896
529 930
529 935
530 692
530 922
531 596
531 816
531 980
531 991
532 534
533 545
533 591
533 596
533 821
533 931
533 955
535 652
535 672
535 757
535 879
536 592
536 844
536 913
537 577
537 668
537 814
537 880
537 932
538 543
538 572
538 595
538 675
538 778
538 907
538 946
539 565
539 618
539 636
539 826
539 889
540 940
541 645
542 573
542 678
542 789
542 835
542 872
542 942
543 572
543 595
543 680
543 907
544 548
544 934
545 591
545 596
545 783
545 821
545 931
545 944
545 955
545 991
546 597
546 924
546 941
547 874
548 568
548 613
548 716
548 849
548 860
549 896
550 741
550 920
551 645
551 674
551 794
551 832
551 894
551 935
552 598
552 776
553 574
553 703
553 861
554 767
555 587
555 690
555 963
556 745
556 815
556 820
557 655
558 691
558 770
558 847
558 938
559 584
559 677
559 811
560 566
560 777
560 790
561 652
561 687
561 746
561 822
561 954
562 567
562 726
562 839
562 847
562 960
563 660
563 671
563 706
563 934
564 586
564 869
564 948
565 581
565 585
565 597
565 601
565 611
565 615
565 625
565 636
565 653
565 747
565 753
565 769
565 781
565 791
565 797
565 798
565 801
565 839
565 847
565 850
565 854
565 866
565 888
565 937
565 941
565 963
565 972
565 992
566 744
566 777
566 790
566 847
566 896
566 936
566 989
567 645
567 695
567 726
567 738
567 839
567 847
567 960
567 989
568 613
568 860
569 731
569 767
570 584
570 896
571 645
571 647
571 756
571 804
571 838
572 595
572 647
572 907
573 678
573 733
573 828
573 872
574 703
574 861
574 925
575 768
576 613
576 623
577 668
577 815
577 851
578 695
578 847
578 938
580 886
581 594
581 617
581 626
581 959
581 961
582 678
582 789
582 872
583 660
583 759
583 827
583 892
585 601
585 854
585 992
586 714
586 869
586 877
586 948
587 667
587 961
587 963
588 652
588 669
588 879
588 915
589 751
590 818
590 936
591 596
591 721
591 931
592 658
592 844
593 845
593 849
594 626
594 667
594 961
595 680
595 907
595 946
596 783
596 821
596 931
596 955
596 991
597 601
597 625
597 653
597 678
597 747
597 769
597 791
597 797
597 801
597 866
597 924
597 937
597 992
598 776
599 734
599 750
599 775
599 833
599 864
599 874
599 943
600 699
600 701
600 836
600 848
600 893
600 896
601 652
601 781
601 788
601 888
604 716
604 764
604 827
605 857
606 628
606 697
606 741
606 812
607 878
607 884
607 887
608 641
608 948
609 664
609 744
609 799
609 847
609 936
610 701
610 794
610 848
611 625
611 801
611 850
611 866
611 992
613 718
613 860
614 708
614 748
614 802
614 831
614 834
614 862
614 896
614 978
614 984
615 763
616 651
616 723
616 727
616 805
617 626
617 732
617 959
618 806
619 661
619 749
620 819
620 959
620 961
622 701
622 898
622 935
623 649
623 923
624 645
624 707
624 836
624 875
624 946
625 801
625 866
625 937
625 992
626 959
627 644
627 724
627 741
627 785
627 897
627 928
628 851
628 901
629 834
629 930
629 935
629 952
630 703
630 861
630 906
630 925
631 728
631 769
631 781
631 975
631 994
632 705
632 922
632 952
633 669
633 915
634 770
635 682
635 741
635 771
635 900
635 920
635 956
635 974
636 656
636 981
637 730
637 770
638 704
638 768
639 652
639 672
639 687
639 757
639 902
640 674
640 870
640 896
641 780
642 779
642 846
642 865
642 872
642 997
643 816
643 980
644 682
644 741
644 785
644 897
644 920
644 964
645 647
645 698
645 707
645 833
645 836
645 875
645 883
645 926
645 946
646 654
646 741
646 824
646 901
647 804
647 838
648 698
648 707
648 804
648 883
648 946
648 949
649 652
649 923
650 803
651 888
651 999
652 667
652 669
652 672
652 687
652 716
652 746
652 757
652 822
652 849
652 855
652 879
652 888
652 902
652 905
652 915
652 954
653 791
653 797
653 992
657 826
657 889
657 950
658 844
659 679
659 789
660 827
660 892
661 739
661 767
662 896
662 958
663 901
664 665
664 702
664 744
664 847
664 936
665 786
665 847
665 936
666 709
666 752
666 774
666 784
666 792
666 840
666 868
666 908
666 914
666 976
666 985
667 769
667 805
667 963
668 851
669 672
669 713
669 769
669 822
669 879
670 705
670 743
670 984
671 934
672 687
673 739
673 895
674 684
674 811
674 832
674 896
674 987
675 680
675 765
675 778
676 693
676 776
676 837
676 929
678 691
678 733
678 779
678 789
678 839
678 846
678 865
678 872
678 884
678 889
678 929
679 789
679 828
679 872
680 696
680 967
681 710
681 764
681 800
681 827
681 923
682 741
682 900
683 839
684 810
684 859
685 761
685 858
686 819
686 963
687 715
687 822
687 954
688 722
688 793
688 891
689 982
690 963
691 770
692 705
692 922
693 712
693 776
693 871
693 873
693 918
693 969
695 770
695 847
696 833
696 967
697 807
697 812
698 949
699 717
699 722
699 896
700 731
700 739
700 760
700 767
700 772
701 768
701 794
701 896
701 898
701 946
703 856
703 925
703 996
704 722
704 768
705 952
706 711
706 856
707 836
707 946
708 743
708 802
708 831
708 858
708 862
708 896
708 977
708 978
708 979
708 984
709 752
709 908
709 948
709 976
710 800
710 934
712 776
712 986
713 915
714 869
714 948
715 735
715 845
715 905
716 800
716 827
717 722
717 773
717 891
719 855
719 856
719 912
720 767
720 813
721 783
721 821
722 768
722 773
722 836
722 891
722 893
723 753
723 805
724 741
724 785
724 897
724 928
725 900
725 956
725 974
726 790
726 839
726 847
726 896
726 960
726 989
727 805
728 975
728 994
729 769
729 781
730 938
731 760
731 767
731 772
732 971
733 828
733 872
734 750
734 775
734 833
734 864
734 874
734 943
735 845
735 905
736 896
737 741
737 808
737 901
738 839
738 960
738 989
739 758
739 767
739 772
740 794
740 848
740 891
741 771
741 785
741 830
741 851
741 885
741 897
741 901
741 909
741 920
741 946
741 951
742 789
743 766
743 896
743 984
744 786
744 790
744 847
744 936
745 815
745 820
745 876
746 757
746 822
746 845
747 791
747 797
748 802
748 834
748 896
748 984
750 758
750 775
750 833
750 864
750 874
751 855
751 856
752 840
752 868
752 882
752 908
752 976
754 776
755 802
755 831
755 896
755 977
755 978
755 984
757 902
758 775
758 823
758 825
758 895
758 899
758 953
758 988
759 962
760 772
761 858
761 881
761 896
762 890
763 875
764 800
764 827
764 892
764 934
765 967
766 896
767 813
767 899
769 781
769 994
770 938
770 990
771 920
771 951
772 874
773 891
774 908
774 910
774 914
774 976
775 864
775 874
776 837
776 847
776 873
776 913
776 929
776 976
776 986
778 833
779 846
779 872
779 887
780 983
783 821
783 886
783 931
783 955
783 970
783 991
785 897
785 909
785 920
785 928
785 964
786 818
786 847
787 807
787 815
787 857
787 973
789 835
789 865
789 942
790 839
790 858
790 896
790 960
791 797
793 891
794 848
794 898
799 846
799 884
799 889
801 850
801 866
801 937
801 941
801 992
802 834
802 896
803 952
804 838
806 950
807 973
808 897
808 901
808 964
809 998
812 815
812 842
813 946
814 916
814 932
815 820
815 833
815 857
815 982
816 830
816 931
817 822
819 971
820 867
821 886
822 954
823 895
825 899
826 889
828 872
828 939
830 974
830 980
831 862
831 896
831 978
833 841
833 874
833 899
833 943
834 896
834 984
835 846
835 942
836 896
836 946
837 929
837 986
839 847
839 960
839 989
840 882
840 908
840 976
840 985
841 943
841 957
842 880
842 885
843 877
844 913
845 849
846 847
846 884
846 887
846 939
847 858
847 872
847 960
847 984
847 989
848 893
850 866
850 941
850 992
852 858
855 856
855 892
855 912
855 927
856 912
856 927
858 881
858 890
858 896
858 936
858 984
859 946
862 896
862 922
863 924
864 874
865 887
865 997
866 889
866 941
866 992
867 919
868 908
868 910
868 914
868 976
868 985
869 948
870 896
871 918
871 948
871 969
871 970
872 884
873 877
873 918
874 943
875 926
876 940
876 947
877 969
877 983
878 887
880 885
882 908
882 976
882 985
885 933
886 968
887 917
887 939
888 999
893 946
894 935
895 899
896 935
896 952
896 958
896 977
896 978
896 979
896 984
897 964
897 993
899 907
899 953
899 967
899 988
900 956
901 916
908 976
909 928
910 914
910 976
912 927
918 969
919 982
920 951
920 956
920 964
922 952
923 934
924 972
925 996
926 946
928 993
931 944
931 955
937 992
941 992
944 980
944 991
957 967
958 979
961 963
968 970
975 994
976 985
