0 24
0 210
0 263
0 498
0 502
0 516
0 536
0 675
0 697
0 902
1 31
1 228
1 429
1 607
1 768
1 790
1 902
1 951
2 29
2 238
2 379
2 998
3 24
3 31
3 54
3 69
3 113
3 140
3 306
3 375
3 436
3 444
3 516
3 536
3 557
3 565
3 661
3 790
3 791
3 880
3 927
4 136
4 392
4 488
4 529
4 577
4 586
4 802
5 120
5 872
6 81
6 120
6 272
6 296
6 357
6 472
6 590
6 677
6 770
6 860
6 873
6 966
7 135
7 163
7 170
7 192
7 200
7 224
7 640
7 678
7 778
7 915
8 97
8 187
8 336
8 413
8 657
8 674
8 854
9 309
9 572
9 630
9 759
9 779
10 81
10 296
10 307
11 251
11 335
11 454
11 537
11 639
11 712
11 856
12 19
12 51
12 225
12 255
12 276
12 287
12 361
12 397
12 447
12 532
12 705
12 804
12 898
13 86
13 93
13 139
13 221
13 260
13 297
13 455
13 694
13 888
14 29
14 89
14 230
14 238
14 321
14 355
14 645
14 981
15 120
15 460
15 597
15 626
15 872
16 45
16 238
16 252
16 405
16 425
16 587
16 688
16 707
16 711
16 810
16 926
16 955
17 346
17 377
17 485
17 510
17 840
18 80
18 256
18 521
18 554
18 679
18 682
18 869
18 975
19 77
19 255
19 276
19 287
19 361
19 415
19 447
19 532
19 705
19 718
19 767
19 898
20 153
20 268
20 360
20 544
20 840
21 72
21 83
21 98
21 107
21 150
21 184
21 398
21 445
21 469
21 490
21 504
21 586
21 627
21 706
21 728
21 733
21 784
21 822
21 853
21 924
21 925
21 958
22 43
22 525
22 569
22 574
22 648
23 132
23 179
23 257
23 330
23 331
23 720
23 732
23 748
23 781
23 866
23 941
23 980
23 991
24 123
24 154
24 234
24 263
24 498
24 516
24 536
24 659
24 697
25 419
25 519
25 619
25 837
26 128
26 317
26 371
26 640
26 694
26 715
26 772
26 837
26 895
27 290
27 340
27 559
27 753
27 769
27 841
28 291
28 341
28 352
28 428
28 430
28 742
29 65
29 78
29 148
29 238
29 321
29 379
29 439
29 486
29 511
29 555
29 562
29 640
29 688
29 707
29 784
29 930
29 978
29 981
29 998
30 122
30 575
30 583
30 631
30 722
31 82
31 140
31 228
31 302
31 429
31 458
31 518
31 659
31 768
31 790
31 815
31 902
31 992
32 87
32 276
32 349
32 522
32 640
32 678
32 767
32 786
32 846
32 900
33 38
33 160
33 198
33 416
33 417
33 477
33 509
33 556
33 693
33 717
33 746
33 797
34 99
34 169
34 186
34 248
34 265
34 434
34 520
34 668
34 719
34 753
34 913
34 929
35 122
35 274
35 420
35 432
35 606
35 698
35 706
35 722
35 783
35 803
35 817
35 937
35 986
36 70
36 101
36 103
36 125
36 147
36 170
36 224
36 295
36 393
36 589
36 624
36 640
36 678
36 943
36 973
36 990
37 460
37 597
37 872
38 365
38 417
38 492
38 509
38 556
38 797
39 125
39 224
39 242
39 276
39 393
39 589
39 640
39 794
39 894
39 973
40 120
40 167
40 175
40 298
40 530
40 626
40 752
40 789
41 115
41 123
41 215
41 237
41 278
41 291
41 363
41 497
41 548
41 592
41 636
41 637
41 742
41 760
41 766
41 916
41 938
41 957
41 985
42 245
42 304
42 649
42 734
42 753
42 849
42 867
43 144
43 383
43 569
43 574
43 648
43 798
44 53
44 238
44 285
44 481
44 792
44 844
44 964
45 126
45 202
45 252
45 292
45 368
45 405
45 422
45 425
45 534
45 667
45 688
45 707
45 955
46 84
46 141
46 323
46 399
46 475
46 579
46 628
46 634
46 908
47 275
47 294
47 396
47 531
47 572
47 630
47 759
47 779
47 967
48 219
48 229
48 276
48 415
48 517
48 718
48 721
48 865
49 56
49 523
49 588
49 628
49 814
49 830
50 78
50 88
50 164
50 182
50 238
50 249
50 465
50 614
50 680
50 930
51 77
51 219
51 238
51 255
51 276
51 287
51 308
51 361
51 397
51 447
51 532
51 670
51 678
51 718
51 894
51 898
51 988
52 164
52 249
52 453
52 551
52 614
52 688
52 758
52 930
53 230
53 238
53 321
53 324
53 385
53 468
53 481
53 645
53 981
54 66
54 306
54 320
54 375
54 401
54 446
54 571
54 661
54 947
55 90
55 95
55 212
55 651
55 754
56 174
56 523
56 741
56 757
56 848
57 120
57 218
57 286
57 386
57 549
57 584
57 602
57 647
57 672
57 841
57 851
58 154
58 210
58 278
58 369
58 498
58 516
58 536
59 68
59 402
59 422
59 425
59 491
59 686
59 688
59 816
59 961
60 106
60 226
60 250
60 542
60 563
60 598
60 654
60 856
60 963
61 146
61 201
61 412
61 443
61 579
61 649
61 743
61 834
62 69
62 129
62 284
62 458
62 477
62 496
62 569
62 573
62 632
62 710
62 723
62 902
63 326
63 342
63 521
63 679
63 682
64 100
64 538
64 701
64 733
64 784
64 855
64 948
64 984
65 74
65 78
65 182
65 238
65 379
65 468
65 486
65 595
65 614
65 978
66 320
66 375
66 401
66 446
66 571
66 659
67 158
67 335
67 665
67 935
68 231
68 292
68 303
68 362
68 373
68 422
68 425
68 440
68 491
68 515
68 686
68 688
68 708
68 711
68 816
68 955
68 961
68 969
69 477
69 496
69 573
69 659
69 709
69 902
70 79
70 103
70 135
70 170
70 192
70 276
70 624
70 640
71 82
71 140
71 228
71 348
71 659
71 768
71 777
71 790
71 902
71 951
72 83
72 398
72 688
72 784
72 822
72 853
73 171
73 205
73 762
74 88
74 148
74 225
74 238
74 252
74 285
74 373
74 453
74 465
74 482
74 534
74 551
74 614
74 686
74 688
74 758
74 784
74 998
75 276
75 315
75 670
75 826
75 922
75 993
76 458
76 902
77 255
77 276
77 361
77 447
77 718
77 898
77 988
78 182
78 238
78 249
78 271
78 379
78 439
78 468
78 486
78 595
78 680
78 688
78 707
78 978
79 103
79 170
79 276
79 624
79 640
79 821
79 973
80 256
80 261
80 279
80 326
80 554
80 659
80 682
80 869
80 975
81 296
81 307
81 652
81 770
81 807
81 919
82 94
82 228
82 348
82 477
82 609
82 612
82 632
82 659
82 710
82 777
82 840
82 864
82 902
82 951
83 445
83 469
83 728
83 784
83 822
84 146
84 174
84 201
84 344
84 399
84 443
84 475
84 579
84 634
84 743
84 783
84 834
84 908
84 946
85 424
85 457
85 630
85 714
85 836
85 860
86 139
86 176
86 260
86 276
86 332
86 376
86 384
86 410
86 462
86 489
86 567
86 604
86 642
86 678
86 694
86 738
86 767
86 900
87 168
87 349
87 622
87 678
87 846
87 900
88 164
88 182
88 249
88 271
88 453
88 614
88 680
88 758
88 930
89 230
89 238
89 321
89 355
89 481
89 645
89 981
90 212
90 651
90 729
90 754
91 513
91 808
91 813
91 827
91 925
92 122
92 142
92 420
92 506
92 722
92 783
92 803
93 138
93 145
93 176
93 221
93 260
93 297
93 332
93 382
93 455
93 567
93 604
93 640
93 694
93 765
93 772
93 892
94 140
94 208
94 348
94 374
94 477
94 612
94 632
94 768
94 777
95 171
95 260
95 449
95 616
95 617
95 882
95 883
96 128
96 644
96 891
96 895
97 109
97 151
97 187
97 413
97 674
98 333
98 392
98 490
98 724
98 784
99 186
99 248
99 387
99 668
99 753
99 913
99 929
99 931
100 133
100 184
100 538
100 701
100 784
100 842
100 925
100 948
100 984
100 987
101 102
101 189
101 199
101 276
101 287
101 319
101 397
101 696
101 898
102 118
102 189
102 276
102 287
102 319
102 397
102 532
102 678
102 696
102 922
103 170
103 276
103 327
103 589
103 640
103 678
103 778
103 821
104 240
104 248
104 372
104 394
104 568
104 581
104 672
104 931
105 117
105 220
105 246
105 417
105 507
105 561
105 566
105 660
105 991
106 226
106 250
106 542
106 563
106 654
106 796
107 558
107 610
107 706
107 728
107 784
107 853
107 995
108 165
108 470
108 475
108 600
108 885
108 906
108 934
109 187
109 339
109 727
110 263
110 751
110 907
111 128
111 371
111 419
111 519
111 605
111 644
111 895
111 950
112 317
112 371
112 382
112 419
112 473
112 715
112 772
113 140
113 154
113 210
113 234
113 369
113 500
113 536
113 675
113 681
113 697
113 852
113 927
113 938
114 264
114 278
114 636
114 671
114 833
114 901
115 291
115 548
115 552
115 636
115 742
115 766
115 785
116 235
116 435
116 440
116 448
116 452
116 582
116 669
116 825
116 996
117 220
117 246
117 533
117 566
117 660
118 255
118 276
118 305
118 319
118 397
118 670
118 678
118 858
118 922
119 629
119 692
119 869
120 175
120 245
120 290
120 298
120 304
120 311
120 364
120 372
120 432
120 460
120 523
120 530
120 549
120 576
120 597
120 626
120 649
120 685
120 734
120 752
120 839
120 841
120 872
120 906
120 931
121 424
121 503
121 700
121 807
121 836
122 142
122 143
122 187
122 274
122 314
122 364
122 413
122 420
122 432
122 475
122 506
122 527
122 579
122 583
122 606
122 618
122 631
122 638
122 647
122 698
122 722
122 735
122 761
122 783
122 817
122 861
122 946
122 975
123 263
123 498
123 516
124 177
124 761
125 147
125 203
125 224
125 276
125 393
125 479
125 532
125 589
125 599
125 624
125 640
125 670
125 794
125 894
125 943
125 973
126 190
126 202
126 238
126 271
126 482
126 551
126 614
126 688
126 707
126 926
127 250
127 293
127 411
127 537
127 564
127 750
127 859
128 138
128 193
128 297
128 317
128 371
128 382
128 384
128 419
128 473
128 495
128 519
128 585
128 603
128 605
128 715
128 772
128 887
128 891
128 894
128 971
129 217
129 276
129 375
129 496
129 659
129 709
129 710
129 902
130 278
130 291
130 500
130 697
130 843
130 938
131 222
131 238
131 303
131 325
131 380
131 511
131 780
131 820
132 179
132 232
132 331
132 742
132 748
132 866
133 156
133 213
133 214
133 310
133 408
133 450
133 476
133 514
133 558
133 733
133 784
133 862
133 925
133 987
134 353
134 450
134 463
134 733
134 924
134 987
135 163
135 170
135 192
135 276
135 640
135 678
135 778
135 821
135 900
136 282
136 334
136 392
136 529
136 784
136 802
136 838
137 276
137 408
137 733
137 745
137 842
137 910
137 925
137 984
137 987
138 191
138 260
138 276
138 281
138 381
138 483
138 564
138 644
138 703
138 706
138 715
138 765
138 772
138 889
139 640
139 678
139 694
139 892
140 204
140 302
140 348
140 429
140 446
140 477
140 516
140 518
140 565
140 608
140 612
140 632
140 659
140 709
140 736
140 768
140 790
140 815
140 864
140 902
140 951
140 992
141 173
141 399
141 475
141 634
141 814
141 839
141 847
141 908
142 583
142 722
143 155
143 527
143 662
143 690
143 735
143 839
143 920
143 960
144 467
144 528
144 569
145 281
145 332
145 455
145 694
146 412
146 579
146 634
146 662
146 743
146 946
147 203
147 224
147 276
147 393
147 589
147 640
148 225
148 238
148 482
148 486
148 688
148 905
148 969
149 208
149 354
149 377
149 395
149 609
149 611
149 659
150 181
150 426
150 488
150 627
150 706
150 747
151 236
151 318
151 413
151 526
151 657
151 722
151 814
151 868
151 956
151 977
152 162
152 286
152 549
152 740
153 360
153 377
153 544
153 975
154 210
154 369
154 498
154 500
154 536
154 548
154 697
154 852
155 527
155 690
155 722
155 735
155 802
155 847
155 920
155 960
156 310
156 514
156 745
156 784
156 984
156 987
157 247
157 275
157 572
157 630
157 779
158 335
158 543
158 616
158 665
158 935
159 283
159 354
159 633
159 683
160 166
160 417
160 509
160 553
160 561
160 746
160 797
161 183
161 253
161 392
161 488
161 558
161 663
161 784
161 802
162 286
162 329
162 579
162 602
162 740
162 851
162 871
163 170
163 192
163 200
163 203
163 276
163 295
163 393
163 522
163 640
163 670
163 678
163 778
163 915
164 238
164 249
164 465
164 551
164 614
164 688
164 711
164 784
164 930
165 188
165 314
165 336
165 437
165 470
165 559
165 579
165 588
165 594
165 600
165 741
165 744
165 784
165 830
165 847
165 896
165 906
165 934
166 417
166 553
166 660
166 746
166 797
167 218
167 286
167 344
167 386
167 549
167 584
168 601
168 678
168 767
169 186
169 387
169 434
169 520
169 668
169 753
169 867
170 200
170 276
170 640
170 678
170 778
170 821
170 915
170 922
170 990
171 212
171 276
171 301
171 335
171 382
171 449
171 489
171 729
171 772
171 875
171 882
171 883
171 884
171 936
171 997
172 291
172 341
172 428
172 625
172 716
172 742
172 823
172 933
172 945
173 399
173 475
173 743
173 861
173 908
174 323
174 389
174 443
174 523
174 550
174 570
174 741
174 814
174 982
175 530
175 626
176 260
176 276
176 281
176 297
176 332
176 419
176 455
176 644
176 694
176 695
176 767
177 209
177 216
177 876
177 899
178 285
178 328
178 385
178 686
178 844
178 964
179 215
179 232
179 433
179 480
179 781
180 388
180 463
180 793
181 529
181 577
181 663
181 759
181 784
181 802
182 238
182 249
182 276
182 379
182 453
182 494
182 680
182 688
182 930
182 942
183 253
183 663
183 706
183 802
184 487
184 538
184 701
184 784
184 987
185 195
185 345
185 586
185 630
185 759
185 958
186 434
186 668
186 719
186 753
186 931
187 356
187 413
187 618
187 674
187 854
188 523
188 600
188 830
188 847
189 276
189 287
189 319
189 397
189 511
189 532
189 640
189 696
189 804
189 898
190 219
190 276
190 347
190 780
190 806
190 962
190 970
191 276
191 351
191 591
191 644
191 694
191 703
192 200
192 640
192 678
192 821
192 915
193 382
193 384
193 473
193 772
193 891
193 950
194 336
194 683
194 946
194 953
194 975
195 345
195 421
195 630
195 759
195 774
195 958
195 979
196 222
196 238
196 276
196 325
196 511
196 643
196 684
196 699
196 739
196 780
196 820
196 897
196 970
197 478
197 586
197 630
197 759
197 832
197 917
198 365
198 509
198 991
198 994
199 269
199 415
199 517
199 539
199 718
199 898
199 912
199 974
200 640
200 678
200 778
200 900
200 915
201 412
201 443
201 527
201 579
201 662
201 685
201 690
201 722
201 735
201 743
201 834
201 839
201 920
202 252
202 337
202 368
202 373
202 425
202 459
202 688
202 707
202 708
202 711
202 810
202 926
202 955
203 224
203 269
203 327
203 393
203 589
203 640
203 821
203 894
204 565
206 273
206 377
206 499
206 685
206 885
206 896
207 525
207 776
207 972
208 313
208 346
208 354
208 377
208 436
208 471
208 611
208 659
208 731
208 771
208 864
208 909
208 918
208 968
209 216
209 526
210 263
210 369
210 516
210 536
210 697
211 244
211 526
211 618
211 631
211 722
211 761
211 803
211 899
212 617
212 651
212 754
212 882
212 939
213 280
213 353
213 391
213 450
213 463
213 784
213 828
213 924
214 280
214 310
214 450
214 452
214 688
214 689
214 733
214 784
214 842
214 862
214 925
214 987
215 237
215 291
215 341
215 352
215 363
215 430
215 442
215 548
215 592
215 625
215 742
215 760
215 766
215 785
215 791
215 852
215 901
215 916
215 945
215 985
216 318
216 618
216 876
217 270
217 374
217 496
217 659
217 710
217 902
218 386
218 549
218 602
218 851
219 229
219 238
219 276
219 347
219 400
219 414
219 415
219 511
219 539
219 547
219 614
219 643
219 688
219 721
219 730
219 780
219 806
220 246
220 566
221 260
221 297
221 455
221 694
221 703
221 888
221 892
222 238
222 308
222 325
222 466
222 511
222 643
222 684
222 699
222 739
222 780
223 298
223 311
223 740
224 238
224 242
224 276
224 295
224 327
224 393
224 532
224 589
224 624
224 640
224 670
224 678
224 794
224 894
224 898
224 922
224 943
224 973
225 238
225 368
225 453
225 465
225 486
225 534
225 614
225 688
225 758
225 810
225 969
225 978
226 250
226 542
226 856
227 396
227 580
227 586
227 807
227 860
228 302
228 429
228 607
228 659
228 768
228 777
228 951
228 992
229 721
229 865
230 238
230 324
230 481
230 645
231 422
231 425
231 451
231 491
231 515
231 587
231 614
231 686
231 707
231 816
231 961
232 288
232 417
232 433
232 781
233 578
233 586
233 627
233 706
233 759
233 784
234 404
234 498
234 516
235 440
235 560
235 620
235 653
235 669
235 808
235 813
235 825
236 318
236 356
236 868
236 944
236 956
237 291
237 352
237 512
237 548
237 592
237 697
237 742
237 760
237 916
237 985
238 249
238 252
238 255
238 266
238 285
238 303
238 321
238 324
238 328
238 340
238 355
238 361
238 379
238 385
238 397
238 402
238 405
238 425
238 439
238 465
238 468
238 481
238 482
238 486
238 511
238 534
238 551
238 555
238 562
238 595
238 614
238 640
238 645
238 670
238 678
238 680
238 688
238 707
238 718
238 730
238 733
238 758
238 780
238 784
238 792
238 807
238 810
238 819
238 897
238 898
238 921
238 925
238 942
238 964
238 970
238 973
238 978
238 981
238 989
238 998
239 314
239 344
239 386
239 647
239 845
239 847
240 367
240 394
240 568
240 593
240 668
240 763
240 923
240 931
241 282
241 577
241 706
241 759
242 276
242 295
242 327
242 393
242 894
242 943
242 973
243 289
243 702
243 812
243 875
243 879
244 618
244 631
244 722
244 761
245 248
245 304
245 312
245 372
245 434
245 438
245 593
245 597
245 668
245 719
245 734
245 753
245 769
245 841
245 849
245 867
245 911
245 929
245 931
246 507
246 566
246 660
246 717
247 572
247 779
247 784
248 265
248 367
248 387
248 434
248 668
248 719
248 753
248 913
248 929
249 271
249 276
249 486
249 595
249 614
249 680
249 688
249 758
249 930
250 251
250 542
250 563
250 717
250 856
250 991
251 454
251 524
251 541
251 712
251 856
252 362
252 373
252 405
252 587
252 686
252 688
252 707
252 711
252 810
252 926
252 955
253 392
253 426
253 488
253 663
253 802
254 277
254 354
254 377
254 609
254 659
254 850
254 864
254 890
254 928
255 276
255 287
255 361
255 397
255 447
255 532
255 678
255 705
255 718
255 898
255 988
256 261
256 283
256 682
256 683
256 840
256 869
256 975
257 330
257 507
257 533
257 720
257 732
257 748
257 866
257 941
257 980
257 991
258 276
258 327
258 640
258 670
258 893
258 894
258 922
258 943
258 973
259 497
259 525
259 953
259 972
260 281
260 455
260 694
260 765
261 279
261 869
261 975
262 296
262 307
262 919
263 278
263 306
263 320
263 498
263 516
263 635
263 675
263 751
263 852
263 881
263 902
264 278
264 291
264 356
264 406
264 442
264 500
264 516
264 548
264 552
264 566
264 636
264 671
264 697
264 766
264 785
264 901
264 985
265 372
265 581
265 719
265 753
265 913
265 929
266 461
266 494
266 511
266 650
266 819
266 897
267 338
267 384
267 495
267 603
267 715
267 765
267 772
267 891
268 544
268 840
268 869
269 415
269 517
269 787
269 912
270 284
270 360
270 458
270 723
270 902
271 276
271 379
271 486
271 680
271 688
271 942
272 296
272 677
272 770
272 940
273 499
273 647
273 685
273 885
274 420
274 606
274 698
274 722
274 783
274 803
274 817
275 294
275 531
275 572
275 590
275 630
275 779
275 838
275 967
276 287
276 291
276 295
276 297
276 300
276 303
276 305
276 319
276 321
276 325
276 327
276 347
276 361
276 379
276 393
276 397
276 400
276 405
276 414
276 447
276 462
276 486
276 488
276 494
276 511
276 517
276 519
276 532
276 539
276 589
276 596
276 599
276 601
276 614
276 624
276 640
276 644
276 650
276 655
276 670
276 678
276 688
276 694
276 696
276 705
276 707
276 712
276 718
276 721
276 730
276 739
276 765
276 767
276 772
276 780
276 784
276 786
276 787
276 788
276 794
276 804
276 806
276 809
276 820
276 826
276 829
276 858
276 874
276 888
276 892
276 894
276 897
276 898
276 900
276 912
276 922
276 924
276 943
276 970
276 973
276 974
276 987
276 988
276 989
276 993
277 354
277 377
277 609
277 659
277 850
277 890
277 902
277 928
278 406
278 500
278 671
278 681
278 697
278 785
278 833
278 843
278 927
279 336
279 342
279 403
279 521
279 679
279 682
279 914
280 353
280 450
280 463
280 828
281 332
281 455
281 694
281 888
282 426
282 529
282 577
282 706
282 802
282 987
283 613
283 633
283 682
283 683
283 869
283 975
284 458
284 659
284 710
284 723
285 300
285 328
285 493
285 511
285 650
285 819
285 877
285 897
286 359
286 386
286 549
286 584
287 315
287 319
287 361
287 397
287 447
287 532
287 640
287 670
287 696
287 705
287 718
287 894
287 898
287 922
287 973
287 988
288 433
288 480
288 484
288 746
288 781
288 991
289 729
289 875
289 879
290 340
290 559
290 646
290 649
290 769
290 841
291 341
291 352
291 363
291 377
291 430
291 442
291 484
291 512
291 536
291 592
291 625
291 637
291 659
291 697
291 725
291 742
291 760
291 766
291 785
291 823
291 843
291 916
291 938
291 945
291 985
291 991
292 337
292 422
292 425
292 491
292 587
292 688
292 711
292 961
293 411
293 537
293 676
293 859
294 531
294 572
294 779
294 838
295 393
295 894
295 943
295 973
296 307
296 350
296 472
296 652
296 656
296 770
296 873
296 919
296 940
296 966
297 455
297 694
297 888
297 892
298 460
298 752
298 872
299 334
299 427
299 586
299 627
299 759
300 461
300 819
300 877
301 335
301 665
301 884
301 935
302 518
302 736
302 790
302 815
303 308
303 325
303 379
303 380
303 385
303 397
303 493
303 511
303 643
303 670
303 699
303 780
303 819
303 820
303 877
303 897
303 898
303 978
304 646
304 649
304 668
304 753
304 849
304 867
304 872
304 904
304 929
305 315
305 319
305 361
305 397
306 320
306 429
306 661
306 791
306 880
307 652
307 860
307 919
308 347
308 414
308 466
308 540
308 643
308 684
308 699
308 739
308 780
308 962
308 970
309 572
309 630
309 759
309 779
309 784
309 795
310 514
310 733
310 862
310 924
310 987
311 773
311 789
312 340
312 649
312 668
312 734
312 904
312 911
313 346
313 354
313 377
313 471
313 609
313 659
313 731
313 909
313 918
313 968
314 344
314 508
314 647
314 685
314 782
314 845
315 670
315 826
315 922
315 993
316 568
316 664
316 726
316 801
317 371
317 473
317 715
317 772
317 950
317 971
318 356
318 657
318 868
319 397
319 532
319 640
319 666
319 670
319 696
319 718
319 804
319 858
320 375
320 401
320 571
320 791
320 831
320 880
320 902
321 355
321 511
321 981
322 333
322 456
322 802
322 999
323 389
323 475
323 550
323 757
323 814
323 848
323 982
324 481
324 645
325 380
325 493
325 511
325 820
326 342
326 403
326 521
326 679
326 692
326 975
327 589
327 599
327 666
327 670
327 678
327 893
327 894
327 943
327 973
328 385
328 461
328 511
328 645
328 792
328 877
328 964
329 549
329 740
329 871
330 533
330 732
330 742
330 748
330 866
330 941
330 980
330 991
331 433
331 742
331 781
331 991
332 455
332 642
332 644
332 694
332 765
332 888
333 378
333 586
333 724
333 802
333 987
333 999
334 343
334 586
334 627
334 706
335 390
335 489
335 543
335 616
335 665
335 729
335 772
335 874
335 884
335 935
335 950
335 965
335 997
336 403
336 521
336 525
336 629
336 679
336 869
336 914
337 362
337 368
337 373
337 459
337 707
337 708
337 711
338 495
338 772
340 646
340 649
340 769
340 841
341 742
341 823
342 497
342 521
342 629
342 679
342 682
342 975
343 423
343 426
343 488
343 706
343 799
343 857
344 499
344 523
344 549
344 647
344 685
344 755
344 782
344 845
345 421
345 630
345 759
345 958
346 354
346 377
346 471
346 485
346 510
346 516
346 611
346 613
346 909
346 918
347 414
347 466
347 511
347 540
347 643
347 670
347 780
347 877
347 962
347 970
348 374
348 612
348 632
348 777
348 951
349 522
349 640
349 846
349 900
349 952
350 472
350 652
350 770
350 940
351 644
351 703
352 625
352 637
352 742
352 916
352 933
352 991
353 450
353 463
353 620
353 669
353 924
354 377
354 395
354 409
354 436
354 458
354 471
354 477
354 609
354 611
354 659
354 771
354 772
354 840
354 850
354 864
354 890
354 909
354 968
354 975
355 981
356 657
356 868
356 944
356 956
356 977
357 396
357 677
357 756
358 655
358 704
358 870
358 903
359 647
359 755
359 845
360 544
360 840
360 975
361 397
361 447
361 532
361 688
361 705
361 718
361 780
361 898
361 988
362 368
362 373
362 459
362 686
362 688
362 707
362 708
362 711
362 810
362 926
362 955
362 961
363 442
363 500
363 512
363 548
363 760
363 916
364 597
364 626
364 649
364 872
365 417
365 492
365 556
365 660
365 693
365 717
366 402
366 451
366 582
366 825
366 863
366 996
367 568
367 593
367 763
367 886
367 931
368 373
368 425
368 459
368 587
368 686
368 688
368 707
368 711
368 810
368 926
368 955
369 516
369 536
369 697
369 852
370 451
370 811
370 835
370 870
371 495
371 715
371 772
371 891
371 895
371 950
371 971
372 387
372 568
372 581
372 593
372 672
372 719
372 860
372 931
373 459
373 688
373 707
373 708
373 711
373 810
373 926
373 955
373 961
374 429
374 477
374 607
374 612
374 632
375 401
375 446
375 907
375 947
376 479
376 601
376 640
376 678
376 767
377 395
377 436
377 458
377 471
377 496
377 510
377 609
377 611
377 659
377 731
377 771
377 777
377 864
377 890
377 918
377 928
377 968
377 992
378 456
378 706
378 784
378 999
379 439
379 453
379 461
379 468
379 486
379 614
379 680
379 688
379 707
379 792
379 978
379 981
379 998
380 493
380 511
380 650
380 820
380 877
380 897
381 483
381 644
381 695
381 703
381 765
382 384
382 473
382 585
382 603
382 605
382 715
382 729
382 772
382 788
382 818
382 891
382 895
382 950
382 971
383 615
383 727
384 495
384 585
384 603
384 640
384 644
384 772
384 891
384 950
384 971
385 461
385 792
385 819
385 844
385 897
385 964
386 549
386 584
386 602
386 647
386 845
387 394
387 568
387 581
387 593
387 649
387 672
387 719
387 753
387 913
387 929
387 931
388 463
388 669
388 784
388 793
388 828
389 475
389 550
389 757
389 814
389 848
390 764
390 859
391 733
391 924
391 987
392 426
392 663
392 706
392 784
392 802
393 397
393 589
393 640
393 670
393 678
393 794
393 894
393 943
393 973
394 593
394 763
394 923
394 931
395 609
395 611
395 659
395 731
396 807
396 860
397 447
397 532
397 562
397 666
397 670
397 688
397 696
397 705
397 780
397 858
397 898
397 974
397 993
398 445
398 784
398 822
398 853
398 995
399 579
399 634
399 861
399 908
399 982
400 539
400 547
400 730
400 806
402 451
402 560
402 614
402 620
402 805
402 932
403 521
403 679
404 498
404 659
405 486
405 587
405 688
405 707
405 961
406 552
406 671
406 901
407 426
407 441
407 578
407 586
407 668
407 706
408 487
408 514
408 733
408 784
408 925
408 984
409 436
409 458
409 659
409 864
410 462
410 567
410 604
410 694
410 738
410 767
411 454
411 545
411 623
411 856
412 443
412 579
412 662
412 743
412 920
412 946
413 657
413 674
413 798
413 854
414 511
414 547
414 643
414 688
414 699
414 730
414 806
414 989
415 517
415 718
415 721
415 787
415 865
415 912
415 974
416 596
416 693
416 717
416 994
417 492
417 509
417 553
417 556
417 693
417 746
417 797
417 994
418 590
418 677
418 753
418 756
418 966
419 519
419 619
419 644
419 772
419 788
419 837
420 432
420 475
420 506
420 606
420 657
420 698
420 722
420 735
420 783
420 803
420 817
420 937
420 986
421 586
421 630
421 958
422 425
422 451
422 482
422 491
422 686
422 688
422 784
422 811
422 961
423 426
423 488
423 706
423 799
423 802
424 464
424 503
424 700
424 836
425 451
425 491
425 515
425 655
425 688
425 707
425 708
425 784
425 811
425 816
425 973
426 441
426 488
426 529
426 577
426 578
426 627
426 630
426 706
426 747
426 784
426 799
426 857
426 860
427 478
427 586
427 706
428 592
428 625
428 716
428 742
428 823
428 933
429 790
429 992
430 625
430 716
430 742
430 933
431 640
431 678
431 786
431 809
431 990
432 544
432 606
432 698
432 722
432 783
432 803
432 817
432 937
432 977
433 480
433 781
434 520
434 568
434 668
434 753
434 769
436 458
436 573
436 609
436 659
436 682
436 840
436 864
437 602
437 741
437 744
438 649
438 849
439 486
439 595
439 680
439 978
440 448
440 451
440 452
440 513
440 560
440 653
440 805
440 813
440 825
440 835
440 863
440 932
441 578
441 586
441 706
441 784
442 512
442 548
442 697
442 760
442 916
442 985
443 579
443 743
443 834
443 946
444 557
444 907
445 469
445 713
445 728
445 784
445 822
445 853
445 995
446 571
446 635
446 947
447 640
447 705
447 718
447 898
448 451
448 452
448 513
448 653
448 825
448 863
448 932
449 603
449 729
449 883
449 936
449 976
450 463
450 669
450 733
451 511
451 653
451 669
451 686
451 688
451 704
451 711
451 805
451 810
451 811
451 816
451 825
451 835
451 870
451 903
451 921
451 932
451 954
451 996
452 513
452 582
452 620
452 653
452 784
452 825
452 932
453 465
453 551
453 614
453 758
454 524
454 541
454 564
454 639
454 654
454 712
454 856
454 859
455 694
455 767
455 888
456 784
456 802
456 999
457 572
457 630
457 668
457 774
457 795
458 496
458 609
458 659
458 710
458 723
458 840
458 864
458 902
458 918
459 491
459 688
459 708
459 711
459 810
459 955
459 961
460 530
460 626
461 511
461 650
461 737
461 819
461 877
461 897
461 981
462 604
462 738
463 476
463 610
463 733
463 924
463 987
464 700
464 967
465 551
465 614
465 688
465 758
465 942
466 540
466 684
466 718
466 739
466 780
466 806
466 962
466 970
468 486
468 978
469 532
469 784
469 995
470 594
470 600
470 847
470 906
470 934
471 485
471 864
471 909
471 918
471 968
471 975
472 652
472 940
473 585
473 715
473 772
473 950
473 971
474 568
474 931
475 523
475 527
475 579
475 618
475 634
475 757
475 814
475 834
475 848
475 861
475 908
475 982
476 487
476 689
476 745
476 784
476 842
476 855
476 910
476 925
476 984
476 987
477 496
477 573
477 608
477 632
477 659
477 709
477 710
477 777
477 790
477 902
477 951
477 992
478 586
478 630
478 759
478 832
478 917
479 622
479 767
480 991
481 645
481 792
481 819
481 981
482 534
482 587
482 614
482 658
482 667
482 688
482 811
482 926
482 969
483 644
483 694
483 765
484 625
484 641
484 725
484 781
484 957
484 980
485 510
485 840
485 869
485 983
486 551
486 680
486 978
487 538
487 689
487 701
487 733
487 784
487 842
487 855
487 910
487 925
487 948
487 984
487 987
488 706
488 759
488 784
488 799
488 857
490 504
490 784
491 686
491 688
491 707
491 816
491 932
491 961
492 509
492 556
492 693
492 797
493 511
493 650
493 737
493 865
493 897
493 987
494 511
494 819
494 877
494 897
495 603
495 702
495 891
496 573
496 659
496 710
496 902
496 951
497 535
497 775
497 776
497 914
498 500
498 502
498 516
498 536
498 697
498 852
499 508
499 685
499 847
499 885
500 536
500 548
500 552
500 659
500 671
500 681
500 697
500 766
500 833
500 843
500 852
500 927
500 938
501 569
501 959
502 516
502 675
503 505
503 700
503 836
504 586
504 784
505 700
505 807
505 836
506 722
506 783
507 566
507 991
508 685
509 553
509 556
509 746
509 797
509 991
510 659
510 840
510 869
510 918
510 983
511 540
511 650
511 699
511 737
511 739
511 780
511 819
511 820
511 897
511 912
511 989
512 548
512 916
512 985
513 560
513 582
513 653
513 733
513 805
513 825
513 863
513 870
513 932
514 538
514 733
514 784
514 808
514 862
514 903
514 910
514 925
514 984
514 987
515 688
515 711
515 816
516 536
516 659
516 675
516 697
516 843
516 852
516 927
517 721
517 912
518 659
518 790
518 815
518 992
519 619
519 644
519 694
519 772
519 788
519 837
519 891
519 950
519 971
520 668
520 753
521 629
521 679
521 682
522 846
522 900
523 570
523 588
523 600
523 628
523 685
523 722
523 735
523 741
523 757
523 782
523 814
523 830
523 847
523 906
523 934
524 639
524 712
524 750
524 856
525 615
525 679
525 682
525 727
525 775
525 776
525 914
525 953
525 959
525 972
525 975
526 876
527 690
527 698
527 735
527 839
527 920
527 931
527 960
528 615
529 577
529 706
529 799
530 576
530 626
530 872
531 630
531 714
531 838
532 670
532 678
532 705
532 718
532 780
532 784
532 898
532 943
532 974
533 659
533 720
533 732
533 748
533 781
533 866
533 980
533 991
534 658
534 667
534 688
534 969
535 775
535 776
536 548
536 681
536 697
536 852
536 927
537 564
537 659
537 750
537 856
538 610
538 701
538 784
538 910
538 984
539 912
539 970
540 547
540 643
540 684
540 699
540 780
540 962
541 750
542 796
542 856
543 616
543 665
543 884
543 935
543 997
544 840
544 975
545 676
545 859
545 963
545 965
546 732
547 730
547 989
548 636
548 742
548 766
548 785
548 901
548 916
548 985
549 602
549 740
549 755
549 845
549 911
550 757
550 814
550 848
550 908
551 614
551 688
551 758
552 697
552 785
552 901
553 561
553 660
553 717
553 746
553 797
554 629
554 682
554 692
554 869
554 975
555 562
555 981
555 998
556 693
557 902
558 610
558 713
558 784
558 925
559 649
559 841
559 911
560 653
560 688
560 784
560 825
560 863
560 921
561 660
561 746
562 998
563 856
564 856
565 659
565 790
565 791
566 660
566 748
566 797
566 980
567 604
567 642
567 694
568 593
568 664
568 668
568 763
568 885
568 886
568 923
568 931
569 648
570 588
570 741
570 830
571 947
572 586
572 630
572 714
572 759
572 774
572 779
572 784
572 958
573 709
573 710
573 902
574 648
574 691
575 583
575 631
576 626
577 706
578 586
578 627
578 706
579 662
579 735
579 741
579 743
579 834
579 946
579 982
580 860
581 672
581 719
581 763
581 929
581 931
582 653
582 825
582 932
583 631
584 755
585 603
585 772
585 891
585 950
586 627
586 630
586 706
586 733
586 759
586 784
586 832
586 917
586 958
587 688
587 707
587 711
587 810
587 926
587 955
588 628
588 830
589 640
589 678
589 973
590 677
590 784
590 966
591 703
591 889
593 763
593 923
593 929
594 600
594 647
594 685
594 744
594 847
594 896
594 906
594 934
595 680
595 737
595 942
595 978
596 636
596 994
597 872
598 796
599 894
599 943
599 973
600 830
600 847
600 885
600 906
600 934
601 622
601 678
601 767
602 851
603 772
603 891
603 971
604 622
605 772
605 895
605 971
606 722
606 803
606 817
607 768
607 951
608 723
608 902
609 659
609 850
609 864
609 890
609 928
609 968
610 784
610 822
610 853
610 995
611 659
611 731
611 890
611 909
612 777
612 951
613 633
613 682
613 683
613 975
614 658
614 667
614 680
614 688
614 711
614 758
614 784
614 930
615 727
615 972
616 617
616 665
616 874
616 935
616 997
617 882
617 883
618 722
618 783
618 899
619 772
620 669
620 678
620 745
620 802
620 808
621 654
621 856
622 640
622 767
622 952
623 800
623 859
623 963
624 640
624 915
624 973
625 716
625 742
625 785
625 823
625 933
625 945
625 985
625 991
626 752
626 872
627 706
627 759
627 917
628 741
628 830
628 847
629 679
629 682
629 869
630 706
630 774
630 779
630 784
630 795
630 807
630 836
630 857
630 917
630 958
630 984
632 659
632 709
632 710
632 777
632 791
632 902
632 951
633 683
633 975
634 861
634 908
635 907
636 760
636 766
636 785
637 742
637 985
638 722
638 735
638 986
639 712
639 856
640 670
640 678
640 694
640 767
640 778
640 786
640 794
640 809
640 821
640 846
640 893
640 894
640 898
640 900
640 915
640 943
640 973
640 990
642 892
643 684
643 699
643 739
643 780
643 962
643 970
644 678
644 694
644 695
644 703
644 715
644 765
644 889
644 976
645 964
646 649
646 753
646 769
647 685
647 782
647 845
647 847
647 851
647 885
647 913
648 691
649 668
649 734
649 769
649 841
649 849
649 867
649 904
649 911
650 737
650 819
650 877
650 897
651 729
651 939
652 753
652 770
652 940
653 825
653 870
653 932
653 996
654 856
655 658
655 688
655 811
655 903
657 868
657 944
657 956
658 667
658 688
658 707
658 905
659 709
659 710
659 723
659 741
659 742
659 768
659 771
659 777
659 840
659 850
659 864
659 890
659 902
659 907
659 909
659 918
659 928
659 951
659 968
659 975
660 746
660 797
661 791
662 743
662 946
663 706
663 802
664 726
664 801
665 935
666 670
666 678
666 973
667 688
667 969
668 719
668 726
668 753
668 931
669 793
669 828
669 842
669 932
670 678
670 688
670 696
670 877
670 893
670 898
670 922
670 943
670 973
670 993
671 697
671 833
672 719
672 923
672 929
672 931
673 762
673 878
673 882
674 956
676 859
676 963
676 965
677 807
677 873
677 966
678 694
678 772
678 778
678 784
678 786
678 809
678 821
678 894
678 900
678 915
678 990
679 682
679 692
679 869
679 975
680 942
682 869
682 928
682 975
683 869
683 975
684 699
684 739
684 780
684 820
684 962
685 755
685 782
685 845
685 847
685 885
685 896
685 934
686 688
686 707
686 708
686 810
686 961
687 762
687 874
688 707
688 708
688 711
688 733
688 784
688 802
688 810
688 811
688 813
688 816
688 825
688 870
688 898
688 903
688 905
688 926
688 930
688 932
688 942
688 955
688 961
688 969
688 978
688 984
688 987
688 998
689 855
689 910
689 925
689 984
690 834
690 839
690 847
690 920
690 986
691 798
692 914
692 975
693 746
693 797
694 695
694 718
694 754
694 765
694 888
694 892
694 950
694 973
695 765
697 766
697 843
697 852
697 901
697 902
697 927
697 938
698 722
698 783
698 803
698 817
698 986
699 780
700 836
701 784
701 855
701 948
701 987
702 772
702 879
702 891
703 837
704 811
704 870
705 898
706 747
706 759
706 779
706 784
706 799
706 802
706 853
706 857
706 917
706 924
706 987
707 708
707 711
707 810
707 816
707 835
707 926
707 955
707 961
707 969
708 711
708 955
708 961
709 710
709 902
710 902
711 810
711 926
711 955
712 878
713 784
714 838
715 772
715 950
715 971
716 742
716 823
716 933
716 945
717 856
717 991
717 994
718 780
718 784
718 787
718 819
718 898
718 912
718 988
719 753
719 763
719 929
719 931
720 732
720 866
720 941
720 980
720 991
721 865
721 898
722 735
722 783
722 803
722 817
722 876
722 920
722 937
722 977
722 986
723 902
724 749
724 784
726 931
727 959
727 972
728 784
729 754
729 875
729 882
730 806
730 989
731 771
731 909
731 968
732 746
732 748
732 866
732 941
732 980
732 991
733 745
733 772
733 784
733 805
733 842
733 862
733 870
733 924
733 925
733 984
733 987
734 841
734 904
734 911
735 920
735 960
735 986
736 831
737 819
737 820
737 877
737 897
739 780
740 753
740 773
740 871
741 757
741 814
741 847
741 908
742 823
742 927
742 933
742 980
743 946
744 934
744 982
745 842
745 862
745 910
745 925
745 984
746 765
746 797
746 991
748 866
748 980
748 991
749 784
751 907
753 867
753 913
753 929
756 931
757 814
757 848
757 906
759 784
759 802
759 832
759 836
759 838
759 917
759 948
759 958
759 979
760 916
760 985
761 899
762 859
763 931
765 772
766 785
766 901
766 916
768 777
768 951
769 841
771 864
771 909
771 968
772 818
772 856
772 891
772 950
772 971
773 871
774 795
775 776
776 914
776 975
777 902
778 915
779 836
780 962
780 970
780 989
782 845
783 803
783 817
783 937
784 802
784 822
784 825
784 828
784 836
784 841
784 842
784 853
784 855
784 857
784 860
784 870
784 910
784 924
784 925
784 948
784 958
784 984
784 987
784 995
784 999
786 809
786 900
787 912
788 837
790 902
790 992
791 880
792 844
792 964
793 808
794 894
794 943
796 856
797 856
799 857
800 963
801 886
801 923
802 931
802 999
803 817
803 920
804 858
805 811
805 863
805 903
805 921
805 954
806 820
806 970
807 838
807 860
808 987
809 990
810 926
810 955
811 835
811 870
811 903
811 932
811 954
811 996
813 827
814 830
814 982
815 992
816 961
819 877
819 897
822 995
823 902
823 933
823 945
824 859
824 963
825 863
825 870
825 921
825 932
825 996
826 858
826 922
826 993
829 884
829 936
830 847
830 848
830 906
832 917
834 920
834 946
835 870
835 903
836 987
838 860
838 967
839 920
839 960
840 850
840 869
840 909
840 975
840 983
842 910
842 925
842 984
843 852
843 927
844 964
845 851
845 872
845 885
845 934
846 900
847 906
847 934
849 867
849 904
850 864
850 890
852 901
852 927
852 938
853 995
855 925
855 948
855 984
859 963
859 965
861 908
862 987
863 932
864 890
864 928
864 968
865 898
866 941
866 980
866 991
868 944
868 956
869 975
870 903
870 954
874 935
875 879
876 977
877 897
877 964
877 970
879 887
879 949
880 951
882 883
883 936
883 976
885 896
890 909
890 928
891 895
891 950
893 973
894 943
894 973
895 971
896 934
899 977
902 968
902 975
902 991
903 954
904 911
906 934
908 982
909 918
909 968
910 925
910 984
910 987
912 974
912 995
913 929
913 931
915 990
916 985
918 968
920 960
921 932
921 954
921 996
922 973
922 993
923 931
924 987
925 948
925 984
925 987
927 938
929 931
933 945
935 997
936 976
941 980
941 991
942 978
943 973
944 956
948 984
950 971
954 996
956 977
959 972
962 970
963 965
974 989
980 991
984 987
