0 76
0 186
0 218
0 221
0 361
0 499
1 11
1 16
1 26
1 44
1 56
1 80
1 125
1 152
1 168
1 182
1 218
1 229
1 239
1 245
1 267
1 311
1 314
1 322
1 333
1 356
1 391
1 416
1 462
1 474
1 478
1 496
1 499
2 37
2 50
2 93
2 272
2 417
2 434
3 60
3 95
3 153
3 202
3 203
3 403
3 409
4 24
4 72
4 111
4 113
4 117
4 126
4 187
4 261
4 359
4 484
5 29
5 59
5 60
5 69
5 95
5 106
5 153
5 159
5 168
5 181
5 209
5 236
5 243
5 255
5 269
5 286
5 307
5 340
5 365
5 454
5 455
6 7
6 53
6 75
6 200
6 204
6 219
6 315
6 320
6 445
7 65
7 75
7 85
7 94
7 96
7 115
7 116
7 152
7 168
7 200
7 204
7 218
7 220
7 245
7 273
7 283
7 288
7 300
7 311
7 314
7 315
7 333
7 338
7 354
7 381
7 387
7 391
7 392
7 393
7 433
7 445
7 471
7 478
7 494
7 496
8 23
8 128
8 157
8 350
8 468
9 17
9 74
9 86
9 114
9 123
9 179
9 267
9 357
9 420
9 468
9 492
10 17
10 74
10 101
10 114
10 146
10 245
10 316
10 323
10 498
11 56
11 80
11 169
11 182
11 218
11 220
11 245
11 269
11 304
11 311
11 333
11 392
11 474
11 478
12 94
12 169
12 304
12 311
12 314
13 116
13 167
13 326
13 364
13 391
13 479
14 50
14 63
14 130
14 202
14 270
14 272
14 375
14 391
14 402
14 417
14 434
14 436
14 468
14 484
14 489
15 82
15 100
15 133
15 201
15 252
15 258
15 313
15 461
16 26
16 158
16 391
17 52
17 61
17 100
17 101
17 107
17 198
17 245
17 252
17 271
17 305
17 323
17 327
17 339
17 346
17 372
17 411
17 446
17 461
17 468
17 498
18 24
18 31
18 34
18 140
18 227
18 261
18 405
18 417
18 434
18 437
18 447
18 458
18 463
18 484
19 141
19 225
19 238
19 495
20 197
20 245
20 278
20 282
20 326
20 391
20 459
21 35
21 53
21 58
21 110
21 183
21 327
21 425
21 468
22 32
22 48
22 72
22 144
22 202
22 272
22 343
22 352
22 482
23 53
23 89
23 92
23 128
23 148
23 157
23 162
23 202
23 222
23 224
23 232
23 252
23 294
23 350
23 425
23 468
24 31
24 72
24 111
24 113
24 117
24 126
24 128
24 178
24 187
24 202
24 228
24 324
24 359
24 369
24 434
24 437
24 463
24 465
24 484
25 53
25 92
25 128
25 155
25 176
25 194
25 202
25 214
25 225
25 251
25 253
25 312
25 342
25 358
25 399
25 475
26 124
26 391
27 75
27 115
27 168
27 200
27 320
27 336
28 116
28 129
28 135
28 226
28 245
28 248
28 290
28 348
28 486
29 59
29 95
29 153
29 209
29 243
29 340
29 455
30 120
30 391
30 395
30 440
31 39
31 79
31 140
31 202
31 216
31 227
31 266
31 272
31 336
31 369
31 437
31 447
31 463
31 484
32 72
32 163
32 175
32 202
32 228
32 324
32 332
32 352
32 434
32 484
33 35
33 53
33 54
33 110
33 157
33 327
33 425
33 432
34 359
34 458
34 484
35 53
35 54
36 64
36 134
36 476
37 50
37 93
37 149
37 237
37 270
37 272
37 415
37 434
37 437
38 57
38 121
38 202
38 216
38 228
38 369
38 434
38 437
38 466
39 369
39 419
39 434
39 437
39 484
40 58
40 110
40 245
40 328
40 429
40 468
41 73
41 119
41 145
41 199
41 212
41 215
41 485
41 488
42 47
42 53
42 92
42 98
42 100
42 122
42 130
42 131
42 142
42 153
42 189
42 237
42 263
42 265
42 272
42 285
42 309
42 324
42 355
42 369
42 374
42 375
42 414
42 417
42 426
42 434
42 437
42 450
42 474
42 484
42 495
43 99
43 112
43 234
43 245
43 248
43 282
43 325
43 326
43 391
44 71
44 152
44 182
44 229
44 322
44 391
44 462
45 163
45 202
45 281
45 295
45 324
45 332
45 344
45 352
46 212
46 284
46 388
46 485
47 53
47 130
47 265
47 272
47 355
48 144
48 202
49 65
49 94
49 273
49 311
49 333
49 338
49 392
49 478
49 494
50 93
50 306
50 402
50 415
50 434
51 75
51 168
51 200
51 219
51 283
51 288
51 335
51 354
51 368
51 391
51 398
52 100
52 101
52 168
52 198
52 305
52 323
52 372
52 439
52 446
53 54
53 58
53 73
53 82
53 92
53 100
53 110
53 119
53 127
53 128
53 148
53 162
53 166
53 176
53 183
53 185
53 199
53 202
53 212
53 224
53 252
53 254
53 257
53 272
53 284
53 294
53 302
53 303
53 327
53 328
53 330
53 388
53 425
53 429
53 432
53 435
53 468
53 483
53 485
53 487
54 58
54 110
54 128
54 327
54 425
54 435
54 468
55 396
55 480
55 487
56 94
56 125
56 152
56 218
56 462
56 474
57 93
57 105
57 121
57 216
57 237
57 270
57 306
57 369
57 385
57 415
57 434
57 437
58 128
58 185
58 425
58 429
58 468
59 153
59 159
59 181
59 209
59 236
59 243
59 331
59 455
60 69
60 118
60 153
60 160
60 202
60 269
60 356
60 453
61 114
61 135
61 252
62 178
62 359
62 465
62 484
63 272
63 414
63 434
63 436
64 134
64 310
64 396
64 487
65 220
65 311
65 338
65 381
65 393
65 478
65 494
66 275
66 297
67 88
67 92
67 176
68 366
69 153
69 208
69 286
69 356
69 441
70 137
70 202
70 409
71 229
71 322
71 395
72 163
72 175
72 202
72 228
72 295
72 324
72 332
72 344
72 352
72 484
73 119
73 128
73 145
73 199
73 212
73 310
73 327
74 114
74 135
74 146
74 164
74 252
74 303
74 305
74 316
74 323
74 420
74 468
74 498
75 84
75 85
75 96
75 115
75 153
75 161
75 168
75 172
75 200
75 245
75 269
75 283
75 288
75 300
75 315
75 320
75 331
75 335
75 336
75 353
75 354
75 394
75 445
75 468
75 471
75 478
75 494
76 120
76 152
76 245
76 391
76 395
76 440
76 499
77 90
77 224
77 250
77 252
77 277
77 301
77 371
77 430
77 449
77 468
78 127
79 227
79 266
79 437
79 463
79 484
80 94
80 152
80 169
80 182
80 218
80 304
80 474
81 221
81 259
81 391
81 442
82 100
82 133
82 201
82 252
82 377
82 430
82 461
82 468
83 119
83 212
83 310
83 362
83 408
83 468
83 485
84 96
84 115
84 168
84 172
84 245
84 269
84 300
84 311
84 315
84 336
84 368
84 394
84 473
84 477
85 398
85 445
86 179
86 262
87 116
87 139
87 170
87 218
87 226
87 245
87 268
87 326
87 391
87 485
87 490
88 92
88 176
88 211
89 92
89 110
89 128
89 148
89 222
89 276
89 294
89 330
89 390
89 406
89 449
89 468
89 483
89 493
90 128
90 148
90 173
90 207
90 224
90 230
90 250
90 252
90 301
90 303
90 363
90 371
90 461
90 468
90 491
91 96
91 168
91 188
91 202
91 300
91 356
91 407
92 121
92 122
92 127
92 132
92 155
92 176
92 194
92 214
92 224
92 245
92 251
92 282
92 312
92 378
92 399
92 401
92 422
92 468
92 475
92 480
92 495
93 127
93 149
93 216
93 237
93 270
93 272
93 306
93 375
93 415
93 417
93 434
93 437
94 96
94 152
94 182
94 202
94 218
94 229
94 304
94 314
94 333
94 391
94 395
94 474
94 494
95 153
95 159
95 168
95 209
95 236
95 243
95 247
95 331
95 365
95 454
95 455
96 106
96 153
96 168
96 210
96 269
96 275
96 297
96 300
96 349
96 356
96 368
96 373
96 383
96 407
96 455
96 459
96 477
97 168
97 193
97 210
97 245
97 269
97 279
97 335
97 356
98 131
98 189
98 263
98 272
98 417
98 436
98 437
99 112
99 221
99 234
99 245
99 274
99 389
99 391
100 101
100 114
100 116
100 128
100 133
100 168
100 201
100 226
100 245
100 252
100 254
100 258
100 271
100 277
100 303
100 313
100 323
100 346
100 372
100 376
100 377
100 390
100 406
100 411
100 430
100 434
100 439
100 461
100 468
100 492
100 498
101 114
101 123
101 146
101 198
101 245
101 252
101 305
101 323
101 372
101 446
101 498
102 264
102 267
102 325
103 127
103 195
103 241
103 413
103 495
104 270
104 272
104 375
104 402
104 417
104 434
105 149
105 216
105 375
105 385
105 434
105 437
106 153
106 159
106 160
106 174
106 181
106 202
106 203
106 208
106 243
106 255
106 291
106 300
106 365
106 441
106 454
106 495
107 146
107 252
107 323
107 372
107 498
108 118
108 137
108 150
108 153
108 171
108 180
108 184
108 191
108 202
108 203
108 228
108 237
108 245
108 297
108 307
108 352
108 356
108 367
108 382
108 417
108 460
109 127
109 156
109 272
109 308
109 467
110 128
110 148
110 157
110 183
110 185
110 252
110 302
110 327
110 371
110 375
110 377
110 412
110 425
110 432
110 468
110 485
111 117
111 178
111 202
111 359
111 463
112 116
112 197
112 234
112 245
112 326
112 384
112 389
112 391
112 395
113 117
113 126
113 187
113 359
113 458
113 484
114 116
114 123
114 135
114 164
114 198
114 224
114 245
114 262
114 267
114 316
114 323
114 391
114 420
115 168
115 172
115 200
115 204
115 233
115 288
115 300
115 311
115 320
115 356
115 368
115 383
115 391
115 394
115 407
115 468
115 473
115 477
115 496
116 129
116 136
116 138
116 139
116 168
116 170
116 197
116 206
116 223
116 226
116 234
116 245
116 248
116 252
116 267
116 268
116 274
116 311
116 326
116 341
116 348
116 364
116 384
116 391
116 438
116 448
116 461
116 468
116 479
117 126
117 187
117 202
117 272
117 434
117 437
117 484
118 153
118 180
118 202
118 236
118 403
119 128
119 145
119 199
119 212
119 485
119 488
120 186
120 245
120 391
120 395
120 440
121 216
121 272
121 369
121 437
122 225
122 238
122 308
122 378
122 401
122 495
123 267
123 420
123 492
123 498
124 158
124 423
125 152
125 168
125 218
125 333
125 356
125 462
126 187
126 484
127 142
127 143
127 165
127 225
127 240
127 270
127 272
127 285
127 308
127 360
127 424
127 437
127 467
127 484
128 148
128 157
128 162
128 168
128 183
128 185
128 212
128 222
128 224
128 226
128 232
128 245
128 250
128 252
128 257
128 262
128 272
128 276
128 294
128 302
128 327
128 328
128 330
128 350
128 355
128 371
128 377
128 388
128 391
128 401
128 406
128 425
128 434
128 449
128 452
128 457
128 468
128 483
128 485
128 491
129 167
129 223
129 226
129 245
129 248
129 252
129 267
129 271
129 290
129 347
129 348
129 391
129 410
129 438
129 448
129 486
130 285
130 309
130 355
131 263
131 272
131 375
131 436
131 484
132 225
132 317
132 380
132 495
133 252
133 258
133 303
133 313
133 371
133 377
133 390
133 411
133 439
133 461
133 468
133 469
133 498
134 476
135 323
136 245
136 264
136 267
136 351
137 171
137 191
137 202
137 307
137 366
138 179
138 196
138 267
138 325
138 334
139 170
139 245
139 268
139 490
140 227
140 266
140 272
140 437
140 463
140 484
141 225
141 272
141 481
142 143
142 156
142 240
142 241
142 272
142 285
142 289
142 424
142 434
143 156
143 240
143 241
143 424
144 202
144 228
144 319
144 344
144 482
145 212
145 408
145 485
146 245
146 305
146 316
146 468
146 498
147 202
147 319
148 183
148 222
148 224
148 252
148 294
148 330
148 350
148 404
148 406
148 425
148 468
148 483
148 493
149 202
149 237
149 272
149 306
149 355
149 415
149 434
150 191
150 300
151 165
151 285
151 289
151 360
151 495
152 168
152 182
152 218
152 229
152 239
152 245
152 297
152 314
152 322
152 391
152 395
152 416
152 462
152 478
153 159
153 160
153 168
153 174
153 181
153 190
153 191
153 202
153 204
153 208
153 209
153 228
153 236
153 243
153 245
153 247
153 255
153 267
153 269
153 286
153 288
153 291
153 298
153 324
153 331
153 340
153 356
153 365
153 382
153 383
153 391
153 403
153 441
153 453
153 454
153 455
153 460
153 484
154 267
154 292
155 176
155 214
155 342
156 240
156 272
156 285
156 289
156 308
156 375
156 424
157 162
157 224
157 252
157 327
157 330
157 371
157 406
157 468
157 483
157 493
158 245
158 356
158 395
159 168
159 181
159 236
159 298
159 340
159 356
159 454
160 168
160 291
161 297
161 300
161 356
161 472
162 224
162 350
162 468
163 202
163 295
163 344
163 352
164 323
164 420
165 272
165 285
165 289
165 360
165 413
166 183
166 327
166 444
166 497
167 197
167 206
167 299
167 326
167 384
167 391
167 448
167 459
168 172
168 188
168 200
168 202
168 204
168 220
168 229
168 231
168 233
168 236
168 237
168 242
168 243
168 252
168 255
168 267
168 269
168 272
168 279
168 286
168 288
168 297
168 300
168 304
168 314
168 318
168 320
168 331
168 336
168 338
168 354
168 356
168 368
168 373
168 383
168 391
168 394
168 398
168 407
168 418
168 445
168 459
168 468
168 471
168 473
168 477
168 478
169 218
169 304
169 314
169 333
169 356
169 433
169 474
170 245
170 268
170 341
170 490
171 202
171 367
172 200
172 233
172 242
172 353
172 368
172 391
172 394
172 407
172 473
172 477
173 246
173 254
173 277
173 303
173 371
173 468
174 255
174 365
174 454
175 202
175 213
175 228
175 324
175 352
176 211
176 214
176 251
176 257
176 312
176 370
176 399
176 427
176 480
176 495
177 468
177 481
178 187
178 192
178 202
178 213
178 228
178 281
178 324
178 359
178 400
178 465
179 196
179 245
179 252
179 262
179 325
179 327
179 334
179 391
179 468
179 492
180 403
181 243
181 298
181 331
181 365
182 218
182 311
182 314
182 391
182 462
182 474
182 478
183 267
183 284
183 302
183 303
183 327
183 388
183 435
183 444
184 202
184 366
184 382
184 460
185 327
185 425
185 432
185 435
185 452
185 485
186 395
186 440
186 499
187 202
187 281
187 434
187 465
187 484
188 231
188 300
188 320
188 356
188 407
189 272
189 355
189 417
190 331
190 337
191 202
192 213
192 400
192 465
193 210
193 356
194 214
194 251
194 475
195 272
195 285
195 360
196 252
196 267
197 245
197 278
197 282
197 326
197 364
197 384
197 391
197 410
197 431
198 252
198 305
198 323
198 339
198 372
198 498
199 212
199 215
199 327
199 488
199 497
200 204
200 245
200 260
200 273
200 288
200 320
200 336
200 354
200 356
200 471
201 245
201 252
201 258
201 377
201 439
201 461
201 468
202 210
202 216
202 224
202 228
202 243
202 272
202 285
202 287
202 295
202 307
202 308
202 319
202 321
202 324
202 332
202 343
202 344
202 352
202 356
202 367
202 382
202 403
202 417
202 419
202 434
202 437
202 460
202 463
202 465
202 482
202 484
203 403
204 445
205 221
205 391
206 245
206 267
206 326
206 470
206 479
206 490
207 224
207 246
207 252
207 254
207 303
207 468
208 291
208 441
208 453
209 236
209 455
210 279
210 300
210 356
210 418
212 215
212 252
212 310
212 388
212 408
212 425
212 432
212 485
212 488
213 281
213 359
213 400
213 421
213 465
213 484
214 251
214 272
214 342
214 378
214 399
214 468
214 475
214 495
215 485
215 488
216 237
216 270
216 272
216 355
216 369
216 385
216 417
216 419
216 434
216 436
216 437
216 466
216 484
217 245
217 274
217 391
218 229
218 333
218 391
218 416
218 423
218 462
218 474
219 398
219 445
220 338
220 387
220 393
220 445
221 245
221 391
221 499
222 232
222 276
222 294
222 350
222 406
222 468
222 483
223 226
223 245
223 248
223 341
223 347
224 230
224 246
224 250
224 252
224 254
224 276
224 294
224 301
224 303
224 363
224 371
224 377
224 449
224 468
224 483
224 491
224 493
225 317
225 380
225 481
225 495
226 245
226 248
226 267
226 290
226 347
226 348
226 391
226 438
226 468
226 486
227 266
227 272
227 437
227 463
227 484
228 281
228 324
228 352
228 382
228 484
229 245
229 260
229 322
229 391
229 471
230 249
230 250
230 363
230 371
230 468
230 491
231 300
231 373
231 407
232 276
232 350
233 300
233 320
233 336
233 394
233 473
233 477
234 245
234 389
234 391
235 285
235 456
236 243
236 247
236 286
236 331
236 340
236 391
236 455
237 306
237 369
237 385
237 415
237 434
237 437
237 484
238 450
238 495
239 322
240 424
242 368
243 245
243 331
243 340
244 310
244 412
245 248
245 252
245 264
245 267
245 268
245 273
245 274
245 282
245 283
245 290
245 299
245 301
245 303
245 304
245 311
245 325
245 326
245 329
245 333
245 341
245 348
245 350
245 355
245 364
245 371
245 384
245 386
245 391
245 395
245 397
245 410
245 422
245 431
245 432
245 438
245 440
245 443
245 445
245 448
245 459
245 461
245 464
245 468
245 470
245 474
245 479
245 490
245 493
246 254
246 277
246 303
246 371
246 468
247 286
247 331
247 455
248 326
248 341
248 438
249 250
249 252
249 254
249 277
249 303
249 371
249 468
250 363
250 371
250 377
250 398
250 468
250 491
251 399
251 475
252 256
252 257
252 258
252 271
252 272
252 277
252 284
252 292
252 296
252 303
252 334
252 339
252 346
252 350
252 363
252 371
252 372
252 376
252 377
252 390
252 391
252 407
252 411
252 430
252 434
252 439
252 461
252 468
252 491
252 498
253 358
253 378
253 401
254 277
254 303
254 371
254 404
254 461
254 468
255 298
255 356
255 365
256 377
256 461
257 370
257 427
257 476
257 487
258 303
258 439
258 461
259 391
260 273
260 311
260 314
260 333
260 433
260 478
260 494
261 484
262 345
263 272
263 417
264 267
264 292
264 325
264 326
264 351
265 285
265 355
265 417
266 359
266 369
266 434
266 437
266 463
266 484
267 290
267 325
267 326
267 347
267 348
267 351
267 391
267 428
267 459
267 468
267 486
267 498
268 341
268 391
268 470
269 279
269 297
269 300
269 335
269 336
269 356
269 473
270 272
270 285
270 324
270 355
270 375
270 402
270 417
270 434
270 436
270 437
270 489
271 339
271 372
271 390
271 411
271 461
272 281
272 285
272 324
272 344
272 355
272 356
272 359
272 366
272 375
272 385
272 391
272 401
272 402
272 415
272 417
272 419
272 434
272 436
272 437
272 463
272 481
272 484
272 487
272 489
272 495
273 311
273 333
273 338
273 433
273 478
273 494
274 389
274 391
274 459
274 464
275 297
275 300
275 318
275 356
275 472
276 330
276 483
277 303
277 461
277 468
278 282
278 391
279 300
279 349
279 356
280 391
280 442
281 324
281 344
281 359
282 299
282 326
282 329
282 384
282 391
282 431
282 448
282 459
283 288
283 320
283 335
283 336
283 354
283 356
283 398
283 445
283 471
284 452
284 485
285 309
285 355
285 360
285 374
285 413
285 417
285 426
285 434
285 437
285 456
286 297
286 318
286 331
286 337
287 321
287 343
288 320
288 335
288 336
288 354
288 368
288 393
288 398
288 477
289 360
290 486
291 441
292 325
293 310
293 422
294 330
294 350
294 406
294 468
295 324
295 332
295 344
295 352
296 308
296 481
297 331
297 356
297 472
298 365
298 454
299 326
299 364
299 384
299 391
299 410
299 448
299 459
300 320
300 356
300 368
300 373
300 383
300 391
300 407
300 418
300 439
300 473
301 303
301 371
301 406
301 449
301 468
303 305
303 350
303 363
303 371
303 377
303 468
304 314
304 333
304 416
304 474
305 323
305 346
305 371
305 372
305 391
305 406
305 446
305 468
305 469
305 498
306 375
306 415
306 419
306 434
306 437
307 367
307 460
309 355
309 417
310 378
310 412
310 422
310 429
310 457
310 497
311 314
311 333
311 338
311 353
311 392
311 393
311 395
311 407
311 433
311 445
311 478
311 494
311 496
312 399
312 432
313 377
313 391
313 439
313 461
313 468
314 333
314 353
314 387
314 392
314 474
314 478
314 496
315 445
315 478
316 323
316 498
317 380
317 495
319 324
319 482
320 336
320 356
320 368
320 394
320 398
320 445
320 473
320 477
320 478
321 324
322 391
323 372
323 377
323 446
323 468
323 498
324 332
324 344
324 352
324 359
324 400
324 421
324 434
324 437
324 463
324 484
324 489
325 326
325 334
325 351
326 329
326 364
326 384
326 391
326 395
326 431
326 448
326 459
326 461
326 478
327 372
327 391
327 425
327 429
327 432
327 435
327 444
327 452
327 461
327 485
327 488
329 384
329 448
329 459
330 350
330 406
330 493
331 337
331 472
332 344
332 352
332 356
332 465
333 338
333 433
333 445
333 478
335 354
335 398
336 354
336 473
336 477
338 398
338 433
338 478
338 494
338 496
339 346
339 372
339 411
339 468
339 469
340 455
341 468
341 490
342 475
344 352
344 391
344 417
344 468
344 484
348 391
348 468
348 490
349 356
350 406
350 429
350 483
350 485
352 434
353 478
355 374
355 417
355 434
356 383
356 391
356 407
356 445
356 474
356 477
357 420
357 492
358 434
359 400
359 465
360 413
363 371
363 461
363 468
363 491
364 391
364 448
364 459
365 454
366 367
366 382
368 477
369 419
369 434
369 437
369 463
369 484
370 468
371 468
371 491
371 493
372 390
372 446
372 461
372 468
374 456
375 402
375 417
375 434
375 437
375 489
376 377
376 430
376 468
377 391
377 411
377 430
377 461
377 468
377 494
380 467
380 495
381 478
381 496
382 460
384 391
384 410
384 431
384 448
384 459
385 434
386 391
386 395
386 440
387 393
387 478
388 444
389 391
389 438
390 411
390 468
391 394
391 395
391 397
391 406
391 410
391 431
391 440
391 442
391 443
391 445
391 448
391 459
391 464
391 468
391 478
391 479
391 486
391 495
391 499
392 478
392 494
393 478
394 477
395 440
395 499
396 412
396 487
397 410
397 459
398 445
398 471
399 475
400 421
400 437
400 463
400 465
400 484
402 417
402 489
403 409
405 447
405 463
405 484
406 468
406 483
406 493
408 488
409 453
411 439
411 446
411 469
412 457
412 480
414 426
415 417
415 434
415 437
416 474
417 434
417 436
417 437
417 468
417 484
417 485
417 489
419 437
419 463
420 492
422 480
425 432
425 435
425 452
425 485
427 476
430 439
430 461
430 468
431 448
431 459
432 435
433 478
433 494
434 437
434 463
434 468
434 484
435 485
437 463
437 466
437 484
439 461
439 468
440 499
445 473
445 477
445 478
445 494
445 496
447 484
448 459
449 468
450 495
451 487
452 485
457 480
457 487
458 484
459 468
461 468
462 474
463 484
467 495
468 483
468 485
468 491
468 493
468 498
471 478
478 494
478 496
485 497
