0 4
0 263
0 282
0 335
0 357
0 361
1 4
1 42
1 56
1 146
1 164
1 240
1 247
1 270
1 286
1 308
1 335
1 346
1 355
1 359
1 400
1 406
1 420
1 431
2 33
2 119
2 236
2 354
3 76
3 99
4 6
4 17
4 20
4 21
4 23
4 26
4 36
4 39
4 40
4 42
4 46
4 62
4 63
4 74
4 75
4 77
4 79
4 81
4 87
4 89
4 94
4 95
4 99
4 108
4 109
4 115
4 117
4 118
4 120
4 123
4 130
4 131
4 133
4 134
4 136
4 140
4 142
4 154
4 163
4 166
4 167
4 168
4 169
4 172
4 177
4 181
4 189
4 190
4 195
4 209
4 213
4 216
4 226
4 228
4 231
4 234
4 235
4 242
4 253
4 255
4 264
4 265
4 275
4 281
4 282
4 286
4 293
4 294
4 298
4 301
4 305
4 306
4 308
4 310
4 315
4 319
4 325
4 327
4 334
4 335
4 336
4 338
4 342
4 343
4 351
4 357
4 363
4 366
4 368
4 374
4 376
4 377
4 378
4 379
4 383
4 384
4 389
4 397
4 403
4 408
4 412
4 415
4 417
4 418
4 432
4 433
4 436
4 437
4 440
4 443
4 444
4 449
4 451
4 454
4 456
4 457
4 460
4 465
4 475
4 482
4 487
4 498
5 19
5 121
5 222
5 233
5 384
6 75
6 240
6 366
6 420
7 14
7 175
7 401
8 497
9 24
9 98
9 277
9 330
9 499
10 24
10 75
10 225
10 237
10 250
10 252
10 373
11 63
11 90
11 168
11 374
12 74
12 147
12 156
12 222
12 269
12 363
13 36
13 42
13 81
13 144
13 216
13 286
13 335
13 376
13 378
13 443
14 75
14 78
14 175
14 401
15 114
15 256
15 268
15 286
15 362
15 384
15 434
15 478
16 75
16 204
16 208
16 231
16 362
16 442
16 476
17 42
17 200
18 83
18 199
18 212
18 386
18 419
18 475
19 222
19 261
19 284
19 363
19 439
19 496
20 194
20 227
20 303
20 435
21 42
21 75
21 81
21 95
21 131
21 151
21 226
21 286
21 289
21 305
21 315
21 327
21 335
21 338
21 351
21 376
21 378
21 443
21 456
22 63
22 94
22 286
22 374
22 380
23 74
23 100
23 121
23 175
23 208
23 241
23 278
23 280
23 335
23 401
23 439
23 475
24 27
24 37
24 75
24 88
24 98
24 141
24 155
24 180
24 186
24 276
24 277
24 280
24 283
24 319
24 330
24 349
24 364
24 371
24 425
24 434
24 499
25 74
25 83
25 165
25 292
25 324
25 384
25 393
25 439
25 459
25 489
26 61
26 79
26 193
26 286
26 422
26 435
27 37
27 75
27 88
27 98
27 229
27 236
27 276
27 280
27 283
27 330
27 349
27 362
27 434
27 472
27 488
28 38
28 74
28 78
28 249
28 372
28 434
28 444
28 468
29 35
29 40
29 42
29 79
29 123
29 230
29 351
29 376
29 377
29 415
29 437
29 443
29 479
30 42
30 63
30 90
30 94
30 128
30 154
30 172
30 173
30 275
30 282
30 286
30 335
30 368
30 374
31 42
31 133
31 282
31 404
32 50
32 75
32 140
32 231
32 310
32 367
32 403
32 493
33 58
33 75
33 112
33 119
33 140
33 219
33 220
33 227
33 236
33 280
33 286
33 354
33 371
33 373
33 382
33 447
33 494
34 47
34 139
34 319
34 330
35 123
35 200
35 230
35 294
35 437
35 479
36 42
36 81
36 118
36 123
36 144
36 154
36 190
36 216
36 265
36 286
36 315
36 327
36 335
36 343
36 376
36 378
36 443
36 457
37 75
37 88
37 283
37 499
38 78
38 249
38 444
38 463
39 63
39 134
39 253
39 381
40 42
40 123
40 286
40 294
40 335
40 377
40 437
41 63
41 99
41 133
41 162
41 177
41 282
41 293
41 413
42 61
42 62
42 63
42 74
42 75
42 77
42 79
42 81
42 94
42 95
42 110
42 111
42 115
42 118
42 123
42 130
42 131
42 133
42 140
42 151
42 154
42 166
42 167
42 172
42 183
42 193
42 194
42 195
42 197
42 198
42 200
42 202
42 210
42 211
42 213
42 216
42 222
42 226
42 228
42 230
42 234
42 235
42 242
42 253
42 255
42 262
42 263
42 265
42 275
42 281
42 282
42 286
42 289
42 293
42 294
42 297
42 305
42 313
42 315
42 325
42 327
42 330
42 334
42 335
42 338
42 342
42 343
42 351
42 366
42 368
42 371
42 374
42 376
42 377
42 378
42 383
42 389
42 397
42 400
42 403
42 410
42 412
42 415
42 417
42 418
42 431
42 432
42 436
42 437
42 443
42 449
42 456
42 457
42 460
42 461
42 465
42 475
42 479
43 99
43 107
43 282
43 331
43 439
43 452
43 466
44 119
44 236
44 382
45 155
45 285
45 396
46 264
46 334
46 343
46 417
47 75
47 78
47 139
47 160
47 250
47 302
47 319
47 330
47 347
47 349
47 373
47 491
48 74
48 269
48 363
50 75
50 140
50 187
50 231
50 236
50 310
50 367
50 371
50 403
50 493
52 72
52 99
52 282
52 466
53 59
53 66
53 68
53 79
53 195
53 234
53 286
53 325
54 63
54 94
54 120
54 154
54 172
54 173
54 282
54 374
55 208
55 241
55 352
56 146
56 247
56 272
57 74
57 222
57 295
57 353
57 370
58 112
58 220
58 286
58 447
59 66
59 68
59 79
59 194
59 195
59 234
59 299
60 75
60 113
60 178
60 329
60 424
60 495
61 102
61 335
62 77
62 228
62 286
62 335
62 412
62 449
62 457
63 74
63 75
63 79
63 91
63 94
63 108
63 109
63 120
63 123
63 128
63 130
63 133
63 134
63 142
63 154
63 168
63 171
63 172
63 173
63 185
63 192
63 207
63 223
63 226
63 228
63 253
63 255
63 258
63 263
63 266
63 275
63 282
63 286
63 293
63 294
63 298
63 322
63 327
63 334
63 335
63 343
63 362
63 368
63 374
63 376
63 378
63 380
63 393
63 412
63 436
63 443
63 453
63 470
63 484
63 487
64 74
64 101
64 149
64 221
64 222
64 267
64 306
64 332
64 385
64 393
64 398
64 402
64 421
64 480
64 483
64 489
65 130
65 205
65 218
65 266
65 288
65 293
65 451
66 68
66 79
66 195
66 234
66 299
66 415
67 74
67 245
67 286
67 386
67 419
67 439
67 477
68 79
68 195
68 234
68 299
69 92
69 166
70 132
70 149
70 267
71 75
71 231
71 371
71 458
71 485
71 492
72 99
72 108
72 282
72 452
72 455
72 466
73 142
73 293
74 75
74 78
74 83
74 93
74 96
74 103
74 121
74 133
74 147
74 149
74 156
74 201
74 212
74 222
74 269
74 280
74 282
74 284
74 286
74 287
74 295
74 312
74 320
74 324
74 335
74 353
74 363
74 370
74 384
74 385
74 386
74 388
74 393
74 421
74 426
74 439
74 453
74 459
74 475
74 482
74 491
75 78
75 79
75 80
75 82
75 92
75 98
75 100
75 105
75 112
75 113
75 119
75 135
75 140
75 141
75 153
75 155
75 168
75 174
75 186
75 187
75 196
75 206
75 211
75 222
75 223
75 226
75 227
75 231
75 234
75 236
75 237
75 250
75 252
75 257
75 268
75 273
75 278
75 280
75 286
75 294
75 302
75 307
75 309
75 310
75 319
75 323
75 327
75 329
75 330
75 333
75 335
75 344
75 349
75 362
75 364
75 366
75 367
75 371
75 372
75 373
75 376
75 384
75 391
75 392
75 403
75 424
75 434
75 437
75 438
75 443
75 447
75 458
75 460
75 462
75 469
75 475
75 478
75 485
75 488
75 491
75 493
75 494
75 499
76 99
76 152
76 282
77 81
77 115
77 123
77 136
77 154
77 157
77 167
77 226
77 228
77 265
77 281
77 282
77 286
77 327
77 335
77 376
77 378
77 389
77 440
77 449
77 457
77 460
78 83
78 203
78 222
78 249
78 278
78 286
78 372
78 390
78 419
78 439
78 444
78 453
78 463
78 468
78 475
78 476
79 123
79 126
79 193
79 194
79 195
79 234
79 262
79 282
79 286
79 294
79 299
79 325
79 335
79 376
79 397
79 412
79 443
79 461
80 170
80 337
80 365
80 442
81 95
81 118
81 131
81 144
81 226
81 255
81 265
81 286
81 327
81 335
81 338
81 351
81 376
81 378
81 432
81 443
81 456
81 457
82 135
82 302
82 310
82 319
82 330
82 373
82 491
83 121
83 165
83 222
83 324
83 384
83 426
83 439
83 459
83 475
83 489
84 153
85 130
85 266
85 282
85 451
86 134
86 335
87 134
87 253
87 368
88 98
88 208
88 280
88 283
88 319
88 472
88 488
88 499
89 119
89 238
90 282
91 154
91 172
91 487
92 143
92 166
92 222
92 282
92 293
92 320
92 335
92 358
92 384
92 448
93 295
94 128
94 154
94 168
94 172
94 253
94 275
94 322
94 330
94 335
94 374
95 111
95 286
95 289
95 335
95 338
95 351
95 376
95 449
95 465
96 282
96 421
97 282
98 277
98 280
98 319
98 330
98 434
98 499
99 108
99 137
99 182
99 185
99 282
99 286
99 348
99 394
99 405
99 439
99 441
99 452
99 455
100 232
100 241
100 278
102 335
103 222
103 421
104 214
104 280
104 349
104 434
104 450
104 488
105 223
105 250
105 403
106 382
107 108
107 282
107 464
108 282
108 286
108 293
108 331
108 408
108 452
108 464
109 163
109 242
109 282
109 286
109 343
109 412
110 256
111 131
111 151
111 183
111 235
111 286
111 289
111 294
111 335
111 338
111 351
111 443
112 211
112 219
112 220
112 236
112 250
112 335
112 447
113 178
113 227
113 310
113 329
113 403
113 424
113 495
114 256
115 213
115 282
115 286
115 335
115 343
115 376
115 443
116 187
116 231
116 310
116 323
117 264
117 286
117 334
117 343
117 412
117 417
117 454
118 190
118 198
118 286
118 327
118 335
118 376
118 378
118 443
118 457
119 140
119 211
119 227
119 231
119 236
119 310
119 335
119 354
119 382
119 447
120 168
120 172
120 173
120 374
121 233
121 384
121 427
122 328
123 183
123 230
123 235
123 286
123 289
123 294
123 297
123 325
123 335
123 376
123 437
123 443
125 478
126 211
127 241
127 278
128 172
128 275
128 484
129 396
129 450
130 133
130 142
130 154
130 183
130 192
130 205
130 267
130 279
130 282
130 286
130 293
130 318
130 335
130 374
130 407
130 451
131 151
131 286
131 315
131 327
131 335
131 351
131 376
131 378
131 443
132 149
132 267
133 150
133 154
133 162
133 168
133 177
133 215
133 282
133 286
133 293
133 331
133 335
133 378
133 379
133 404
133 405
133 408
133 413
133 423
133 452
133 457
133 498
134 154
134 242
134 275
134 335
134 368
134 381
134 412
135 302
135 491
136 157
136 228
136 286
136 327
136 335
136 376
136 440
136 449
137 394
137 405
138 300
138 431
139 155
139 319
139 330
139 391
140 187
140 196
140 231
140 307
140 310
140 330
140 333
140 349
140 367
140 371
140 373
140 382
140 403
140 424
140 458
140 485
140 493
140 494
141 180
141 280
141 425
142 154
142 451
143 166
143 320
144 286
144 327
144 335
144 376
144 443
146 247
146 346
147 222
147 267
147 363
148 166
148 336
148 445
149 221
149 267
149 370
149 387
149 393
149 482
150 282
150 379
151 286
151 289
151 335
151 338
151 351
151 443
152 185
153 211
153 366
154 163
154 172
154 181
154 253
154 255
154 275
154 282
154 286
154 293
154 322
154 327
154 331
154 334
154 335
154 343
154 368
154 376
154 378
154 412
154 433
154 436
154 443
154 454
154 484
154 487
155 252
155 319
155 326
155 330
155 335
155 344
155 391
155 491
155 499
156 222
156 324
156 363
156 467
157 167
157 265
157 281
157 286
157 327
157 335
157 389
157 449
157 457
158 271
158 386
158 416
158 453
158 474
158 475
160 302
160 319
160 491
162 177
162 215
162 282
162 293
162 335
162 413
163 253
163 335
163 342
163 412
164 270
164 346
164 355
164 431
165 363
165 384
165 439
165 459
166 177
166 311
166 320
166 335
166 348
166 393
166 448
167 228
167 281
167 286
167 335
167 376
167 389
167 412
167 440
167 443
167 457
168 275
168 282
168 286
168 293
168 374
168 380
169 209
169 242
169 335
169 412
170 337
171 282
171 316
171 331
171 404
171 408
172 275
172 282
172 286
172 343
172 374
172 393
172 412
173 275
173 335
174 223
174 250
174 364
174 458
174 485
175 278
176 267
176 332
176 387
176 393
177 215
177 282
177 286
177 293
177 335
177 379
177 408
177 498
178 206
178 227
178 231
178 307
178 319
178 329
178 330
178 382
178 424
178 458
178 462
178 469
178 495
180 425
180 499
181 412
183 286
183 289
183 294
183 335
183 338
183 351
183 376
184 197
184 335
184 397
184 415
185 405
185 455
186 223
186 250
186 371
187 231
187 251
187 307
187 310
187 323
187 333
187 335
187 371
187 403
187 458
189 412
190 198
190 286
190 327
190 335
190 376
190 378
190 383
190 418
190 443
191 275
191 282
191 314
191 335
191 357
191 374
192 282
192 335
192 423
192 471
192 498
194 234
194 286
194 303
194 308
194 366
194 382
194 410
194 430
194 435
194 443
195 234
195 286
195 299
195 317
195 335
196 307
196 403
196 494
197 200
197 286
198 286
198 327
198 335
198 378
198 418
198 443
198 457
199 212
199 386
199 475
200 286
200 397
200 415
201 221
201 267
201 287
201 296
201 393
201 482
202 240
202 291
202 300
202 327
202 335
202 356
202 366
202 406
202 420
204 442
205 266
205 288
205 293
205 335
205 407
205 451
206 307
206 310
206 329
206 424
207 210
207 397
207 415
208 241
208 278
208 352
209 242
209 335
209 343
210 262
210 317
210 325
210 376
211 246
211 286
211 366
211 378
211 382
212 324
212 395
212 419
212 434
212 475
213 226
213 255
213 275
213 282
213 286
213 293
213 334
213 335
213 338
213 343
213 376
213 412
213 443
213 454
214 280
214 349
214 434
215 282
215 293
216 286
216 376
216 378
216 443
217 282
217 429
218 282
218 293
219 236
222 223
222 267
222 269
222 287
222 306
222 312
222 335
222 363
222 370
222 384
222 388
222 421
222 464
222 467
222 475
222 496
223 231
223 237
223 250
223 257
223 286
223 310
223 319
223 335
223 364
223 366
223 403
223 438
223 458
223 485
223 499
225 250
225 252
225 373
226 228
226 255
226 265
226 286
226 327
226 335
226 343
226 376
226 378
226 389
226 443
227 231
227 236
227 307
227 310
227 329
227 335
227 366
227 376
227 382
227 424
228 281
228 282
228 286
228 301
228 327
228 335
228 376
228 378
228 443
228 457
229 243
229 434
230 286
230 294
230 335
230 377
230 437
230 443
230 460
230 479
231 236
231 250
231 251
231 257
231 280
231 286
231 294
231 307
231 310
231 319
231 330
231 333
231 335
231 339
231 367
231 371
231 376
231 403
231 434
231 458
231 485
231 492
231 499
232 241
232 278
233 350
233 363
233 427
233 439
234 299
234 317
234 327
234 335
234 415
234 470
235 286
235 289
235 335
235 338
235 376
235 443
236 335
236 349
236 447
240 366
241 278
241 352
242 286
242 335
242 343
242 412
243 280
243 349
243 450
244 366
245 439
245 475
247 308
247 409
249 352
249 372
249 390
249 444
249 468
249 475
250 252
250 257
250 273
250 280
250 286
250 319
250 330
250 335
250 364
250 371
250 373
250 403
250 438
250 458
250 485
251 310
251 333
251 403
253 275
253 282
253 327
253 335
253 368
253 412
253 433
253 436
253 443
254 314
255 286
255 376
255 378
255 412
255 417
255 457
256 268
256 330
256 434
256 478
257 364
258 275
258 322
260 483
261 384
263 282
263 286
264 334
264 335
264 343
264 376
264 412
264 417
264 454
265 281
265 286
265 327
265 335
265 376
265 389
265 412
265 440
265 449
266 293
266 407
266 451
267 282
267 306
267 393
267 482
268 330
268 478
269 363
269 467
270 308
270 346
270 355
270 400
270 431
271 340
271 416
271 453
271 474
272 308
272 409
273 438
274 282
274 320
274 343
274 429
274 441
275 282
275 286
275 294
275 322
275 327
275 335
275 343
275 368
275 374
275 376
275 443
275 484
276 280
276 349
276 434
276 488
277 330
277 425
277 499
278 280
278 310
278 330
279 282
279 293
279 318
279 498
280 282
280 302
280 319
280 329
280 330
280 335
280 349
280 369
280 434
280 439
280 442
280 450
280 472
280 475
280 488
281 286
281 289
281 327
281 335
281 376
281 378
281 389
281 449
281 457
281 460
282 286
282 293
282 314
282 316
282 318
282 320
282 327
282 328
282 331
282 332
282 335
282 338
282 343
282 368
282 374
282 379
282 393
282 398
282 404
282 405
282 408
282 412
282 413
282 414
282 415
282 423
282 443
282 449
282 451
282 452
282 455
282 457
282 464
282 471
282 484
282 498
282 499
283 330
283 434
283 472
283 499
284 363
285 396
286 289
286 293
286 294
286 297
286 301
286 313
286 315
286 319
286 320
286 323
286 325
286 327
286 330
286 334
286 335
286 338
286 343
286 351
286 366
286 376
286 377
286 378
286 381
286 382
286 383
286 389
286 397
286 400
286 409
286 412
286 415
286 418
286 432
286 433
286 435
286 440
286 443
286 449
286 454
286 456
286 457
286 460
286 465
286 470
286 487
287 353
288 407
288 451
289 294
289 305
289 313
289 327
289 335
289 338
289 351
289 376
289 443
289 465
290 474
291 300
291 321
291 356
291 406
291 420
292 324
292 384
292 439
292 459
293 318
293 335
293 375
293 413
293 436
293 451
293 471
294 297
294 315
294 327
294 334
294 335
294 338
294 351
294 377
294 378
294 415
294 437
294 443
295 421
296 482
297 313
297 335
297 457
298 368
298 412
300 356
300 359
301 327
301 335
301 376
301 378
301 412
301 457
301 460
302 319
302 330
302 347
302 373
302 391
302 458
302 491
303 410
303 430
304 483
305 335
305 338
305 351
306 332
306 385
306 387
306 393
306 398
306 480
307 310
307 333
307 371
307 424
307 485
307 494
308 400
308 409
309 371
310 319
310 323
310 333
310 371
310 403
310 458
310 494
311 320
312 475
313 335
313 465
314 374
315 351
315 443
316 331
316 408
319 326
319 330
319 347
319 349
319 373
319 391
319 403
319 411
319 434
319 485
319 491
319 493
319 499
321 355
323 485
324 384
324 439
324 459
324 475
324 489
325 335
326 330
326 391
326 499
327 334
327 335
327 338
327 351
327 376
327 378
327 383
327 412
327 418
327 443
327 449
327 457
327 460
329 371
329 382
329 424
329 462
329 494
329 495
330 333
330 335
330 343
330 344
330 371
330 373
330 384
330 391
330 411
330 425
330 434
330 472
330 491
330 499
331 408
331 414
332 385
332 387
332 393
333 494
334 343
334 351
334 417
334 454
335 338
335 343
335 351
335 355
335 359
335 366
335 368
335 374
335 376
335 377
335 378
335 381
335 383
335 385
335 389
335 397
335 403
335 410
335 412
335 415
335 417
335 418
335 422
335 424
335 432
335 433
335 436
335 437
335 440
335 443
335 449
335 451
335 454
335 456
335 457
335 460
335 473
335 497
337 365
338 351
338 378
338 443
338 465
339 371
339 403
339 458
339 492
340 453
341 474
342 368
342 412
343 368
343 376
343 378
343 412
343 417
343 454
343 457
344 391
344 499
345 384
345 459
346 431
348 497
349 369
349 434
349 450
349 488
350 384
351 376
351 415
351 443
353 384
354 382
355 400
355 431
356 359
356 382
356 406
356 420
360 363
360 370
360 384
363 384
363 388
363 393
363 421
363 496
364 403
364 458
364 485
366 399
366 409
366 420
366 434
367 403
368 374
368 376
368 378
368 381
368 412
368 433
368 436
369 434
369 450
370 421
370 475
371 403
371 458
371 485
371 492
372 390
372 444
373 434
373 491
374 380
374 436
375 451
375 498
376 378
376 383
376 389
376 412
376 418
376 440
376 443
376 449
376 457
376 460
376 465
377 378
377 415
377 437
377 479
378 389
378 412
378 415
378 418
378 443
378 456
378 457
378 460
380 443
383 443
383 457
383 460
384 419
384 439
384 459
384 475
384 489
385 393
385 475
385 480
386 419
386 453
386 474
386 475
386 477
387 393
388 467
389 449
389 457
390 444
390 453
390 474
390 476
391 434
391 499
393 398
393 421
393 434
393 439
393 475
393 480
394 405
394 455
395 453
397 415
397 443
398 480
400 431
402 483
403 424
403 458
403 485
403 492
403 493
405 455
406 420
407 451
410 430
412 417
412 443
412 454
412 487
415 432
415 437
415 443
417 454
418 457
419 453
419 475
423 498
424 458
424 469
424 494
425 499
426 439
429 490
430 435
433 436
434 450
434 478
434 488
434 499
437 443
437 479
439 459
439 475
439 489
440 443
440 457
440 460
442 486
443 456
443 457
443 460
443 465
444 468
444 474
444 476
446 475
449 457
450 488
453 474
453 475
457 460
458 485
459 489
461 470
463 476
474 475
475 476
475 477
475 489
