0 1
0 13
0 37
0 95
1 10
1 13
1 15
1 16
1 18
1 19
1 21
1 22
1 26
1 28
1 30
1 32
1 33
1 35
1 36
1 37
1 41
1 44
1 45
1 48
1 49
1 50
1 53
1 59
1 60
1 63
1 66
1 67
1 68
1 70
1 73
1 76
1 77
1 81
1 85
1 87
1 88
1 93
1 94
1 95
2 22
2 32
2 49
2 65
2 71
2 97
3 32
3 36
3 44
3 58
3 73
3 80
4 17
4 22
4 29
4 32
4 34
4 37
4 68
4 70
4 73
4 76
4 85
4 93
4 95
5 6
5 22
5 24
5 25
5 37
5 56
5 59
5 68
5 69
5 76
6 22
6 46
6 57
6 59
6 69
6 76
6 85
7 48
7 63
7 70
7 81
7 85
7 87
7 88
8 28
8 35
8 38
8 45
8 64
8 67
8 79
8 98
9 15
10 19
10 26
10 28
10 40
10 76
10 79
10 89
11 15
11 81
11 88
12 36
12 39
12 44
12 52
12 73
12 76
12 85
13 37
13 46
13 59
13 76
13 85
14 22
14 24
14 56
14 68
14 76
14 83
15 41
15 48
15 50
15 60
15 70
15 81
15 85
15 88
15 99
16 48
16 70
16 75
16 77
16 85
17 22
17 37
17 76
17 85
17 93
17 95
17 96
18 30
18 63
18 70
18 76
18 77
18 85
18 88
19 23
19 26
19 28
19 31
19 32
19 35
19 36
19 38
19 40
19 42
19 45
19 67
19 73
19 79
19 82
19 98
20 22
20 32
20 49
20 65
20 83
20 91
20 97
21 22
21 37
21 85
21 93
21 95
22 24
22 25
22 28
22 32
22 43
22 46
22 55
22 56
22 57
22 59
22 61
22 65
22 68
22 69
22 70
22 73
22 76
22 77
22 81
22 85
22 86
22 93
22 95
22 97
23 41
23 45
23 70
23 76
23 81
23 85
24 56
24 59
24 69
24 73
24 76
24 85
25 32
25 40
25 44
25 49
25 56
25 71
25 72
25 73
25 76
25 85
25 88
25 91
25 92
25 95
26 31
26 40
26 54
26 64
26 67
26 79
26 81
26 85
26 88
27 33
27 45
27 85
27 89
28 29
28 35
28 40
28 45
28 67
28 70
28 73
28 79
28 81
28 88
28 89
29 59
29 68
29 76
29 95
30 60
30 63
30 66
30 70
30 76
30 87
30 88
31 54
31 73
31 79
31 98
32 36
32 37
32 49
32 59
32 65
32 71
32 73
32 76
32 80
32 85
32 90
32 91
32 95
32 97
33 45
33 81
34 59
34 68
34 76
34 95
35 51
35 61
35 62
35 67
35 73
35 79
35 85
36 44
36 49
36 52
36 58
36 67
36 72
36 73
36 74
36 76
36 80
36 82
37 49
37 57
37 59
37 68
37 76
37 77
37 83
37 85
37 88
37 93
37 94
37 95
37 96
38 62
38 64
38 98
39 52
39 73
39 74
39 86
40 45
40 79
41 70
41 81
41 85
41 99
42 67
43 57
43 70
44 73
45 85
45 89
46 55
46 59
46 76
47 52
47 73
48 50
48 53
48 70
48 85
48 87
48 88
48 94
49 56
49 65
49 73
49 76
49 83
49 84
49 90
49 91
49 92
49 95
49 97
50 70
50 81
50 85
50 87
50 88
51 67
52 73
52 82
52 86
53 70
53 85
54 79
55 68
55 76
55 85
55 95
56 57
56 59
56 68
56 69
56 76
56 83
56 95
57 59
57 76
58 73
59 68
59 70
59 73
59 76
59 81
59 83
59 85
59 87
59 90
59 93
59 95
60 70
60 76
60 81
60 87
61 67
62 67
63 66
63 70
63 81
63 85
63 87
63 88
64 98
65 73
65 76
65 90
65 91
65 93
65 95
65 97
66 70
66 85
66 87
66 88
67 73
67 76
67 79
68 69
68 76
68 85
68 95
69 76
70 73
70 75
70 76
70 81
70 85
70 87
70 88
70 91
70 93
70 94
70 95
70 99
71 73
71 92
72 73
73 74
73 76
73 80
73 81
73 82
73 84
73 86
73 88
73 90
73 92
73 95
75 77
75 85
76 81
76 83
76 85
76 92
76 93
76 95
76 96
77 85
79 88
81 84
81 85
81 87
81 88
81 99
82 84
82 86
83 85
83 92
83 95
84 86
85 87
85 88
85 93
85 95
85 96
87 88
87 95
88 94
88 95
90 91
90 97
93 95
93 96
