0 1
0 2
0 7
0 17
0 35
0 77
0 87
0 90
0 99
0 127
0 158
0 409
0 414
0 419
0 462
0 552
0 625
0 752
0 928
0 968
1 3
1 5
1 6
1 12
1 13
1 19
1 27
1 28
1 33
1 39
1 41
1 45
1 58
1 78
1 79
1 93
1 103
1 202
1 239
1 256
1 259
1 346
1 425
1 451
1 541
1 569
1 633
1 659
1 661
1 683
1 839
1 856
1 859
2 15
2 84
2 95
2 570
2 585
3 4
3 111
3 193
3 314
3 715
3 811
3 946
4 9
4 20
4 25
4 32
4 51
4 67
4 71
4 113
4 160
4 189
4 216
4 231
4 237
4 255
4 350
4 354
4 679
4 816
4 974
5 8
5 24
5 43
5 120
5 155
5 191
5 279
5 531
5 581
5 619
5 637
5 646
6 10
6 31
6 145
6 148
6 151
6 342
6 343
6 446
6 742
7 163
7 178
8 11
8 52
8 306
8 666
8 692
9 40
9 317
9 411
9 471
9 796
9 954
10 76
10 271
10 555
10 930
11 14
11 137
11 153
11 349
11 984
12 16
12 128
12 194
12 399
12 487
12 689
12 808
13 21
13 26
13 29
13 30
13 42
13 63
13 66
13 70
13 204
13 246
13 261
13 468
13 486
13 520
13 534
13 584
13 844
13 854
14 23
14 61
14 83
14 85
14 94
14 108
14 116
14 142
14 165
14 223
14 323
14 332
14 372
14 434
14 495
14 517
14 602
14 620
14 931
14 996
15 115
15 341
15 618
15 904
16 47
16 60
16 131
16 171
16 233
16 266
16 274
16 373
16 453
16 539
16 580
16 600
16 681
16 872
16 965
17 18
17 38
17 49
17 50
17 59
17 88
17 109
17 122
17 232
17 292
17 305
17 311
17 548
17 697
17 740
18 22
18 48
18 73
18 89
18 207
18 215
18 249
18 441
18 565
18 668
18 696
18 767
19 44
19 110
19 135
20 37
20 217
21 34
21 36
21 242
21 466
21 675
22 234
22 295
22 953
23 46
23 152
23 219
23 252
23 784
24 100
24 244
24 492
25 838
25 995
26 81
26 149
26 235
26 253
26 355
26 465
26 632
26 699
26 836
29 298
29 325
29 416
29 647
29 775
29 863
29 876
29 987
30 254
30 897
31 92
31 107
31 167
31 653
31 785
31 976
32 144
32 182
32 198
32 221
32 236
32 310
32 457
32 525
32 529
32 568
32 606
32 741
32 906
32 937
34 398
35 55
35 156
35 498
35 655
35 688
36 53
36 69
36 74
36 117
36 267
36 282
36 328
36 377
36 386
36 391
36 473
36 905
37 54
37 112
37 192
37 227
37 949
37 978
39 206
40 615
41 301
42 101
42 197
42 205
42 326
42 357
42 616
42 755
42 857
43 62
43 134
43 371
43 481
43 725
43 798
43 952
45 203
45 250
46 390
47 82
47 316
47 444
47 512
47 591
47 736
47 940
47 942
48 65
48 72
48 533
48 669
48 711
48 717
49 98
49 422
49 515
49 557
49 729
50 64
50 86
50 119
50 125
50 361
50 450
50 454
50 567
50 658
52 121
53 56
53 124
53 159
53 161
53 365
53 502
53 504
53 621
54 102
54 169
54 209
54 218
54 248
54 319
54 707
54 951
55 57
55 146
55 220
55 505
55 826
57 68
57 105
57 114
57 230
57 381
57 524
57 776
58 213
59 392
60 97
60 118
60 229
60 257
60 283
60 351
60 460
60 938
61 80
61 608
61 812
62 173
62 240
62 656
63 401
64 739
66 75
66 138
66 290
66 967
67 275
67 369
67 543
68 129
69 303
69 704
70 91
71 96
71 599
71 920
72 251
73 106
73 436
73 485
73 927
74 104
74 579
74 956
75 123
75 196
75 979
79 126
79 130
79 272
79 307
79 413
79 540
79 576
79 804
81 139
81 154
81 329
81 348
81 394
81 433
81 546
81 592
81 631
81 636
81 670
81 709
81 818
81 947
81 958
82 407
82 710
82 881
83 507
83 757
85 180
85 353
85 885
86 705
87 147
88 421
88 610
88 634
88 665
89 403
89 578
89 727
90 336
90 439
91 140
91 179
91 188
91 247
91 258
91 297
91 356
91 375
91 674
91 793
91 975
93 177
93 185
93 367
94 133
94 157
94 172
94 181
94 212
94 277
94 428
94 516
94 536
95 150
95 164
95 281
95 331
95 385
95 415
95 596
95 630
95 662
95 712
95 823
95 864
96 291
97 378
97 530
97 763
97 868
99 141
100 318
100 352
100 499
100 671
100 678
100 772
100 939
101 410
101 588
103 208
103 268
103 782
103 800
103 902
104 136
105 360
105 998
106 243
106 514
107 761
108 427
109 506
109 760
110 663
110 875
112 985
113 170
113 184
113 364
115 166
115 183
115 226
117 199
117 228
117 273
117 359
117 810
119 168
122 132
122 200
122 210
122 264
122 948
125 627
126 363
127 143
128 345
128 438
128 677
128 999
130 175
130 496
131 296
131 429
131 684
131 749
132 285
132 330
132 560
133 299
133 880
134 190
134 572
139 650
140 187
140 598
140 922
141 667
142 286
142 449
143 383
143 395
143 469
145 186
145 241
145 362
145 417
145 911
145 926
146 262
146 276
146 494
146 544
146 595
148 300
148 509
148 537
148 989
149 321
151 162
152 474
153 315
154 340
154 574
155 458
155 593
155 783
157 263
157 418
157 853
157 929
158 501
158 628
159 214
159 238
159 312
159 452
159 459
159 508
160 222
160 575
160 682
160 917
163 547
163 554
163 870
164 245
164 890
166 335
167 176
167 396
167 640
167 871
168 287
168 464
168 519
168 535
168 790
169 855
170 201
170 211
170 491
170 879
171 174
171 480
174 753
175 288
175 723
175 903
176 641
176 991
177 402
177 971
178 195
180 280
181 270
182 225
182 368
182 380
182 819
183 603
185 382
185 503
185 799
188 456
188 814
188 842
190 518
190 945
195 406
195 764
195 943
196 324
196 338
197 716
197 824
197 837
197 921
199 224
201 293
203 289
203 887
206 327
206 624
206 672
206 737
206 900
206 944
207 304
207 358
207 442
207 728
208 918
209 983
212 322
212 886
214 833
215 370
215 387
215 493
216 780
219 455
219 874
221 654
223 320
225 265
225 278
225 294
225 571
226 779
226 832
226 883
231 542
231 828
233 337
233 423
233 431
233 590
233 888
235 479
235 553
237 333
237 475
237 559
237 846
237 994
239 269
239 308
239 806
242 260
242 302
243 638
245 963
247 461
247 587
247 869
249 981
251 932
252 366
253 347
254 768
255 309
255 564
255 731
255 916
257 284
257 374
257 393
257 477
257 805
257 827
259 339
259 405
262 334
262 829
264 379
264 412
264 448
264 589
264 848
264 980
265 376
265 426
266 847
267 435
267 817
267 873
268 313
268 470
268 484
268 538
268 834
268 957
270 687
271 545
271 594
272 483
272 488
276 701
278 497
284 708
288 691
288 735
288 789
289 566
290 344
290 724
296 907
297 758
297 807
298 513
298 549
298 738
298 861
298 915
300 835
300 849
303 962
307 969
309 601
309 961
310 623
312 747
313 526
313 744
316 408
316 966
318 649
319 482
320 510
320 988
321 561
322 960
324 472
324 577
324 703
324 788
324 878
324 909
326 617
326 635
327 614
328 713
329 777
336 430
337 732
343 389
344 573
344 986
349 769
349 840
353 611
353 866
353 898
355 794
357 388
357 432
357 714
360 440
362 420
362 583
367 424
367 770
368 522
369 626
370 924
371 964
372 400
374 404
375 750
381 845
382 384
384 629
388 511
389 923
391 443
391 463
393 706
396 397
397 972
399 734
407 556
409 652
412 478
412 597
418 722
421 622
421 771
422 490
423 521
427 437
429 467
429 558
430 774
431 657
431 660
431 884
431 892
433 445
433 582
433 690
433 720
433 745
434 718
437 447
437 648
437 721
443 894
446 644
446 664
446 781
447 973
448 825
449 476
451 851
452 756
452 935
453 639
456 523
463 489
463 751
469 613
470 528
470 563
471 607
472 762
474 693
474 746
474 797
474 803
477 695
477 990
482 642
482 895
488 605
489 527
491 500
492 532
493 889
498 551
505 719
507 586
507 822
508 643
508 686
508 977
514 813
516 778
521 612
521 700
522 680
522 759
528 685
530 815
532 802
535 765
538 743
538 850
540 673
540 841
548 550
552 609
553 562
558 941
567 730
570 773
572 604
578 651
585 698
585 702
591 936
594 912
599 865
603 786
608 950
616 843
621 934
622 910
624 645
630 676
633 791
634 795
636 860
650 787
650 809
651 914
657 919
660 955
663 891
665 792
669 726
678 694
692 766
692 858
694 748
697 821
702 733
720 820
749 801
749 862
750 754
759 893
767 852
770 877
770 993
771 831
771 896
771 992
772 901
801 867
806 959
808 899
809 830
838 913
839 882
846 982
859 970
881 925
890 933
896 908
994 997
