0 1
0 2
0 3
0 8
0 9
0 10
0 13
0 16
0 20
0 23
0 25
0 31
0 35
0 36
0 41
0 44
0 45
0 49
0 53
0 64
0 77
0 79
0 87
0 90
0 91
0 97
1 3
1 4
1 6
1 11
1 14
1 16
1 28
1 30
1 42
1 58
2 4
2 5
2 6
2 7
2 8
2 10
2 12
2 14
2 15
2 17
2 21
2 37
2 43
2 50
2 51
2 52
2 55
2 66
2 93
3 7
3 11
4 5
4 9
4 13
4 29
4 31
4 52
4 54
4 58
4 80
5 27
5 38
5 94
6 37
6 59
6 72
7 45
7 57
7 67
7 86
8 26
8 27
8 33
8 62
8 67
9 12
9 17
9 20
9 21
9 29
9 33
9 35
9 63
9 77
9 84
9 92
10 15
10 19
10 25
10 46
10 50
11 78
11 91
13 18
13 24
13 44
13 74
13 82
13 88
14 18
14 61
15 22
15 47
15 97
16 19
16 30
16 65
16 68
16 73
17 49
17 63
17 76
17 81
17 94
18 24
18 42
18 56
18 61
18 75
20 22
20 23
20 40
20 41
20 54
22 28
22 38
22 39
22 53
22 56
22 73
22 75
22 78
22 89
22 95
22 99
24 70
25 26
27 80
29 32
31 32
31 34
31 36
31 40
31 43
31 59
31 71
31 74
31 96
32 48
32 60
32 62
32 96
33 34
33 39
33 65
33 69
33 87
34 76
40 68
43 84
44 46
45 48
46 47
46 83
47 51
48 79
49 57
49 60
49 85
49 86
50 72
51 66
51 93
52 55
54 95
57 64
61 83
61 98
62 70
62 89
63 69
65 81
65 85
68 92
70 71
72 88
74 99
76 82
80 90
85 98
