0 1
0 2
0 3
0 4
0 5
0 6
0 7
0 8
0 10
0 14
0 21
0 23
0 25
0 44
0 45
0 51
0 54
0 69
0 75
0 77
0 87
0 109
0 112
0 114
0 122
0 131
0 145
0 164
0 165
0 167
0 168
0 200
0 225
0 230
0 242
0 261
0 265
0 283
0 296
0 299
0 316
0 406
0 443
0 456
0 461
1 12
1 92
1 148
1 266
2 5
2 6
2 7
2 9
2 19
2 21
2 23
2 28
2 31
2 34
2 50
2 51
2 76
2 78
2 92
2 121
2 136
2 145
2 160
2 174
2 180
2 219
2 311
2 312
2 314
2 376
2 383
2 391
2 449
2 454
2 476
2 486
3 5
3 6
3 8
3 10
3 11
3 16
3 18
3 22
3 24
3 25
3 26
3 29
3 38
3 48
3 56
3 59
3 79
3 109
3 121
3 128
3 139
3 142
3 143
3 147
3 151
3 173
3 207
3 215
3 259
3 285
3 303
3 345
3 346
3 352
3 365
3 366
3 445
3 465
3 482
3 492
4 5
4 8
4 17
4 19
4 24
4 26
4 40
4 60
4 62
4 70
4 96
4 101
4 112
4 119
4 136
4 160
4 173
4 201
4 227
4 248
4 286
4 291
4 321
4 337
4 340
4 384
4 393
4 400
4 424
4 428
4 444
4 467
4 473
4 498
5 6
5 7
5 9
5 10
5 11
5 12
5 13
5 14
5 15
5 16
5 17
5 20
5 21
5 23
5 26
5 30
5 32
5 35
5 37
5 42
5 43
5 50
5 53
5 57
5 60
5 61
5 69
5 70
5 71
5 81
5 84
5 86
5 87
5 89
5 94
5 95
5 99
5 100
5 103
5 107
5 112
5 118
5 123
5 124
5 130
5 138
5 139
5 144
5 152
5 158
5 161
5 166
5 170
5 172
5 176
5 183
5 258
5 259
5 270
5 274
5 276
5 294
5 307
5 308
5 310
5 313
5 322
5 328
5 329
5 364
5 365
5 369
5 371
5 373
5 389
5 396
5 407
5 419
5 422
5 433
5 438
5 469
5 471
5 482
5 489
5 491
6 7
6 9
6 13
6 15
6 22
6 27
6 46
6 49
6 50
6 51
6 59
6 63
6 92
6 108
6 112
6 114
6 125
6 140
6 154
6 159
6 171
6 178
6 182
6 194
6 201
6 208
6 228
6 246
6 268
6 300
6 301
6 338
6 339
6 372
6 374
6 377
6 398
6 464
7 8
7 9
7 11
7 12
7 15
7 18
7 19
7 22
7 25
7 30
7 33
7 41
7 43
7 47
7 56
7 64
7 81
7 85
7 97
7 98
7 99
7 104
7 108
7 111
7 113
7 123
7 131
7 140
7 150
7 157
7 158
7 176
7 178
7 186
7 221
7 233
7 284
7 288
7 296
7 304
7 314
7 318
7 355
7 417
7 427
7 432
7 434
7 442
7 471
7 476
8 10
8 11
8 13
8 29
8 35
8 52
8 62
8 63
8 66
8 68
8 81
8 119
8 141
8 145
8 162
8 180
8 235
8 319
8 324
8 390
8 406
8 412
8 453
9 12
9 13
9 14
9 17
9 23
9 27
9 29
9 30
9 33
9 36
9 65
9 68
9 69
9 75
9 80
9 82
9 85
9 88
9 90
9 104
9 117
9 123
9 129
9 139
9 146
9 154
9 175
9 192
9 195
9 239
9 245
9 281
9 288
9 315
9 322
9 330
9 336
9 344
9 366
9 387
9 389
9 413
9 447
9 448
9 460
9 469
10 14
10 17
10 32
10 37
10 39
10 41
10 51
10 53
10 61
10 66
10 70
10 77
10 78
10 95
10 129
10 146
10 163
10 166
10 193
10 206
10 209
10 227
10 239
10 252
10 307
10 332
10 337
10 344
10 351
10 356
10 361
10 365
10 396
10 400
10 413
10 416
10 445
10 459
11 15
11 21
11 28
11 29
11 30
11 36
11 44
11 46
11 53
11 59
11 64
11 74
11 76
11 91
11 97
11 109
11 113
11 123
11 167
11 170
11 185
11 190
11 196
11 210
11 214
11 264
11 270
11 312
11 348
11 428
11 451
11 463
11 471
11 479
11 491
12 66
12 73
12 95
12 96
12 100
12 115
12 196
12 197
12 268
12 274
12 300
12 313
12 342
12 347
12 351
12 387
12 394
12 400
12 452
12 479
13 16
13 19
13 38
13 61
13 76
13 209
13 211
13 256
13 272
13 306
13 325
13 344
13 405
13 407
14 16
14 18
14 20
14 35
14 41
14 58
14 110
14 265
14 278
14 295
14 305
14 339
14 369
14 384
14 391
14 421
14 422
14 456
14 495
15 72
15 84
15 90
15 119
15 120
15 166
15 188
15 384
16 18
16 31
16 40
16 48
16 50
16 54
16 55
16 64
16 68
16 71
16 77
16 81
16 156
16 162
16 184
16 201
16 204
16 214
16 232
16 243
16 251
16 259
16 261
16 286
16 290
16 307
16 323
16 350
16 377
16 410
16 419
16 431
16 443
16 447
16 497
17 20
17 26
17 43
17 67
17 79
17 82
17 121
17 131
17 134
17 169
17 239
17 253
17 317
17 348
17 367
17 385
18 27
18 28
18 31
18 33
18 44
18 54
18 56
18 59
18 72
18 85
18 97
18 121
18 158
18 193
18 213
18 223
18 290
18 315
18 373
18 492
19 20
19 28
19 32
19 33
19 54
19 55
19 64
19 79
19 84
19 98
19 102
19 104
19 134
19 176
19 180
19 185
19 195
19 206
19 211
19 257
19 276
19 300
19 346
19 393
19 408
19 424
19 463
20 22
20 24
20 31
20 34
20 56
20 68
20 79
20 83
20 86
20 118
20 144
20 148
20 171
20 197
20 237
20 268
20 279
20 293
20 355
20 368
20 374
20 405
20 422
20 480
21 24
21 87
21 110
21 141
21 244
21 248
21 279
21 294
21 324
21 367
21 415
21 452
21 475
21 484
21 494
22 25
22 35
22 47
22 52
22 57
22 86
22 93
22 104
22 132
22 134
22 156
22 200
22 207
22 213
22 216
22 226
22 247
22 250
22 269
22 274
22 291
22 378
22 382
22 391
22 409
22 472
22 481
23 27
23 47
23 63
23 67
23 82
23 84
23 235
23 246
23 278
23 379
23 401
23 475
24 32
24 34
24 36
24 39
24 40
24 58
24 61
24 80
24 89
24 154
24 230
24 258
24 275
24 297
24 328
24 358
24 390
25 57
25 106
25 110
25 113
25 227
25 326
25 358
26 451
26 478
27 37
27 44
27 45
27 46
27 48
27 67
27 91
27 111
27 125
27 142
27 149
27 155
27 164
27 169
27 174
27 182
27 187
27 188
27 220
27 228
27 232
27 249
27 255
27 287
27 335
27 402
27 403
27 414
27 429
27 442
28 37
28 38
28 45
28 63
28 70
28 100
28 102
28 105
28 152
28 209
28 212
28 217
28 250
28 409
28 432
28 441
28 457
29 41
29 49
29 53
29 143
29 287
29 330
29 340
29 349
29 387
29 482
29 485
30 40
30 42
30 260
30 433
31 39
31 49
31 55
31 58
31 119
31 160
31 165
31 172
31 189
31 223
31 229
31 309
31 324
31 362
32 65
32 153
32 200
32 206
32 216
32 254
32 301
32 320
32 410
32 435
32 441
32 492
33 34
33 52
33 188
33 306
33 448
34 36
34 38
34 73
34 91
34 93
34 106
34 118
34 126
34 147
34 200
34 231
34 233
34 250
34 260
34 274
34 284
34 332
34 338
34 474
34 480
34 493
35 88
35 90
35 100
35 122
35 140
35 258
35 352
36 39
36 42
36 46
36 55
36 65
36 103
36 129
36 169
36 247
36 386
36 388
36 427
36 499
37 42
37 65
37 108
37 128
37 168
37 191
37 198
37 277
37 362
37 414
37 430
37 474
37 484
38 75
38 137
38 167
38 218
38 232
39 105
39 159
39 186
39 187
39 217
39 287
39 303
39 331
39 375
39 378
40 43
40 45
40 47
40 60
40 150
40 168
40 254
40 282
40 341
40 355
40 393
40 403
40 433
40 452
41 182
41 281
41 353
41 356
42 49
42 52
42 82
42 98
42 204
42 270
42 303
42 305
42 342
43 58
43 62
43 83
43 85
43 101
43 185
43 201
43 207
43 277
43 287
44 48
44 57
44 87
44 88
44 109
44 114
44 120
44 153
44 170
44 179
44 203
44 205
44 217
44 280
44 299
44 347
44 444
44 493
45 107
45 120
45 149
45 224
45 282
45 286
45 343
45 345
45 485
46 62
46 66
46 78
46 83
46 106
46 107
46 111
46 120
46 145
46 231
46 251
46 253
46 258
46 264
46 292
46 316
46 331
46 347
46 433
46 442
46 453
47 133
47 163
47 164
47 199
47 210
47 264
47 279
47 382
47 399
47 412
47 426
47 467
47 478
48 102
48 122
48 132
48 140
48 175
48 177
48 183
48 184
48 190
48 210
48 212
48 219
48 267
48 285
48 319
48 365
48 389
48 394
48 411
49 71
49 92
49 126
49 127
49 153
49 175
49 177
49 243
49 257
49 267
49 277
49 313
49 329
49 357
49 370
49 478
50 131
50 142
50 244
50 249
50 282
51 60
51 74
51 80
51 148
51 444
52 93
52 118
52 147
52 157
52 221
52 246
52 332
52 470
53 72
53 191
53 298
54 94
54 102
54 153
54 193
54 281
54 477
54 481
55 69
55 80
55 107
55 115
55 234
55 341
55 416
55 431
55 487
56 133
56 269
56 381
56 417
56 423
56 446
56 457
57 99
57 147
57 225
57 267
57 429
58 71
58 126
58 191
58 196
58 291
58 311
58 464
58 493
59 76
59 136
59 199
59 229
59 278
60 72
60 74
60 117
60 138
60 146
60 186
60 266
60 371
60 379
61 208
61 217
61 251
61 302
61 418
61 436
61 459
62 73
62 86
62 97
62 117
62 125
62 132
62 144
62 234
62 249
62 381
63 162
63 228
63 371
63 427
64 67
64 165
64 172
64 185
64 263
64 397
64 468
65 77
65 133
65 154
65 189
65 247
65 252
65 306
66 187
66 360
66 388
66 390
67 74
67 78
67 141
67 167
67 216
67 397
67 487
68 73
68 93
68 124
68 130
68 151
68 324
68 367
68 381
68 421
68 486
69 350
69 376
70 83
70 88
70 106
70 114
70 273
70 275
70 485
71 122
71 196
71 198
71 204
71 230
71 256
72 75
72 90
72 96
72 113
72 116
72 135
72 156
72 158
72 203
72 253
72 261
72 267
72 271
72 273
72 322
72 361
72 383
72 406
72 415
72 431
72 438
73 96
73 299
73 310
73 321
74 94
74 101
74 136
74 151
74 160
74 193
74 344
75 127
75 143
75 184
75 262
75 295
77 94
77 111
77 115
77 139
77 298
78 130
78 183
78 257
78 334
79 101
79 116
79 135
79 164
79 356
79 398
79 439
80 202
81 262
81 359
81 483
82 91
82 135
82 155
82 290
82 425
82 451
83 115
83 142
83 146
83 163
83 184
83 190
83 207
83 208
83 308
83 343
84 95
84 149
84 181
84 333
85 89
85 213
85 214
85 222
85 320
85 464
86 89
86 178
86 197
86 238
86 263
86 369
86 423
86 428
86 482
87 105
87 218
88 266
89 108
89 128
89 137
89 150
89 171
89 187
89 192
89 198
89 367
89 437
89 443
89 466
90 449
90 472
91 99
91 103
91 127
91 161
91 177
91 234
91 359
92 117
92 128
92 169
92 190
92 220
92 222
92 228
92 352
93 105
93 124
93 144
93 224
93 225
93 277
93 432
94 98
94 222
94 293
94 326
94 416
95 110
95 148
95 173
95 189
95 323
95 329
95 335
95 381
95 439
95 487
96 133
96 134
96 161
96 194
96 220
96 245
96 283
96 408
96 485
97 152
97 246
97 303
97 458
98 103
98 284
99 179
99 293
100 126
100 341
100 378
100 476
100 477
101 317
101 345
101 435
102 181
102 236
102 272
103 116
103 132
103 162
103 182
103 186
103 191
103 241
103 252
103 269
103 325
103 465
103 484
104 116
104 227
104 242
104 269
105 213
105 215
106 157
107 130
107 177
107 237
107 240
107 342
107 473
108 233
108 472
108 488
108 496
109 210
109 248
109 288
109 379
109 467
109 476
110 226
111 137
112 399
112 409
112 445
113 129
113 293
113 346
113 457
114 173
115 127
115 271
115 272
115 298
115 499
116 124
116 198
116 208
116 216
116 257
117 271
117 351
117 370
117 397
117 402
117 430
118 125
118 138
118 152
118 174
118 178
118 236
118 243
118 296
118 314
118 372
118 392
118 487
119 155
119 183
119 231
119 273
119 304
119 309
119 406
120 159
120 163
120 234
121 149
121 252
121 307
121 488
122 205
122 265
122 386
122 460
122 490
123 241
123 332
123 483
124 137
124 157
124 170
124 195
124 248
125 166
125 308
125 350
125 484
126 159
126 204
126 441
127 155
127 229
127 230
127 241
127 380
127 390
127 401
127 420
128 371
129 223
129 236
129 338
129 392
130 380
131 189
131 203
132 143
132 282
133 138
133 254
134 135
134 165
134 240
134 281
134 368
134 378
134 389
134 396
135 238
135 333
135 370
137 237
137 335
137 362
137 392
138 215
138 221
138 336
138 494
139 141
139 301
139 323
139 375
139 466
140 181
140 268
140 302
140 330
141 255
142 255
142 278
142 489
143 284
143 454
143 495
143 496
145 156
145 174
145 199
145 292
145 347
145 468
146 150
146 151
146 214
146 364
146 490
147 176
147 358
147 384
147 453
148 219
149 223
149 289
149 292
149 340
149 370
149 398
150 181
150 225
150 239
150 498
151 206
151 231
151 317
151 359
151 363
151 404
151 446
152 171
152 172
152 310
153 195
153 302
153 327
153 402
155 161
155 168
155 220
155 226
155 326
155 385
155 421
155 448
155 458
155 474
156 245
156 273
156 469
157 290
157 414
157 446
158 192
158 244
159 192
159 313
159 316
159 320
159 345
159 463
160 386
161 179
161 496
162 205
162 233
162 242
162 321
162 352
162 444
162 477
163 404
163 479
164 242
164 434
165 235
165 413
165 425
166 202
166 250
166 275
166 337
166 385
166 388
166 400
166 438
166 446
166 467
167 271
167 338
167 355
167 369
167 414
168 356
168 376
169 202
169 256
169 259
169 288
169 377
170 260
170 480
171 218
172 205
172 211
172 470
173 175
173 188
173 219
173 280
173 354
174 260
174 411
174 412
175 180
175 194
175 222
176 194
176 226
176 240
176 385
176 488
177 179
177 343
178 294
178 325
179 253
179 349
181 221
181 236
181 240
181 263
181 402
181 462
182 285
183 202
183 203
183 218
183 311
183 315
183 374
184 423
184 457
185 272
185 318
187 333
187 461
188 199
188 420
189 327
190 285
190 430
191 243
191 249
191 334
191 437
191 450
193 306
193 408
194 350
194 360
195 232
195 454
195 494
196 197
196 209
196 319
196 341
196 346
196 387
196 396
196 493
197 435
198 323
198 395
199 245
199 455
200 211
200 212
201 212
201 238
201 241
201 244
201 334
201 480
202 410
203 374
203 401
204 305
204 327
204 368
204 456
204 466
204 489
205 256
205 300
206 330
207 215
207 497
208 229
208 251
208 255
208 294
208 312
209 340
210 327
210 339
210 497
211 224
211 429
213 265
213 304
213 382
213 399
213 455
214 419
215 419
217 354
217 489
218 235
218 247
218 337
219 276
219 426
220 311
221 407
222 224
222 279
222 395
223 237
223 297
223 473
224 280
227 276
227 283
227 439
228 358
228 492
229 291
230 238
230 320
230 354
230 473
231 270
231 408
232 283
232 289
232 312
235 286
235 360
235 363
235 421
235 432
236 262
236 263
236 280
236 297
236 304
236 305
236 372
237 261
237 295
237 315
237 437
238 302
239 438
239 491
240 349
241 298
241 314
241 336
241 363
242 481
243 275
243 391
243 398
243 450
244 309
246 325
246 411
247 310
247 364
248 362
249 254
249 262
249 360
250 423
251 357
252 289
253 266
253 295
253 308
253 373
253 410
253 460
254 264
255 431
256 397
257 322
257 429
257 478
258 289
258 296
258 328
258 348
258 404
258 420
258 458
259 331
260 328
261 377
263 329
263 436
264 424
265 292
265 299
266 357
266 458
267 309
267 475
268 316
269 448
272 394
274 417
275 420
276 318
276 394
276 475
276 499
277 401
277 483
280 375
280 413
281 472
282 297
282 418
282 437
282 468
283 425
285 319
285 349
285 363
285 494
287 321
288 342
288 353
288 376
288 439
289 353
289 399
289 418
290 364
291 318
291 326
291 392
292 357
292 359
292 361
292 417
294 361
294 422
294 426
294 443
295 436
296 368
296 435
298 430
298 447
299 301
299 351
300 440
302 454
303 486
306 317
307 343
310 407
311 372
312 382
312 469
315 451
316 336
316 405
317 335
319 339
319 373
319 453
320 366
322 449
324 388
324 459
324 488
325 331
325 333
325 477
326 442
328 395
329 334
329 481
330 383
331 348
331 353
332 380
333 462
334 380
334 455
335 386
335 403
337 354
337 393
337 465
338 412
338 470
340 405
343 424
345 490
346 465
352 415
352 495
353 466
354 403
354 462
359 366
359 490
370 375
370 383
370 418
370 426
373 427
373 463
374 415
377 379
378 470
380 395
380 404
380 499
381 434
381 440
385 436
389 411
390 498
392 452
393 460
396 428
398 497
400 416
402 445
403 440
405 459
407 409
407 440
410 450
413 425
416 483
420 495
421 461
421 479
423 449
423 461
423 464
423 498
424 456
429 441
432 434
432 455
432 474
433 486
436 462
441 468
442 447
442 450
457 491
470 471
470 496
