0 1
0 2
0 3
0 4
0 6
0 8
0 11
0 12
0 13
0 16
0 23
0 28
0 32
0 34
0 35
0 36
0 49
0 53
0 59
0 68
0 69
0 70
0 75
0 80
1 89
2 4
2 5
2 6
2 8
2 18
2 30
2 38
2 45
2 51
3 4
3 5
3 9
3 14
3 17
3 25
3 32
3 66
4 5
4 6
4 7
4 8
4 9
4 10
4 13
4 15
4 19
4 30
4 32
4 39
4 43
4 44
4 47
4 50
4 62
4 65
4 67
4 68
4 74
5 7
5 9
5 10
5 12
5 18
5 22
5 24
5 34
5 62
5 64
5 97
6 7
6 13
6 19
6 23
6 24
6 49
6 53
6 60
6 96
7 11
7 15
7 17
7 24
7 29
7 45
7 50
7 55
7 63
7 70
8 17
8 21
8 36
8 39
8 43
8 44
8 61
8 71
8 79
8 95
9 10
9 11
9 12
9 14
9 16
9 20
9 22
9 23
9 27
9 42
9 52
9 56
9 57
9 67
9 72
9 81
9 83
9 84
9 87
9 92
9 93
10 14
10 15
10 16
10 20
10 21
10 30
10 35
10 37
10 40
10 41
10 48
10 54
10 60
10 61
10 73
10 75
10 76
10 89
10 98
11 33
11 88
11 98
12 31
12 46
12 57
12 76
13 37
13 38
13 48
13 55
13 69
13 82
14 46
14 52
14 75
14 80
14 99
15 18
15 22
15 27
15 28
15 33
15 47
15 85
15 93
15 98
16 26
16 29
16 61
17 25
17 31
17 54
17 73
17 84
17 96
18 19
18 33
18 34
18 40
18 42
19 20
19 26
19 28
19 58
19 74
20 21
20 25
20 29
20 50
20 57
20 69
20 88
20 90
21 83
22 26
22 46
22 48
22 53
23 27
23 35
23 39
23 54
23 63
23 73
23 81
23 91
25 44
26 43
26 58
26 71
26 87
27 56
27 72
27 79
27 87
29 82
29 93
30 31
30 37
30 41
30 45
30 66
31 65
32 42
32 63
33 47
33 51
33 96
34 55
34 82
34 86
35 36
35 40
37 38
37 86
37 99
39 41
39 89
40 49
40 79
40 83
42 58
42 78
43 56
43 70
44 64
44 80
44 94
45 59
45 66
45 94
47 51
47 52
47 78
47 86
47 90
48 71
49 62
49 95
50 64
50 91
51 88
52 65
52 74
54 59
54 99
55 60
55 91
56 85
57 76
57 77
57 78
58 77
58 92
59 92
63 67
64 94
65 68
66 77
66 81
67 72
71 85
74 84
74 90
74 95
74 97
91 97
