0 1
0 2
0 3
0 4
0 6
0 7
0 8
0 9
0 10
0 13
0 16
0 18
0 24
0 32
0 37
0 41
0 47
0 51
0 52
0 54
0 56
0 57
0 60
0 61
0 64
0 67
0 70
0 82
0 85
0 92
1 4
1 5
1 6
1 8
1 17
1 32
1 35
1 41
1 43
1 45
1 52
1 55
1 57
1 83
1 86
1 87
1 90
1 91
2 5
2 7
2 24
2 38
2 40
2 43
2 46
2 53
2 59
2 74
3 4
3 6
3 8
3 16
3 23
3 27
3 35
3 59
3 69
3 72
3 79
3 87
4 5
4 9
4 10
4 11
4 23
4 25
4 26
4 41
4 45
4 77
4 85
4 97
5 7
5 11
5 19
5 20
5 21
5 36
5 63
5 68
5 86
5 97
6 9
6 10
6 15
6 24
6 28
6 39
6 40
6 42
6 50
6 57
6 66
6 71
6 82
6 98
7 12
7 13
7 14
7 18
7 20
7 27
7 29
7 30
7 39
7 43
7 44
7 60
7 62
7 70
7 83
7 84
8 12
8 15
8 18
8 19
8 21
8 31
8 36
8 37
8 38
8 39
8 53
8 58
8 66
8 91
8 95
9 11
9 12
9 13
9 26
9 58
9 61
9 70
9 72
9 93
10 14
10 16
10 21
10 34
10 98
11 22
11 30
11 42
11 48
11 87
12 14
13 15
13 17
13 22
13 23
13 28
13 29
13 30
13 32
13 35
13 44
13 47
13 69
13 77
13 80
13 82
13 83
13 86
14 17
14 28
14 31
14 46
14 48
15 89
16 25
16 33
16 63
16 89
17 19
17 33
17 40
17 51
17 54
17 55
17 73
17 75
18 20
18 22
18 31
18 44
18 64
18 65
18 67
18 69
18 71
18 77
18 84
19 29
19 34
19 36
19 37
19 56
21 26
21 27
21 93
23 25
23 64
23 74
25 38
25 45
25 47
25 49
25 53
25 81
26 33
26 42
26 48
27 46
27 71
27 80
27 93
29 49
29 56
29 60
29 79
29 94
30 75
30 99
31 34
31 52
31 94
32 50
33 88
34 59
34 92
35 51
35 63
36 61
37 49
39 80
40 90
41 90
42 55
42 62
42 68
42 73
44 54
46 68
47 81
48 50
48 65
48 96
49 72
51 88
52 99
54 58
54 78
55 62
55 65
55 66
55 78
55 89
56 67
56 76
56 94
57 76
58 76
58 88
58 96
59 75
59 84
63 99
64 79
67 74
68 95
69 73
71 98
73 91
75 92
77 78
78 85
79 81
86 95
86 96
89 97
