0 1
0 2
0 3
0 4
0 5
0 6
0 7
0 8
0 9
0 10
0 11
0 12
0 13
0 14
0 16
0 17
0 18
0 20
0 21
0 22
0 26
0 34
0 35
0 36
0 37
0 39
0 41
0 44
0 46
0 53
0 57
0 58
0 59
0 62
0 64
0 69
0 72
0 75
0 82
0 85
0 88
0 95
0 96
1 9
1 10
1 14
1 15
1 27
1 30
1 49
1 57
1 74
1 90
1 99
2 5
2 6
2 8
2 9
2 14
2 18
2 30
2 34
2 42
2 70
2 83
2 86
3 5
3 6
3 7
3 8
3 11
3 12
3 22
3 25
3 37
3 70
3 90
3 93
3 96
4 5
4 7
4 18
4 34
4 44
4 50
4 70
4 75
4 82
4 84
4 85
4 89
5 6
5 10
5 19
5 26
5 29
5 32
5 63
5 84
5 88
5 94
6 7
6 10
6 13
6 15
6 16
6 17
6 20
6 22
6 27
6 28
6 42
6 45
6 54
6 62
6 78
6 92
7 8
7 12
7 24
7 32
7 56
7 57
7 87
8 9
8 11
8 15
8 21
8 28
8 29
8 33
8 51
8 52
8 61
8 91
9 11
9 13
9 23
9 39
9 47
9 84
10 17
10 28
10 34
10 35
10 77
10 78
10 80
10 81
11 12
11 13
11 14
11 18
11 27
11 28
11 29
11 35
11 37
11 43
11 51
11 75
11 80
11 82
11 92
11 98
11 99
12 17
12 19
12 30
12 32
12 46
12 52
12 55
12 68
13 15
13 16
13 19
13 23
13 31
13 51
13 57
13 58
13 64
13 71
13 95
14 36
15 16
15 20
15 24
15 33
15 40
15 45
15 61
15 65
15 81
16 20
16 23
16 32
16 48
16 49
16 50
16 56
16 63
16 68
16 73
16 80
16 97
17 25
17 26
17 38
17 47
17 48
17 51
17 53
17 55
17 91
17 92
18 19
18 21
18 24
18 27
18 38
18 39
18 41
18 44
18 50
18 54
18 62
18 64
18 67
18 86
18 91
18 96
19 22
19 23
19 31
19 41
19 47
19 50
19 59
19 63
19 96
19 97
20 21
20 25
20 44
20 54
20 58
20 66
20 73
20 94
21 24
21 31
21 52
21 68
21 69
21 74
22 26
22 35
22 38
22 43
22 46
22 60
22 63
22 69
22 71
22 74
22 90
23 29
23 36
23 43
23 73
23 74
23 76
24 25
24 31
24 54
24 70
24 83
24 98
24 99
25 38
25 40
25 43
25 49
25 71
25 79
25 95
26 40
26 55
26 79
27 58
27 61
27 77
27 90
27 97
28 33
28 45
28 48
28 81
29 30
29 37
29 46
29 65
29 66
29 78
30 40
30 52
30 59
30 75
30 78
30 82
30 87
31 36
31 39
31 42
31 62
31 64
32 33
32 88
33 42
33 65
34 41
34 48
34 67
34 92
35 66
37 49
37 55
37 60
37 61
37 76
38 53
38 85
38 95
39 45
39 88
40 56
41 77
43 56
43 71
43 86
44 60
45 47
46 72
46 89
48 94
49 83
50 53
50 59
50 84
50 93
52 60
52 67
52 72
52 85
52 93
54 99
55 65
56 79
56 86
58 68
60 81
61 66
61 89
62 67
64 69
64 76
66 87
67 72
69 77
70 73
71 76
73 97
75 80
77 79
81 89
81 98
82 83
82 87
82 93
89 91
92 94
94 98
