0 1
0 5
0 108
0 136
0 176
0 239
0 547
0 955
1 2
1 3
1 6
1 8
1 11
1 17
1 18
1 19
1 23
1 24
1 25
1 27
1 28
1 29
1 32
1 44
1 48
1 63
1 65
1 70
1 73
1 77
1 89
1 102
1 107
1 120
1 121
1 122
1 149
1 150
1 155
1 167
1 171
1 175
1 192
1 214
1 231
1 278
1 279
1 310
1 323
1 328
1 334
1 363
1 366
1 374
1 376
1 379
1 407
1 409
1 420
1 423
1 439
1 440
1 463
1 468
1 485
1 489
1 578
1 585
1 586
1 610
1 636
1 640
1 662
1 669
1 682
1 689
1 691
1 698
1 725
1 743
1 781
1 794
1 795
1 856
1 859
1 864
1 870
1 871
1 897
1 934
1 935
1 968
1 987
2 13
2 14
2 46
2 47
2 67
2 78
2 105
2 185
2 207
2 254
2 370
2 438
2 472
2 563
2 574
2 579
2 643
2 650
2 860
2 953
2 989
3 4
3 7
3 20
3 35
3 62
3 125
3 129
3 142
3 165
3 172
3 235
3 243
3 251
3 276
3 357
3 394
3 398
3 429
3 460
3 496
3 510
3 533
3 554
3 613
3 641
3 692
3 892
3 958
4 45
4 143
4 209
4 771
5 12
5 74
5 83
5 113
5 128
5 256
5 267
5 396
5 511
5 625
5 647
5 671
5 678
5 709
5 777
6 753
7 9
7 30
7 36
7 43
7 49
7 52
7 166
7 467
7 484
7 875
7 923
8 26
8 80
8 82
8 191
8 264
8 281
8 425
8 481
9 10
9 22
9 38
9 211
9 306
9 433
9 501
9 885
11 15
11 16
11 37
11 59
11 91
11 177
11 187
11 324
11 344
11 557
11 890
11 914
12 268
12 317
12 595
12 769
13 40
13 303
13 435
13 562
14 304
14 660
15 181
16 55
16 90
16 145
16 232
16 253
16 360
16 488
16 516
16 645
16 708
16 815
16 831
17 31
17 64
17 316
17 507
17 535
17 553
17 786
17 858
17 984
18 39
18 81
18 139
18 345
18 369
18 441
18 654
18 809
18 999
20 21
20 193
20 333
20 852
21 54
21 168
21 326
21 602
24 92
24 144
24 179
24 183
24 198
24 664
25 112
25 474
25 616
25 651
25 677
25 721
26 71
26 273
27 96
27 117
27 355
27 410
27 957
28 33
28 210
28 415
29 53
29 219
30 406
30 483
31 34
31 867
33 41
33 116
33 367
33 857
34 50
34 68
34 189
34 190
34 246
34 260
34 339
34 436
34 657
35 597
35 985
37 42
37 153
37 229
37 674
37 752
37 761
37 768
37 887
39 152
39 313
39 456
39 546
39 873
40 86
40 103
40 119
40 197
40 284
40 327
40 338
40 798
41 118
41 617
41 685
41 688
42 241
43 110
43 426
43 694
44 148
44 877
44 920
45 57
45 161
45 265
45 448
45 970
46 51
46 61
46 95
46 97
46 106
46 124
46 126
46 203
46 222
46 248
46 397
46 565
46 675
46 680
46 886
47 60
47 69
47 228
47 297
47 336
47 378
47 381
47 385
47 466
47 576
47 785
48 676
49 58
49 79
49 146
49 266
50 130
51 75
51 221
51 257
51 341
51 372
51 395
51 416
51 704
51 724
51 824
51 971
52 866
53 66
53 174
53 287
53 293
53 390
53 458
53 598
53 652
54 56
54 236
54 447
54 522
54 869
55 156
55 361
55 638
55 919
56 506
57 72
57 76
57 141
57 383
57 519
57 569
57 811
57 883
58 94
58 204
58 249
58 570
58 593
58 605
58 608
58 726
58 754
58 995
59 162
59 477
60 104
60 462
60 543
60 614
60 942
60 964
61 542
61 756
61 907
62 201
62 893
64 703
65 99
65 109
65 208
65 350
65 392
65 925
65 982
66 421
66 672
66 778
67 157
69 85
69 134
69 135
69 206
69 226
69 227
69 274
69 295
69 299
69 530
69 577
69 620
69 712
69 746
69 872
69 882
70 87
70 101
70 245
70 400
70 403
70 464
71 88
71 100
71 158
71 261
71 275
71 594
71 750
71 928
71 961
72 98
72 115
72 401
72 609
73 353
74 188
74 405
74 445
74 486
74 806
74 855
75 217
75 290
75 444
75 451
75 944
76 170
78 800
79 252
80 84
80 93
80 138
80 527
80 997
81 255
82 151
82 154
82 196
82 202
82 262
82 329
82 340
82 536
82 817
82 819
82 821
82 949
83 111
83 296
83 365
84 131
84 529
84 642
84 731
84 896
84 905
85 879
87 687
88 259
88 312
88 404
89 760
89 861
89 865
91 132
91 545
91 622
91 734
92 114
92 843
93 534
95 499
96 127
96 465
96 490
96 715
96 748
97 180
97 186
97 212
97 237
97 247
97 648
97 745
98 512
98 899
99 280
99 294
99 910
100 314
100 792
100 973
101 728
102 123
102 140
102 637
102 930
103 147
103 169
103 269
103 285
103 417
103 424
103 479
103 514
103 559
103 943
105 164
106 133
106 195
106 220
106 475
107 137
107 242
107 408
107 842
108 270
108 335
108 491
108 581
108 837
109 199
109 240
109 311
111 215
111 929
112 291
113 194
113 498
113 503
113 631
113 767
114 588
114 994
115 948
116 224
117 816
118 508
120 471
120 502
120 686
120 720
120 749
120 909
120 965
125 163
125 580
125 649
125 895
127 470
128 900
129 780
129 926
130 182
130 975
131 521
131 573
131 833
132 223
133 159
133 184
133 596
134 454
137 331
137 411
139 941
140 572
140 974
141 238
142 343
143 200
144 298
145 205
146 218
146 373
146 393
146 701
146 714
147 347
148 178
148 263
148 309
148 434
148 453
148 457
150 160
151 277
151 319
151 387
151 656
151 673
153 770
153 829
154 555
154 810
155 332
155 432
156 230
157 600
159 225
159 667
160 476
161 216
161 234
165 282
165 492
165 567
168 976
169 173
169 305
169 325
169 382
169 443
171 271
171 437
171 735
171 818
171 846
171 850
171 969
174 702
178 300
179 356
181 738
181 751
182 322
185 286
185 442
185 449
185 487
185 532
185 740
186 258
186 655
186 898
187 762
190 354
193 359
194 759
194 940
197 213
197 348
200 765
201 283
201 292
201 604
201 845
201 849
202 364
202 402
204 233
204 801
205 564
206 422
207 763
207 805
207 836
207 979
209 308
209 377
209 513
209 518
209 646
209 729
209 931
212 272
212 307
212 321
212 337
212 368
212 690
212 878
213 250
213 289
213 603
215 591
215 621
217 500
218 494
220 814
221 670
221 697
221 736
221 739
221 791
221 874
221 884
221 913
226 430
227 450
229 302
230 539
233 632
234 575
237 349
238 244
238 391
238 524
238 551
238 802
239 950
243 991
245 459
245 889
246 538
252 358
252 862
252 901
252 983
253 461
255 428
255 560
259 963
263 515
263 548
263 590
263 719
263 784
264 318
267 288
267 679
267 722
269 380
269 455
269 659
270 301
274 384
276 773
276 804
278 790
278 853
279 808
280 626
281 601
282 315
282 371
282 413
284 635
284 962
285 550
286 320
286 452
290 717
292 330
292 473
293 918
298 627
300 504
303 566
304 362
304 710
309 346
309 549
309 561
309 826
309 916
310 618
312 414
312 960
313 342
314 386
314 389
319 419
319 571
320 523
322 939
322 947
323 938
325 661
327 755
327 946
328 681
328 972
330 375
331 412
332 497
334 352
334 584
334 619
334 996
335 482
335 568
336 351
336 431
336 540
337 978
342 782
344 803
348 658
350 480
352 742
352 980
352 981
355 783
355 840
356 541
356 793
356 799
358 936
359 525
362 418
362 741
363 764
366 427
366 911
367 388
369 526
369 544
369 629
373 668
373 723
376 967
380 998
385 446
390 633
390 830
390 847
392 399
392 732
393 587
396 606
396 927
397 711
397 775
397 776
398 478
398 493
398 835
401 628
408 589
408 611
413 986
417 558
418 797
419 774
421 615
421 822
423 509
423 517
425 716
425 904
433 520
435 624
435 834
438 666
438 737
440 528
440 556
443 495
443 924
444 696
450 531
451 813
452 582
452 644
452 787
452 844
458 469
462 839
466 505
466 705
466 921
467 599
470 612
472 623
472 693
472 876
475 683
475 915
476 665
476 713
491 537
491 747
497 552
503 718
503 951
504 639
506 863
508 663
511 851
523 730
523 992
527 583
535 779
536 922
541 789
542 828
547 825
549 706
552 796
553 952
556 848
558 772
561 933
562 988
565 592
574 868
576 727
576 788
585 630
586 699
589 823
592 733
593 634
593 902
594 891
598 607
598 684
598 744
607 757
607 881
609 653
610 894
617 695
621 700
625 766
626 707
639 880
639 908
652 838
672 990
675 832
713 954
723 827
732 758
735 912
738 937
740 932
745 841
769 917
783 854
789 945
801 807
808 812
808 959
812 820
840 906
843 888
873 903
887 977
892 966
902 956
978 993
