0 1
0 2
0 3
0 4
0 5
0 6
0 7
0 8
0 9
0 10
0 12
0 14
0 15
0 16
0 17
0 20
0 21
0 23
0 24
0 26
0 28
0 29
0 30
0 35
0 36
0 40
0 41
0 42
0 45
0 46
0 47
0 48
0 50
0 52
0 57
0 61
0 62
0 67
0 70
0 71
0 72
0 73
0 75
0 76
0 77
0 78
0 84
0 85
0 92
0 95
0 97
0 100
0 101
0 108
0 117
0 120
0 121
0 125
0 129
0 140
0 141
0 142
0 144
0 145
0 152
0 154
0 155
0 158
0 162
0 166
0 174
0 175
0 185
0 198
0 201
0 202
0 207
0 209
0 211
0 218
0 223
0 227
0 229
0 230
0 234
0 236
0 237
0 240
0 244
0 246
0 251
0 267
0 270
0 273
0 276
0 288
0 306
0 314
0 316
0 319
0 321
0 323
0 326
0 327
0 332
0 343
0 345
0 350
0 352
0 358
0 361
0 363
0 368
0 369
0 386
0 394
0 410
0 412
0 420
0 426
0 435
0 439
0 443
0 450
0 457
0 491
0 493
0 504
0 514
0 526
0 527
0 541
0 547
0 549
0 551
0 567
0 579
0 590
0 603
0 605
0 621
0 641
0 643
0 650
0 662
0 669
0 674
0 682
0 688
0 691
0 716
0 717
0 722
0 737
0 743
0 758
0 780
0 803
0 804
0 821
0 827
0 836
0 844
0 845
0 847
0 872
0 874
0 881
0 898
0 899
0 913
0 915
0 925
0 942
0 943
0 963
0 970
0 971
0 975
0 979
0 999
1 5
1 8
1 18
1 67
1 81
1 82
1 125
1 148
1 307
1 479
1 502
1 983
2 8
2 10
2 11
2 17
2 20
2 23
2 31
2 33
2 38
2 39
2 45
2 76
2 96
2 99
2 104
2 126
2 130
2 143
2 151
2 183
2 222
2 254
2 268
2 279
2 288
2 338
2 384
2 404
2 446
2 465
2 484
2 549
2 619
2 641
2 693
2 707
2 724
2 749
2 780
2 822
2 858
2 919
2 999
3 5
3 6
3 7
3 9
3 10
3 11
3 13
3 14
3 16
3 17
3 19
3 22
3 27
3 40
3 45
3 47
3 52
3 53
3 57
3 59
3 61
3 63
3 83
3 89
3 95
3 98
3 99
3 117
3 118
3 139
3 141
3 154
3 166
3 169
3 182
3 197
3 204
3 241
3 249
3 251
3 260
3 261
3 262
3 278
3 280
3 281
3 311
3 320
3 328
3 329
3 336
3 345
3 363
3 369
3 399
3 420
3 428
3 435
3 443
3 460
3 493
3 498
3 501
3 509
3 544
3 591
3 601
3 647
3 662
3 664
3 666
3 669
3 702
3 709
3 712
3 733
3 767
3 773
3 778
3 880
3 895
3 912
3 920
3 922
3 941
3 970
3 984
3 994
4 5
4 6
4 9
4 21
4 63
4 159
4 203
4 217
4 272
4 349
4 364
4 384
4 433
4 501
4 554
4 637
4 657
4 698
4 892
5 6
5 7
5 12
5 16
5 21
5 25
5 30
5 37
5 39
5 41
5 43
5 46
5 50
5 51
5 61
5 64
5 107
5 112
5 118
5 144
5 150
5 167
5 174
5 186
5 187
5 188
5 196
5 205
5 239
5 241
5 246
5 275
5 282
5 291
5 302
5 312
5 344
5 351
5 365
5 390
5 419
5 421
5 428
5 430
5 478
5 483
5 484
5 492
5 508
5 539
5 555
5 569
5 660
5 664
5 678
5 701
5 705
5 734
5 740
5 750
5 775
5 809
5 855
5 875
5 883
5 885
5 914
5 952
5 966
5 988
6 7
6 11
6 13
6 18
6 19
6 20
6 22
6 25
6 38
6 41
6 44
6 51
6 61
6 63
6 80
6 86
6 88
6 101
6 105
6 116
6 128
6 137
6 164
6 191
6 209
6 244
6 258
6 297
6 334
6 347
6 357
6 496
6 603
6 629
6 631
6 633
6 773
6 787
6 791
6 830
6 851
6 889
6 915
6 980
7 8
7 9
7 11
7 17
7 19
7 27
7 28
7 31
7 33
7 34
7 36
7 37
7 41
7 50
7 56
7 63
7 67
7 73
7 75
7 91
7 97
7 101
7 104
7 107
7 113
7 133
7 139
7 147
7 196
7 216
7 235
7 237
7 238
7 247
7 261
7 269
7 300
7 308
7 309
7 313
7 326
7 357
7 369
7 370
7 374
7 376
7 387
7 388
7 398
7 412
7 415
7 462
7 494
7 495
7 541
7 587
7 600
7 611
7 626
7 678
7 679
7 680
7 704
7 731
7 820
7 840
7 844
7 860
7 903
7 905
7 964
7 993
8 12
8 18
8 23
8 26
8 28
8 35
8 66
8 100
8 115
8 133
8 137
8 148
8 176
8 215
8 266
8 351
8 381
8 523
8 552
8 562
8 606
8 624
8 647
8 685
8 703
8 715
8 828
8 901
8 936
8 938
9 10
9 13
9 22
9 28
9 35
9 46
9 57
9 87
9 94
9 99
9 109
9 124
9 125
9 134
9 206
9 233
9 250
9 295
9 296
9 318
9 330
9 335
9 356
9 359
9 422
9 429
9 484
9 497
9 506
9 521
9 555
9 566
9 567
9 595
9 651
9 671
9 702
9 876
9 989
10 12
10 13
10 14
10 15
10 19
10 22
10 23
10 25
10 27
10 40
10 75
10 77
10 85
10 86
10 93
10 109
10 147
10 149
10 150
10 177
10 179
10 197
10 227
10 236
10 248
10 263
10 271
10 301
10 327
10 344
10 346
10 351
10 365
10 377
10 382
10 406
10 407
10 409
10 433
10 448
10 468
10 471
10 486
10 490
10 506
10 518
10 523
10 530
10 534
10 543
10 548
10 557
10 582
10 584
10 590
10 595
10 612
10 622
10 629
10 673
10 675
10 714
10 746
10 763
10 772
10 824
10 840
10 852
10 854
10 857
10 865
10 878
10 901
10 924
10 927
10 930
10 943
10 944
10 960
11 14
11 15
11 16
11 24
11 29
11 35
11 49
11 56
11 60
11 62
11 65
11 70
11 74
11 91
11 121
11 132
11 160
11 201
11 227
11 233
11 267
11 279
11 289
11 292
11 296
11 328
11 353
11 364
11 379
11 436
11 438
11 440
11 478
11 482
11 514
11 582
11 599
11 613
11 633
11 641
11 690
11 692
11 693
11 695
11 697
11 720
11 842
11 921
11 930
11 943
11 962
12 15
12 45
12 54
12 56
12 72
12 125
12 127
12 162
12 176
12 359
12 390
12 445
12 585
12 687
12 749
13 32
13 37
13 58
13 80
13 108
13 143
13 146
13 149
13 159
13 163
13 171
13 210
13 236
13 268
13 305
13 444
13 464
13 481
13 529
13 634
13 638
13 645
13 675
13 728
13 829
13 900
13 940
13 967
13 972
14 20
14 34
14 53
14 60
14 102
14 106
14 114
14 131
14 145
14 146
14 179
14 195
14 200
14 213
14 231
14 243
14 270
14 292
14 301
14 305
14 318
14 322
14 324
14 345
14 385
14 392
14 399
14 411
14 447
14 480
14 530
14 545
14 577
14 586
14 588
14 594
14 656
14 657
14 758
14 759
14 782
14 810
14 824
14 858
14 940
14 949
15 21
15 24
15 26
15 31
15 55
15 68
15 74
15 76
15 88
15 96
15 107
15 126
15 130
15 145
15 159
15 167
15 196
15 219
15 280
15 284
15 385
15 476
15 518
15 553
15 586
15 627
15 636
15 652
15 708
15 742
15 830
15 849
15 859
15 959
16 18
16 25
16 27
16 47
16 105
16 107
16 112
16 137
16 161
16 164
16 170
16 173
16 190
16 205
16 239
16 265
16 278
16 285
16 292
16 303
16 325
16 336
16 358
16 381
16 403
16 405
16 407
16 414
16 445
16 479
16 480
16 637
16 648
16 670
16 701
16 823
16 845
16 856
16 865
16 904
16 934
16 936
16 962
17 38
17 54
17 64
17 68
17 78
17 85
17 86
17 89
17 104
17 215
17 227
17 238
17 253
17 261
17 395
17 507
17 515
17 535
17 577
17 692
17 707
17 728
17 734
17 788
17 850
17 908
17 909
17 961
18 29
18 34
18 36
18 43
18 54
18 65
18 105
18 124
18 135
18 145
18 152
18 153
18 157
18 168
18 178
18 189
18 213
18 254
18 257
18 276
18 291
18 325
18 326
18 331
18 334
18 339
18 397
18 468
18 474
18 491
18 523
18 531
18 559
18 563
18 573
18 580
18 586
18 658
18 679
18 680
18 747
18 751
18 754
18 773
18 859
18 876
18 893
18 913
18 917
18 979
18 992
19 40
19 42
19 44
19 47
19 48
19 52
19 55
19 58
19 80
19 89
19 116
19 173
19 190
19 191
19 195
19 206
19 222
19 228
19 278
19 286
19 291
19 332
19 361
19 380
19 406
19 418
19 433
19 443
19 483
19 502
19 708
19 742
19 793
19 795
19 820
19 933
20 43
20 62
20 97
20 142
20 206
20 240
20 283
20 287
20 363
20 426
20 796
20 831
20 837
20 928
21 73
21 87
21 117
21 136
21 213
21 226
21 243
21 302
21 322
21 330
21 335
21 389
21 522
21 542
21 545
21 631
21 706
22 24
22 26
22 31
22 34
22 42
22 53
22 55
22 67
22 68
22 72
22 89
22 91
22 93
22 102
22 128
22 132
22 157
22 169
22 182
22 184
22 192
22 224
22 242
22 248
22 252
22 258
22 260
22 261
22 271
22 311
22 358
22 379
22 397
22 399
22 430
22 434
22 450
22 462
22 469
22 475
22 483
22 488
22 497
22 505
22 522
22 531
22 631
22 640
22 645
22 658
22 825
22 828
22 841
22 944
22 991
23 30
23 37
23 44
23 58
23 65
23 80
23 116
23 131
23 151
23 161
23 171
23 192
23 214
23 225
23 235
23 256
23 263
23 270
23 342
23 365
23 408
23 466
23 536
23 623
23 673
23 785
23 857
23 962
23 977
24 74
24 320
24 367
24 589
24 699
24 706
24 953
25 36
25 49
25 134
25 147
25 151
25 238
25 247
25 255
25 274
25 294
25 333
25 338
25 455
25 464
25 526
25 550
25 812
26 30
26 223
26 235
26 297
26 367
26 482
26 537
26 878
27 32
27 48
27 50
27 52
27 54
27 70
27 78
27 79
27 87
27 90
27 92
27 122
27 126
27 138
27 144
27 165
27 177
27 180
27 181
27 185
27 186
27 214
27 216
27 234
27 239
27 240
27 246
27 248
27 274
27 287
27 295
27 299
27 319
27 332
27 339
27 358
27 389
27 397
27 423
27 456
27 470
27 474
27 475
27 480
27 499
27 509
27 514
27 534
27 541
27 550
27 613
27 617
27 635
27 654
27 686
27 702
27 717
27 726
27 741
27 751
27 755
27 762
27 790
27 798
27 814
27 846
27 855
27 870
27 880
27 886
27 910
27 916
27 993
27 998
28 29
28 38
28 49
28 55
28 82
28 121
28 154
28 168
28 277
28 279
28 294
28 318
28 459
28 476
28 511
28 540
28 600
28 732
28 752
28 783
28 791
28 836
28 861
28 895
28 989
29 32
29 62
29 69
29 71
29 72
29 90
29 131
29 149
29 153
29 194
29 198
29 216
29 228
29 293
29 296
29 302
29 310
29 318
29 335
29 353
29 444
29 456
29 463
29 618
29 630
29 652
29 655
29 729
29 748
29 794
29 882
29 957
29 975
30 33
30 43
30 73
30 117
30 147
30 253
30 286
30 310
30 347
30 411
30 417
30 460
30 672
31 32
31 211
31 223
31 240
31 260
31 561
31 997
32 33
32 82
32 90
32 98
32 110
32 120
32 131
32 222
32 229
32 233
32 252
32 262
32 311
32 313
32 317
32 322
32 371
32 375
32 396
32 401
32 467
32 476
32 524
32 544
32 564
32 684
32 713
32 737
32 781
32 876
32 910
32 992
33 87
33 88
33 96
33 115
33 244
33 284
33 315
33 357
33 416
33 426
33 456
33 775
33 816
33 914
33 951
34 44
34 59
34 78
34 122
34 150
34 169
34 237
34 340
34 394
34 548
35 51
35 58
35 84
35 92
35 106
35 115
35 163
35 204
35 225
35 267
35 366
35 395
35 433
35 467
35 470
35 499
35 564
35 583
35 597
35 598
35 661
35 705
35 706
35 756
35 761
35 791
35 807
35 843
35 864
35 891
35 907
35 917
35 928
35 931
36 335
36 355
36 545
36 607
36 738
36 782
36 817
37 39
37 79
37 120
37 165
37 243
37 300
37 301
37 614
37 659
38 39
38 66
38 86
38 438
38 525
38 560
38 575
38 654
38 750
38 788
38 805
38 813
38 873
38 985
39 79
39 95
39 141
39 193
39 314
39 371
39 402
39 571
39 668
39 792
39 891
40 42
40 51
40 66
40 79
40 83
40 103
40 221
40 402
40 477
40 698
40 724
40 769
40 897
40 950
41 59
41 75
41 116
41 174
41 180
41 271
41 311
41 348
41 466
41 590
41 608
41 681
41 756
42 49
42 60
42 69
42 83
42 137
42 161
42 232
42 253
42 307
42 315
42 341
42 427
42 572
42 786
42 958
43 46
43 90
43 92
43 154
43 174
43 199
43 203
43 214
43 220
43 259
43 404
43 455
43 466
43 539
43 733
43 810
43 868
43 872
43 935
44 69
44 123
44 133
44 135
44 155
44 249
44 250
44 308
44 348
44 389
44 463
44 547
44 804
44 964
45 88
45 98
45 101
45 106
45 109
45 119
45 126
45 142
45 146
45 172
45 175
45 212
45 270
45 320
45 323
45 324
45 336
45 338
45 349
45 465
45 514
45 518
45 536
45 567
45 604
45 610
45 640
45 642
45 724
45 749
45 754
45 762
45 851
45 854
45 867
45 899
45 971
45 997
46 59
46 69
46 135
46 148
46 312
46 421
46 613
46 615
46 733
46 817
47 48
47 81
47 93
47 118
47 657
48 53
48 135
48 263
48 275
48 315
48 577
48 622
48 966
48 983
49 56
49 71
49 100
49 111
49 241
49 247
49 250
49 341
49 458
49 486
49 507
49 535
49 609
49 694
49 780
49 839
49 845
49 865
49 907
49 955
49 990
50 124
50 190
50 331
50 432
50 462
50 531
50 627
50 663
50 709
50 877
50 980
51 140
51 469
51 616
52 57
52 64
52 81
52 189
52 255
52 316
53 66
53 112
53 134
53 168
53 259
53 388
53 478
53 546
53 615
53 636
53 853
54 74
54 77
54 82
54 83
54 94
54 106
54 110
54 129
54 132
54 172
54 206
54 329
54 370
54 380
54 520
54 581
54 732
54 941
55 211
55 336
55 682
55 719
55 954
55 985
56 160
56 258
56 347
56 359
56 372
56 444
56 617
56 950
57 119
57 176
57 330
57 391
57 410
57 530
57 735
57 815
57 973
58 76
58 162
58 197
58 228
58 306
58 461
58 840
58 871
59 60
59 65
59 68
59 81
59 84
59 93
59 94
59 102
59 103
59 104
59 111
59 113
59 132
59 140
59 146
59 152
59 173
59 220
59 272
59 393
59 403
59 516
59 532
59 540
59 558
59 578
59 589
59 644
59 679
59 685
59 727
59 768
59 796
59 923
60 123
60 231
60 259
60 370
60 416
60 424
60 553
60 577
60 659
61 113
61 194
61 217
61 341
61 618
61 766
61 871
61 963
62 71
62 127
62 274
62 309
62 392
62 428
62 497
62 570
62 608
63 64
63 160
63 179
63 207
63 245
63 568
63 625
63 764
63 913
64 77
64 139
64 171
64 212
64 220
64 441
64 661
64 665
64 723
64 793
64 801
64 883
64 952
65 601
65 677
65 769
65 873
65 932
66 127
66 167
66 294
66 314
66 415
66 419
66 458
66 553
66 597
66 684
66 889
66 952
66 962
66 977
67 148
67 202
67 226
67 242
67 252
67 257
67 273
67 293
67 549
67 621
67 646
67 778
67 792
67 884
68 181
68 354
68 495
68 521
68 642
68 815
69 70
69 91
69 96
69 123
69 139
69 156
69 177
69 180
69 204
69 239
69 264
69 281
69 325
69 339
69 411
69 412
69 417
69 441
69 471
69 534
69 579
69 588
69 660
69 751
69 755
69 822
69 838
69 911
70 170
70 212
70 453
70 576
70 747
70 948
71 85
71 105
71 218
71 234
71 251
71 327
71 524
71 525
71 756
71 786
71 901
72 113
72 155
72 184
72 342
72 392
72 455
72 632
72 709
72 725
72 758
72 856
73 119
73 128
73 129
73 138
73 178
73 231
73 244
73 303
73 328
73 557
73 699
73 703
73 736
73 866
73 968
74 182
74 321
75 124
75 232
75 247
75 262
75 346
75 555
76 188
76 426
76 475
76 672
76 975
76 986
77 157
77 172
77 177
77 280
77 619
77 653
77 828
77 956
78 84
78 409
78 448
79 182
79 225
79 242
79 245
79 265
79 290
79 317
79 360
79 383
79 452
79 467
79 652
79 738
79 755
79 819
79 989
80 97
80 171
80 477
81 130
81 170
81 214
81 221
81 516
81 609
81 763
81 854
81 906
81 957
82 98
82 118
82 312
82 493
82 665
82 719
82 743
82 832
82 833
82 850
82 854
82 923
82 979
83 185
83 420
83 552
83 781
83 819
83 930
83 978
84 103
84 121
84 144
84 249
84 352
84 704
84 757
84 956
84 958
85 189
85 199
85 366
85 376
85 388
85 424
85 532
85 713
85 760
85 766
85 779
86 95
86 198
86 224
86 262
86 310
86 483
86 561
86 652
86 685
86 707
86 986
87 111
87 128
87 205
87 304
87 368
87 379
87 445
87 504
87 581
87 650
87 674
87 705
87 809
87 875
87 956
87 990
88 208
88 340
88 343
88 418
88 571
88 753
89 94
89 99
89 143
89 157
89 168
89 195
89 254
89 277
89 375
89 459
89 655
89 686
89 705
89 718
89 766
89 839
89 877
89 947
90 165
90 170
90 186
90 285
90 393
90 396
90 406
90 435
90 449
90 619
90 620
90 684
90 992
91 100
91 127
91 313
91 338
91 352
91 378
91 473
91 635
91 644
91 744
91 774
91 787
91 904
91 919
92 140
92 173
92 615
92 630
92 846
93 108
93 109
93 203
93 288
93 394
93 398
93 458
93 498
93 596
93 670
93 765
93 964
94 103
94 143
94 180
94 183
94 190
94 210
94 219
94 236
94 319
94 470
94 578
94 650
94 707
94 824
94 890
94 899
94 949
95 114
95 162
95 201
95 268
95 269
95 469
95 513
95 583
95 586
95 670
95 681
95 745
95 852
95 900
95 978
95 995
96 102
96 108
96 120
96 133
96 142
96 193
96 220
96 515
96 720
96 775
96 788
97 298
97 477
97 929
98 111
98 264
98 290
98 293
98 504
98 819
99 150
99 301
99 513
99 889
100 112
100 164
100 326
100 568
100 574
100 691
100 789
101 130
101 152
101 163
101 208
101 266
101 289
101 324
101 487
101 541
101 638
101 685
101 870
101 912
102 114
102 119
102 138
102 158
102 356
102 429
102 451
102 454
102 641
102 694
102 740
102 978
102 982
103 110
103 114
103 115
103 129
103 136
103 151
103 185
103 187
103 366
103 368
103 385
103 437
103 494
103 569
103 602
103 614
103 629
103 643
103 657
103 747
103 859
103 919
103 931
104 226
104 283
104 738
104 872
105 178
105 275
105 372
105 373
105 446
105 460
105 490
105 511
105 550
105 680
105 827
106 156
106 260
106 344
106 378
106 439
106 524
106 716
106 763
107 110
107 122
107 123
107 202
107 233
107 531
107 546
107 575
107 682
107 866
107 876
107 911
108 273
108 325
108 342
108 395
108 503
108 643
108 668
108 976
109 735
109 757
110 207
110 387
110 439
110 449
110 610
110 715
110 716
111 122
111 200
111 378
111 438
111 452
111 553
111 565
111 785
111 863
112 495
112 714
112 757
112 792
112 880
112 890
112 961
113 667
113 894
113 994
114 473
114 726
115 218
115 299
115 306
115 362
115 528
115 565
115 730
116 188
116 265
116 711
116 721
117 357
117 537
117 547
117 926
118 136
118 149
118 166
118 203
118 280
118 284
118 305
118 418
118 447
118 653
118 654
118 699
118 703
118 807
118 820
118 875
119 138
119 193
119 309
119 391
119 573
119 736
119 759
119 844
120 159
120 196
120 210
120 219
120 272
120 289
120 333
120 377
120 393
120 501
120 517
120 728
120 896
120 929
120 984
121 160
121 194
121 255
121 298
121 304
121 394
121 488
121 559
121 890
121 969
122 141
122 155
122 181
122 230
122 302
122 377
122 380
122 391
122 407
122 410
122 411
122 432
122 439
122 463
122 527
122 599
122 690
122 722
122 755
122 790
122 802
122 850
122 855
122 902
122 955
123 134
123 183
123 396
123 402
123 429
123 460
123 508
123 510
123 620
123 727
123 767
123 808
123 953
123 999
124 136
124 189
124 192
124 366
124 797
124 886
124 933
125 263
125 368
125 498
125 822
126 205
126 286
126 378
126 622
126 807
127 365
127 602
127 739
128 194
128 321
128 352
128 375
128 400
128 599
128 752
128 867
128 986
129 184
129 186
129 295
129 606
129 894
129 976
130 184
130 347
130 450
130 646
130 711
131 215
131 431
131 750
131 823
131 866
133 209
133 277
133 465
134 156
134 198
134 333
134 503
134 656
134 722
134 827
135 200
135 256
135 322
135 449
135 468
135 510
135 557
135 611
135 768
135 866
136 163
136 229
136 232
136 505
136 570
136 594
136 770
136 804
137 165
137 192
137 193
137 218
137 353
137 488
137 563
137 600
137 618
137 639
137 772
138 386
138 587
138 626
138 633
139 164
139 269
139 551
140 225
140 405
140 414
140 432
140 476
140 550
140 748
141 219
141 228
141 254
141 329
141 549
141 651
141 676
141 688
141 803
141 813
141 972
142 153
142 161
142 237
142 250
142 446
142 452
142 493
142 675
142 741
142 843
142 881
144 256
145 158
145 246
145 258
145 269
145 307
145 371
145 383
145 413
145 459
145 486
145 546
145 733
145 819
145 834
145 883
145 966
146 175
146 181
146 297
146 319
146 403
146 463
146 735
146 804
147 158
147 224
147 348
147 414
147 454
147 491
147 498
147 529
147 533
147 814
147 948
148 156
148 166
148 415
148 417
148 430
148 453
148 485
148 519
149 153
149 286
149 360
149 361
149 431
149 622
150 167
150 230
150 342
150 405
150 903
151 591
151 624
151 667
151 719
152 230
152 308
152 324
152 331
152 345
152 422
152 440
152 625
152 710
152 827
152 842
152 847
153 209
153 384
153 517
153 543
154 346
154 774
155 172
155 178
155 283
155 473
155 645
155 694
155 696
155 708
155 723
155 737
155 964
155 969
156 191
156 204
156 238
156 441
156 801
156 812
156 826
157 232
157 245
157 343
157 468
157 472
157 542
157 783
157 856
157 992
158 187
158 208
158 385
158 388
158 715
158 734
158 891
159 217
159 296
159 579
159 683
160 169
160 400
160 423
160 536
160 868
160 965
161 183
161 769
162 305
162 354
162 371
162 526
162 671
162 860
163 512
163 676
163 688
163 853
164 221
164 341
164 617
164 718
164 779
165 256
165 373
165 374
165 489
165 574
165 634
165 636
165 730
165 817
165 906
165 958
166 207
166 224
166 257
166 373
166 512
166 598
166 729
166 781
167 404
167 471
167 485
167 507
168 245
168 281
168 304
168 340
168 575
168 829
168 991
169 361
169 673
169 905
170 281
170 526
170 590
170 614
170 725
171 175
171 191
171 202
171 274
171 401
171 416
171 501
171 522
171 564
171 674
172 216
172 329
172 404
172 474
172 505
172 569
172 574
172 789
173 176
173 179
173 187
173 234
173 268
173 287
173 344
173 544
173 863
173 914
174 988
175 200
175 213
175 229
175 453
175 670
175 812
175 857
175 907
176 374
176 457
176 609
176 648
177 199
177 492
177 547
177 784
178 304
178 360
178 428
178 431
178 479
178 938
178 973
178 974
179 188
179 251
180 303
180 332
180 334
180 566
180 635
180 721
180 808
180 845
180 870
180 959
181 283
181 784
182 253
182 271
182 457
182 746
182 830
183 212
183 842
184 532
185 525
185 697
185 977
186 195
186 413
186 422
186 528
186 572
186 601
186 892
186 957
186 982
187 350
187 543
187 554
187 677
187 696
187 745
187 846
188 587
188 797
188 963
189 482
189 793
189 928
190 243
190 300
190 337
190 691
190 780
191 391
191 611
191 687
191 818
191 965
192 211
192 266
192 313
192 578
192 612
192 616
192 690
192 765
192 816
192 902
192 920
192 922
193 201
193 364
193 821
193 878
193 985
194 215
194 222
194 563
194 654
194 811
194 833
195 562
195 906
196 197
196 208
196 226
196 241
196 337
196 393
196 423
196 607
196 640
196 837
196 906
196 960
197 199
197 454
197 966
198 231
198 367
198 813
198 869
198 958
199 289
199 359
199 413
199 450
199 530
200 424
200 700
200 879
201 294
201 348
201 390
201 408
201 429
201 782
201 881
202 210
202 528
202 816
203 353
203 434
203 809
203 973
204 235
204 248
204 264
204 282
204 392
204 623
204 725
204 734
204 741
205 223
205 242
205 267
205 308
205 481
205 567
205 589
205 625
205 736
205 807
205 968
206 316
206 573
206 607
206 947
207 217
207 282
207 461
207 625
207 710
207 826
208 272
208 535
208 795
208 874
209 364
209 381
209 436
209 481
209 548
209 579
209 698
209 858
209 998
210 221
210 287
210 457
210 527
210 601
210 638
210 735
210 770
210 798
210 925
210 968
211 249
211 309
211 561
211 779
211 879
212 307
212 316
212 516
212 677
212 811
212 851
212 868
213 722
214 386
214 584
215 443
215 494
215 519
215 523
215 673
217 300
217 446
217 575
217 885
218 572
218 611
218 929
219 760
220 430
220 554
221 285
221 293
221 346
221 355
221 408
221 591
221 996
222 379
222 506
223 349
223 376
223 455
223 465
223 620
223 651
223 708
223 782
223 970
224 408
224 759
225 278
225 886
226 323
226 377
226 458
226 521
226 592
226 650
226 895
227 562
227 689
227 777
227 938
229 946
230 259
230 328
230 370
230 519
231 257
231 266
231 291
231 327
231 355
231 427
231 441
231 512
232 279
232 351
232 431
232 602
232 621
232 701
232 879
232 887
233 509
233 515
233 532
233 824
233 950
236 974
237 303
237 495
237 605
237 884
238 390
238 581
238 814
239 277
239 363
240 285
240 610
241 255
241 339
241 360
241 417
241 528
241 666
241 695
241 806
241 847
241 934
241 959
241 963
242 275
242 290
242 333
242 382
242 752
242 826
242 838
242 946
243 276
243 489
243 496
243 942
245 356
245 383
246 742
247 276
247 297
247 298
247 331
247 367
247 448
247 565
247 634
247 772
247 859
247 888
247 916
247 986
247 987
248 410
248 659
250 252
250 470
250 489
250 576
250 604
250 620
250 703
250 721
250 777
250 885
250 900
251 265
251 290
251 380
251 466
251 783
252 288
252 435
252 436
252 472
252 689
252 712
253 264
253 369
253 419
253 422
253 606
253 612
253 867
254 273
254 381
254 442
254 489
254 725
254 761
255 321
255 376
255 386
255 402
255 418
255 451
255 558
255 570
255 582
255 595
256 608
256 731
256 937
257 337
257 648
257 749
257 914
258 373
258 691
258 932
259 323
259 723
261 282
261 337
261 396
261 503
261 566
262 508
262 551
262 836
262 846
263 447
263 456
263 510
263 568
263 593
263 864
263 951
263 987
265 900
268 642
268 957
269 284
269 299
269 521
269 527
269 606
269 828
269 831
270 317
270 732
270 869
271 511
272 538
272 785
273 299
274 320
274 375
274 604
274 723
274 848
275 356
275 382
275 676
275 693
278 471
278 503
278 537
278 660
279 775
280 292
280 406
280 464
280 539
280 888
281 427
281 448
281 516
281 968
282 592
282 768
282 787
284 403
284 537
284 605
284 926
285 424
285 437
285 618
285 973
285 987
286 340
286 440
286 678
286 681
286 941
287 295
287 349
287 395
287 401
287 442
287 888
288 751
290 298
290 533
290 990
291 310
291 999
292 306
292 442
292 761
292 811
292 935
292 945
292 996
293 923
294 334
294 383
294 677
295 520
295 573
295 814
296 355
297 314
297 315
297 597
297 732
297 778
298 400
298 662
298 901
299 604
299 802
299 892
300 783
301 861
301 923
302 362
302 669
302 928
303 617
303 675
303 877
304 897
304 934
305 312
305 350
305 442
305 661
305 714
305 726
306 421
306 730
308 437
308 593
309 401
309 525
309 594
309 810
309 825
309 826
309 919
310 362
310 400
310 425
311 596
311 769
311 797
312 330
313 538
313 630
313 776
313 953
314 517
314 740
314 800
314 903
314 932
315 659
315 806
315 825
316 317
316 389
316 407
316 717
316 831
317 372
317 472
317 512
317 678
317 910
318 398
318 810
319 597
319 730
319 738
320 437
320 461
320 663
320 766
320 954
321 898
321 933
321 967
322 513
322 584
322 843
322 903
323 542
323 753
324 594
324 693
324 744
324 747
324 925
325 354
325 898
326 520
326 646
326 917
327 350
327 414
327 672
327 696
327 796
328 538
330 504
330 765
330 851
330 926
330 946
330 960
331 374
331 398
331 423
331 485
331 491
331 792
331 839
331 878
331 915
332 343
332 434
332 445
332 692
332 864
332 987
333 499
334 436
334 580
334 603
334 626
334 672
334 820
335 484
335 639
335 863
336 871
337 644
338 362
338 477
338 478
338 502
338 623
338 787
338 834
338 841
339 449
340 447
340 587
340 612
340 634
340 646
340 719
340 921
340 927
341 632
343 696
343 998
344 427
344 767
344 927
344 967
345 628
346 954
347 711
347 860
348 409
348 453
348 658
348 760
348 805
348 932
349 354
349 387
349 653
349 720
349 788
349 977
349 996
350 570
350 712
350 776
351 519
351 806
351 830
351 841
351 961
352 660
352 718
352 894
353 711
354 737
355 855
355 976
356 628
358 571
358 584
358 623
358 758
359 881
360 372
360 563
360 598
360 664
360 699
361 382
361 479
361 502
361 593
361 624
361 682
361 688
361 740
361 818
361 995
362 486
362 565
362 583
362 988
363 481
363 490
363 649
363 671
363 721
363 771
363 779
363 790
364 500
364 505
365 420
365 451
365 616
365 689
365 818
365 841
366 662
366 808
367 399
367 803
368 975
369 419
369 753
369 945
370 409
370 416
370 757
370 838
370 916
371 482
371 487
372 500
372 980
373 517
373 910
374 510
374 789
374 809
376 637
376 772
376 873
377 667
377 893
378 425
378 616
378 665
378 931
380 944
381 438
381 557
381 592
381 727
382 452
382 600
382 653
382 664
382 713
383 384
383 405
383 496
383 536
385 387
385 834
386 413
386 739
386 925
387 397
387 473
387 839
387 980
388 415
388 432
388 690
388 710
388 764
389 729
389 774
390 686
392 580
392 603
392 649
392 848
393 434
393 467
393 535
393 630
393 683
394 506
394 544
394 568
394 681
395 487
395 546
396 813
397 744
398 412
398 462
398 750
398 840
399 545
399 663
399 896
399 898
399 939
399 984
400 451
400 613
401 425
401 459
402 585
403 759
403 875
404 475
404 522
404 640
405 556
405 639
405 656
405 717
407 464
407 474
407 560
407 728
407 960
407 993
408 695
408 823
408 891
409 490
409 578
409 596
409 649
411 421
411 566
411 636
411 668
411 956
412 981
413 500
413 890
414 639
414 671
414 742
415 647
415 867
415 990
416 499
417 632
417 916
418 425
418 511
419 472
421 802
421 863
423 638
423 895
424 558
424 658
425 492
425 540
425 762
425 789
426 485
426 643
426 739
427 494
429 497
429 585
429 595
429 805
429 953
429 971
430 585
430 700
430 816
431 520
431 580
432 608
432 642
433 444
433 469
434 509
434 621
436 440
437 770
437 979
438 539
438 548
438 760
438 849
438 871
438 877
438 884
438 907
438 940
438 951
439 454
440 480
440 488
440 558
443 515
443 700
443 762
443 917
444 524
444 588
446 529
446 946
448 556
450 559
451 592
451 694
451 713
452 767
453 461
453 598
453 610
453 853
453 940
454 724
456 492
456 555
457 556
457 588
457 676
458 534
458 909
459 543
459 679
459 837
459 883
459 948
461 743
462 529
462 785
465 805
465 848
465 904
466 710
467 712
467 899
468 821
469 513
470 533
472 542
472 649
473 684
473 729
473 731
473 746
473 862
473 981
474 500
474 790
475 921
475 984
476 507
477 487
480 593
480 912
481 560
481 971
483 635
484 562
484 569
484 647
485 496
485 572
486 683
486 793
489 615
489 697
491 645
493 538
493 936
493 997
494 554
494 631
495 835
495 981
496 574
496 955
497 879
498 837
499 508
499 533
500 552
501 560
503 602
504 802
505 687
506 825
507 644
507 741
507 768
509 559
510 607
510 706
510 796
510 972
511 518
511 701
512 800
513 540
513 754
514 629
515 862
516 795
518 591
520 627
522 970
523 800
523 803
525 556
526 799
526 835
527 773
527 781
528 576
528 857
529 561
529 698
529 764
529 784
531 886
532 666
532 858
533 552
533 666
533 853
533 915
538 551
539 582
541 991
542 687
543 571
543 798
546 581
546 583
546 896
547 865
547 880
548 786
551 731
553 911
555 831
557 614
558 564
558 702
559 874
561 700
561 756
562 628
562 815
562 874
563 927
564 627
564 836
565 589
565 626
565 726
565 748
566 619
566 637
566 655
566 947
568 576
568 692
570 983
571 714
573 680
573 745
574 656
574 849
574 994
577 632
577 633
577 669
577 832
578 715
578 882
579 665
579 838
581 815
581 894
583 628
583 753
583 893
586 605
586 736
587 704
587 777
589 695
591 981
592 596
596 743
597 959
598 599
598 609
598 861
598 951
599 663
599 771
599 799
600 716
600 748
601 842
602 920
604 746
605 764
606 648
606 922
607 829
607 905
609 763
610 661
610 761
610 939
611 739
611 818
611 882
611 982
613 674
613 718
614 720
614 797
615 624
615 777
615 974
618 869
618 908
618 939
619 833
619 860
621 786
621 945
621 998
623 852
624 668
625 861
626 651
626 949
627 988
628 655
630 835
631 784
635 864
636 683
636 850
637 800
638 771
643 667
643 912
644 754
644 844
644 924
645 897
646 774
648 872
650 969
652 727
652 924
653 856
656 938
658 697
660 908
661 689
661 847
661 889
661 942
662 709
664 848
666 686
666 752
666 935
668 821
668 832
668 974
669 770
671 799
674 909
674 952
675 832
675 918
678 794
682 887
683 884
687 771
688 776
690 868
692 833
694 704
696 849
696 954
696 976
700 794
700 852
707 997
709 744
711 806
715 776
717 745
717 930
717 994
718 765
719 885
726 843
727 947
728 942
729 794
729 893
729 935
729 943
731 778
731 791
731 978
731 995
738 812
739 892
743 795
746 835
750 949
755 996
756 924
762 799
762 902
763 933
765 904
766 969
774 798
774 823
774 834
775 950
778 811
781 801
782 902
784 908
785 931
789 801
789 965
790 869
791 822
792 934
793 888
798 870
798 887
798 936
802 808
806 887
810 913
811 817
815 829
816 862
824 911
833 941
838 926
840 862
843 929
856 873
857 937
858 918
859 967
862 905
866 918
868 882
871 909
876 896
876 922
877 961
885 937
886 993
890 918
891 937
893 897
893 920
895 982
896 955
901 939
911 921
913 983
914 944
918 945
928 989
941 948
945 965
958 985
968 972
977 991
981 995
