0 1
0 2
0 4
0 9
0 10
0 17
0 20
0 21
0 22
0 28
0 31
0 40
0 41
0 66
0 79
1 3
1 7
1 25
1 33
1 45
1 64
2 18
2 39
2 54
2 56
2 69
2 88
3 11
3 24
3 84
3 85
4 5
4 8
4 13
4 44
4 82
5 6
5 12
5 19
5 35
5 38
5 55
5 67
6 30
6 58
7 36
7 46
8 29
9 14
9 15
9 32
9 37
9 48
9 50
9 77
9 86
10 72
11 16
13 83
15 60
16 26
16 34
17 23
20 93
23 92
25 63
25 76
26 27
26 43
26 47
26 53
26 90
28 49
28 52
32 99
35 57
36 65
40 59
41 42
42 81
43 62
43 68
43 75
44 94
45 70
45 73
45 74
45 91
45 95
48 87
50 51
50 98
52 97
55 61
56 89
62 78
64 80
66 96
67 71
