0 1
0 2
0 4
0 8
0 9
0 11
0 14
0 24
0 29
0 39
0 41
0 43
0 56
0 57
0 70
0 86
0 97
0 98
0 102
0 111
0 112
0 191
0 219
0 237
0 255
0 267
0 291
0 302
0 314
0 360
0 387
0 405
0 408
0 414
0 480
0 481
1 3
1 5
1 6
1 7
1 10
1 16
1 18
1 19
1 25
1 28
1 33
1 35
1 44
1 53
1 62
1 83
1 88
1 104
1 158
1 184
1 204
1 209
1 236
1 271
1 386
1 423
2 17
2 38
2 122
2 159
2 160
2 162
2 182
2 207
2 216
2 299
2 301
3 48
3 49
3 166
3 427
4 64
5 40
5 195
6 12
6 37
6 42
6 50
6 51
6 60
6 90
6 91
6 92
6 148
6 183
6 225
6 250
6 258
6 269
6 294
6 295
6 309
6 311
6 355
7 63
7 100
7 133
8 69
8 74
8 241
9 81
9 401
11 27
11 67
11 156
12 13
12 22
12 26
12 30
12 54
12 58
12 87
12 115
12 126
12 136
12 144
12 174
12 181
12 293
12 308
12 318
12 331
12 420
13 23
13 31
13 107
13 117
13 399
14 15
14 20
14 21
14 61
14 243
14 247
14 278
14 430
15 36
15 46
15 52
15 55
15 239
15 287
16 134
16 137
16 189
17 471
18 446
20 32
20 268
20 499
21 206
21 472
22 72
22 110
22 125
22 245
22 276
22 348
22 351
22 354
22 454
22 497
24 71
24 84
24 232
24 445
24 475
26 78
26 82
26 130
26 171
26 185
26 263
26 329
26 334
26 373
26 404
27 34
27 262
28 47
28 177
28 178
28 394
29 76
29 105
29 173
29 304
29 478
31 96
31 103
31 138
31 143
31 150
31 187
31 190
31 211
31 227
31 260
31 350
31 453
31 457
31 463
31 468
33 123
33 270
33 429
33 444
34 337
35 65
35 141
36 374
37 99
37 393
39 286
39 288
40 218
40 233
41 449
42 45
42 106
42 135
42 283
42 482
45 248
46 381
48 59
48 114
48 118
48 121
48 282
48 460
49 366
50 66
50 68
50 101
50 338
51 431
53 221
54 119
54 200
54 228
54 342
57 75
57 217
57 244
57 256
57 273
57 305
57 315
57 365
57 488
58 372
59 335
60 79
60 80
60 382
60 385
61 89
61 124
61 147
61 213
62 127
62 376
67 95
67 164
67 229
69 275
69 343
69 377
69 400
70 73
70 77
70 234
70 390
70 437
71 146
71 489
73 108
73 116
73 292
73 341
74 168
74 212
75 93
75 149
75 161
75 214
75 266
75 319
75 323
75 402
75 485
76 310
76 340
76 447
77 85
79 345
81 169
83 415
84 129
84 140
84 203
84 215
84 252
84 426
85 94
85 210
85 274
86 152
86 265
87 170
90 154
90 259
91 436
96 132
96 139
96 157
96 172
96 175
96 192
96 222
96 298
96 380
96 433
98 155
98 201
98 419
99 109
99 113
99 120
99 198
99 251
99 272
99 333
99 403
99 435
99 486
101 145
102 128
102 202
102 458
102 462
104 353
104 356
104 389
105 179
105 313
106 364
112 296
112 322
112 384
112 464
112 483
115 151
115 226
115 359
115 494
117 142
117 407
118 324
119 223
119 246
119 398
122 180
122 196
122 197
122 281
122 330
122 487
124 240
125 327
125 495
126 176
127 131
129 224
129 289
129 320
129 339
131 194
132 163
135 165
135 188
138 167
138 199
138 257
138 344
138 368
140 208
141 193
142 410
143 153
143 440
144 349
154 238
154 391
157 306
157 358
157 456
160 474
161 186
162 421
167 231
167 264
167 362
168 328
168 455
168 465
175 367
177 397
179 443
180 470
184 491
185 369
187 261
187 388
191 235
192 490
194 230
197 363
198 253
198 290
202 205
202 297
205 242
208 220
210 496
214 378
214 438
215 307
216 279
218 370
218 371
219 321
225 434
230 422
233 425
234 285
235 357
238 277
239 442
241 312
242 284
244 392
246 249
249 326
249 347
252 254
252 352
252 379
257 383
260 332
260 432
264 424
270 280
273 300
273 325
273 361
274 411
275 336
275 467
278 452
279 498
282 303
286 316
287 441
296 317
299 413
308 346
329 412
329 417
329 428
329 477
331 375
341 418
342 492
350 395
358 448
360 406
360 450
372 396
374 409
379 493
384 469
390 461
409 416
409 473
413 459
431 439
431 451
431 466
431 479
445 484
456 476
