0 1
0 2
0 3
0 4
0 5
0 6
0 8
0 10
0 13
0 16
0 21
0 24
0 25
0 26
0 30
0 31
0 33
0 34
0 38
0 40
0 44
0 45
0 50
0 59
0 60
0 70
0 74
0 78
0 79
0 86
0 88
0 90
0 91
0 93
0 104
0 106
0 109
0 111
0 118
0 119
0 120
0 121
0 128
0 140
0 158
0 166
0 181
0 189
0 200
0 211
0 217
0 218
0 220
0 224
0 238
0 240
0 246
0 249
0 251
0 255
0 258
0 269
0 277
0 282
0 286
0 287
0 288
0 294
0 312
0 344
0 353
0 377
0 401
0 406
0 414
0 423
0 430
0 460
1 3
1 4
1 5
1 8
1 9
1 23
1 25
1 27
1 28
1 31
1 45
1 47
1 82
1 98
1 100
1 109
1 116
1 127
1 172
1 180
1 182
1 183
1 188
1 190
1 197
1 216
1 269
1 299
1 301
1 305
1 323
1 328
1 340
1 346
1 416
1 442
1 453
1 488
2 11
2 26
2 38
2 66
2 73
2 104
2 148
2 182
2 256
2 268
2 410
2 456
3 7
3 19
3 22
3 27
3 65
3 92
3 123
3 251
3 286
3 499
4 6
4 7
4 10
4 12
4 42
4 51
4 53
4 58
4 136
4 152
4 159
4 160
4 171
4 184
4 191
4 205
4 226
4 235
4 245
4 259
4 266
4 313
4 337
4 390
4 431
4 487
5 40
5 80
5 153
5 187
5 216
5 225
5 295
5 324
5 326
5 342
5 397
5 398
5 474
6 15
6 113
6 115
6 141
6 142
6 145
6 154
6 221
6 330
6 333
6 378
6 396
6 402
6 428
7 11
7 14
7 18
7 28
7 30
7 33
7 46
7 67
7 71
7 81
7 98
7 107
7 108
7 117
7 132
7 134
7 162
7 207
7 214
7 248
7 266
7 289
7 329
7 339
7 348
7 408
7 416
7 427
7 435
7 495
8 9
8 19
8 57
8 66
8 131
8 155
8 300
8 315
8 332
8 372
8 379
8 407
8 417
9 13
10 101
10 148
10 229
10 417
11 12
11 16
11 17
11 20
11 23
11 32
11 37
11 39
11 52
11 56
11 75
11 81
11 90
11 126
11 133
11 162
11 168
11 175
11 206
11 230
11 316
11 423
11 447
11 451
11 464
11 479
12 14
12 76
12 78
12 82
12 84
12 97
12 247
12 331
12 459
13 145
13 159
13 344
13 354
14 15
14 17
14 39
14 41
14 53
14 60
14 62
14 172
14 233
14 338
14 370
14 398
14 413
15 18
15 20
15 34
15 69
15 77
15 173
15 179
15 265
15 322
15 331
15 334
15 462
16 21
16 29
16 88
16 95
16 103
16 125
16 151
16 160
16 176
16 250
16 255
16 388
16 457
17 35
17 37
17 51
17 54
17 86
17 87
17 129
17 190
17 239
17 341
17 385
18 29
18 46
18 56
18 92
18 100
18 118
18 183
18 281
18 384
18 425
18 461
19 35
19 55
19 62
19 69
19 80
19 102
19 106
19 114
19 121
19 122
19 133
19 147
19 150
19 158
19 163
19 178
19 192
19 198
19 201
19 236
19 237
19 247
19 260
19 267
19 273
19 285
19 296
19 310
19 311
19 318
19 319
19 320
19 383
19 388
19 396
19 415
19 427
20 126
20 262
20 498
21 22
21 24
21 59
21 61
21 64
21 71
21 87
21 89
21 110
21 150
21 185
21 193
21 212
21 241
21 365
21 369
21 376
21 404
21 437
21 444
23 36
23 49
23 72
23 132
23 164
23 169
23 176
23 196
23 303
23 358
23 389
23 415
24 32
24 52
24 124
24 140
24 147
24 155
24 204
24 214
24 237
24 262
24 277
24 280
24 466
25 44
25 128
25 177
25 193
25 302
26 41
26 58
26 79
26 99
26 134
26 359
26 429
27 122
27 252
27 374
28 43
28 55
28 61
28 65
28 83
28 85
28 91
28 99
28 138
28 142
28 254
28 268
28 274
28 283
28 315
28 399
29 57
29 103
29 220
30 207
30 252
31 36
31 64
31 68
31 141
31 149
31 257
31 258
31 284
31 308
31 353
32 49
32 267
32 283
32 290
33 43
33 284
34 119
34 208
34 222
34 339
34 489
35 108
35 202
37 63
37 113
37 146
37 186
37 215
37 307
37 422
37 475
37 494
38 105
38 218
39 50
39 94
39 157
39 345
39 392
39 450
40 42
40 48
40 96
40 338
41 47
42 72
42 76
42 83
42 194
42 223
42 265
42 330
43 231
43 454
44 174
45 48
45 89
45 177
45 317
45 360
45 439
46 63
46 102
47 105
47 436
48 73
48 189
48 280
48 298
48 394
49 209
49 342
50 212
50 260
50 352
51 70
51 85
51 184
51 232
51 306
51 366
51 428
52 67
52 173
52 186
52 325
52 368
53 54
53 424
54 349
55 130
55 276
55 352
55 464
55 472
55 481
56 433
57 310
58 114
58 115
58 123
58 167
58 199
58 244
58 325
58 406
58 413
59 458
60 198
60 308
60 335
61 419
61 471
62 161
62 203
62 272
62 287
62 359
63 228
63 285
63 480
64 261
65 68
65 84
65 232
65 307
65 370
65 374
65 378
65 484
65 492
66 75
66 178
66 180
66 209
66 301
67 253
68 97
68 211
69 156
69 343
70 95
70 136
70 137
70 161
70 210
70 357
71 77
71 112
71 169
71 200
71 203
71 227
71 289
71 362
71 369
71 408
71 435
71 454
72 373
73 74
73 143
73 304
74 163
74 234
74 312
74 478
75 107
75 124
75 144
75 149
75 196
75 350
75 467
76 129
76 204
76 276
76 293
76 311
76 477
77 131
77 181
77 213
77 351
78 217
78 314
79 270
79 441
79 467
80 94
80 175
80 245
80 400
82 112
83 93
83 96
83 243
83 257
83 279
83 291
83 304
83 422
83 433
83 455
83 490
84 135
84 152
84 226
84 264
84 309
84 421
85 483
86 116
86 138
86 164
86 185
86 228
86 243
86 293
86 300
86 380
86 432
86 486
88 197
88 231
88 389
88 391
88 409
91 135
91 273
92 143
92 386
92 442
93 205
93 230
93 242
94 208
94 244
95 139
96 139
96 210
96 351
97 363
98 101
98 201
98 213
98 309
98 382
99 225
99 343
99 402
99 434
99 470
100 324
101 110
101 117
101 403
101 429
103 111
103 120
104 366
104 446
105 192
105 430
106 321
106 395
107 153
107 235
107 326
109 191
109 379
109 387
110 249
110 373
110 375
111 170
111 405
111 419
112 431
113 127
113 171
113 222
113 229
113 356
113 449
114 241
115 125
115 215
115 436
116 151
116 224
116 305
116 472
116 488
117 144
117 263
117 457
118 137
120 246
121 130
121 170
121 240
123 146
123 292
123 297
123 347
123 403
123 444
124 154
124 375
125 466
127 187
127 384
128 461
130 271
130 314
130 376
133 272
133 355
133 439
133 478
140 221
140 449
140 476
141 441
142 219
142 263
142 347
143 264
143 278
144 168
144 227
144 393
144 405
145 236
145 336
145 397
145 412
145 485
146 188
146 234
146 271
148 411
149 165
149 166
149 248
150 157
150 174
150 357
152 253
152 335
153 156
153 256
154 194
154 223
154 462
155 411
157 332
157 361
161 165
161 490
163 254
163 296
164 288
165 167
165 465
166 468
167 179
168 420
168 476
169 295
169 418
170 482
173 195
174 327
174 450
175 206
176 455
177 473
178 195
178 340
178 438
178 465
179 313
179 487
181 199
184 274
184 278
185 443
186 360
187 358
187 394
187 420
188 316
188 333
188 418
190 202
190 381
190 470
190 496
193 354
193 381
193 445
193 497
194 377
194 409
196 261
196 363
196 414
198 463
198 481
199 380
201 365
202 390
203 404
204 219
207 275
207 443
208 400
210 239
210 259
210 270
210 281
211 372
212 496
213 233
213 297
217 290
218 318
220 279
220 320
221 282
223 491
227 393
227 412
227 446
227 491
228 334
230 242
230 328
230 361
230 424
230 469
233 336
235 317
235 391
235 410
237 238
237 329
240 250
246 275
246 294
246 350
249 437
250 322
252 327
252 401
252 474
253 291
253 445
255 321
255 479
258 303
260 298
260 385
264 367
265 345
265 356
265 367
266 463
266 493
267 468
270 407
270 438
271 302
271 364
272 395
273 469
273 477
277 292
277 299
277 362
277 399
277 484
279 426
279 475
282 382
282 492
286 386
286 459
291 371
292 448
294 495
295 337
299 319
300 306
300 387
301 452
303 323
304 486
306 448
308 482
312 460
313 364
313 371
313 421
314 346
318 348
322 458
323 349
324 392
324 453
324 489
326 432
327 341
334 452
334 499
336 440
339 497
340 355
344 471
345 494
363 383
365 426
367 368
373 498
374 425
387 473
387 493
388 480
397 447
403 483
405 434
405 440
407 485
416 456
422 451
