0 1
0 2
0 3
0 4
0 7
0 8
0 9
0 13
0 19
0 23
0 24
0 37
0 38
0 41
0 48
0 52
0 58
0 59
0 66
0 67
0 70
0 85
0 87
1 94
2 5
2 6
2 10
2 26
2 30
2 49
2 50
2 51
2 71
2 78
2 98
4 18
5 12
5 88
5 90
5 91
6 34
6 61
7 16
7 22
7 57
7 68
7 73
7 93
7 95
8 11
8 14
8 15
8 17
8 20
8 21
8 25
8 31
8 35
8 42
8 55
8 84
8 89
8 97
9 40
9 72
11 27
11 99
12 54
12 60
15 47
18 29
18 45
18 53
18 56
20 46
20 62
20 79
20 83
22 28
23 32
23 33
26 36
26 39
30 43
31 64
31 76
31 86
33 44
36 63
39 69
39 74
40 65
42 75
47 82
48 96
57 81
62 77
69 92
79 80
