0 1
0 2
0 3
0 4
0 5
0 6
0 7
0 8
0 9
0 10
0 11
0 14
0 17
0 20
0 21
0 22
0 28
0 36
0 48
0 62
0 69
0 72
0 85
0 88
1 5
1 6
1 7
1 8
1 9
1 12
1 15
1 29
1 30
1 31
1 34
1 41
1 44
1 56
1 61
1 71
1 74
1 75
1 85
2 18
2 24
2 31
2 46
3 5
3 7
3 8
3 9
3 13
3 16
3 24
3 25
3 26
3 34
3 42
3 48
3 55
3 70
3 83
3 91
3 98
4 5
4 6
4 34
4 72
4 90
5 6
5 10
5 12
5 14
5 16
5 20
5 22
5 23
5 29
5 33
5 38
5 40
5 45
5 59
5 61
5 77
5 84
5 86
5 87
5 94
6 7
6 10
6 11
6 12
6 13
6 14
6 15
6 20
6 21
6 22
6 23
6 25
6 29
6 31
6 33
6 38
6 49
6 50
6 51
6 52
6 54
6 58
6 65
6 66
6 77
6 79
6 83
6 97
7 8
7 10
7 11
7 19
7 28
7 39
7 40
7 42
7 60
7 62
7 63
7 65
7 81
7 83
7 85
7 89
8 9
8 21
8 27
8 32
8 33
8 35
8 40
8 53
8 57
8 59
8 63
8 65
9 11
9 15
9 19
9 23
9 24
9 26
9 39
9 42
9 45
9 47
9 67
9 69
9 71
9 74
9 79
9 80
9 92
9 95
10 36
10 45
10 61
10 96
11 12
11 13
11 14
11 15
11 17
11 19
11 21
11 23
11 28
11 33
11 34
11 37
11 39
11 41
11 43
11 44
11 49
11 56
11 62
11 70
11 71
11 73
11 76
11 78
11 80
11 89
11 90
11 92
11 96
11 97
11 99
12 13
12 16
12 17
12 29
12 30
12 32
12 38
12 50
12 51
12 64
12 82
12 86
12 88
12 93
13 16
13 18
13 20
13 25
13 46
13 58
13 72
14 17
14 19
14 43
14 52
15 18
15 24
15 26
15 27
15 28
15 32
15 35
15 50
15 52
15 64
15 66
15 67
15 84
15 87
15 95
16 18
16 47
16 60
17 27
17 32
17 53
17 74
18 30
18 31
18 68
18 73
18 82
18 91
19 38
19 39
19 41
19 44
19 51
19 78
19 81
20 22
20 25
20 26
20 67
21 41
21 46
21 55
21 56
21 60
21 71
21 75
21 79
22 44
22 52
23 46
23 48
23 62
23 63
23 77
23 79
23 80
23 86
24 40
24 55
24 69
24 83
24 90
25 27
25 37
25 42
25 53
25 66
25 75
25 95
26 30
26 37
26 47
26 59
26 61
26 64
26 66
26 73
26 98
27 35
27 36
27 55
27 59
27 82
27 90
28 37
28 45
28 49
28 57
28 67
28 82
28 91
28 98
30 48
30 70
30 96
31 35
31 43
31 53
32 36
32 56
32 94
32 97
33 54
33 57
33 68
34 94
35 47
35 54
35 78
36 96
37 76
38 43
39 50
39 54
39 69
39 81
39 84
39 93
39 99
40 58
40 74
41 87
44 49
44 76
44 81
45 72
45 77
45 89
45 98
46 64
48 51
48 58
48 68
48 78
49 76
50 60
50 84
50 89
52 86
53 57
53 68
53 88
53 92
54 80
55 63
55 73
56 65
56 99
60 97
63 87
63 91
63 92
63 93
65 70
65 88
66 94
69 85
69 95
71 93
74 75
91 99
