0 1
0 2
0 3
0 4
0 5
0 6
0 8
0 9
0 11
0 17
0 19
0 22
0 23
0 27
0 29
0 30
0 32
0 37
0 39
0 41
0 44
0 45
0 47
0 49
0 55
0 57
0 68
0 85
0 87
0 90
0 92
0 96
0 97
0 106
0 115
0 116
0 153
0 163
0 173
0 192
0 199
0 200
0 254
0 255
0 268
0 270
0 286
0 287
0 288
0 300
0 311
0 316
0 318
0 326
0 349
0 354
0 357
0 381
0 433
0 452
0 459
0 463
0 479
0 491
0 498
1 6
1 11
1 14
1 32
1 35
1 37
1 45
1 95
1 149
1 154
1 224
1 231
1 250
1 309
1 365
1 499
2 5
2 6
2 7
2 8
2 9
2 12
2 15
2 16
2 19
2 23
2 24
2 26
2 29
2 34
2 38
2 54
2 60
2 61
2 63
2 72
2 82
2 84
2 85
2 91
2 97
2 98
2 110
2 116
2 118
2 125
2 127
2 129
2 146
2 161
2 163
2 181
2 192
2 209
2 210
2 226
2 228
2 236
2 265
2 268
2 287
2 304
2 320
2 329
2 340
2 346
2 348
2 353
2 359
2 376
2 377
2 391
2 395
2 400
2 410
2 418
2 427
2 441
2 458
2 465
2 488
2 489
3 5
3 9
3 10
3 12
3 18
3 19
3 31
3 42
3 43
3 46
3 50
3 55
3 61
3 63
3 68
3 72
3 88
3 104
3 109
3 119
3 158
3 171
3 179
3 190
3 215
3 218
3 229
3 260
3 271
3 272
3 321
3 326
3 336
3 340
3 354
3 368
3 386
3 387
3 416
3 422
3 443
3 461
4 5
4 7
4 10
4 20
4 24
4 26
4 49
4 56
4 59
4 70
4 145
4 171
4 208
4 225
4 284
4 292
4 312
4 315
4 320
4 409
4 426
4 431
4 440
4 444
5 6
5 7
5 8
5 14
5 17
5 19
5 26
5 31
5 36
5 63
5 71
5 79
5 97
5 119
5 120
5 149
5 157
5 184
5 190
5 263
5 265
5 291
5 299
5 336
5 420
5 425
5 473
5 478
6 7
6 8
6 9
6 11
6 13
6 15
6 17
6 23
6 24
6 28
6 44
6 48
6 51
6 56
6 74
6 80
6 86
6 97
6 151
6 208
6 212
6 227
6 242
6 256
6 263
6 306
6 330
6 334
6 378
6 390
6 410
6 425
6 438
7 13
7 20
7 142
7 148
7 175
7 188
7 334
7 359
7 369
7 414
7 485
8 10
8 12
8 16
8 17
8 20
8 21
8 23
8 25
8 28
8 33
8 34
8 39
8 40
8 42
8 43
8 47
8 51
8 65
8 79
8 81
8 84
8 85
8 91
8 100
8 105
8 109
8 113
8 124
8 125
8 127
8 135
8 138
8 143
8 151
8 155
8 160
8 164
8 167
8 168
8 180
8 191
8 195
8 197
8 200
8 203
8 211
8 215
8 222
8 246
8 257
8 262
8 286
8 292
8 310
8 313
8 328
8 346
8 370
8 398
8 404
8 405
8 426
9 10
9 11
9 12
9 13
9 15
9 16
9 18
9 22
9 30
9 36
9 38
9 44
9 47
9 48
9 51
9 52
9 57
9 64
9 65
9 67
9 71
9 86
9 87
9 96
9 98
9 99
9 102
9 113
9 117
9 121
9 126
9 140
9 141
9 152
9 154
9 179
9 187
9 193
9 213
9 226
9 231
9 238
9 240
9 273
9 277
9 278
9 316
9 318
9 341
9 344
9 368
9 382
9 419
9 424
9 439
9 466
9 483
10 14
10 22
10 35
10 37
10 48
10 59
10 76
10 90
10 91
10 94
10 99
10 100
10 108
10 147
10 153
10 156
10 197
10 235
10 250
10 285
10 302
10 307
10 346
10 352
10 366
10 435
10 451
10 478
11 13
11 14
11 18
11 24
11 27
11 32
11 44
11 54
11 55
11 64
11 73
11 78
11 82
11 102
11 111
11 126
11 130
11 140
11 142
11 166
11 173
11 185
11 189
11 191
11 195
11 196
11 219
11 230
11 244
11 268
11 316
11 412
11 470
11 476
11 482
12 15
12 16
12 21
12 33
12 36
12 43
12 52
12 56
12 62
12 103
12 128
12 138
12 209
12 218
12 220
12 221
12 246
12 263
12 265
12 273
12 305
12 314
12 423
12 464
12 485
12 496
13 18
13 38
13 67
13 74
13 78
13 86
13 95
13 101
13 108
13 229
13 232
13 260
13 261
13 332
13 365
13 430
13 437
13 472
14 20
14 27
14 29
14 31
14 32
14 39
14 46
14 57
14 58
14 59
14 63
14 80
14 94
14 103
14 106
14 112
14 140
14 141
14 168
14 174
14 176
14 178
14 191
14 201
14 204
14 229
14 250
14 258
14 289
14 291
14 306
14 311
14 350
14 359
14 363
14 405
14 425
14 493
15 31
15 37
15 69
15 77
15 89
15 93
15 121
15 133
15 136
15 145
15 170
15 182
15 198
15 228
15 234
15 235
15 244
15 276
15 279
15 291
15 337
15 358
15 365
15 413
15 458
15 470
15 477
15 486
16 21
16 29
16 40
16 70
16 78
16 87
16 110
16 132
16 133
16 204
16 227
16 239
16 256
16 258
16 321
16 355
16 380
16 392
16 403
16 444
16 453
16 467
16 471
17 21
17 22
17 25
17 35
17 36
17 46
17 53
17 56
17 62
17 64
17 75
17 80
17 81
17 82
17 105
17 158
17 165
17 200
17 246
17 252
17 255
17 271
17 280
17 287
17 319
17 321
17 329
17 335
17 340
17 343
17 373
17 449
17 456
17 463
17 478
18 33
18 41
18 49
18 54
18 65
18 101
18 247
18 328
18 348
18 379
18 474
18 484
19 49
19 50
19 53
19 59
19 107
19 160
19 189
19 213
19 295
19 325
20 25
20 28
20 45
20 115
20 162
20 190
20 235
20 236
20 241
20 273
20 280
20 301
20 304
20 385
20 393
20 399
20 495
21 28
21 42
21 46
21 47
21 81
21 88
21 93
21 107
21 113
21 145
21 194
21 206
21 210
21 238
21 245
21 299
21 301
21 307
21 319
21 323
21 328
21 361
21 374
21 376
21 450
21 474
22 50
22 83
22 104
22 128
22 138
22 143
22 156
22 276
22 290
22 332
22 362
22 367
22 460
22 468
22 492
23 27
23 67
23 92
23 102
23 108
23 128
23 129
23 137
23 167
23 180
23 254
23 451
23 493
24 25
24 34
24 52
24 62
24 84
24 116
24 302
24 355
24 402
24 442
25 26
25 40
25 48
25 54
25 72
25 118
25 137
25 176
25 193
25 246
25 372
25 413
25 498
26 33
26 43
26 45
26 77
26 84
26 85
26 101
26 114
26 128
26 171
26 172
26 187
26 194
26 203
26 223
26 227
26 277
26 294
26 307
26 359
26 390
26 396
26 491
27 30
27 39
27 40
27 73
27 76
27 90
27 117
27 162
27 217
27 314
27 348
27 354
27 488
28 30
28 134
28 189
28 239
28 249
28 367
28 379
28 430
28 487
29 34
29 41
29 66
29 74
29 89
29 108
29 124
29 143
29 167
29 184
29 186
29 188
29 282
29 349
29 352
29 394
29 419
29 455
29 481
30 38
30 92
30 135
30 139
30 157
30 240
30 248
30 377
30 380
30 406
30 429
30 498
31 35
31 65
31 75
31 152
31 212
31 231
31 306
31 457
32 41
32 69
32 78
32 99
32 111
32 164
32 220
32 232
32 267
32 274
32 276
32 293
32 326
32 336
32 364
32 382
32 389
32 417
33 69
33 79
33 112
33 133
33 351
33 427
34 57
34 67
34 76
34 168
34 187
34 207
34 211
34 233
34 253
34 272
34 375
34 479
34 481
35 60
35 136
35 202
35 384
35 434
35 489
35 494
36 132
36 166
37 95
37 98
37 150
37 160
37 166
37 243
37 296
37 316
37 415
38 50
38 177
38 247
38 259
38 288
38 301
38 449
38 459
39 68
39 112
39 124
39 134
39 144
39 167
39 172
39 199
39 226
39 264
39 381
39 385
39 439
40 123
40 146
40 151
40 161
40 209
40 332
40 345
40 413
40 464
41 42
41 51
41 114
41 127
41 390
41 397
41 400
41 403
41 410
41 436
41 487
42 71
42 122
42 140
42 146
42 169
42 202
42 274
42 420
43 58
43 88
43 122
43 184
43 198
43 232
43 285
43 309
43 349
43 350
43 463
44 55
44 69
44 81
44 82
44 86
44 113
44 117
44 158
44 159
44 239
44 258
44 266
44 333
44 353
44 389
45 58
45 66
45 68
45 206
45 215
45 222
45 236
45 333
45 362
45 391
45 415
46 53
46 62
46 93
46 107
46 142
46 150
46 161
46 177
46 187
46 211
46 216
46 220
46 248
46 254
46 267
46 278
46 302
46 321
46 353
46 355
46 451
46 458
47 52
47 53
47 58
47 70
47 151
47 172
47 180
47 225
47 397
47 432
47 448
47 455
47 496
48 276
48 342
48 344
48 366
48 469
49 94
49 200
49 296
49 384
50 61
50 135
50 297
51 66
51 91
51 114
51 115
51 177
51 204
51 224
51 242
51 248
51 251
51 266
51 284
51 313
51 482
52 75
52 93
52 115
52 146
52 245
52 278
52 320
52 335
52 340
52 408
52 462
53 60
53 64
53 72
53 92
53 98
53 112
53 130
53 134
53 148
53 154
53 171
53 185
53 192
53 218
53 255
53 269
53 281
53 384
53 416
53 423
53 485
53 497
54 94
54 96
54 131
54 142
54 145
54 147
54 213
54 241
54 299
54 311
54 324
54 346
54 394
54 412
54 417
54 444
54 465
55 205
55 261
55 328
55 448
55 471
55 474
55 475
56 77
56 125
56 205
57 96
57 103
57 368
57 392
58 60
58 83
58 125
58 164
58 202
58 232
58 331
58 419
59 61
59 66
59 80
59 132
59 159
59 183
59 208
59 234
59 275
59 306
59 428
59 491
60 74
60 431
61 214
61 294
61 351
62 70
62 76
62 144
62 149
62 163
62 214
62 228
62 249
62 324
62 334
62 338
62 367
62 407
62 411
63 73
63 89
63 90
63 207
63 453
63 492
64 144
64 150
64 158
64 165
64 166
64 174
64 183
64 195
64 202
64 230
64 295
64 320
64 362
64 378
64 401
65 110
65 182
65 252
65 372
65 431
66 105
66 114
66 181
66 248
66 364
67 162
67 226
67 282
67 341
67 342
68 104
68 131
68 169
68 182
68 184
68 301
68 354
68 381
68 418
69 73
69 165
69 199
69 212
69 327
69 372
69 437
70 71
70 75
70 141
70 181
70 225
70 416
70 428
70 442
70 452
70 465
71 118
71 120
71 141
71 159
71 251
71 287
71 356
71 466
71 492
72 77
72 79
72 88
72 101
72 111
72 339
72 440
73 89
73 111
73 119
73 126
74 100
74 117
74 122
74 123
74 209
74 231
74 262
74 393
74 486
75 83
75 106
75 147
75 252
75 253
75 267
75 289
75 371
76 132
76 292
76 310
77 188
77 196
77 214
77 266
77 406
78 121
78 181
78 201
78 288
78 392
78 438
79 83
79 100
79 109
79 150
79 169
79 188
79 243
79 294
79 296
79 433
79 472
80 87
80 120
80 148
80 155
80 186
80 282
80 317
80 414
80 430
81 172
81 196
81 224
81 289
81 324
82 104
82 127
82 130
82 152
82 305
83 139
83 224
83 324
84 99
84 160
84 193
84 379
85 156
85 178
85 278
85 308
85 323
85 422
85 425
86 118
86 390
86 424
86 427
86 496
87 129
87 135
87 149
87 168
87 170
87 179
87 319
87 396
87 462
87 475
88 102
88 162
88 177
88 234
88 245
88 259
88 417
88 480
89 207
89 262
89 486
90 203
90 247
90 331
90 476
91 106
91 124
91 131
91 153
91 157
91 163
91 173
91 176
91 183
91 186
91 198
91 266
91 295
91 315
91 383
91 401
91 435
91 485
92 105
92 107
92 109
92 122
92 164
92 179
92 201
92 308
92 313
92 368
92 479
93 95
93 153
93 261
93 484
94 210
94 261
94 342
95 116
95 253
95 418
96 169
96 174
96 183
96 194
96 195
96 237
96 282
96 351
96 371
96 403
96 445
97 123
97 312
98 103
98 280
98 409
98 454
99 136
99 137
99 139
99 156
99 375
99 436
100 174
100 293
100 388
101 133
101 283
101 469
102 119
102 138
102 337
102 351
102 462
103 152
103 197
103 215
103 312
103 325
103 357
103 490
104 170
104 296
106 131
106 208
106 221
106 300
106 408
107 452
107 466
108 198
108 339
109 110
109 143
109 178
109 217
109 260
109 271
110 233
110 293
111 121
111 219
111 241
111 417
112 227
112 270
113 126
113 129
113 218
113 269
113 497
114 123
114 137
114 148
114 250
114 270
114 298
114 337
114 377
114 385
115 120
115 186
115 234
115 235
115 389
115 479
116 207
117 212
118 259
118 397
119 175
119 293
119 426
119 456
120 277
120 338
120 377
120 431
121 439
122 130
122 147
122 257
122 290
122 323
122 369
123 155
123 190
123 203
123 238
123 304
123 333
123 416
123 440
123 441
124 223
124 357
125 173
125 256
125 274
125 459
125 474
126 305
126 352
126 435
127 155
127 206
127 242
127 376
127 481
128 191
128 204
128 434
128 455
129 192
129 275
129 383
129 415
129 436
130 134
130 136
130 334
130 339
130 477
131 358
131 453
132 161
132 214
132 216
132 244
132 272
132 281
132 297
132 325
132 349
132 395
132 487
133 176
133 221
133 312
133 322
133 424
134 144
134 199
134 360
134 402
134 499
135 185
136 159
136 229
136 364
137 139
137 193
137 245
137 258
137 308
137 376
137 446
138 222
138 241
138 386
138 427
139 230
139 239
139 284
139 288
140 157
140 211
140 358
140 370
140 432
140 467
142 175
142 360
143 178
143 259
143 438
144 443
145 238
145 269
145 274
145 285
145 330
145 400
145 476
145 488
146 228
146 411
147 267
147 318
147 330
147 394
148 311
148 475
149 355
149 493
150 194
150 201
150 217
150 237
150 251
150 314
150 494
151 345
152 154
152 395
152 482
153 292
154 243
154 404
155 230
155 472
156 323
156 401
156 408
156 423
156 448
156 464
157 205
157 332
157 422
157 483
159 225
159 285
160 446
160 461
161 335
162 165
162 180
162 205
162 222
162 298
162 341
162 364
162 388
162 391
162 393
162 408
162 419
162 450
163 223
164 170
164 196
164 210
164 254
164 272
164 286
164 396
165 240
165 298
166 303
166 357
166 358
166 383
167 350
168 216
168 249
168 257
168 486
170 220
170 242
170 373
171 185
171 269
172 223
172 372
172 410
172 481
173 175
174 243
174 338
174 437
174 440
175 284
176 233
176 327
176 445
176 462
177 447
178 182
178 189
178 281
178 374
178 400
178 420
179 219
181 237
181 283
181 484
182 371
183 197
183 237
183 251
183 369
183 429
184 361
184 469
185 347
185 454
188 315
188 344
189 303
190 206
190 264
190 299
190 442
191 403
192 277
192 477
193 265
193 495
194 370
195 304
195 461
196 217
196 264
196 319
197 213
197 300
198 240
198 356
198 385
198 421
198 439
199 388
199 460
199 499
200 317
201 249
201 350
201 487
202 283
202 307
202 443
202 461
202 480
203 473
204 295
204 498
205 451
206 305
206 404
206 413
207 236
207 336
207 447
208 216
208 233
209 279
210 387
210 415
210 434
211 331
211 422
212 275
212 343
213 253
213 341
213 392
213 450
214 379
217 219
217 381
217 399
217 484
218 399
218 432
219 221
219 262
219 330
223 279
223 317
225 247
225 256
225 366
225 380
226 260
226 279
226 412
228 252
228 297
228 300
228 409
228 429
229 428
231 347
231 426
231 436
232 318
232 329
232 424
232 463
233 404
234 309
234 420
234 449
234 456
235 244
235 255
235 280
235 286
235 343
235 352
235 453
236 365
237 309
237 471
239 283
239 290
239 468
240 281
240 398
241 383
242 361
243 270
244 363
244 444
245 264
245 466
247 303
248 257
248 268
248 289
248 411
248 480
249 386
249 387
249 469
250 275
250 322
252 273
253 322
253 399
253 456
254 343
254 435
256 263
256 356
256 366
259 303
260 329
262 271
263 302
263 344
263 496
264 370
264 414
265 446
267 339
268 326
268 490
269 331
271 294
271 310
271 407
271 472
272 360
272 391
272 460
273 338
273 378
273 446
274 308
274 441
274 454
279 361
279 396
281 297
281 347
283 314
284 290
285 492
286 442
287 291
287 373
287 407
288 421
288 470
289 298
289 369
289 497
290 371
291 360
291 406
291 448
292 327
292 345
292 398
293 362
293 405
293 457
294 325
298 473
299 478
302 315
302 322
304 468
305 363
306 310
308 375
309 363
310 317
310 347
310 374
310 447
310 483
311 313
311 437
313 382
314 374
315 327
316 333
316 412
316 465
317 495
319 335
319 375
319 493
320 445
321 337
321 382
322 345
322 380
322 457
323 406
323 452
324 388
325 491
327 386
328 401
329 348
329 378
330 407
330 473
331 356
333 433
334 428
334 460
335 467
336 409
337 395
339 342
341 434
342 443
343 457
347 393
347 432
349 450
350 430
351 475
352 353
352 476
355 402
358 421
358 470
361 397
366 367
369 373
371 387
371 414
378 384
378 389
378 423
378 495
379 458
380 405
380 421
381 402
381 438
386 459
388 494
389 468
391 394
391 398
391 455
396 429
396 447
397 454
400 471
401 418
402 411
413 477
413 483
413 494
416 489
419 480
422 489
428 433
428 441
432 445
432 467
432 497
442 499
444 449
451 488
452 464
473 490
476 490
479 482
