0 1
0 2
0 45
0 63
0 71
0 236
0 259
0 332
0 461
2 3
2 4
2 5
2 7
2 8
2 11
2 14
2 15
2 21
2 35
2 36
2 38
2 39
2 46
2 48
2 49
2 50
2 56
2 59
2 74
2 110
2 158
2 169
2 172
2 195
2 219
2 266
2 273
2 277
2 335
2 338
2 362
2 365
2 462
3 25
3 40
3 42
3 66
3 67
3 73
3 101
3 112
3 125
3 145
3 152
3 156
3 159
3 160
3 202
3 311
3 315
3 320
3 348
3 392
3 431
3 436
3 463
3 488
4 12
4 26
4 29
4 89
4 109
4 119
4 140
4 176
4 191
4 249
5 6
5 17
5 31
5 53
5 84
5 88
5 137
5 184
5 190
5 193
5 231
5 254
5 282
5 286
5 309
5 441
5 492
6 81
6 90
6 99
6 117
6 127
6 351
6 356
6 371
6 412
8 9
8 10
8 16
8 18
8 19
8 23
8 24
8 28
8 33
8 47
8 55
8 86
8 102
8 138
8 144
8 146
8 161
8 164
8 192
8 223
8 250
8 324
8 373
8 387
8 393
8 399
8 409
8 434
8 435
8 445
8 474
8 485
8 497
9 13
9 37
9 60
9 75
9 210
9 238
9 323
10 32
10 92
10 107
11 76
11 79
11 437
12 27
12 34
12 72
13 30
13 62
14 22
14 189
14 325
14 337
17 20
17 41
17 93
17 108
17 115
17 148
17 213
17 289
17 303
17 369
17 464
18 68
18 263
18 270
18 453
19 64
19 65
19 78
19 98
19 100
19 168
19 308
20 304
21 58
22 57
22 77
22 404
22 416
22 476
24 128
24 153
24 155
24 173
24 247
24 349
26 493
27 212
32 204
32 312
32 368
33 44
33 103
33 143
33 199
33 222
33 235
33 241
33 278
33 293
33 301
33 319
33 339
33 344
33 383
33 419
34 51
34 52
34 150
34 154
34 162
34 318
34 411
34 471
35 82
35 331
35 384
36 105
36 306
37 70
37 135
37 248
37 280
37 346
39 61
39 366
40 207
40 314
41 43
41 54
41 124
41 130
45 113
45 458
46 85
46 261
46 264
46 451
48 126
48 215
52 157
54 284
54 428
55 94
56 104
56 132
56 177
56 489
57 234
57 480
58 106
58 120
58 183
58 206
58 232
58 405
58 443
59 447
60 69
60 299
60 444
61 364
62 97
64 111
64 382
64 395
64 439
65 187
65 244
65 398
66 129
66 178
67 255
67 389
67 391
67 482
68 91
68 149
68 239
68 388
68 394
68 413
68 460
69 163
69 237
69 357
69 421
71 87
71 201
72 165
75 170
75 224
76 80
76 228
77 95
77 397
77 420
80 83
80 227
81 186
82 166
82 200
82 243
82 271
82 353
83 121
83 260
83 355
83 418
84 136
84 226
84 350
87 208
87 242
87 334
88 294
89 123
89 174
89 275
90 114
90 139
90 185
90 230
90 253
91 116
91 175
91 316
92 131
93 96
93 197
94 211
94 257
94 376
96 390
97 203
97 220
97 279
97 285
97 292
97 296
97 396
97 422
103 122
103 205
103 468
107 290
109 167
109 484
110 467
111 118
113 380
116 217
116 330
118 133
118 491
120 218
122 182
122 274
122 288
122 300
122 342
122 403
122 498
123 171
124 134
124 216
130 333
130 472
130 490
132 269
132 363
133 340
133 358
135 147
135 328
135 402
135 429
135 496
136 141
136 179
138 151
138 245
139 142
139 198
143 370
143 430
146 456
148 252
148 258
148 267
148 295
148 302
148 360
148 455
151 347
153 181
154 262
154 268
154 307
154 310
154 375
157 276
158 221
158 246
161 229
163 180
163 321
163 450
169 194
169 386
170 377
174 281
174 379
174 425
177 188
177 359
177 426
183 265
185 477
186 374
187 196
187 209
187 329
188 486
190 225
194 313
194 327
203 322
205 470
206 233
206 240
206 414
207 361
207 452
210 214
212 459
213 385
214 352
214 401
214 473
215 448
219 298
219 400
223 487
225 283
226 454
227 326
233 427
234 256
235 305
237 406
244 297
244 457
244 479
245 343
247 251
258 410
259 272
265 440
267 317
275 287
275 291
275 423
275 483
279 367
294 341
298 372
299 381
307 415
308 345
312 354
315 336
315 407
346 378
346 466
350 478
360 481
362 408
370 446
377 442
392 417
392 424
393 433
398 438
400 432
412 465
419 495
421 449
424 494
428 499
431 469
453 475
