0 1
0 2
0 3
0 4
0 5
0 6
0 7
0 8
0 9
0 12
0 16
0 21
0 30
0 31
0 39
0 42
0 43
0 46
0 47
0 51
0 55
0 56
0 60
0 68
0 76
0 78
0 86
0 93
0 94
0 95
0 97
0 102
0 103
0 110
0 113
0 118
0 119
0 128
0 135
0 138
0 146
0 185
0 209
0 213
0 223
0 246
0 256
0 266
0 286
0 295
0 298
0 314
0 315
0 316
0 322
0 325
0 339
0 355
0 367
0 371
0 373
0 407
0 410
0 422
0 427
0 448
0 459
0 463
0 472
0 477
0 478
0 482
0 483
0 494
1 4
1 5
1 6
1 7
1 8
1 11
1 17
1 18
1 19
1 22
1 24
1 26
1 28
1 30
1 34
1 35
1 44
1 46
1 49
1 55
1 56
1 59
1 64
1 65
1 68
1 72
1 83
1 85
1 86
1 98
1 107
1 108
1 143
1 146
1 149
1 150
1 160
1 162
1 172
1 173
1 184
1 233
1 255
1 265
1 268
1 288
1 331
1 346
1 359
1 438
1 447
1 472
1 493
3 4
3 17
3 25
3 53
3 63
3 81
3 82
3 109
3 142
3 154
3 179
3 262
3 273
3 313
3 384
3 389
3 395
3 408
3 428
3 467
3 497
4 5
4 6
4 9
4 10
4 14
4 30
4 31
4 35
4 36
4 45
4 48
4 58
4 59
4 71
4 77
4 107
4 113
4 142
4 144
4 157
4 170
4 173
4 211
4 215
4 224
4 234
4 265
4 274
4 276
4 288
4 299
4 315
4 319
4 360
4 380
4 385
4 409
4 414
4 430
4 436
4 450
4 465
4 474
4 485
5 7
5 8
5 11
5 12
5 28
5 32
5 36
5 40
5 41
5 53
5 54
5 55
5 57
5 63
5 66
5 68
5 74
5 79
5 95
5 100
5 106
5 122
5 137
5 144
5 145
5 163
5 166
5 169
5 170
5 178
5 193
5 194
5 196
5 206
5 209
5 213
5 219
5 226
5 236
5 246
5 248
5 264
5 271
5 274
5 275
5 278
5 338
5 351
5 353
5 456
5 466
6 9
6 13
6 14
6 15
6 20
6 25
6 29
6 37
6 41
6 56
6 72
6 89
6 101
6 116
6 118
6 120
6 123
6 126
6 130
6 131
6 135
6 148
6 162
6 185
6 187
6 192
6 207
6 236
6 254
6 294
6 297
6 309
6 324
6 326
6 340
6 371
6 385
6 400
6 415
6 423
6 434
6 440
6 445
6 488
7 10
7 21
7 22
7 23
7 24
7 38
7 73
7 82
7 99
7 101
7 116
7 124
7 141
7 151
7 161
7 187
7 200
7 252
7 334
7 353
7 404
7 426
7 427
7 428
7 445
7 454
7 480
7 483
8 13
8 16
8 20
8 49
8 59
8 66
8 72
8 87
8 100
8 123
8 140
8 174
8 179
8 181
8 190
8 234
8 238
8 240
8 271
8 285
8 334
8 416
8 458
8 481
9 10
9 11
9 14
9 17
9 18
9 19
9 26
9 31
9 33
9 34
9 37
9 42
9 44
9 45
9 50
9 57
9 61
9 70
9 74
9 88
9 90
9 96
9 99
9 106
9 110
9 124
9 154
9 169
9 176
9 181
9 182
9 199
9 205
9 215
9 229
9 258
9 276
9 282
9 284
9 288
9 302
9 346
9 355
9 370
9 383
9 402
9 404
9 443
9 452
9 479
9 498
10 13
10 36
10 69
10 70
10 73
10 75
10 78
10 92
10 94
10 104
10 107
10 128
10 175
10 177
10 190
10 218
10 219
10 239
10 241
10 243
10 267
10 285
10 320
10 384
10 407
10 408
10 491
11 12
11 33
11 35
11 75
11 236
11 242
11 262
11 290
11 337
11 481
12 15
12 19
12 45
12 67
12 108
12 151
12 209
12 212
12 295
12 299
12 306
12 360
12 381
12 422
12 444
12 470
13 220
13 232
13 249
13 361
14 15
14 16
14 20
14 32
14 38
14 50
14 69
14 119
14 125
14 131
14 139
14 155
14 159
14 160
14 186
14 199
14 219
14 251
14 253
14 278
14 308
14 309
14 440
15 18
15 77
15 158
15 165
15 201
15 343
15 344
15 390
15 403
15 408
15 437
16 43
16 79
16 130
16 135
16 198
16 202
16 227
16 231
16 244
16 247
16 357
16 373
16 403
16 466
16 499
17 21
17 23
17 27
17 32
17 41
17 44
17 51
17 126
17 155
17 171
17 387
18 29
18 184
18 461
19 22
19 92
19 103
19 217
19 251
19 411
20 23
20 24
20 25
20 27
20 28
20 47
20 51
20 54
20 69
20 81
20 113
20 114
20 115
20 132
20 145
20 168
20 183
20 189
20 200
20 211
20 228
20 235
20 238
20 246
20 263
20 280
20 306
20 312
20 321
20 350
20 368
20 376
20 436
20 465
20 471
20 475
20 479
21 270
22 27
22 40
22 50
22 52
22 64
22 71
22 82
22 87
22 88
22 280
22 301
22 316
22 320
22 349
22 357
22 379
22 423
22 437
22 453
22 497
23 26
23 39
23 114
23 161
23 188
24 67
24 70
24 76
24 158
24 227
24 249
24 311
24 313
24 326
24 397
24 448
25 29
25 75
25 77
25 119
25 175
25 292
25 304
25 394
25 451
26 34
26 63
26 66
26 133
26 174
26 232
26 245
26 255
26 275
26 307
26 308
26 374
27 62
27 71
27 201
27 307
27 358
27 414
27 418
28 43
28 49
28 52
28 53
28 112
28 117
28 482
29 52
29 109
29 136
29 153
29 229
29 287
29 311
29 388
29 436
29 441
30 42
30 58
30 110
30 126
30 129
30 159
30 161
30 212
30 244
30 260
31 33
31 37
31 39
31 54
31 60
31 85
31 101
31 116
31 156
31 160
31 191
31 241
31 283
31 297
31 442
31 455
31 466
32 201
32 231
32 248
32 281
32 322
32 328
32 471
33 40
33 48
33 64
33 89
33 123
33 153
33 155
33 168
33 180
33 284
33 327
33 457
33 470
34 38
34 97
34 103
34 158
34 192
34 259
34 278
34 300
34 353
34 432
34 480
35 46
35 92
35 244
35 280
35 287
35 443
35 451
36 259
36 269
36 318
37 189
38 321
38 406
39 88
39 136
40 151
40 164
40 412
41 118
41 145
41 222
41 258
41 325
41 329
41 391
41 440
42 47
42 48
42 58
42 95
42 102
42 106
42 148
42 166
42 217
42 229
42 257
42 263
42 272
42 279
42 378
42 473
42 481
43 67
43 115
43 398
44 57
44 65
44 165
44 171
44 199
44 224
44 247
44 281
44 282
44 324
44 345
44 374
44 425
44 490
44 496
45 62
45 76
45 430
46 78
46 93
46 121
46 137
46 156
46 176
46 178
46 181
46 222
46 223
46 264
46 303
46 430
47 60
47 84
47 112
47 167
47 235
47 290
48 261
48 302
48 396
49 61
49 163
50 81
50 292
51 105
51 267
52 65
52 86
52 105
52 117
52 253
52 282
52 445
53 100
53 184
53 324
53 417
53 419
54 167
54 239
54 336
54 403
54 405
55 89
55 90
55 93
55 149
55 152
55 216
55 289
55 305
55 319
55 425
55 450
56 83
56 99
56 216
56 245
56 394
57 140
57 144
57 154
57 170
57 265
57 275
57 303
57 317
57 414
58 61
58 84
58 140
58 152
58 153
58 179
58 269
58 308
58 314
58 325
58 345
58 365
58 391
58 434
58 487
59 84
59 96
59 243
59 301
59 312
59 315
59 318
59 366
59 382
59 390
59 420
59 458
61 62
61 74
61 146
61 183
61 382
62 102
62 147
62 182
62 183
62 332
63 141
63 194
63 203
63 214
64 147
64 164
64 189
64 190
64 221
64 397
64 471
65 266
65 420
66 73
67 207
67 211
67 381
68 83
68 109
68 368
69 134
69 292
69 486
70 180
70 225
70 230
70 429
70 448
71 80
71 104
71 111
71 138
71 142
71 169
71 202
71 295
71 361
72 80
72 120
72 165
72 305
72 314
72 388
72 446
72 491
73 91
73 296
73 462
73 499
74 133
74 188
74 196
74 286
74 291
74 293
74 318
74 369
74 386
74 435
74 495
75 79
75 80
75 206
75 399
75 435
76 94
76 141
76 172
76 196
76 227
76 347
76 447
77 98
77 294
77 389
77 411
77 469
78 85
78 104
78 195
78 363
78 389
79 195
79 489
80 91
80 98
80 210
80 274
80 279
80 377
80 469
81 124
81 164
81 191
81 193
81 281
81 373
81 437
82 97
82 191
82 256
82 277
83 112
83 221
83 320
83 327
83 392
83 405
83 425
84 150
85 87
85 91
85 139
85 178
85 188
85 237
85 245
85 273
85 298
85 329
85 368
86 230
86 339
87 105
87 129
87 149
87 215
87 257
87 258
87 296
87 309
87 338
87 352
87 421
87 431
88 90
88 152
88 210
88 224
88 313
88 344
88 347
88 358
88 388
88 392
88 413
89 111
89 137
89 139
89 220
89 242
89 398
89 464
90 111
90 129
90 192
90 485
91 125
91 310
91 360
93 299
93 303
93 348
93 446
94 115
94 127
94 218
94 230
94 240
94 272
94 285
94 305
94 359
95 96
95 157
95 378
95 395
95 454
95 489
96 134
97 150
97 310
97 399
97 431
97 458
98 328
99 125
99 180
99 363
99 412
100 208
100 226
100 340
100 401
101 175
101 177
101 203
101 204
101 268
101 271
101 366
101 393
101 493
103 132
104 108
104 143
104 166
104 349
104 415
104 456
104 459
104 496
105 117
105 127
105 138
105 220
107 114
107 251
107 301
107 380
108 121
108 195
108 343
108 375
108 426
109 120
110 228
111 176
111 415
113 122
113 173
113 225
113 316
113 396
113 424
114 250
114 266
114 268
114 277
114 290
114 317
114 341
114 351
114 444
114 488
114 495
115 130
115 321
116 187
116 330
116 355
116 429
116 432
116 451
116 475
117 127
117 133
117 206
117 252
117 270
117 335
117 351
117 352
117 364
117 379
117 396
117 460
118 163
118 174
118 217
118 261
118 342
118 433
118 455
118 468
119 122
119 156
119 208
119 283
119 296
119 364
119 413
120 121
120 148
120 157
120 197
120 204
120 225
120 240
120 333
120 394
120 423
122 134
122 233
122 323
124 131
124 213
125 128
126 202
128 132
128 455
129 185
129 358
129 398
130 307
131 186
131 207
131 498
132 350
132 369
132 478
133 136
133 147
133 171
133 237
133 248
133 375
133 409
134 200
134 205
134 234
134 345
137 232
137 354
137 492
138 167
138 198
138 249
139 143
139 210
139 233
139 326
139 347
139 485
140 344
140 411
141 243
142 205
143 162
143 168
143 260
143 419
143 475
144 272
144 372
144 382
144 439
146 336
146 359
146 477
147 464
148 279
148 337
149 182
150 334
151 239
152 401
153 371
153 457
155 269
156 333
156 348
157 262
157 323
157 452
158 159
160 177
160 186
160 255
160 362
160 439
160 491
161 374
162 197
162 223
162 231
162 259
162 335
162 383
162 461
164 172
164 263
164 418
164 490
165 193
165 203
165 252
166 198
166 235
166 369
166 417
167 482
168 222
170 312
170 363
170 377
172 194
172 254
172 322
172 376
172 439
173 323
173 421
174 480
175 311
175 387
175 474
175 484
176 216
176 435
176 492
176 498
177 399
179 343
180 306
180 356
180 409
180 450
180 467
181 228
181 293
181 304
183 257
183 486
184 428
189 237
189 405
190 289
190 422
190 449
190 462
191 300
192 214
192 327
193 204
193 208
194 197
194 238
194 357
194 370
195 406
196 390
196 484
198 242
198 277
198 332
199 447
200 291
200 328
200 342
200 365
200 499
202 221
202 310
203 250
203 273
203 276
203 337
203 348
204 212
204 218
204 317
204 339
204 467
205 214
205 264
205 298
205 341
205 442
208 250
208 479
209 460
211 492
211 494
212 432
213 330
213 462
214 336
214 354
214 361
214 397
215 226
215 253
215 319
218 487
220 261
220 329
220 392
220 395
220 416
220 495
222 463
223 340
223 370
223 429
224 267
224 294
224 341
224 372
227 241
228 304
229 283
229 350
230 270
232 293
232 384
234 291
234 349
234 468
234 489
235 300
235 379
237 354
237 367
238 256
239 260
239 362
239 376
240 453
241 297
241 433
241 488
244 247
244 302
244 331
244 476
247 289
248 254
248 486
249 410
251 356
251 484
253 465
257 286
258 438
259 284
263 393
263 401
269 335
270 331
274 477
275 385
275 404
276 391
279 386
280 381
281 287
281 421
285 372
286 424
287 443
288 330
290 494
292 365
295 375
296 362
298 377
298 433
298 434
299 454
300 416
302 332
302 402
302 417
303 419
305 364
308 366
308 452
308 497
309 380
310 387
311 461
312 400
317 352
321 420
321 483
322 346
322 378
322 393
322 402
322 410
322 441
324 496
325 333
327 449
328 338
328 356
328 412
328 431
329 438
330 476
331 342
331 383
331 418
334 406
334 464
334 468
335 473
343 427
357 367
359 400
359 407
359 490
360 386
360 426
361 453
363 413
384 493
388 449
390 424
390 478
398 446
401 472
410 444
410 460
414 441
425 457
432 442
436 459
439 456
441 463
448 470
453 473
456 469
458 474
462 487
468 476
