0 1
0 2
0 3
0 4
0 5
0 7
0 18
0 26
0 42
0 51
0 52
0 86
0 97
0 112
0 131
0 174
0 218
0 237
0 252
0 310
0 316
0 367
0 377
1 4
1 5
1 6
1 7
1 10
1 11
1 13
1 14
1 15
1 16
1 20
1 23
1 32
1 44
1 45
1 49
1 52
1 63
1 76
1 79
1 91
1 97
1 140
1 162
1 173
1 179
1 187
1 191
1 216
1 233
1 243
1 258
1 262
1 267
1 297
1 305
1 313
1 318
1 337
1 342
1 348
1 354
1 389
1 429
1 435
1 459
1 463
1 472
1 483
1 489
2 4
2 5
2 6
2 7
2 8
2 10
2 11
2 13
2 17
2 22
2 24
2 32
2 39
2 43
2 44
2 45
2 52
2 53
2 60
2 65
2 67
2 74
2 79
2 88
2 90
2 98
2 99
2 105
2 119
2 121
2 128
2 129
2 130
2 154
2 161
2 165
2 166
2 174
2 197
2 198
2 218
2 227
2 260
2 270
2 299
2 322
2 346
2 349
2 352
2 368
2 371
2 373
2 385
2 394
2 399
2 402
2 407
2 432
2 436
2 450
2 454
2 466
2 483
3 56
3 123
3 266
3 298
3 338
4 6
4 8
4 9
4 10
4 12
4 15
4 16
4 17
4 19
4 29
4 35
4 42
4 48
4 55
4 57
4 58
4 64
4 69
4 70
4 73
4 80
4 92
4 93
4 107
4 111
4 112
4 116
4 118
4 119
4 120
4 123
4 125
4 132
4 145
4 164
4 166
4 170
4 191
4 193
4 194
4 219
4 271
4 281
4 288
4 299
4 300
4 319
4 327
4 339
4 343
4 350
4 367
4 370
4 372
4 378
4 382
4 418
4 420
4 421
4 422
4 430
4 445
4 452
4 482
4 495
4 496
5 9
5 25
5 27
5 46
5 53
5 78
5 87
5 143
5 149
5 221
5 226
5 228
5 332
5 359
5 371
6 8
6 9
6 16
6 20
6 23
6 30
6 35
6 36
6 45
6 58
6 64
6 65
6 66
6 68
6 79
6 82
6 90
6 101
6 124
6 129
6 135
6 165
6 185
6 191
6 194
6 216
6 228
6 280
6 304
6 307
6 309
6 335
6 337
6 347
6 360
6 366
6 402
6 410
6 421
6 425
6 439
6 448
6 476
6 491
7 11
7 23
7 31
7 33
7 37
7 38
7 63
7 77
7 82
7 87
7 114
7 146
7 183
7 223
7 238
7 254
7 313
7 317
7 329
7 343
8 14
8 15
8 26
8 30
8 244
8 339
8 406
8 476
9 12
9 13
9 21
9 25
9 28
9 29
9 34
9 36
9 37
9 39
9 43
9 77
9 80
9 119
9 120
9 148
9 154
9 182
9 201
9 205
9 235
9 241
9 246
9 265
9 286
9 305
9 322
9 323
9 325
9 328
9 333
9 335
9 357
9 374
9 378
9 405
9 426
9 458
9 477
10 12
10 18
10 19
10 28
10 38
10 41
10 61
10 100
10 106
10 127
10 163
10 165
10 192
10 197
10 233
10 320
10 364
10 383
10 478
11 24
11 27
11 29
11 30
11 36
11 39
11 40
11 47
11 57
11 59
11 68
11 75
11 83
11 91
11 92
11 103
11 133
11 153
11 156
11 176
11 179
11 214
11 236
11 243
11 258
11 275
11 286
11 380
11 409
11 469
12 14
12 21
12 22
12 48
12 55
12 56
12 75
12 102
12 109
12 111
12 114
12 127
12 134
12 148
12 157
12 163
12 171
12 231
12 295
12 312
12 339
12 379
12 395
12 406
12 419
12 435
12 442
13 17
13 20
13 21
13 22
13 40
13 47
13 64
13 95
13 122
13 141
13 237
13 245
13 247
13 250
13 390
13 441
13 464
14 107
14 240
14 289
14 297
15 33
15 73
15 132
15 147
15 200
15 207
15 211
15 240
15 244
15 359
15 455
16 18
16 24
16 31
16 32
16 69
16 77
16 81
16 83
16 86
16 90
16 94
16 108
16 118
16 142
16 147
16 152
16 189
16 200
16 210
16 242
16 252
16 301
16 303
16 310
16 337
16 377
16 401
17 19
17 27
17 55
17 71
17 101
17 133
17 159
17 161
17 162
17 163
17 176
17 207
17 212
17 215
17 243
17 277
17 443
18 31
18 34
18 38
18 40
18 41
18 71
18 104
18 146
18 248
18 261
18 293
18 294
18 429
18 469
19 25
19 41
19 46
19 51
19 213
19 416
19 465
20 26
20 50
20 68
20 98
20 106
20 124
20 162
20 180
20 242
20 311
20 336
20 450
21 84
21 104
21 142
21 201
21 314
21 361
21 395
22 28
22 72
22 102
22 187
22 203
22 341
22 351
22 373
22 456
22 481
23 49
23 61
23 62
23 69
23 94
23 96
23 110
23 117
23 144
23 181
23 184
23 219
23 224
23 384
23 479
24 42
24 62
24 84
24 87
24 93
24 113
24 157
24 175
24 247
24 251
24 276
24 290
25 72
25 80
25 161
25 232
25 350
25 443
25 472
25 484
26 89
26 150
26 167
26 354
26 446
26 482
26 488
26 494
27 49
27 50
27 54
27 59
27 115
27 136
27 196
27 332
28 57
28 89
28 141
28 155
28 160
28 169
28 227
28 265
28 271
28 379
28 441
28 452
28 483
29 34
29 61
29 63
29 65
29 66
29 70
29 144
29 177
29 209
29 215
29 219
29 256
29 315
29 363
29 376
29 464
30 33
30 59
30 137
30 164
30 183
30 189
30 205
30 341
30 346
31 43
31 53
31 67
31 81
31 113
31 117
31 135
31 206
31 212
31 245
31 259
31 274
31 413
31 492
32 35
32 48
32 131
32 133
32 134
32 157
32 208
32 214
32 270
32 275
32 334
32 335
32 344
32 356
32 357
32 362
32 398
32 408
32 447
32 461
32 481
33 122
33 150
33 180
33 310
33 370
34 60
34 92
34 152
34 199
34 267
34 437
35 37
35 44
35 51
35 91
35 96
35 169
35 225
35 273
35 282
35 287
35 291
35 351
35 368
36 54
36 74
36 100
36 103
36 113
36 142
36 284
38 115
38 138
38 204
38 225
38 241
38 272
39 47
39 56
39 107
39 202
39 263
39 362
39 369
39 497
40 67
41 46
41 62
41 66
41 73
41 76
41 85
41 128
41 159
41 160
41 195
41 217
41 229
41 251
41 277
41 309
41 367
41 451
41 453
42 58
42 155
42 211
42 321
43 99
43 105
43 121
43 127
43 139
43 164
43 239
43 311
43 397
44 50
44 75
44 83
44 93
44 110
44 141
44 145
44 166
44 167
44 173
44 199
44 202
44 204
44 207
44 228
44 250
44 278
44 291
44 323
44 357
44 381
44 399
44 403
44 437
44 493
45 160
45 262
45 273
46 176
46 211
46 348
46 427
47 96
47 137
47 159
47 308
47 412
48 126
48 146
48 253
48 276
48 288
48 359
48 363
48 484
49 54
49 60
49 81
49 82
49 85
49 102
49 108
49 110
49 128
49 137
49 184
49 185
49 217
49 230
49 245
49 326
49 400
49 477
49 482
50 182
50 188
50 217
50 291
51 148
51 295
51 457
51 478
52 282
52 300
52 329
52 398
52 415
52 475
53 126
53 145
53 412
54 181
54 442
54 499
55 179
55 225
55 414
56 70
56 224
56 378
56 446
56 470
57 103
57 229
57 237
57 308
57 336
57 340
58 71
58 74
58 95
58 168
58 355
58 396
59 85
59 328
59 379
60 76
60 111
60 186
60 276
60 289
60 312
60 465
61 255
61 461
62 78
62 99
62 213
62 299
62 456
63 94
63 109
63 193
63 242
63 285
63 301
63 303
63 489
65 97
65 98
65 126
65 140
65 327
65 463
66 249
66 371
66 398
66 436
66 453
67 317
67 415
68 78
68 101
68 116
68 307
68 499
69 72
69 189
69 248
69 277
69 403
69 415
69 447
70 458
70 469
71 84
71 89
71 95
71 125
71 143
71 172
72 88
72 418
72 420
72 475
72 490
73 261
73 462
74 86
74 105
74 108
74 114
74 259
74 268
75 104
75 473
76 138
76 195
76 405
76 476
77 307
78 120
78 190
78 318
79 170
79 177
79 302
79 361
79 369
79 389
79 414
79 444
79 473
80 116
80 121
80 132
80 135
80 136
80 144
80 224
80 273
80 287
80 320
80 346
80 414
80 460
81 100
81 124
81 167
81 203
81 440
82 88
82 138
82 158
82 285
82 320
82 401
82 459
82 472
83 151
83 173
83 220
83 296
83 303
83 376
84 206
84 227
84 417
84 471
85 214
85 230
85 306
85 308
85 342
85 410
85 434
85 441
86 169
86 316
86 391
86 417
87 112
87 139
87 156
87 283
88 226
88 389
88 408
89 279
89 440
90 117
90 130
90 268
90 349
90 373
90 387
92 402
94 222
94 495
95 109
95 187
95 375
95 432
95 438
95 448
96 139
96 156
96 194
96 344
96 348
96 361
97 125
97 151
97 257
97 386
98 123
98 149
98 258
98 470
98 471
99 249
99 295
99 382
99 475
100 192
100 222
100 263
100 365
100 422
101 129
101 172
101 220
101 269
101 296
102 130
102 172
102 178
102 185
102 254
102 255
102 289
102 315
102 403
103 171
103 209
103 235
103 246
103 281
103 298
103 317
103 344
103 345
104 106
104 122
104 200
104 249
104 322
104 325
104 334
105 231
105 268
105 353
106 223
106 232
106 246
106 314
106 326
106 340
107 231
107 280
107 435
108 206
110 136
110 149
110 170
110 260
110 264
111 115
111 118
111 158
111 168
111 177
111 182
111 196
111 253
111 259
111 265
111 279
111 294
111 297
111 311
111 338
111 349
111 439
111 467
112 210
112 263
112 298
112 397
112 424
112 480
113 356
114 153
114 154
114 178
114 202
114 374
115 134
115 321
116 131
116 143
116 252
116 484
117 147
117 186
117 269
117 405
118 158
118 171
118 188
118 364
118 444
119 270
119 329
119 404
120 152
120 178
120 479
121 203
122 174
122 358
124 293
124 431
125 150
125 235
125 292
125 397
125 498
126 175
126 195
127 208
127 495
128 140
128 188
128 196
128 274
128 301
128 324
128 352
128 383
128 387
128 438
128 444
128 467
128 492
129 343
129 467
130 153
130 247
130 331
130 411
130 440
131 234
131 423
133 281
134 328
135 290
135 448
136 256
136 399
138 155
139 240
139 354
140 498
141 347
142 193
142 319
142 404
143 316
143 493
144 197
144 318
144 450
144 479
145 384
145 407
146 190
146 198
146 201
146 330
146 351
146 392
146 430
146 494
147 180
147 183
147 184
147 234
147 304
147 374
147 413
148 192
149 151
149 380
150 218
151 168
151 248
151 488
152 208
152 226
152 334
152 400
153 175
155 205
155 347
156 267
156 392
157 204
157 381
159 264
159 428
159 431
160 269
163 210
163 428
164 342
164 409
166 255
166 485
167 304
168 229
169 181
169 272
171 232
171 244
171 366
171 376
171 386
172 324
173 233
174 365
174 423
175 251
175 372
176 213
176 234
176 417
176 447
177 209
177 221
179 186
179 290
179 489
180 401
181 236
181 365
182 220
182 392
183 319
183 362
183 384
183 449
186 190
186 286
187 199
187 390
188 216
188 262
188 332
189 315
189 386
189 466
190 283
190 323
190 387
190 396
190 445
191 451
192 257
193 256
193 429
195 198
195 416
197 230
197 288
197 404
197 409
197 428
198 215
198 239
198 312
198 494
199 222
199 282
199 474
200 427
200 433
201 223
201 454
203 221
203 278
204 261
204 287
205 212
205 236
205 355
205 411
205 462
207 292
210 238
210 305
211 460
212 458
213 257
213 284
214 266
214 442
215 250
215 254
215 284
215 427
215 451
215 454
216 372
216 426
217 480
218 239
218 433
219 238
219 340
223 363
223 370
224 345
226 499
228 306
228 330
228 375
229 278
229 333
230 274
230 353
232 271
232 498
233 326
233 466
234 457
237 285
237 293
237 331
238 358
238 385
240 241
241 279
243 253
243 272
243 421
243 481
243 485
245 264
245 296
246 413
251 260
251 353
252 391
253 266
254 407
255 294
255 375
256 390
256 431
257 366
257 485
258 333
258 382
258 388
258 430
258 496
259 336
259 341
259 352
259 383
261 350
261 377
261 394
264 325
264 416
265 275
265 292
265 309
266 280
269 445
269 463
275 300
276 338
277 393
279 283
279 306
279 331
279 364
279 380
280 302
282 302
282 459
283 314
286 313
286 321
286 368
286 388
287 355
287 360
287 468
288 455
295 324
298 388
298 439
299 452
303 446
307 443
308 330
308 358
308 369
308 381
308 470
308 487
316 395
318 426
318 474
320 425
322 345
323 423
324 327
325 391
330 419
331 425
334 360
336 411
337 406
337 422
342 424
342 474
342 488
344 412
344 424
346 356
346 449
347 420
347 433
349 408
350 455
352 396
356 393
358 436
358 486
362 410
362 457
362 468
362 491
363 438
365 432
367 385
368 434
369 477
373 419
374 394
375 493
384 400
390 456
391 437
392 393
392 492
393 418
397 497
398 490
400 491
402 453
404 434
408 497
409 462
414 460
417 468
424 478
427 486
429 487
434 480
444 449
455 487
456 461
460 464
462 473
464 465
465 471
468 490
480 486
492 496
