0 1
0 308
0 417
1 2
1 3
1 5
1 8
1 9
1 17
1 30
1 33
1 35
1 37
1 43
1 48
1 49
1 53
1 65
1 75
1 91
1 94
1 118
1 135
1 138
1 145
1 171
1 185
1 190
1 205
1 218
1 266
1 305
1 326
1 355
1 374
1 386
1 395
1 402
1 453
2 16
2 21
2 87
2 147
2 215
2 241
2 352
3 4
3 6
3 10
3 60
3 64
3 96
3 101
3 112
3 206
3 214
3 222
3 303
3 324
3 325
3 328
3 358
3 400
3 401
3 468
3 490
4 7
4 12
4 20
4 39
4 42
4 114
4 256
4 330
5 83
5 186
5 231
5 366
6 11
6 13
6 14
6 23
6 25
6 29
6 51
6 67
6 86
6 90
6 105
6 107
6 122
6 137
6 142
6 212
6 216
6 217
6 224
6 229
6 240
6 252
6 282
6 304
6 369
6 383
6 392
6 411
6 487
6 489
7 19
8 34
8 36
8 175
8 272
9 264
10 27
10 38
10 40
10 44
10 46
10 47
10 52
10 54
10 61
10 103
10 124
10 125
10 134
10 163
10 170
10 234
10 235
10 251
10 294
10 313
10 442
10 462
11 15
12 70
12 74
12 133
13 24
13 88
13 121
13 188
13 362
13 409
14 18
14 22
14 450
15 172
16 26
16 45
16 196
16 255
16 309
16 329
16 353
16 478
18 128
19 31
19 177
19 207
19 246
20 28
20 100
20 113
20 327
21 50
21 55
21 56
21 66
21 85
21 111
21 242
21 483
22 126
23 32
23 71
23 97
23 162
23 221
23 223
23 406
23 492
24 41
24 63
24 69
24 79
24 119
24 306
24 359
25 148
25 181
25 265
25 279
25 312
25 340
25 384
25 414
25 444
26 93
26 165
26 260
27 77
28 89
28 144
28 202
29 73
29 131
29 139
29 357
29 412
30 191
31 413
32 132
32 219
32 291
32 471
34 80
35 72
35 484
36 116
36 143
36 168
36 176
36 194
36 476
36 496
37 499
38 187
39 92
39 117
39 201
40 233
40 494
41 59
41 447
41 464
42 68
42 130
42 346
43 210
44 78
45 62
45 84
45 146
45 248
45 253
45 301
46 387
47 104
47 153
47 199
48 58
48 149
48 230
48 427
49 127
50 250
50 270
50 283
50 372
51 151
51 243
51 419
52 382
52 397
52 398
53 173
53 183
53 261
53 333
55 57
55 82
55 184
55 203
55 237
55 273
56 136
58 161
58 167
58 322
58 469
59 244
61 195
61 245
61 262
62 174
63 109
63 299
63 364
63 491
66 391
69 76
69 81
69 156
69 225
70 367
70 408
71 95
71 106
71 129
71 337
71 339
71 473
73 141
73 320
73 323
74 102
74 123
74 200
74 394
75 115
75 280
76 98
76 208
80 158
80 169
80 209
80 263
80 335
80 404
80 472
81 110
81 227
81 347
81 370
83 99
83 189
83 422
84 459
86 455
86 498
87 226
87 334
87 390
88 310
90 321
90 348
91 446
91 467
91 477
92 108
92 182
92 284
92 286
92 475
96 281
96 466
101 220
101 249
107 429
108 140
110 236
112 157
112 247
112 317
113 120
113 159
113 160
113 166
113 198
114 373
117 164
118 302
122 155
122 296
124 154
128 293
133 152
133 268
133 440
134 254
134 399
135 488
137 295
137 423
138 197
138 232
139 457
141 150
141 276
144 379
147 267
147 415
149 204
149 287
149 332
149 418
149 433
149 458
151 434
153 436
154 307
155 274
155 435
155 449
159 211
160 178
160 179
160 180
160 271
160 314
160 485
166 311
171 479
174 351
174 385
178 297
180 193
180 345
181 213
181 288
183 338
184 239
184 318
184 336
184 354
186 269
186 371
187 192
189 319
189 463
196 315
196 426
197 437
197 470
197 493
198 300
201 238
203 396
204 277
205 380
206 257
206 361
206 445
210 377
211 228
211 290
216 421
220 420
222 341
223 495
225 431
230 292
230 405
231 289
235 461
239 349
246 258
248 363
250 285
251 316
255 259
255 275
259 278
261 439
266 350
266 416
270 407
271 298
271 474
272 365
276 441
280 403
283 443
288 430
294 497
307 331
307 378
308 452
312 410
323 381
326 343
329 356
329 376
331 388
339 342
341 344
342 360
342 393
347 368
349 375
349 389
355 465
358 425
367 424
385 432
393 448
393 480
398 482
399 428
414 456
416 438
428 454
436 481
437 486
446 451
454 460
