0 1
0 2
0 3
0 21
0 42
0 82
0 88
0 95
1 3
1 4
1 5
1 9
1 13
1 18
1 19
1 35
1 39
1 80
1 87
2 4
2 6
2 7
2 8
2 10
2 11
2 17
2 18
2 22
2 30
2 38
2 40
2 41
2 56
2 66
2 74
2 91
2 99
3 5
3 6
3 9
3 12
3 15
3 26
3 27
3 33
3 34
3 42
3 46
3 48
3 57
3 90
3 91
4 7
4 50
4 63
4 72
4 96
5 10
5 15
5 16
5 21
5 26
5 32
5 47
5 52
5 61
5 63
5 66
5 79
6 13
6 14
6 28
6 36
6 43
6 59
6 70
6 84
6 85
7 8
7 11
7 17
7 19
7 24
7 25
7 28
7 39
7 48
7 53
7 62
7 81
7 98
8 22
8 23
8 31
8 78
8 93
9 38
9 43
10 12
10 30
10 46
10 47
10 57
10 58
10 64
10 72
11 14
11 32
11 37
12 34
12 49
12 58
12 89
13 23
13 68
14 45
15 16
15 24
15 27
15 50
15 51
15 56
15 60
15 62
15 67
15 87
16 20
16 29
16 65
16 68
16 82
18 20
18 33
18 97
19 36
19 73
19 84
20 29
20 37
20 44
20 64
20 73
20 77
20 86
20 89
20 97
21 83
22 25
22 31
22 49
25 35
25 65
28 55
28 75
29 55
30 79
31 40
31 41
31 69
32 70
32 71
34 45
34 54
34 76
34 77
34 80
35 44
35 67
35 92
40 52
40 61
40 98
41 95
42 53
43 51
45 92
46 78
48 69
48 93
49 54
49 59
49 60
51 90
52 76
54 86
54 88
56 83
58 71
58 74
63 75
65 99
69 85
75 81
78 94
85 96
86 94
