0 1
0 2
0 3
0 7
0 8
0 12
0 13
0 31
0 57
0 74
1 4
1 5
1 6
1 9
1 10
1 18
1 32
1 37
1 52
1 56
1 58
1 97
2 3
2 4
2 6
2 19
2 22
2 24
2 43
2 53
2 57
2 65
2 70
2 89
3 7
3 9
3 13
3 16
3 17
3 20
3 28
3 29
3 33
3 73
3 81
3 84
4 5
4 11
4 23
4 29
4 35
4 58
4 67
4 75
4 88
5 12
5 15
5 18
5 42
5 54
5 63
5 77
6 8
6 11
6 22
6 41
6 53
6 67
6 99
7 44
8 10
8 75
9 24
9 45
9 62
9 69
10 38
10 44
10 47
10 48
10 64
10 69
10 76
10 99
11 14
11 15
11 16
11 17
11 20
11 30
11 33
11 34
11 39
11 42
11 49
11 66
11 70
11 72
11 90
12 21
12 28
12 50
13 14
13 27
13 40
13 60
13 94
13 96
14 26
14 90
15 68
16 26
16 91
16 93
17 19
17 25
17 48
17 82
17 89
18 49
18 55
18 92
19 21
19 32
19 36
19 62
19 66
20 39
20 43
20 60
20 78
20 80
20 86
22 23
22 25
22 61
23 45
25 27
25 30
25 31
25 35
25 37
25 46
25 47
25 51
25 65
25 71
25 79
25 91
26 34
26 84
26 93
27 46
30 50
31 36
31 63
31 92
32 38
32 41
32 52
32 71
32 78
32 80
33 56
34 79
37 87
38 54
38 83
39 40
40 59
40 72
40 95
42 51
44 64
44 83
48 96
49 55
49 73
49 76
49 86
51 59
57 61
58 68
63 94
68 95
69 85
70 82
71 74
71 81
75 98
76 77
76 88
79 85
79 87
88 97
90 98
