0 1
0 2
0 3
0 4
0 5
0 6
0 7
0 11
0 13
0 15
0 17
0 20
0 21
0 22
0 23
0 42
0 43
0 44
0 49
0 50
0 52
0 55
0 56
0 59
0 61
0 69
0 71
0 88
0 92
0 94
0 95
1 5
1 9
1 10
1 14
1 15
1 19
1 29
1 47
1 58
1 60
2 5
2 6
2 8
2 9
2 11
2 16
2 27
2 31
2 34
2 36
2 66
2 93
2 94
2 96
2 97
3 5
3 8
3 10
3 14
3 17
3 24
3 34
3 35
3 37
3 51
3 62
3 73
4 6
4 7
4 8
4 9
4 10
4 12
4 18
4 21
4 22
4 56
4 66
4 68
4 78
4 79
4 91
5 6
5 7
5 8
5 9
5 12
5 16
5 19
5 20
5 21
5 27
5 28
5 30
5 32
5 34
5 35
5 38
5 40
5 41
5 46
5 48
5 67
5 71
5 73
5 79
5 80
5 98
5 99
6 7
6 11
6 14
6 15
6 18
6 19
6 23
6 25
6 32
6 35
6 45
6 62
6 63
6 71
6 87
7 10
7 14
7 26
7 28
7 41
7 48
7 52
7 54
7 75
7 97
8 11
8 13
8 18
8 26
8 50
8 55
9 13
9 21
9 25
9 34
9 38
9 47
9 67
9 73
9 80
9 86
10 12
10 17
10 31
10 41
10 42
10 49
10 74
10 83
10 85
10 96
10 99
11 12
11 13
11 22
11 24
11 51
11 64
11 82
11 83
11 84
11 89
11 98
12 15
12 36
12 52
12 54
12 56
12 58
12 59
12 69
12 72
12 74
12 82
12 87
12 89
12 95
13 18
13 29
13 31
13 38
13 40
14 16
14 23
14 45
14 47
14 57
14 72
14 76
14 79
15 16
15 17
15 20
15 27
15 31
15 33
15 39
15 65
15 68
15 90
16 19
16 26
16 33
16 37
16 40
16 43
16 53
16 55
16 62
16 70
16 73
16 88
17 76
18 30
18 33
18 37
18 42
18 43
18 44
18 51
18 64
18 68
18 72
18 78
18 81
18 82
18 86
18 90
19 20
19 23
19 25
19 26
19 29
19 43
19 48
19 50
19 54
19 83
19 88
19 93
20 22
20 39
20 42
20 46
20 50
20 51
20 56
20 81
20 91
21 25
21 39
21 49
21 65
21 93
22 24
22 27
22 29
22 32
22 36
22 66
22 67
22 75
22 77
22 82
22 94
23 24
23 28
23 30
23 41
23 46
23 53
23 65
23 69
25 30
25 98
26 32
26 37
26 39
26 62
26 92
26 96
27 28
27 59
27 61
27 63
27 66
27 71
27 97
28 46
28 57
28 60
28 67
28 84
28 85
28 87
29 47
29 48
29 76
29 99
30 33
30 40
30 75
30 76
31 38
31 44
31 57
31 83
31 88
33 35
33 74
33 78
33 92
34 36
34 44
34 45
34 86
35 53
35 68
36 59
36 60
36 80
36 81
37 53
38 52
38 61
38 84
40 45
41 55
41 70
41 90
42 92
44 75
45 49
45 86
46 64
47 78
48 94
50 74
51 57
51 60
51 64
51 91
52 63
52 65
52 80
53 54
53 58
54 58
54 97
56 95
57 61
57 77
58 79
59 98
60 89
61 63
62 69
64 77
64 85
65 70
66 70
68 84
68 89
68 90
70 72
70 77
71 81
71 85
71 93
72 91
80 99
84 87
87 95
95 96
