0 1
0 2
0 3
0 4
0 5
0 6
0 7
0 8
0 9
0 11
0 12
0 15
0 17
0 19
0 21
0 28
0 32
0 34
0 35
0 39
0 46
0 48
0 54
0 57
0 67
0 70
0 80
0 86
0 87
0 109
0 115
0 121
0 136
0 142
0 149
0 153
0 155
0 165
0 172
0 175
0 190
0 243
0 249
0 275
0 292
0 346
0 353
0 372
0 403
0 407
0 423
0 425
0 482
0 488
0 532
0 597
0 606
0 622
0 626
0 633
0 664
0 700
0 720
0 725
0 753
0 767
0 795
0 811
0 835
0 854
0 888
0 893
0 930
0 936
0 947
0 998
1 5
1 6
1 7
1 8
1 9
1 10
1 11
1 13
1 17
1 18
1 26
1 29
1 30
1 33
1 40
1 41
1 43
1 47
1 50
1 60
1 68
1 82
1 84
1 87
1 91
1 97
1 101
1 106
1 112
1 116
1 118
1 133
1 141
1 147
1 152
1 158
1 165
1 191
1 193
1 195
1 196
1 209
1 210
1 211
1 213
1 228
1 229
1 235
1 246
1 247
1 260
1 279
1 296
1 318
1 324
1 330
1 353
1 370
1 381
1 386
1 406
1 411
1 426
1 450
1 452
1 472
1 497
1 500
1 502
1 528
1 549
1 588
1 593
1 633
1 671
1 676
1 681
1 703
1 736
1 748
1 752
1 755
1 777
1 791
1 796
1 815
1 829
1 835
1 839
1 860
1 869
1 871
1 932
1 941
1 943
2 5
2 7
2 9
2 10
2 14
2 26
2 34
2 35
2 52
2 99
2 126
2 157
2 203
2 250
2 266
2 358
2 369
2 387
2 397
2 451
2 487
2 513
2 637
2 801
2 914
2 948
3 135
3 422
3 550
4 5
4 6
4 27
4 36
4 41
4 102
4 183
4 199
4 257
4 410
4 455
4 489
4 507
4 566
4 780
4 823
5 6
5 7
5 8
5 9
5 10
5 13
5 16
5 17
5 20
5 21
5 25
5 29
5 30
5 31
5 32
5 39
5 42
5 50
5 51
5 53
5 55
5 60
5 66
5 73
5 79
5 81
5 88
5 89
5 92
5 98
5 103
5 106
5 107
5 108
5 121
5 129
5 130
5 135
5 136
5 137
5 144
5 151
5 153
5 165
5 171
5 182
5 193
5 199
5 210
5 219
5 226
5 227
5 231
5 232
5 252
5 255
5 266
5 293
5 297
5 336
5 346
5 366
5 378
5 393
5 403
5 405
5 408
5 421
5 422
5 430
5 432
5 443
5 444
5 454
5 492
5 502
5 515
5 523
5 537
5 557
5 559
5 577
5 578
5 591
5 598
5 615
5 617
5 626
5 643
5 656
5 657
5 662
5 666
5 668
5 670
5 683
5 691
5 694
5 729
5 733
5 747
5 771
5 775
5 781
5 782
5 793
5 816
5 827
5 845
5 853
5 855
5 863
5 879
5 883
5 886
5 906
5 924
5 939
5 940
5 972
5 983
5 989
6 10
6 11
6 12
6 14
6 19
6 60
6 68
6 81
6 85
6 93
6 106
6 114
6 119
6 132
6 212
6 223
6 272
6 284
6 291
6 312
6 356
6 385
6 397
6 411
6 416
6 486
6 490
6 530
6 531
6 675
6 737
6 773
6 866
6 889
6 945
7 8
7 12
7 14
7 23
7 31
7 34
7 35
7 44
7 46
7 58
7 59
7 76
7 77
7 90
7 93
7 98
7 120
7 125
7 126
7 132
7 134
7 144
7 162
7 174
7 180
7 192
7 223
7 224
7 231
7 239
7 265
7 269
7 276
7 289
7 302
7 308
7 353
7 381
7 382
7 398
7 405
7 409
7 414
7 434
7 440
7 452
7 455
7 501
7 508
7 515
7 518
7 533
7 546
7 560
7 561
7 596
7 624
7 651
7 678
7 682
7 685
7 727
7 785
7 818
7 824
7 832
7 859
7 929
7 965
7 976
8 11
8 12
8 15
8 25
8 41
8 47
8 56
8 59
8 70
8 110
8 136
8 148
8 158
8 189
8 230
8 244
8 279
8 285
8 418
8 451
8 507
8 518
8 536
8 546
8 597
8 626
8 645
8 814
8 831
8 874
8 881
8 910
8 930
8 932
8 966
9 21
9 55
9 58
9 90
9 101
9 125
9 127
9 129
9 159
9 162
9 183
9 199
9 355
9 542
9 599
9 684
9 722
9 740
9 830
9 942
9 980
10 19
10 22
10 24
10 43
10 45
10 54
10 55
10 73
10 74
10 80
10 109
10 138
10 156
10 183
10 185
10 191
10 233
10 280
10 315
10 374
10 432
10 465
10 470
10 472
10 516
10 529
10 546
10 593
10 768
10 841
10 868
10 966
10 988
11 13
11 15
11 16
11 18
11 22
11 25
11 27
11 29
11 32
11 33
11 40
11 42
11 45
11 46
11 57
11 58
11 104
11 110
11 130
11 134
11 150
11 154
11 167
11 176
11 181
11 188
11 189
11 207
11 208
11 221
11 228
11 246
11 259
11 265
11 281
11 295
11 298
11 325
11 337
11 366
11 412
11 416
11 439
11 460
11 534
11 551
11 577
11 612
11 647
11 685
11 697
11 704
11 719
11 741
11 742
11 778
11 811
11 834
11 857
11 870
11 894
11 908
11 910
11 924
11 964
11 990
12 13
12 14
12 15
12 16
12 27
12 28
12 30
12 35
12 41
12 43
12 44
12 48
12 53
12 65
12 76
12 84
12 91
12 94
12 111
12 113
12 131
12 139
12 180
12 220
12 237
12 243
12 254
12 302
12 332
12 335
12 376
12 391
12 430
12 453
12 471
12 478
12 498
12 557
12 671
12 733
12 761
12 806
12 825
12 880
12 908
12 955
12 957
12 976
12 990
13 16
13 17
13 22
13 23
13 38
13 45
13 50
13 63
13 64
13 65
13 86
13 103
13 105
13 107
13 112
13 118
13 135
13 158
13 162
13 203
13 268
13 299
13 302
13 312
13 338
13 366
13 436
13 440
13 485
13 523
13 612
13 636
13 659
13 713
13 715
13 741
13 754
13 862
13 882
13 976
13 987
14 20
14 32
14 37
14 47
14 52
14 177
14 447
14 540
14 894
15 18
15 39
15 74
15 92
15 126
15 164
15 189
15 236
15 252
15 262
15 267
15 389
15 424
15 446
15 476
15 488
15 532
15 538
15 543
15 565
15 587
15 593
15 634
15 703
15 707
15 858
15 952
16 20
16 21
16 23
16 24
16 38
16 49
16 55
16 173
16 261
16 305
16 313
16 338
16 341
16 345
16 372
16 373
16 483
16 501
16 514
16 521
16 552
16 581
16 645
16 673
16 681
16 689
16 695
16 697
16 721
16 858
16 991
17 18
17 19
17 20
17 22
17 36
17 38
17 40
17 42
17 49
17 52
17 72
17 85
17 100
17 119
17 131
17 145
17 155
17 163
17 209
17 210
17 247
17 249
17 264
17 269
17 276
17 283
17 295
17 336
17 339
17 340
17 349
17 354
17 379
17 384
17 408
17 418
17 437
17 439
17 446
17 502
17 515
17 536
17 547
17 575
17 596
17 605
17 621
17 671
17 680
17 776
17 778
17 786
17 801
17 841
17 864
17 887
17 923
17 937
17 944
17 958
17 962
18 24
18 29
18 37
18 44
18 47
18 51
18 66
18 72
18 95
18 96
18 128
18 182
18 194
18 233
18 237
18 271
18 272
18 289
18 291
18 316
18 355
18 565
18 569
18 571
18 594
18 660
18 668
18 708
18 800
18 828
18 854
18 955
18 979
18 981
19 68
19 72
19 76
19 98
19 99
19 100
19 104
19 124
19 130
19 138
19 161
19 184
19 212
19 220
19 248
19 284
19 287
19 288
19 327
19 339
19 355
19 364
19 371
19 382
19 436
19 438
19 464
19 468
19 495
19 546
19 569
19 599
19 653
19 657
19 687
19 701
19 739
19 768
19 788
19 796
19 902
19 913
20 23
20 24
20 26
20 28
20 33
20 34
20 37
20 83
20 86
20 108
20 122
20 129
20 137
20 142
20 156
20 161
20 169
20 170
20 207
20 233
20 263
20 309
20 318
20 321
20 325
20 371
20 430
20 432
20 454
20 480
20 481
20 513
20 573
20 590
20 718
20 795
20 800
20 826
20 861
20 865
20 959
20 960
21 26
21 40
21 49
21 53
21 74
21 112
21 118
21 119
21 176
21 207
21 216
21 254
21 259
21 374
21 517
21 542
21 572
21 583
21 746
21 925
21 986
22 44
22 77
22 86
22 105
22 155
22 216
22 242
22 773
22 840
22 929
22 934
22 967
22 986
23 25
23 54
23 68
23 102
23 132
23 201
23 202
23 205
23 221
23 265
23 271
23 337
23 344
23 350
23 427
23 671
23 850
23 971
24 27
24 36
24 48
24 51
24 62
24 83
24 104
24 135
24 146
24 154
24 177
24 182
24 184
24 191
24 198
24 207
24 254
24 280
24 308
24 329
24 404
24 489
24 512
24 548
24 549
24 592
24 608
24 661
24 670
24 704
24 752
24 784
24 834
24 851
24 860
24 902
24 916
24 958
24 966
24 991
25 28
25 31
25 42
25 56
25 119
25 122
25 163
25 169
25 202
25 295
25 304
25 334
25 343
25 412
25 472
25 503
25 541
25 545
25 682
25 849
25 889
26 30
26 66
26 67
26 127
26 231
26 248
26 356
26 375
26 423
26 437
26 468
26 478
26 481
26 522
26 538
26 549
26 600
26 644
26 675
26 712
26 730
26 742
26 764
26 791
26 848
26 850
26 932
27 39
27 53
27 63
27 64
27 78
27 79
27 83
27 111
27 116
27 117
27 125
27 154
27 163
27 236
27 245
27 367
27 433
27 775
27 801
27 852
27 924
28 31
28 33
28 80
28 82
28 103
28 110
28 161
28 212
28 232
28 261
28 409
28 435
28 543
28 584
28 610
28 631
28 736
28 824
28 851
28 865
28 927
28 951
28 955
29 37
29 91
29 101
29 120
29 138
29 169
29 181
29 215
29 310
29 340
29 341
29 345
29 361
29 378
29 405
29 473
29 490
29 574
29 709
29 753
29 918
30 43
30 61
30 134
30 186
30 278
30 286
30 342
30 360
30 879
30 938
31 36
31 62
31 69
31 71
31 77
31 108
31 166
31 170
31 179
31 180
31 187
31 198
31 206
31 278
31 280
31 335
31 344
31 427
31 462
31 553
31 559
31 673
31 776
31 784
31 864
32 51
32 63
32 70
32 84
32 87
32 88
32 89
32 96
32 102
32 106
32 122
32 123
32 192
32 283
32 292
32 297
32 300
32 331
32 333
32 371
32 378
32 387
32 392
32 399
32 413
32 444
32 461
32 473
32 480
32 496
32 512
32 539
32 556
32 580
32 648
32 669
32 678
32 699
32 762
32 898
32 900
33 142
33 200
33 234
33 240
33 256
33 387
33 456
33 604
33 812
33 919
34 82
34 83
34 105
34 116
34 261
34 270
34 482
34 540
34 572
34 690
34 861
34 885
34 963
35 115
35 295
35 340
35 734
35 984
36 38
36 61
36 185
36 230
36 267
36 329
36 357
36 441
36 453
36 581
36 759
37 46
37 59
37 62
37 128
37 175
37 179
37 208
37 217
37 218
37 219
37 236
37 254
37 255
37 270
37 273
37 283
37 308
37 335
37 475
37 509
37 555
37 595
37 656
37 774
37 783
37 808
37 814
37 880
37 885
37 898
37 979
38 52
38 131
38 199
38 208
38 227
38 277
38 288
38 520
38 686
38 891
39 65
39 85
39 90
39 172
39 191
39 197
39 224
39 239
39 240
39 250
39 297
39 328
39 379
39 417
39 420
39 423
39 442
39 443
39 459
39 665
39 703
39 761
39 774
39 833
39 876
39 933
39 980
39 983
40 45
40 48
40 56
40 58
40 62
40 96
40 111
40 113
40 132
40 133
40 177
40 194
40 196
40 246
40 257
40 281
40 327
40 330
40 334
40 352
40 370
40 394
40 402
40 429
40 466
40 467
40 489
40 494
40 540
40 562
40 570
40 643
40 662
40 794
40 819
40 834
40 923
40 983
41 50
41 75
41 124
41 163
41 317
41 360
41 468
41 519
41 583
41 651
41 792
42 49
42 64
42 72
42 79
42 92
42 125
42 127
42 152
42 225
42 239
42 258
42 259
42 266
42 289
42 349
42 377
42 484
42 567
42 625
42 636
42 653
42 660
42 673
42 789
42 827
42 933
43 64
43 88
43 89
43 100
43 149
43 190
43 222
43 304
43 350
43 603
43 798
43 805
43 828
44 66
44 78
44 117
44 136
44 156
44 186
44 234
44 261
44 320
44 345
44 368
44 410
44 425
44 434
44 491
44 644
44 674
44 735
44 759
44 799
44 948
44 949
45 80
45 112
45 117
45 121
45 240
45 297
45 310
45 339
45 341
45 390
45 529
45 531
45 538
45 625
45 716
45 724
45 803
45 814
45 817
45 839
46 56
46 67
46 87
46 94
46 99
46 109
46 153
46 323
46 359
46 420
46 480
46 513
46 702
46 800
46 821
46 837
46 903
47 166
47 288
47 418
47 694
48 54
48 88
48 109
48 123
48 238
48 241
48 329
48 342
48 672
48 897
49 69
49 71
49 147
49 190
49 462
49 467
50 57
50 73
50 75
50 76
50 78
50 91
50 123
50 151
50 159
50 174
50 195
50 216
50 303
50 307
50 313
50 393
50 406
50 408
50 533
50 580
50 600
50 609
50 638
50 658
50 683
50 734
50 739
50 743
50 899
50 988
51 82
51 85
51 114
51 160
51 209
51 677
51 709
51 716
51 887
51 890
52 84
52 105
52 127
52 134
52 164
52 215
52 245
52 306
52 401
52 402
52 416
52 462
52 499
52 535
52 607
52 630
52 715
52 756
52 775
52 919
53 60
53 111
53 138
53 151
53 171
53 187
53 222
53 281
53 303
53 313
53 385
53 400
53 453
53 463
53 496
53 613
53 650
53 676
53 931
54 57
54 59
54 69
54 70
54 77
54 78
54 139
54 142
54 216
54 218
54 220
54 273
54 291
54 304
54 368
54 434
54 502
54 526
54 544
54 590
54 592
54 642
54 652
54 670
54 728
54 810
54 846
54 854
54 911
55 65
55 100
55 107
55 113
55 139
55 153
55 173
55 178
55 321
55 391
55 397
55 770
55 776
55 853
56 69
56 93
56 129
56 141
56 146
56 233
56 234
56 419
56 482
56 488
56 500
56 554
56 556
56 561
56 583
56 621
56 649
56 721
56 901
56 923
56 998
57 61
57 71
57 90
57 171
57 185
57 187
57 223
57 294
57 432
57 558
57 617
57 707
57 711
57 960
58 75
58 140
58 143
58 197
58 262
58 523
58 872
59 61
59 63
59 146
59 208
59 227
59 230
59 274
59 287
59 347
59 398
59 424
59 608
59 640
59 691
59 733
59 757
59 889
59 959
60 75
60 175
60 200
60 293
60 317
60 346
60 405
60 408
60 525
60 700
60 827
60 886
60 992
61 89
61 169
61 386
61 481
61 585
61 761
61 854
62 71
62 97
62 157
62 173
62 204
62 285
62 323
62 395
62 436
62 450
62 455
62 463
62 606
62 717
62 872
63 81
63 157
63 160
63 211
63 320
63 334
63 438
63 579
63 693
63 810
63 823
63 977
64 67
64 74
64 97
64 253
64 268
64 330
64 457
64 492
64 589
64 751
65 73
65 81
65 143
65 395
65 585
65 745
65 921
66 118
66 145
66 194
66 225
66 266
66 298
66 300
66 327
66 380
66 501
66 592
66 627
67 95
67 114
67 122
67 128
67 139
67 168
67 183
67 211
67 228
67 257
67 309
67 388
67 478
67 504
67 547
67 582
67 598
67 624
67 648
67 692
67 695
67 708
67 710
67 738
67 758
67 799
67 863
67 901
67 904
67 957
68 143
68 167
68 235
68 347
68 367
68 582
68 613
68 621
68 651
68 707
68 881
68 929
69 107
69 582
69 693
69 769
70 269
70 445
70 674
71 95
71 97
71 158
71 206
71 211
71 246
71 264
71 466
71 543
71 552
71 631
71 740
71 911
71 912
72 141
72 148
72 243
72 294
72 476
72 505
72 674
72 711
72 793
72 838
72 878
72 998
73 79
73 101
73 154
73 252
73 407
73 418
73 431
73 548
73 564
73 591
73 601
73 605
73 713
73 741
73 804
73 822
74 94
74 213
74 316
74 326
74 515
74 625
75 95
75 120
75 148
75 188
75 197
75 294
75 330
75 343
75 364
75 509
75 566
75 630
75 653
75 725
75 759
75 809
76 137
76 481
76 679
77 172
77 214
77 226
77 234
77 343
77 433
77 633
77 661
78 103
78 144
78 178
78 194
78 206
78 345
78 354
78 404
78 611
78 630
78 642
78 665
78 844
78 853
78 920
78 929
79 152
79 217
79 308
79 443
79 569
79 693
79 733
79 806
80 205
80 215
80 244
80 322
80 388
80 796
80 817
80 931
81 337
81 339
81 344
81 416
81 720
81 778
82 94
82 213
82 290
82 358
82 406
82 520
82 754
82 756
82 792
82 870
82 987
83 176
83 204
83 257
83 258
83 296
83 492
83 718
83 960
84 200
84 222
84 272
84 315
84 324
84 433
84 680
84 810
84 845
85 150
85 166
85 193
85 251
85 256
85 327
85 351
85 365
85 442
85 484
85 506
85 521
85 530
85 613
85 802
85 817
85 931
85 954
85 997
86 130
86 133
86 162
86 597
86 684
86 958
87 92
87 93
87 104
87 128
87 151
87 351
87 436
87 511
87 561
87 701
87 737
87 875
88 126
88 140
88 147
88 361
88 516
89 99
89 179
89 394
89 449
89 578
89 676
90 186
90 201
90 356
90 535
90 554
90 704
91 342
91 357
91 509
91 764
91 779
91 834
92 167
92 299
92 399
92 530
92 928
92 935
92 937
93 210
93 242
93 527
93 622
93 639
93 920
94 96
94 98
94 113
94 116
94 157
94 161
94 182
94 238
94 248
94 267
94 288
94 336
94 441
94 477
94 510
94 563
94 695
94 909
94 964
94 994
95 110
95 319
95 770
96 146
96 166
96 192
96 975
97 124
97 131
97 145
97 160
97 170
97 174
97 178
97 228
97 241
97 284
97 299
97 314
97 381
97 394
97 550
97 559
97 588
97 628
97 744
97 789
97 899
97 900
97 922
97 996
98 201
98 203
98 220
98 274
98 303
98 362
98 386
98 390
98 441
98 447
98 463
98 476
98 579
98 679
98 915
98 916
98 936
99 263
99 306
99 307
99 321
99 352
99 652
100 102
100 108
100 150
100 253
100 302
100 376
100 392
100 618
100 668
100 686
100 891
101 144
101 160
101 168
101 176
101 269
101 457
101 466
101 471
101 667
101 730
101 758
102 114
102 115
102 123
102 250
102 324
102 384
102 629
103 286
103 310
103 512
103 528
103 560
103 580
103 682
103 689
103 909
104 117
104 149
104 175
104 251
104 352
104 365
104 485
104 627
104 668
104 681
104 728
104 765
104 798
104 901
105 368
105 400
105 480
106 217
106 489
106 573
106 578
106 791
107 148
107 204
107 215
107 348
107 568
107 624
107 749
107 865
107 999
108 188
108 195
108 224
108 241
108 921
109 120
109 155
109 167
109 178
109 196
109 198
109 247
109 250
109 256
109 267
109 309
109 354
109 375
109 380
109 458
109 475
109 525
109 558
109 655
109 681
109 706
109 946
110 124
110 226
110 390
110 424
110 564
111 202
111 513
111 642
111 675
111 724
111 742
111 760
112 121
112 173
112 237
112 498
112 567
112 603
113 115
113 140
113 143
113 198
113 205
113 219
113 260
113 299
113 384
113 479
113 486
113 514
113 516
113 535
113 558
113 645
113 662
113 682
113 700
113 705
113 706
113 743
113 757
113 831
113 874
113 961
114 133
114 181
114 206
114 232
114 283
114 307
114 324
114 413
114 438
114 485
114 524
114 528
114 558
114 604
114 701
114 723
114 726
114 746
114 907
114 922
114 948
114 953
115 170
115 184
115 425
115 435
115 462
115 702
115 810
115 881
116 168
116 350
116 610
116 625
116 630
116 746
116 841
116 848
116 927
117 401
117 470
117 975
118 203
118 231
118 292
118 351
118 482
118 508
118 859
118 901
119 168
119 293
119 346
119 364
119 419
119 744
119 765
119 797
120 164
120 242
120 311
120 460
120 475
120 522
120 727
120 910
120 970
121 174
121 201
121 226
121 311
121 362
121 407
121 415
121 452
121 498
121 655
121 713
121 809
121 911
122 202
122 264
122 301
122 493
122 494
123 149
123 171
123 244
123 248
123 314
123 331
123 448
123 471
124 262
124 268
124 466
124 572
124 985
125 393
125 650
125 859
126 258
126 362
126 679
126 716
126 809
126 819
126 825
126 943
127 137
127 141
127 147
127 483
127 494
127 573
127 773
127 825
128 618
128 748
130 140
130 159
130 181
130 373
130 385
130 439
130 496
130 914
131 383
131 428
131 530
131 602
132 165
132 177
132 259
132 900
133 219
133 369
133 606
133 683
133 684
133 950
134 242
134 262
134 311
134 358
134 361
134 421
134 428
134 753
134 769
134 783
134 815
134 868
134 951
134 974
135 156
135 212
135 301
135 341
135 431
135 504
135 568
135 635
135 767
135 866
136 303
136 424
136 826
137 145
137 218
137 243
137 249
137 323
137 483
137 484
137 637
137 712
137 736
137 769
137 856
137 873
138 186
138 204
138 214
138 275
138 322
138 586
138 838
138 945
138 990
139 587
139 670
139 853
139 934
140 221
140 276
140 370
140 387
140 459
140 555
140 747
140 843
140 909
140 941
140 954
140 975
141 197
141 281
141 319
141 364
141 694
141 939
142 205
142 347
142 360
142 372
142 592
142 690
142 708
142 978
143 179
143 213
143 222
143 252
143 255
143 256
143 277
143 332
143 429
143 616
143 680
143 759
143 783
143 921
144 188
144 318
144 383
144 562
145 152
145 195
145 238
145 239
145 251
145 301
145 314
145 404
145 476
145 542
145 563
145 594
145 602
145 613
145 678
145 737
145 897
145 925
145 968
145 984
146 196
146 393
146 580
146 760
146 965
147 225
147 260
147 420
147 907
148 258
148 279
148 995
149 150
149 361
150 440
151 300
151 417
151 708
151 844
151 880
151 959
152 184
152 285
152 286
152 326
152 411
152 486
152 529
152 561
152 566
152 600
152 642
152 667
152 723
152 739
152 829
153 159
153 291
153 305
153 556
154 193
154 230
154 531
154 620
155 229
155 374
155 532
155 845
156 164
156 172
156 356
156 504
156 599
156 941
156 946
156 953
157 290
157 477
157 527
157 714
158 189
158 264
158 279
158 363
158 823
159 398
159 749
159 780
160 278
160 282
160 293
160 307
160 463
160 473
160 623
160 760
160 906
161 289
161 310
161 368
161 396
161 609
161 779
161 795
162 639
163 214
163 315
163 340
163 517
163 519
163 573
163 856
163 920
164 200
164 287
164 323
164 380
164 464
164 655
165 365
165 451
166 320
166 545
166 823
166 991
167 449
167 912
168 275
168 322
168 400
168 406
168 486
168 520
168 615
168 639
168 640
168 665
168 699
168 731
168 829
168 855
168 869
168 896
169 400
169 499
169 825
170 995
171 238
171 296
171 659
171 672
172 190
172 448
173 180
173 524
173 581
174 187
174 192
174 224
174 290
175 395
175 769
175 950
176 217
176 263
176 460
176 545
176 644
176 756
176 992
177 223
177 421
177 487
178 379
178 465
178 659
178 960
179 185
179 382
179 421
179 772
179 909
180 236
180 265
180 332
180 348
180 349
180 589
180 693
180 807
181 575
181 615
181 926
182 263
182 328
182 447
182 547
182 660
183 274
183 282
183 294
183 334
183 363
183 410
183 505
183 529
183 605
183 623
183 696
183 740
183 748
183 767
183 770
183 784
183 890
183 947
184 249
184 290
184 336
184 426
184 626
184 732
184 785
184 811
185 273
185 375
185 402
185 438
185 526
185 590
185 591
185 739
185 789
185 840
185 944
186 370
186 544
186 657
186 687
186 878
187 270
187 496
187 556
187 702
188 276
188 352
188 426
188 505
188 698
188 799
189 209
189 305
189 312
189 360
189 398
189 430
189 437
189 516
189 539
189 563
189 793
189 868
191 313
191 446
191 557
191 640
191 663
191 847
191 982
192 218
192 247
192 904
192 963
193 363
193 551
193 562
193 728
193 833
193 914
194 298
194 363
194 369
194 777
194 838
195 232
195 278
195 367
195 383
195 608
195 766
195 843
195 884
195 927
196 282
196 403
197 214
197 240
197 316
197 445
198 835
199 241
199 359
199 497
199 780
199 862
199 904
199 952
200 221
200 335
200 349
200 617
201 229
201 371
201 448
201 755
201 796
201 906
202 286
202 321
202 409
202 611
202 619
202 632
202 738
202 772
202 907
202 937
203 245
203 342
203 419
203 428
203 790
204 570
204 827
206 251
206 255
206 493
206 603
206 792
207 474
207 571
207 939
208 225
208 229
208 296
208 309
208 446
208 541
208 577
208 729
208 763
209 396
209 470
209 528
209 550
209 836
209 874
209 885
209 902
209 996
210 326
210 435
210 440
210 497
210 640
210 720
210 798
210 882
210 967
211 270
211 285
211 441
211 445
211 643
211 652
212 467
212 514
213 348
213 414
213 508
213 663
213 794
214 253
214 260
214 362
215 414
215 552
215 586
215 597
216 751
217 655
217 861
218 235
218 357
218 397
219 338
219 788
220 237
220 415
220 526
220 587
220 870
221 244
221 301
221 639
221 650
221 800
222 311
222 348
222 455
222 526
222 601
222 883
223 325
223 624
223 781
223 833
224 366
224 428
224 464
224 628
224 771
224 840
225 227
225 235
225 268
225 391
225 415
225 500
225 725
225 773
225 804
225 972
226 376
227 245
227 272
227 399
227 401
227 559
227 641
228 271
228 344
228 369
228 394
228 475
228 503
228 576
228 588
228 899
228 905
229 614
229 623
230 505
230 574
230 751
230 846
232 253
232 277
232 473
232 527
232 607
232 950
232 957
233 282
233 412
233 576
233 609
233 818
234 690
235 274
235 333
235 918
236 365
236 525
236 828
236 830
236 847
237 353
237 846
238 273
238 284
238 584
239 372
239 456
239 521
239 648
239 658
239 675
239 697
239 750
240 688
241 415
241 807
242 458
242 485
242 509
242 602
242 686
242 802
242 905
244 357
244 470
244 547
244 595
244 743
244 764
244 785
244 955
245 956
246 280
246 316
246 317
246 427
246 450
246 503
246 758
248 331
249 319
249 350
249 659
249 667
249 717
250 275
250 338
250 474
250 768
250 966
251 292
251 332
251 333
251 379
251 629
251 684
251 866
251 934
251 949
252 315
252 814
253 306
253 374
253 413
253 663
253 987
254 620
254 692
254 933
255 318
255 333
255 444
255 539
255 657
256 319
256 422
256 534
256 619
257 271
257 331
257 354
257 519
257 763
257 836
257 895
257 978
258 328
258 410
258 621
259 326
259 599
259 732
259 804
260 594
260 611
260 641
260 719
260 887
261 376
261 534
261 607
261 803
262 277
262 685
263 444
263 983
264 531
264 915
264 974
265 328
265 488
265 724
265 926
266 305
266 385
266 512
266 541
266 833
267 359
267 384
267 403
267 439
267 464
267 469
267 713
268 367
268 388
268 448
268 562
268 857
269 584
270 771
271 312
272 447
273 652
273 738
274 304
274 355
274 382
274 431
274 511
274 677
274 722
274 812
274 892
274 975
275 395
276 377
276 427
276 452
276 459
276 474
276 518
276 629
276 637
276 641
276 694
276 808
277 517
277 662
277 775
277 824
278 522
278 635
278 908
278 993
279 329
279 495
279 748
280 287
280 707
280 831
280 917
281 351
281 813
281 896
282 435
283 389
283 698
284 347
284 457
284 479
284 658
284 688
286 402
286 454
286 537
286 543
286 577
286 586
288 320
288 487
288 532
288 535
288 554
288 603
288 749
288 890
289 298
289 685
290 801
290 981
291 383
291 758
292 390
292 429
292 461
292 474
292 651
292 904
293 689
294 905
295 396
295 544
295 719
295 884
297 647
297 889
297 928
298 876
299 300
299 314
299 359
299 471
299 521
299 574
299 847
299 892
299 963
300 506
300 916
301 325
301 389
301 479
301 523
301 718
302 840
302 917
303 373
303 465
304 790
305 306
305 483
305 813
306 751
307 417
307 420
307 491
308 380
308 614
308 951
308 993
309 586
310 734
311 317
311 426
311 456
311 612
312 778
312 973
313 392
313 407
313 413
313 429
313 491
313 498
313 534
313 614
313 750
313 781
313 979
314 389
314 691
314 839
314 857
315 322
315 443
315 576
315 673
315 820
315 821
315 931
316 423
316 511
316 514
316 691
316 711
317 490
317 602
317 750
318 386
319 571
320 337
320 672
320 919
321 388
321 649
322 553
322 578
322 687
322 898
323 396
323 946
324 401
324 595
324 842
325 601
326 343
326 377
326 524
326 661
327 469
327 495
328 375
328 525
328 545
329 563
330 492
330 697
331 484
331 815
331 989
332 727
332 754
333 571
333 743
333 893
333 970
334 454
334 579
334 830
334 895
336 552
336 555
336 717
336 956
337 731
337 951
337 973
338 635
338 842
338 953
339 620
340 494
340 616
340 877
341 479
341 695
342 709
343 551
343 678
343 780
344 575
344 820
344 826
345 391
345 392
345 419
345 503
345 587
345 633
346 358
346 445
346 666
348 632
348 921
349 550
349 565
349 604
349 884
350 377
350 399
350 411
350 449
350 458
350 519
350 619
350 781
350 794
350 892
350 917
351 490
351 520
351 583
351 749
351 832
354 683
354 725
354 852
355 477
355 541
355 768
355 974
356 422
356 737
357 715
358 584
358 728
358 735
358 915
360 451
361 570
361 618
361 638
361 845
361 848
362 378
362 596
362 714
362 736
363 933
365 417
366 465
367 596
368 414
368 478
368 925
369 373
370 940
371 959
372 791
372 897
373 459
373 648
373 962
374 755
375 585
375 594
375 647
375 922
376 537
376 585
376 797
377 381
377 591
377 967
378 714
378 855
380 622
380 789
380 819
381 493
382 504
383 616
383 970
385 491
385 646
385 679
385 696
385 704
385 891
385 917
387 629
387 962
389 412
389 425
390 449
390 774
391 744
391 774
391 858
391 970
392 477
392 511
392 533
392 574
392 616
392 631
392 692
392 721
392 824
392 837
393 409
393 632
393 705
393 820
393 993
395 771
395 897
396 656
396 864
396 964
397 431
397 460
397 468
397 808
397 876
397 945
398 442
398 888
398 961
399 507
401 442
401 461
401 567
401 627
401 731
401 753
402 456
402 618
402 620
403 404
403 589
404 569
404 701
404 867
404 956
406 918
406 943
407 457
407 493
407 510
407 518
407 873
408 461
408 564
408 839
408 945
409 666
409 710
409 730
409 987
410 849
414 472
414 808
414 815
416 458
416 467
416 557
416 582
416 872
418 437
419 677
419 969
422 499
422 740
422 752
422 762
422 926
423 487
423 568
423 696
423 783
423 985
424 610
424 738
424 863
425 433
425 499
426 765
426 787
428 533
428 537
428 653
428 803
428 852
428 938
428 954
429 434
429 656
429 746
429 829
431 567
432 506
432 700
432 706
432 763
434 506
434 646
435 879
436 469
436 497
436 554
437 500
437 822
437 940
437 967
438 469
438 579
438 664
438 717
438 962
439 507
439 510
439 628
439 856
440 705
441 453
441 647
441 761
441 880
442 779
442 805
442 838
442 944
443 510
443 598
443 706
443 726
444 450
445 669
448 818
448 836
449 891
450 842
451 536
451 784
451 872
452 548
452 724
452 926
453 836
455 536
455 641
455 776
458 807
459 548
459 804
459 876
459 927
460 805
461 522
462 623
462 632
462 947
463 722
463 760
463 848
463 898
463 988
464 544
464 944
465 501
465 664
465 676
465 690
465 756
465 874
465 903
466 508
467 807
467 930
469 560
469 564
469 982
470 576
470 765
470 822
471 634
473 692
474 551
474 855
476 912
477 539
477 572
479 710
480 610
481 553
482 608
482 818
483 860
484 723
484 956
485 846
486 588
487 883
488 540
488 581
488 593
488 705
489 575
489 709
489 837
489 896
493 495
493 665
493 859
493 995
494 538
494 721
494 961
495 767
497 916
497 947
497 977
499 527
499 645
499 772
500 607
500 918
501 601
501 766
503 600
503 968
503 979
505 517
505 922
506 609
506 862
507 856
508 524
509 867
510 568
510 971
511 989
511 998
512 542
512 764
512 905
513 646
514 566
514 611
514 745
514 806
515 627
518 886
519 850
519 980
520 638
520 702
520 812
521 622
523 873
523 986
524 972
525 634
525 712
525 935
526 703
527 555
527 667
527 687
527 726
527 860
527 878
528 615
529 997
530 851
530 971
531 896
531 913
534 606
534 650
537 669
538 549
538 698
538 777
540 634
540 666
540 792
540 875
541 787
541 870
542 686
544 589
546 770
546 976
547 963
548 617
549 635
549 938
551 553
551 772
551 844
552 711
556 560
556 598
556 664
556 811
556 877
556 894
556 961
556 984
557 565
557 723
557 745
557 895
558 669
558 900
558 994
559 826
560 985
562 689
564 590
564 654
566 752
566 978
567 595
567 719
569 570
569 903
570 644
571 631
571 649
571 795
571 972
571 991
572 797
572 923
573 747
573 953
574 619
575 637
575 654
575 899
576 605
576 643
576 849
577 646
578 802
580 612
580 710
582 698
582 990
583 604
583 628
583 803
585 674
585 949
585 971
586 762
588 766
590 649
592 819
596 799
596 832
596 911
597 779
597 782
598 735
598 766
599 638
600 913
600 949
601 636
601 688
601 871
603 614
603 763
603 894
604 663
608 937
609 912
610 661
610 727
610 745
612 658
613 677
613 816
614 893
617 654
617 726
619 734
620 864
620 879
620 942
621 654
622 699
622 712
623 816
624 636
624 835
627 688
628 660
632 680
632 732
632 735
632 747
633 886
636 875
638 699
639 802
639 868
642 757
644 806
644 932
644 973
646 958
650 948
652 867
653 869
653 871
654 714
655 981
658 732
658 828
660 672
660 928
661 957
662 730
664 750
670 696
670 832
670 914
671 788
671 994
672 716
672 884
673 722
673 813
673 844
674 755
674 867
675 790
675 849
675 974
678 999
679 762
680 866
682 882
685 718
685 885
685 930
686 851
687 797
689 794
691 997
693 777
698 785
698 786
698 994
699 936
699 940
700 841
701 731
701 798
701 906
704 729
706 744
706 973
710 715
710 843
710 847
711 913
711 964
714 742
714 830
714 883
716 952
718 720
718 729
718 786
718 888
718 980
719 741
719 999
721 877
721 965
722 908
723 805
726 757
726 996
729 787
729 817
730 821
731 915
734 869
734 893
736 754
742 809
742 862
743 969
745 788
745 942
746 822
748 782
748 985
749 969
751 837
751 858
753 782
754 793
757 850
761 863
761 950
762 787
765 875
767 790
770 902
770 903
771 873
771 982
774 907
777 935
778 820
779 786
782 890
784 993
788 812
788 881
790 821
796 831
800 887
803 865
804 813
805 920
808 877
809 935
812 816
816 895
819 936
819 988
821 857
821 878
822 952
832 842
832 852
833 892
837 919
839 984
841 843
853 925
855 871
856 934
859 861
860 882
861 968
864 888
865 946
866 928
868 924
870 978
873 941
879 939
879 992
880 968
881 986
882 965
884 999
891 969
893 997
899 910
899 942
911 943
914 954
926 938
926 996
930 977
931 992
932 981
944 982
945 977
949 989
979 995
