0 1
0 2
0 3
0 4
0 5
0 6
0 16
0 35
0 62
0 67
0 91
1 3
1 4
1 5
1 6
1 7
1 12
1 13
1 14
1 15
1 17
1 18
1 22
1 23
1 25
1 38
1 39
1 47
1 55
1 59
1 66
1 71
1 74
1 82
2 8
2 11
2 20
2 27
2 30
2 32
2 33
2 36
2 38
2 41
2 45
2 75
2 77
3 7
3 8
3 9
3 10
3 12
3 17
3 21
3 25
3 26
3 29
3 42
3 50
3 55
3 64
3 69
3 72
3 93
3 95
3 96
4 14
4 44
5 46
5 63
6 10
6 18
6 47
6 65
6 76
6 84
6 87
7 9
7 13
7 15
7 16
7 28
7 31
7 43
7 48
7 52
7 83
8 62
9 36
9 53
9 69
10 11
10 52
10 54
10 56
11 32
11 35
11 80
12 19
14 59
15 29
15 99
16 19
16 30
16 42
16 43
16 80
16 86
18 21
18 24
18 26
18 28
18 49
18 54
18 92
19 20
19 23
19 33
19 40
19 74
19 79
20 37
20 51
20 60
20 75
21 22
21 58
21 68
22 64
22 67
23 24
23 27
23 68
23 73
23 86
23 91
25 34
25 85
26 41
26 81
29 49
29 78
29 85
30 31
30 57
31 57
31 70
31 97
32 34
32 48
35 37
35 39
35 40
35 53
37 90
38 60
38 71
39 46
39 92
40 50
40 70
40 83
40 84
40 95
40 98
41 44
41 76
42 82
43 90
44 45
45 61
46 51
46 56
47 66
48 65
48 78
50 58
54 61
54 87
54 93
54 94
54 96
56 98
58 72
58 81
58 88
60 63
61 94
61 99
62 88
63 89
67 73
73 77
75 79
76 89
77 97
