0 1
0 2
0 3
0 4
0 8
0 10
0 14
0 18
0 19
0 20
0 24
0 25
0 26
0 27
0 28
0 31
0 34
0 41
0 42
0 49
0 56
0 75
0 89
0 93
0 95
0 104
0 134
0 135
0 158
0 202
0 219
0 223
0 233
0 253
0 303
0 310
0 311
0 313
0 320
0 330
0 335
0 344
0 385
0 387
0 388
0 404
0 424
0 474
0 490
0 499
1 12
1 30
1 31
1 34
1 124
1 203
2 3
2 4
2 7
2 14
2 17
2 21
2 32
2 35
2 37
2 46
2 62
2 69
2 79
2 102
2 116
2 146
2 164
2 172
2 176
2 186
2 188
2 209
2 272
2 276
2 331
2 380
2 381
2 398
2 409
2 423
2 427
2 440
2 457
2 465
2 482
3 5
3 6
3 7
3 8
3 18
3 25
3 33
3 36
3 37
3 39
3 44
3 46
3 47
3 49
3 53
3 55
3 62
3 72
3 76
3 82
3 87
3 88
3 90
3 91
3 96
3 100
3 109
3 110
3 119
3 127
3 128
3 139
3 143
3 162
3 164
3 166
3 167
3 189
3 192
3 194
3 199
3 205
3 240
3 274
3 296
3 297
3 301
3 303
3 307
3 317
3 324
3 343
3 362
3 371
3 375
3 388
3 389
3 391
3 439
3 442
3 466
3 477
3 478
3 483
4 5
4 6
4 9
4 10
4 11
4 16
4 19
4 21
4 24
4 29
4 39
4 43
4 53
4 57
4 73
4 77
4 88
4 115
4 117
4 118
4 129
4 140
4 159
4 184
4 200
4 209
4 210
4 236
4 240
4 244
4 261
4 268
4 271
4 288
4 305
4 309
4 323
4 325
4 349
4 376
4 383
4 405
4 427
4 431
4 467
4 488
5 28
5 40
5 57
5 60
5 69
5 78
5 79
5 81
5 123
5 150
5 180
5 185
5 192
5 196
5 226
5 235
5 293
5 301
5 304
5 318
5 337
5 368
5 472
5 474
5 499
6 12
6 13
6 23
6 35
6 61
6 68
6 74
6 92
6 93
6 95
6 113
6 125
6 132
6 144
6 165
6 166
6 185
6 220
6 225
6 231
6 241
6 242
6 351
6 378
6 407
6 411
6 430
6 446
6 448
6 449
7 20
7 22
7 51
7 66
7 80
7 117
7 159
7 179
7 191
7 195
7 201
7 213
7 218
7 234
7 243
7 257
7 342
7 345
7 380
7 443
7 480
8 9
8 11
8 13
8 15
8 33
8 48
8 138
8 145
8 178
8 179
8 338
8 341
8 382
8 406
8 437
9 16
9 130
9 190
10 52
10 59
10 61
10 82
10 91
10 97
10 107
10 142
10 281
10 283
10 289
10 434
11 17
11 22
11 65
11 76
11 137
11 201
11 214
11 225
11 246
11 251
11 279
11 364
12 15
12 38
12 41
12 48
12 58
12 103
12 105
12 153
12 260
12 320
12 393
12 480
12 483
12 493
13 36
14 50
14 51
14 74
14 248
15 27
15 114
16 161
16 422
16 424
17 26
17 29
17 72
17 190
17 325
17 450
18 23
18 64
18 97
18 114
18 150
18 236
18 353
18 376
18 435
19 116
19 120
19 146
19 212
19 232
19 262
19 284
19 352
21 264
22 30
22 42
22 92
22 112
22 119
22 165
22 315
22 342
23 52
23 67
23 86
23 151
23 168
23 211
23 256
23 270
23 286
23 296
23 330
23 350
23 369
23 399
23 453
24 81
24 113
24 174
24 302
24 348
24 398
25 38
25 40
25 43
25 70
25 87
25 131
25 262
25 295
25 356
25 362
25 370
25 406
25 488
26 44
26 73
26 94
26 103
26 106
26 193
26 278
26 345
27 86
27 228
27 246
27 323
27 394
28 47
28 67
28 83
28 85
28 89
28 106
28 110
28 130
28 152
28 181
28 285
28 316
28 445
29 139
29 141
29 158
29 259
29 425
30 32
30 64
30 148
30 239
30 248
30 287
31 45
31 50
31 94
31 101
31 126
31 232
31 259
31 463
31 467
31 479
33 198
34 65
34 75
34 78
34 155
34 169
34 310
34 433
34 448
37 187
37 249
38 85
38 178
38 182
38 183
38 260
38 314
38 364
38 367
38 468
38 479
39 45
39 207
39 213
39 288
39 403
39 414
40 68
40 122
40 124
40 153
40 163
40 251
40 275
40 307
40 333
40 357
40 393
40 445
40 484
41 98
41 102
41 133
41 163
41 224
41 241
41 243
41 270
41 281
41 321
41 452
42 265
43 237
43 464
45 55
45 59
45 66
45 171
45 173
45 188
45 305
45 449
45 457
46 58
46 308
47 99
47 125
47 129
47 358
47 408
48 63
48 71
48 181
48 252
48 316
49 54
49 80
49 84
49 107
49 108
49 189
49 265
49 361
49 418
49 437
49 444
50 60
50 96
50 104
50 135
50 161
50 199
50 210
50 255
50 273
50 287
50 319
50 382
51 54
51 63
51 142
51 148
51 263
51 274
51 292
51 329
51 343
51 354
51 401
51 410
51 496
52 56
52 84
52 109
52 136
52 149
52 184
52 196
53 121
53 157
53 191
53 211
53 472
53 477
54 111
54 115
54 223
54 332
56 70
56 290
57 101
57 112
57 235
57 355
58 120
58 208
58 282
58 328
58 478
59 127
60 122
60 152
60 434
61 337
62 83
62 90
62 98
62 136
62 171
62 204
62 249
62 340
62 461
63 230
63 245
63 280
63 446
64 215
64 269
64 370
64 463
64 466
65 245
65 327
66 239
68 71
69 140
69 143
69 299
69 334
70 162
70 237
70 242
70 409
71 365
71 487
72 183
72 195
72 203
73 359
73 368
74 291
75 226
75 367
75 401
76 77
76 157
77 105
77 187
77 462
80 440
82 175
82 280
82 346
83 121
83 128
83 147
83 173
83 174
83 202
83 315
83 391
83 395
83 458
84 494
85 99
87 100
87 147
87 208
87 417
87 450
88 295
89 255
90 137
90 145
91 138
91 154
91 170
91 177
91 205
91 216
91 272
91 284
91 300
91 311
91 386
91 417
91 453
92 498
93 300
94 228
95 373
96 131
96 170
96 216
97 111
97 222
97 247
97 438
99 277
99 363
100 169
100 357
100 377
100 392
100 419
100 429
100 441
100 471
101 108
101 149
101 197
102 206
102 412
103 144
104 154
104 167
104 340
104 421
105 266
105 322
105 355
105 373
106 133
106 186
106 294
106 389
108 359
108 407
110 172
111 118
111 141
111 271
111 363
113 197
113 372
114 175
114 218
114 322
114 366
115 126
115 254
116 231
116 238
117 123
117 198
117 250
117 423
117 493
118 403
119 134
119 244
120 283
120 384
121 289
122 151
122 402
123 160
124 132
124 267
124 444
124 497
125 451
125 460
128 156
128 469
129 217
129 273
130 317
130 422
131 155
131 176
132 227
132 234
132 415
133 212
136 442
138 329
138 395
138 405
139 306
142 314
142 332
142 416
143 408
144 346
144 385
144 411
144 418
145 460
146 206
148 156
148 207
148 229
148 278
149 160
149 404
149 412
149 432
149 473
151 224
152 180
152 193
153 414
156 328
157 177
157 220
157 369
157 399
159 182
160 168
160 219
160 256
160 267
162 214
162 331
163 261
163 372
164 429
165 327
165 410
166 485
166 492
167 294
167 433
169 360
169 397
171 456
174 309
174 452
176 204
178 257
178 425
179 233
179 481
180 334
180 358
182 462
184 215
184 227
184 360
184 413
185 354
187 341
188 397
189 459
190 194
190 230
190 258
190 443
190 492
194 238
195 200
195 221
195 285
195 420
196 302
196 304
196 438
197 436
198 217
199 336
200 264
200 312
200 321
200 415
200 465
200 469
200 470
200 489
202 318
202 365
202 377
202 475
203 247
204 299
204 400
205 326
205 441
206 324
207 229
207 266
207 275
207 306
207 381
207 475
210 268
211 361
212 269
213 352
213 390
214 258
215 459
215 482
217 221
217 455
219 222
219 286
223 298
223 353
223 451
224 253
225 276
225 432
227 252
227 312
227 336
227 396
227 468
228 426
229 384
229 454
230 250
230 254
230 319
233 371
235 471
237 291
237 366
238 420
244 400
244 461
245 277
247 279
248 263
252 476
253 421
254 489
255 349
256 282
256 292
258 344
259 347
259 387
259 473
260 297
260 298
260 350
261 447
262 313
263 394
265 308
265 335
266 356
267 392
267 490
274 436
276 293
279 447
280 498
283 339
283 396
289 290
290 333
294 485
304 348
306 338
308 455
310 347
310 439
312 431
313 326
313 428
314 413
326 481
330 374
333 378
334 379
335 339
337 426
340 386
344 351
359 375
364 430
364 495
365 390
366 495
367 374
370 470
371 383
371 402
377 379
378 476
382 487
391 458
392 435
395 419
401 464
413 416
421 428
431 497
440 486
440 491
445 456
448 486
450 454
459 484
472 494
483 491
486 496
