0 1
0 13
0 31
0 752
1 2
1 3
1 4
1 14
1 18
1 24
1 29
1 72
1 80
1 82
1 104
1 109
1 110
1 132
1 140
1 149
1 152
1 161
1 168
1 179
1 265
1 276
1 278
1 283
1 304
1 333
1 448
1 473
1 474
1 524
1 559
1 704
1 735
1 794
1 821
1 840
1 856
1 991
2 5
2 6
2 7
2 34
2 45
2 55
2 79
2 83
2 95
2 126
2 142
2 167
2 192
2 237
2 307
2 317
2 497
2 588
2 747
2 797
2 813
2 831
2 841
2 865
2 892
2 927
3 9
3 19
3 118
3 130
3 154
3 199
3 207
3 270
3 528
3 612
3 854
3 926
4 27
4 37
4 49
4 282
4 343
4 697
4 751
4 963
6 17
6 35
6 38
6 219
6 375
6 480
6 494
6 522
6 674
7 8
7 10
7 26
7 36
7 46
7 68
7 129
7 133
7 244
7 331
7 347
7 399
7 413
7 671
7 688
7 987
8 23
8 59
8 99
8 113
8 165
8 213
8 429
8 529
8 980
8 996
9 11
9 12
9 15
9 20
9 22
9 33
9 40
9 42
9 52
9 62
9 65
9 70
9 76
9 81
9 102
9 117
9 125
9 135
9 136
9 139
9 143
9 144
9 159
9 162
9 176
9 180
9 203
9 279
9 309
9 345
9 349
9 390
9 406
9 423
9 467
9 506
9 517
9 530
9 534
9 545
9 548
9 555
9 561
9 567
9 595
9 633
9 663
9 768
9 777
9 783
10 316
11 21
11 183
11 234
11 340
11 449
11 502
11 521
12 187
12 255
12 328
12 332
12 421
12 438
12 471
12 605
12 635
12 667
12 675
12 681
13 16
13 41
13 43
13 44
13 51
13 66
13 84
13 98
13 105
13 112
13 241
13 257
13 401
13 457
13 465
13 537
13 553
13 584
13 611
13 767
13 891
13 998
14 812
15 315
15 544
16 74
17 47
17 470
17 533
17 859
17 860
20 32
20 101
20 193
20 204
20 242
20 245
20 292
20 306
20 450
20 512
20 563
20 574
20 641
20 684
20 713
20 971
20 984
22 287
22 325
22 730
22 829
23 25
23 56
23 153
23 163
23 173
23 272
23 356
23 370
23 381
23 488
23 492
23 510
23 576
24 30
24 54
24 216
24 289
24 291
25 28
25 146
25 334
25 358
25 766
26 215
26 353
26 645
28 60
28 78
28 188
28 297
28 336
28 419
28 445
28 527
29 344
29 572
29 792
30 39
30 96
30 107
30 134
30 313
30 318
30 583
30 619
30 651
30 653
30 834
30 911
31 148
31 209
31 266
31 542
32 64
32 157
32 428
32 487
32 504
32 925
33 58
33 302
33 511
33 900
34 73
34 87
34 177
34 190
34 201
34 327
34 490
34 515
34 774
34 947
35 53
35 57
35 71
35 88
35 111
35 218
35 296
35 513
36 417
36 636
37 48
37 114
37 121
37 164
37 175
37 239
37 240
37 303
37 373
37 566
37 623
37 657
37 787
37 795
37 964
38 661
39 186
39 260
39 749
39 958
42 238
42 798
42 972
43 63
43 368
45 182
46 50
46 61
46 89
46 267
46 312
46 620
46 650
46 683
47 442
47 462
47 755
48 67
48 103
49 151
49 214
49 420
49 729
49 880
49 966
50 194
50 314
52 145
53 92
53 259
53 273
53 335
53 363
53 383
53 482
53 634
53 658
53 804
53 959
54 169
54 254
54 355
54 414
54 478
54 610
55 491
56 108
56 928
58 463
59 477
60 184
60 264
60 552
61 206
61 582
61 918
61 994
62 69
62 77
62 115
62 147
62 231
62 310
62 531
62 638
62 701
62 746
62 929
63 90
63 93
63 320
63 338
63 901
63 917
64 91
64 131
64 505
65 85
65 116
65 378
65 495
65 914
67 261
67 393
69 75
69 128
69 191
69 249
69 443
69 509
70 97
70 171
70 181
70 290
70 659
71 198
71 211
71 230
71 293
71 329
71 337
71 408
71 431
71 733
71 954
72 330
72 981
73 607
74 778
75 106
75 119
75 195
75 248
75 326
75 379
75 456
78 86
78 100
78 174
78 189
78 262
78 284
78 411
78 579
78 617
78 737
78 811
79 94
80 281
80 547
81 137
82 225
84 178
85 503
85 549
85 560
85 879
86 246
86 715
87 550
87 985
88 160
88 286
88 466
88 734
88 946
89 366
89 685
89 885
91 158
91 256
92 208
92 367
92 608
92 784
94 587
94 833
95 120
95 138
95 742
96 364
96 670
97 170
97 570
99 202
101 221
101 229
101 258
104 404
104 600
104 625
107 122
107 123
108 665
109 805
111 166
111 311
111 410
111 498
112 955
114 124
114 127
114 425
114 594
114 599
114 702
114 839
114 888
114 896
115 394
115 788
115 903
116 205
116 475
116 780
116 910
117 412
117 416
117 654
117 851
117 889
117 982
119 388
121 632
123 739
123 802
127 210
127 342
127 455
131 156
131 359
132 656
132 689
133 519
134 141
134 967
136 197
136 872
138 380
138 424
138 433
138 627
138 970
140 150
140 236
140 589
140 714
141 155
141 644
143 940
144 271
144 346
144 486
144 539
144 603
144 615
144 758
144 809
145 348
145 476
146 418
147 781
149 628
151 196
152 172
152 212
153 223
153 444
153 454
156 252
156 351
156 604
156 761
156 995
159 227
159 268
159 514
159 666
163 575
163 847
164 350
164 451
164 562
164 613
164 639
165 224
165 247
165 753
165 945
166 744
168 369
169 185
169 867
170 217
170 722
171 274
171 790
171 842
171 882
171 969
172 447
172 849
174 405
174 796
174 877
175 883
176 200
176 354
176 361
176 441
176 484
176 573
176 825
176 973
178 232
178 580
178 816
178 869
179 738
180 228
181 277
181 843
182 682
183 220
183 894
184 776
187 748
189 222
189 426
189 499
189 568
189 652
189 786
189 863
190 233
191 298
191 324
191 376
191 402
191 407
191 556
191 680
194 235
195 251
195 822
196 430
197 577
197 630
199 243
202 500
205 226
205 322
206 269
207 757
207 978
209 263
209 458
209 483
209 664
210 280
210 707
210 823
211 295
211 526
213 397
214 253
214 850
215 427
215 507
216 461
219 294
219 676
225 299
225 479
225 760
225 961
226 434
226 944
227 695
228 384
228 540
229 395
230 725
230 772
233 250
235 810
236 711
238 365
238 432
238 578
238 902
239 818
241 288
241 389
241 403
242 323
242 360
242 606
242 646
244 986
245 436
246 440
246 485
247 727
247 906
248 285
249 437
250 912
253 668
254 341
255 275
255 922
257 875
259 782
260 301
260 520
262 468
262 700
264 489
267 508
267 516
269 913
273 799
276 305
278 785
280 377
280 385
280 621
282 824
283 308
285 391
285 763
285 876
286 339
286 765
286 938
287 469
287 593
287 721
287 724
287 957
290 439
293 800
293 853
297 300
299 386
299 596
299 647
301 481
301 532
301 678
301 679
301 712
301 717
301 820
301 915
304 382
304 893
305 398
305 523
308 319
308 321
309 352
309 643
309 827
310 601
313 415
318 924
319 586
321 719
323 943
324 899
325 919
326 554
327 585
328 642
335 357
335 501
335 546
335 631
336 371
336 435
336 536
336 543
337 789
337 803
337 807
339 362
339 387
340 409
343 452
345 923
349 372
349 400
349 699
349 881
352 908
353 374
353 793
356 460
358 953
359 422
361 518
361 581
361 698
361 909
362 988
363 975
366 855
367 392
368 396
371 775
372 551
372 952
373 446
373 655
376 871
379 525
379 743
379 974
380 870
382 705
383 838
383 861
383 960
384 992
386 764
388 569
389 472
394 649
394 693
394 708
394 832
396 538
398 453
398 878
399 756
399 939
401 736
402 464
402 696
403 703
403 732
407 718
408 937
409 941
413 950
415 629
420 904
422 692
422 771
424 759
427 626
427 662
427 874
430 687
430 815
430 934
431 740
432 648
432 762
436 791
438 459
440 706
441 557
441 640
443 558
443 624
443 808
445 949
446 837
449 602
450 806
450 886
452 597
452 826
452 897
454 672
456 690
461 999
462 571
464 493
469 565
469 933
469 956
480 951
485 710
485 873
486 618
488 496
488 535
488 716
489 637
489 754
490 669
490 848
490 868
492 976
505 907
515 731
515 844
518 541
518 591
518 686
518 720
518 750
518 905
521 962
522 728
528 590
530 779
531 723
531 819
531 921
533 846
537 993
545 564
546 609
547 932
558 864
558 989
558 990
563 694
566 592
568 745
569 616
572 935
574 866
576 677
577 916
588 598
588 931
591 828
594 622
597 814
598 660
600 614
601 857
603 709
614 977
615 691
629 726
633 965
635 920
640 835
641 936
651 673
657 979
661 801
681 741
687 769
715 773
721 817
722 836
730 997
733 830
734 862
736 852
738 858
752 770
754 890
773 942
782 884
809 845
845 887
850 983
857 895
865 968
891 898
904 930
931 948
