0 1
0 2
0 3
0 4
0 5
0 6
0 8
0 9
0 12
0 17
0 18
0 23
0 26
0 31
0 40
0 45
0 51
0 52
0 57
0 63
0 65
0 68
0 69
0 71
0 76
0 98
0 99
0 101
0 110
0 126
0 160
0 165
0 200
0 205
0 214
0 217
0 270
0 292
0 306
0 344
0 346
0 366
0 378
0 379
0 405
0 419
0 444
0 447
0 480
0 523
0 547
0 571
0 603
0 648
0 677
0 679
0 706
0 722
0 729
0 741
0 745
0 796
0 878
0 906
0 923
0 965
0 973
0 974
1 3
1 4
1 7
1 8
1 28
1 44
1 47
1 54
1 60
1 67
1 80
1 105
1 113
1 179
1 203
1 207
1 210
1 256
1 271
1 273
1 298
1 304
1 342
1 396
1 412
1 431
1 432
1 472
1 516
1 548
1 552
1 586
1 589
1 608
1 638
1 697
1 721
1 786
1 811
1 823
1 857
2 74
2 83
2 254
2 356
2 586
2 606
2 680
2 727
3 5
3 6
3 14
3 37
3 38
3 41
3 42
3 46
3 59
3 69
3 75
3 80
3 81
3 98
3 114
3 117
3 131
3 140
3 157
3 212
3 221
3 223
3 224
3 230
3 258
3 267
3 287
3 321
3 425
3 435
3 441
3 452
3 453
3 466
3 486
3 495
3 510
3 599
3 639
3 646
3 742
3 753
3 757
3 816
3 824
3 838
3 899
3 933
4 9
4 10
4 26
4 38
4 42
4 62
4 64
4 78
4 103
4 110
4 112
4 117
4 146
4 201
4 227
4 272
4 273
4 285
4 351
4 426
4 493
4 497
4 529
4 604
4 623
4 676
4 700
4 726
4 778
4 834
4 843
5 7
5 13
5 23
5 39
5 52
5 54
5 62
5 160
5 275
5 309
5 372
5 397
5 400
5 408
5 460
5 527
5 546
5 567
5 598
5 612
5 640
5 761
6 106
6 142
7 11
7 73
7 141
7 207
7 257
7 289
7 297
7 347
7 364
7 436
7 647
7 789
7 868
7 892
7 941
8 14
8 22
8 101
8 112
8 174
8 185
8 194
8 306
8 320
8 454
8 882
9 10
9 12
9 13
9 16
9 17
9 20
9 28
9 29
9 33
9 37
9 39
9 41
9 47
9 49
9 53
9 56
9 74
9 77
9 82
9 95
9 99
9 106
9 115
9 127
9 130
9 133
9 139
9 153
9 154
9 170
9 186
9 192
9 209
9 229
9 232
9 282
9 285
9 286
9 287
9 293
9 333
9 343
9 344
9 345
9 349
9 364
9 379
9 382
9 387
9 391
9 401
9 458
9 474
9 478
9 497
9 549
9 559
9 563
9 610
9 617
9 638
9 667
9 686
9 691
9 692
9 698
9 699
9 740
9 741
9 759
9 775
9 781
9 797
9 806
9 858
9 870
9 889
9 902
9 931
9 961
10 11
10 15
10 16
10 20
10 27
10 30
10 32
10 34
10 46
10 58
10 59
10 70
10 71
10 95
10 97
10 149
10 152
10 153
10 173
10 179
10 208
10 242
10 252
10 255
10 258
10 276
10 297
10 303
10 305
10 335
10 367
10 377
10 378
10 384
10 392
10 407
10 472
10 491
10 585
10 594
10 601
10 605
10 658
10 662
10 668
10 787
10 832
10 838
10 842
10 864
10 913
10 915
10 930
10 959
10 965
10 984
11 19
11 21
11 22
11 24
11 40
11 92
11 162
11 182
11 191
11 205
11 236
11 246
11 257
11 262
11 380
11 416
11 419
11 487
11 564
11 770
11 866
12 24
12 35
12 43
12 49
12 89
12 114
12 171
12 226
12 232
12 238
12 247
12 250
12 302
12 308
12 420
12 444
12 566
12 681
12 728
12 738
12 875
13 48
13 70
13 72
13 75
13 79
13 109
13 170
13 184
13 311
13 457
13 461
13 506
13 527
13 646
13 655
13 904
14 15
14 25
14 27
14 33
14 48
14 61
14 89
14 102
14 121
14 148
14 162
14 187
14 196
14 238
14 283
14 377
14 433
14 514
14 516
14 533
14 578
14 731
14 825
14 839
14 865
14 918
14 922
14 991
15 18
15 21
15 50
15 51
15 66
15 100
15 142
15 171
15 187
15 215
15 260
15 315
15 355
15 356
15 371
15 398
15 445
15 451
15 642
15 655
15 661
15 683
15 708
15 779
15 969
15 979
16 93
16 155
16 230
16 253
16 292
16 526
16 631
16 760
16 876
16 911
16 923
17 19
17 32
17 34
17 55
17 100
17 188
17 438
17 459
17 733
17 873
17 912
17 996
18 36
18 198
18 329
18 742
19 25
19 30
19 135
19 675
19 711
20 84
20 111
20 119
20 125
20 194
20 276
20 307
20 309
20 324
20 414
20 517
20 520
20 570
20 688
20 788
20 952
20 964
21 58
21 78
21 96
21 163
21 215
21 216
21 300
21 312
21 353
21 393
21 406
21 574
21 764
21 817
21 987
21 998
22 35
22 50
22 86
22 144
22 268
22 316
22 350
22 385
22 427
22 453
22 593
22 872
22 886
22 894
22 895
23 45
23 76
23 77
23 82
23 97
23 104
23 113
23 145
23 168
23 180
23 181
23 248
23 317
23 322
23 328
23 358
23 395
23 446
23 456
23 528
23 529
23 543
23 574
23 744
23 885
23 929
23 933
23 937
23 957
24 29
24 43
24 44
24 64
24 83
24 84
24 88
24 93
24 181
24 210
24 271
24 318
24 334
24 339
24 362
24 394
24 415
24 458
24 468
24 470
24 494
24 555
24 575
24 581
24 585
24 592
24 609
24 647
24 669
24 683
24 805
25 53
25 177
26 31
26 120
26 169
26 222
26 225
26 300
26 700
26 722
26 849
27 66
27 67
27 72
27 104
27 459
27 642
27 799
27 835
28 56
29 65
29 127
29 150
29 302
29 308
29 357
29 554
29 587
29 712
29 717
30 184
32 164
32 284
32 348
32 386
32 591
32 770
33 68
33 175
33 202
33 454
33 540
33 641
33 795
33 986
34 36
34 57
34 130
34 254
34 362
34 571
34 589
35 91
35 200
35 219
35 321
35 934
36 55
36 225
36 305
36 816
37 118
37 123
37 131
37 157
37 197
37 237
37 259
37 410
37 519
37 692
37 734
37 759
37 776
38 120
38 122
38 124
38 128
38 133
38 211
38 243
38 253
38 263
38 270
38 294
38 790
38 932
38 934
39 63
39 105
39 143
39 293
39 496
39 773
39 968
40 96
40 414
40 431
40 502
40 687
40 707
40 749
41 108
41 135
41 320
41 340
42 107
42 137
42 394
43 134
43 236
43 484
43 526
43 663
44 255
44 314
44 514
45 108
45 189
45 525
46 352
46 479
46 596
46 657
47 143
47 151
47 203
47 228
47 357
47 438
47 439
47 465
47 615
47 747
47 866
47 971
48 152
48 188
48 195
48 355
48 383
48 422
48 666
48 982
48 989
49 764
49 872
50 87
50 118
50 158
50 211
50 330
50 938
51 159
51 442
51 522
51 877
51 924
52 231
53 336
54 90
54 129
54 163
54 233
54 434
54 664
54 904
54 987
55 226
55 475
55 679
55 869
56 60
56 61
56 116
56 208
56 577
56 640
58 686
58 955
59 81
59 94
59 190
59 299
59 551
59 945
59 967
60 146
61 85
61 714
61 990
63 860
64 79
64 88
64 137
64 156
64 422
64 577
64 609
64 909
64 966
65 185
65 227
65 370
65 771
66 86
66 116
66 228
66 251
66 515
66 575
66 659
66 733
66 959
67 345
67 404
67 654
67 792
68 870
69 90
69 94
69 199
69 317
69 360
69 363
69 426
69 460
69 487
69 790
70 252
70 310
70 822
72 73
72 85
72 134
72 166
72 282
72 333
72 366
72 528
72 735
72 752
72 801
72 879
72 884
73 87
73 233
73 338
73 483
73 542
73 562
73 842
74 332
75 103
75 109
75 119
75 147
75 196
75 265
75 406
75 543
75 555
75 562
75 570
75 588
75 639
75 696
75 707
75 710
75 807
75 820
76 277
76 607
77 122
77 291
77 332
77 353
77 463
77 610
77 622
77 792
77 830
78 91
78 107
78 307
78 553
78 641
78 858
79 736
80 175
81 223
81 234
81 249
81 294
81 949
82 767
83 123
83 155
83 159
83 168
83 176
83 195
83 374
83 478
83 624
83 917
83 963
84 370
84 462
84 483
84 751
85 125
85 132
85 272
85 327
85 612
86 149
86 183
87 92
87 111
87 144
87 373
87 602
87 690
87 928
87 995
88 102
88 633
88 908
89 121
89 136
89 268
89 595
89 616
89 982
90 204
90 269
90 519
90 690
90 835
93 115
93 136
93 141
93 156
93 161
93 165
93 220
93 323
93 471
93 509
93 538
93 680
93 887
94 128
94 138
94 148
94 164
94 167
94 249
94 288
94 346
94 594
94 670
94 750
94 803
94 888
95 423
95 481
96 139
96 182
96 465
96 505
96 725
96 800
98 154
98 245
98 295
98 354
98 445
98 537
98 850
98 853
99 150
99 298
99 381
99 402
99 709
99 716
99 946
100 339
100 361
101 124
102 798
104 243
104 389
104 550
104 717
105 129
105 240
105 477
105 678
106 280
106 819
106 931
107 173
107 183
107 221
107 267
107 351
107 439
107 450
107 583
107 649
107 650
107 714
107 794
107 901
107 911
108 466
108 482
108 603
108 653
108 702
110 380
110 561
111 614
111 808
111 831
111 886
112 216
112 335
113 145
113 696
113 780
113 874
114 240
114 798
115 126
115 191
115 206
115 318
115 434
115 542
115 660
117 213
117 239
117 485
117 557
117 567
117 678
117 903
118 343
118 544
118 645
118 649
118 674
118 783
119 327
119 801
120 140
120 151
120 193
120 350
120 409
120 443
120 545
120 572
120 756
120 830
120 834
120 924
120 937
120 964
121 261
121 402
122 361
122 880
123 132
123 178
123 218
123 247
123 266
123 359
123 368
123 513
123 539
123 804
123 821
123 845
123 884
123 970
124 266
125 501
126 608
129 186
129 222
129 265
129 290
129 296
129 428
129 469
129 573
129 947
130 206
130 277
130 883
130 984
131 158
131 172
131 280
131 404
131 455
131 643
131 701
131 812
132 138
132 274
132 316
132 518
132 662
132 977
132 980
133 177
133 348
133 372
133 839
134 178
134 371
134 479
134 659
134 935
134 950
135 405
135 748
136 147
136 174
136 190
136 192
136 262
136 289
136 313
136 342
136 427
136 503
136 621
136 636
136 793
136 928
138 180
138 281
138 433
138 467
139 193
139 539
139 719
139 968
140 235
140 323
140 492
140 936
141 224
141 328
141 354
141 530
141 739
141 828
141 899
142 220
142 241
142 324
142 661
142 809
144 217
144 299
144 590
144 755
144 784
144 812
144 994
145 421
145 588
145 881
145 983
146 161
146 167
146 269
146 424
146 484
146 606
146 626
146 635
146 716
146 724
146 796
146 829
147 231
147 395
147 552
147 637
148 620
148 929
149 234
149 493
149 737
149 925
150 347
150 376
150 541
150 556
151 512
152 369
152 467
152 689
152 693
152 927
155 204
155 469
155 878
156 169
156 199
156 213
156 401
156 408
156 833
157 817
158 166
158 259
158 290
158 521
158 524
158 763
159 172
159 212
159 237
159 517
159 761
159 864
160 500
162 634
163 218
163 303
163 375
163 421
164 176
164 242
164 311
166 416
166 857
167 633
167 960
168 245
168 256
168 376
168 418
168 504
168 581
168 627
168 643
168 772
169 261
169 359
169 814
169 824
170 455
170 457
170 492
170 729
170 800
170 823
171 530
171 732
172 396
173 375
173 485
174 251
174 260
174 301
174 341
174 411
174 533
174 550
174 621
175 489
175 644
175 656
175 718
175 726
175 974
176 583
176 847
177 879
177 995
179 219
180 532
182 437
182 499
182 913
183 584
184 241
184 461
184 962
185 657
185 777
185 855
186 189
186 229
186 890
187 201
187 779
189 197
189 301
189 420
189 584
189 664
190 827
191 263
191 593
191 861
191 903
192 202
192 250
192 397
192 443
192 656
192 710
192 782
193 326
193 384
193 765
194 198
194 846
195 673
196 525
196 677
196 772
197 283
197 326
197 476
197 945
198 278
198 515
198 711
198 861
198 948
198 953
199 264
199 278
199 360
199 425
199 566
200 413
200 510
200 511
200 549
200 880
200 910
203 723
204 209
204 694
204 998
205 956
206 312
206 325
206 358
206 363
206 448
206 652
207 389
207 399
207 718
208 295
208 374
208 841
209 244
209 246
209 392
209 474
209 785
209 894
209 958
212 338
213 214
213 330
213 522
213 791
213 907
217 239
217 432
218 319
220 281
220 286
220 590
220 592
220 648
220 701
220 788
220 898
221 248
221 313
221 666
221 901
221 938
221 997
222 386
223 329
223 635
223 852
224 235
224 291
225 275
226 296
227 369
227 409
227 440
227 819
228 546
228 895
229 582
230 334
230 925
232 381
232 393
232 447
233 274
233 670
234 456
234 765
238 508
238 693
239 600
239 758
239 877
240 322
240 435
241 288
241 505
241 663
241 685
242 244
242 319
242 340
242 556
243 477
245 284
245 470
245 553
245 713
245 885
245 893
247 391
247 818
248 337
248 921
249 325
252 500
252 560
252 626
253 264
254 532
255 628
255 916
256 279
256 399
256 535
256 547
256 591
256 652
256 705
256 797
256 882
256 889
257 390
258 430
258 600
259 534
259 846
261 534
261 671
261 991
262 411
263 630
266 449
266 628
266 821
267 365
267 476
267 554
267 557
267 943
268 310
268 536
268 580
269 331
269 813
270 373
271 279
271 314
271 331
271 352
271 430
271 440
271 565
271 611
271 774
273 471
273 990
275 490
275 754
278 423
278 654
280 407
280 452
280 754
281 336
281 383
281 400
281 428
281 631
281 705
281 747
281 809
284 451
286 985
287 385
289 482
289 496
289 715
289 922
290 365
290 597
290 768
291 751
291 755
292 490
292 507
292 668
293 446
293 488
293 611
293 613
293 906
293 926
294 403
295 604
297 802
299 630
299 644
299 776
299 874
300 304
301 902
301 942
302 341
303 442
305 545
307 367
307 410
308 767
309 769
310 480
311 368
311 390
311 769
312 315
312 507
312 782
314 756
314 972
315 424
315 625
317 382
317 559
317 565
317 774
317 849
318 349
318 919
319 521
320 563
320 568
320 607
320 691
321 619
322 999
323 699
323 703
325 818
325 908
327 737
327 852
327 977
328 417
328 473
330 495
331 871
331 978
333 720
333 930
335 337
335 418
335 491
335 508
335 650
335 740
335 848
337 997
338 568
340 417
340 489
340 502
340 572
340 627
340 799
340 920
340 970
342 388
342 473
342 674
342 813
342 862
343 541
343 723
345 946
347 665
347 926
349 441
349 523
349 827
350 750
351 448
351 596
351 653
351 727
352 645
353 494
353 843
354 388
354 518
354 531
356 808
356 845
357 398
357 576
357 695
357 825
358 429
358 437
358 618
358 971
359 989
360 743
360 975
361 587
362 634
363 667
364 412
365 564
366 672
368 387
368 569
369 940
370 403
370 918
371 867
371 962
372 506
373 958
376 675
377 524
377 637
380 920
380 986
381 580
381 802
382 548
382 689
382 967
383 468
383 704
392 462
392 687
393 829
397 558
398 713
399 598
399 615
401 415
402 413
404 810
405 573
405 950
407 684
407 960
408 536
411 449
411 498
413 503
413 511
413 531
414 676
416 915
417 429
419 509
421 578
421 617
421 669
421 793
422 632
422 892
423 464
423 682
423 994
424 538
427 436
427 784
429 535
430 463
432 909
432 956
433 504
433 605
435 636
435 972
436 815
437 983
438 481
439 450
439 513
441 498
441 595
441 775
442 651
442 703
442 787
443 475
444 486
445 561
445 791
446 537
447 464
448 499
451 975
452 620
452 694
453 780
453 891
456 560
456 844
457 753
461 749
461 949
464 488
464 783
465 744
466 746
467 551
467 632
467 961
471 616
471 897
474 685
474 720
474 832
476 672
480 735
481 760
482 512
484 715
489 599
489 614
490 957
491 619
491 789
493 622
496 501
498 855
501 807
501 876
501 900
501 940
501 996
502 623
502 712
505 728
508 688
510 822
512 665
515 811
517 803
519 520
519 869
523 625
523 856
526 579
526 907
528 859
528 978
530 540
532 544
533 766
538 763
539 695
540 602
540 777
542 731
542 773
544 597
544 963
545 576
545 914
547 629
547 979
548 837
549 681
549 732
549 785
551 860
553 558
553 569
553 660
555 618
559 582
559 804
560 746
565 981
568 844
568 948
571 613
571 725
571 752
571 951
572 840
573 579
573 859
573 916
578 671
578 762
579 629
580 601
580 757
581 768
582 806
582 981
583 682
583 881
584 734
584 851
584 927
584 988
584 992
585 805
586 891
598 624
598 706
599 854
600 702
600 851
601 794
602 758
602 841
605 856
605 952
608 910
608 912
609 721
609 921
613 828
615 719
616 736
616 837
619 854
619 905
627 748
629 745
631 684
632 697
634 795
636 762
639 658
639 863
639 898
641 651
642 730
642 883
643 673
643 896
646 698
646 820
647 992
649 708
650 875
654 939
658 897
660 947
663 840
663 943
663 993
666 932
669 850
669 914
669 944
676 985
679 743
682 848
687 724
688 771
689 917
691 865
695 730
695 941
697 871
701 704
701 739
702 709
703 847
708 781
710 954
718 826
719 766
724 831
724 976
725 738
727 936
727 944
736 939
738 888
738 993
744 890
747 778
751 786
757 814
758 863
760 896
761 815
765 810
769 900
780 867
786 853
794 826
794 935
798 836
816 873
816 887
817 836
817 954
817 980
832 833
835 969
836 893
837 951
839 976
841 862
850 966
851 999
861 868
862 988
873 973
874 955
890 905
908 953
909 919
920 942
