0 1
0 2
0 3
0 4
0 5
0 6
0 7
0 10
0 11
0 13
0 14
0 15
0 20
0 22
0 23
0 27
0 31
0 32
0 33
0 36
0 40
0 43
0 44
0 45
0 47
0 48
0 50
0 53
0 55
0 56
0 71
0 96
0 99
0 100
0 103
0 116
0 123
0 133
0 150
0 153
0 155
0 162
0 188
0 191
0 202
0 205
0 220
0 225
0 229
0 230
0 240
0 243
0 261
0 273
0 278
0 283
0 290
0 292
0 299
0 303
0 306
0 307
0 317
0 336
0 344
0 350
0 352
0 365
0 372
0 379
0 385
0 388
0 389
0 392
0 394
0 398
0 432
0 439
0 460
0 481
0 485
0 510
0 538
0 589
0 616
0 626
0 629
0 630
0 649
0 693
0 710
0 713
0 734
0 740
0 760
0 834
0 838
0 842
0 848
0 863
0 881
0 895
0 905
0 917
0 935
0 950
0 964
1 5
1 6
1 7
1 8
1 13
1 15
1 17
1 18
1 20
1 25
1 26
1 28
1 33
1 48
1 52
1 64
1 68
1 71
1 81
1 87
1 100
1 124
1 133
1 140
1 145
1 146
1 147
1 158
1 162
1 179
1 192
1 222
1 259
1 277
1 293
1 321
1 322
1 328
1 373
1 416
1 420
1 426
1 435
1 437
1 443
1 448
1 450
1 455
1 456
1 459
1 462
1 490
1 495
1 509
1 525
1 548
1 571
1 621
1 642
1 663
1 667
1 673
1 706
1 741
1 782
1 852
1 883
1 884
1 931
1 998
2 5
2 11
2 22
2 35
2 50
2 54
2 81
2 98
2 113
2 135
2 148
2 188
2 200
2 203
2 209
2 249
2 304
2 352
2 394
2 514
2 589
2 738
2 741
2 742
2 800
2 835
2 915
3 6
3 10
3 11
3 12
3 16
3 33
3 47
3 51
3 58
3 60
3 81
3 87
3 91
3 112
3 114
3 115
3 151
3 234
3 246
3 256
3 303
3 427
3 490
3 516
3 525
3 563
3 622
3 656
3 762
3 774
3 899
4 5
4 7
4 8
4 9
4 12
4 19
4 23
4 30
4 35
4 43
4 46
4 70
4 94
4 109
4 110
4 114
4 159
4 199
4 202
4 203
4 218
4 220
4 258
4 314
4 329
4 356
4 383
4 397
4 402
4 421
4 460
4 495
4 519
4 522
4 536
4 545
4 570
4 602
4 613
4 630
4 636
4 658
4 680
4 682
4 690
4 691
4 731
4 754
4 766
4 779
4 809
4 819
4 877
4 888
4 902
4 917
4 931
4 949
4 968
4 979
5 6
5 8
5 10
5 13
5 14
5 17
5 22
5 24
5 25
5 27
5 31
5 32
5 34
5 35
5 36
5 37
5 39
5 43
5 44
5 46
5 51
5 54
5 56
5 58
5 60
5 68
5 69
5 77
5 82
5 90
5 92
5 93
5 108
5 126
5 127
5 128
5 129
5 132
5 136
5 137
5 138
5 149
5 152
5 153
5 160
5 179
5 182
5 195
5 211
5 216
5 223
5 236
5 260
5 262
5 278
5 288
5 292
5 310
5 318
5 328
5 362
5 364
5 365
5 374
5 380
5 404
5 411
5 424
5 433
5 434
5 439
5 440
5 445
5 452
5 472
5 487
5 494
5 506
5 519
5 544
5 545
5 590
5 596
5 604
5 611
5 632
5 642
5 643
5 651
5 662
5 666
5 670
5 674
5 683
5 708
5 716
5 721
5 744
5 772
5 782
5 790
5 802
5 803
5 823
5 839
5 854
5 900
5 906
5 909
5 910
5 932
5 958
6 7
6 9
6 10
6 13
6 14
6 21
6 23
6 52
6 78
6 79
6 94
6 108
6 135
6 145
6 189
6 238
6 279
6 391
6 414
6 425
6 499
6 523
6 688
6 760
6 789
6 867
7 8
7 9
7 12
7 16
7 23
7 26
7 30
7 39
7 41
7 56
7 57
7 59
7 64
7 83
7 89
7 109
7 129
7 141
7 157
7 159
7 160
7 163
7 170
7 187
7 197
7 208
7 271
7 274
7 297
7 313
7 314
7 326
7 330
7 368
7 369
7 376
7 383
7 396
7 463
7 492
7 497
7 498
7 503
7 522
7 555
7 563
7 568
7 577
7 582
7 591
7 607
7 612
7 640
7 671
7 710
7 735
7 747
7 762
7 775
7 798
7 827
7 831
7 969
7 977
8 9
8 19
8 26
8 34
8 35
8 37
8 43
8 48
8 63
8 65
8 71
8 84
8 99
8 127
8 129
8 146
8 166
8 193
8 208
8 224
8 235
8 321
8 331
8 350
8 509
8 519
8 538
8 810
8 877
8 948
9 11
9 14
9 15
9 28
9 31
9 61
9 65
9 151
9 201
9 243
9 281
9 290
9 449
9 453
9 467
9 475
9 492
9 547
9 560
9 587
9 683
9 819
9 830
9 880
10 12
10 18
10 20
10 27
10 31
10 37
10 42
10 51
10 70
10 71
10 75
10 80
10 87
10 97
10 101
10 116
10 120
10 132
10 133
10 139
10 164
10 217
10 220
10 234
10 254
10 263
10 306
10 315
10 316
10 325
10 330
10 337
10 364
10 398
10 413
10 431
10 516
10 542
10 545
10 648
10 681
10 683
10 694
10 711
10 801
10 904
10 955
10 988
11 16
11 17
11 18
11 29
11 32
11 36
11 44
11 51
11 58
11 66
11 74
11 82
11 84
11 86
11 88
11 103
11 106
11 109
11 120
11 124
11 144
11 147
11 148
11 185
11 187
11 232
11 236
11 255
11 268
11 278
11 292
11 294
11 316
11 330
11 345
11 348
11 384
11 396
11 407
11 419
11 423
11 434
11 436
11 477
11 506
11 520
11 546
11 554
11 583
11 611
11 624
11 689
11 715
11 724
11 885
11 908
11 909
11 922
11 945
11 955
11 989
12 34
12 38
12 60
12 62
12 78
12 164
12 256
12 269
12 343
12 425
12 454
12 551
12 584
12 703
12 927
13 15
13 21
13 24
13 28
13 33
13 38
13 45
13 50
13 55
13 64
13 75
13 76
13 92
13 104
13 107
13 119
13 131
13 138
13 140
13 168
13 174
13 223
13 224
13 267
13 269
13 281
13 282
13 289
13 298
13 308
13 397
13 406
13 442
13 455
13 483
13 492
13 538
13 564
13 616
13 678
13 691
13 726
13 758
13 761
13 797
13 862
13 876
13 890
14 96
14 97
14 100
14 156
14 172
14 177
14 211
14 233
14 242
14 277
14 305
14 316
14 367
14 381
14 417
14 428
14 689
14 721
14 763
14 832
14 834
14 848
14 861
14 880
14 919
14 970
15 16
15 19
15 22
15 25
15 30
15 41
15 62
15 76
15 98
15 102
15 107
15 120
15 122
15 137
15 149
15 151
15 153
15 172
15 185
15 189
15 207
15 230
15 236
15 239
15 241
15 259
15 305
15 310
15 318
15 375
15 408
15 415
15 473
15 478
15 518
15 528
15 546
15 552
15 566
15 654
15 658
15 698
15 703
15 806
15 952
15 961
16 17
16 24
16 53
16 66
16 75
16 79
16 85
16 111
16 119
16 165
16 175
16 226
16 458
16 559
16 713
16 840
16 892
17 18
17 25
17 26
17 38
17 40
17 79
17 217
17 239
17 338
17 402
17 553
17 571
17 582
17 640
17 672
17 696
17 833
17 858
17 984
18 19
18 21
18 27
18 63
18 73
18 74
18 78
18 125
18 126
18 130
18 134
18 144
18 154
18 158
18 181
18 230
18 232
18 237
18 246
18 250
18 304
18 355
18 376
18 386
18 412
18 466
18 470
18 480
18 502
18 505
18 530
18 535
18 549
18 604
18 614
18 620
18 664
18 675
18 698
18 726
18 764
18 791
18 831
18 842
18 845
18 865
18 893
18 959
19 20
19 21
19 24
19 40
19 42
19 61
19 69
19 73
19 77
19 80
19 93
19 98
19 106
19 145
19 150
19 193
19 257
19 262
19 270
19 272
19 302
19 333
19 341
19 355
19 383
19 400
19 403
19 423
19 430
19 452
19 462
19 466
19 526
19 532
19 540
19 544
19 547
19 587
19 616
19 661
19 692
19 696
19 717
19 733
19 755
19 773
19 795
20 28
20 29
20 59
20 76
20 80
20 84
20 88
20 90
20 94
20 113
20 122
20 143
20 167
20 205
20 210
20 219
20 221
20 382
20 494
20 511
20 598
20 618
20 623
20 652
20 654
20 701
20 733
20 784
20 785
20 935
21 29
21 30
21 38
21 45
21 56
21 59
21 87
21 96
21 102
21 111
21 117
21 128
21 135
21 142
21 150
21 169
21 211
21 214
21 247
21 249
21 279
21 286
21 292
21 297
21 306
21 364
21 398
21 446
21 456
21 494
21 495
21 549
21 573
21 574
21 659
21 749
21 798
21 983
22 49
22 65
22 83
22 91
22 104
22 108
22 118
22 168
22 197
22 201
22 217
22 289
22 302
22 319
22 320
22 333
22 347
22 532
22 548
22 563
22 655
22 870
22 904
23 66
23 93
23 95
23 113
23 117
23 156
23 173
23 180
23 192
23 204
23 209
23 306
23 379
23 385
23 393
23 414
23 441
23 486
23 610
23 614
23 680
23 720
23 815
23 818
23 865
23 888
23 927
23 937
23 941
23 978
24 52
24 84
24 85
24 101
24 105
24 111
24 113
24 140
24 143
24 169
24 229
24 232
24 257
24 273
24 275
24 283
24 298
24 322
24 324
24 336
24 346
24 381
24 418
24 424
24 690
24 802
24 868
24 933
25 61
25 85
25 166
25 185
25 294
25 481
25 517
25 551
25 567
25 754
25 810
25 912
26 181
26 245
26 358
26 460
26 485
26 909
27 29
27 36
27 78
27 89
27 99
27 115
27 183
27 357
27 395
27 410
27 429
27 449
27 534
27 622
27 740
27 922
27 926
28 191
28 267
28 295
28 576
28 722
28 841
29 156
29 195
29 196
29 274
29 594
29 720
29 744
29 887
29 896
29 937
29 971
30 39
30 42
30 47
30 49
30 83
30 112
30 122
30 175
30 190
30 207
30 215
30 286
30 288
30 299
30 309
30 319
30 334
30 339
30 371
30 390
30 396
30 428
30 504
30 516
30 549
30 567
30 611
30 617
30 732
30 912
30 913
30 940
30 966
30 984
30 987
30 999
31 32
31 37
31 40
31 49
31 63
31 82
31 83
31 121
31 146
31 219
31 222
31 231
31 255
31 312
31 325
31 356
31 360
31 364
31 400
31 407
31 410
31 504
31 579
31 605
31 608
31 641
31 679
31 783
31 793
31 829
31 888
31 939
31 993
32 34
32 264
33 41
33 44
33 55
33 175
33 197
33 205
33 215
33 231
33 266
33 317
33 341
33 620
33 634
33 635
33 802
33 894
34 42
34 65
34 127
34 131
34 199
34 217
34 221
34 244
34 261
34 343
34 353
34 500
34 534
34 562
34 627
34 643
34 654
34 702
34 845
34 876
35 41
35 62
35 68
35 73
35 76
35 91
35 97
35 101
35 149
35 187
35 218
35 219
35 226
35 227
35 235
35 246
35 265
35 288
35 362
35 363
35 390
35 404
35 468
35 484
35 510
35 570
35 619
35 631
35 657
35 686
35 690
35 728
35 762
35 783
35 798
35 811
35 844
35 882
35 886
35 908
35 920
35 925
36 123
36 142
36 168
36 184
36 224
36 281
36 315
36 555
36 568
36 838
37 39
37 45
37 91
37 210
37 211
37 268
37 308
37 360
37 454
37 499
37 515
37 543
37 560
37 605
37 757
37 927
37 936
37 941
37 952
37 990
37 993
38 46
38 48
38 53
38 60
38 64
38 158
38 228
38 250
38 286
38 343
38 494
38 521
38 537
38 584
38 628
38 716
39 88
39 138
39 143
39 153
39 170
39 184
39 198
39 241
39 265
39 357
39 423
39 433
39 435
39 439
39 450
39 606
39 632
39 676
39 783
39 807
39 827
39 856
39 860
39 950
39 971
40 72
40 121
40 130
40 134
40 150
40 288
40 326
40 340
40 344
40 374
40 375
40 388
40 418
40 451
40 530
40 578
40 620
40 639
40 640
40 660
40 708
40 733
40 875
40 879
40 892
41 59
41 209
41 249
41 451
41 541
41 669
41 941
41 943
41 981
42 46
42 57
42 58
42 118
42 124
42 151
42 186
42 226
42 294
42 311
42 315
42 320
42 345
42 382
42 429
42 488
42 547
42 562
42 598
42 628
42 781
42 839
42 893
42 923
43 50
43 67
43 74
43 99
43 144
43 228
43 332
43 359
43 489
43 534
43 577
43 647
43 850
43 944
44 53
44 100
44 159
44 242
44 265
44 318
44 336
44 339
44 387
44 404
44 770
44 889
44 948
45 72
45 240
46 47
46 55
46 61
46 70
46 77
46 229
46 287
46 393
46 409
46 438
46 528
46 578
46 580
46 585
46 800
47 67
47 90
47 203
47 216
47 327
47 421
47 471
47 483
47 524
47 606
47 626
48 49
48 69
48 72
48 97
48 116
48 130
48 157
48 167
48 171
48 285
48 309
48 367
48 377
48 442
48 550
48 816
48 892
49 90
49 117
49 118
49 119
49 121
49 163
49 177
49 184
49 186
49 263
49 335
49 436
49 478
49 579
49 596
49 601
49 606
49 651
49 653
49 682
49 711
49 784
49 986
50 52
50 54
50 89
50 110
50 126
50 166
50 172
50 193
50 230
50 254
50 329
50 352
50 356
50 463
50 473
50 496
50 666
50 681
50 689
50 788
50 926
50 950
50 957
51 54
51 86
51 110
51 214
51 227
51 261
51 447
51 449
51 739
52 62
52 139
52 202
52 215
52 353
52 487
52 539
52 750
52 883
52 973
53 63
53 93
53 104
53 212
53 269
53 367
53 512
53 619
53 691
54 57
54 68
54 161
54 212
54 219
54 397
54 500
54 521
54 769
54 951
54 984
55 66
55 286
55 338
55 705
55 767
55 809
56 57
56 73
56 75
56 81
56 107
56 200
56 280
56 354
56 419
56 425
56 491
56 529
56 946
57 67
57 128
57 130
57 161
57 174
57 198
57 204
57 272
57 282
57 300
57 302
57 334
57 340
57 394
57 466
57 503
57 525
57 570
57 631
57 673
57 736
57 737
57 824
58 101
58 106
58 109
58 125
58 126
58 135
58 161
58 196
58 249
58 253
58 255
58 378
58 443
58 502
58 530
58 543
58 548
58 667
58 729
58 743
58 808
58 888
58 921
58 999
59 116
59 252
59 258
59 362
59 438
59 446
59 537
59 561
59 750
59 790
59 963
60 152
60 305
60 447
60 532
60 980
60 982
61 67
61 102
61 209
61 274
61 320
61 415
61 462
61 563
61 805
62 147
62 173
62 175
62 228
62 308
62 426
62 586
62 633
62 693
62 714
63 77
63 131
63 248
63 296
63 300
63 310
63 391
63 456
63 520
63 599
63 642
63 730
63 811
63 914
64 70
64 92
64 115
64 128
64 186
64 194
64 361
64 363
64 385
64 480
64 603
64 630
64 636
64 826
64 879
65 74
65 79
65 183
65 186
65 208
65 238
65 243
65 366
65 394
65 447
65 471
65 473
65 539
65 580
65 685
65 699
65 728
65 731
65 812
65 927
66 69
66 160
66 210
66 465
66 495
66 711
66 729
66 851
67 72
67 103
67 125
67 139
67 145
67 146
67 190
67 233
67 264
67 291
67 331
67 379
67 475
67 581
67 586
67 590
67 613
67 672
67 796
67 816
67 942
67 974
68 82
68 85
68 86
68 92
68 112
68 181
68 224
68 340
68 387
68 488
68 641
68 678
68 761
68 813
68 910
68 933
68 958
69 86
69 88
69 95
69 127
69 134
69 136
69 231
69 242
69 263
69 270
69 510
69 535
69 608
69 828
69 916
69 989
70 105
70 178
70 257
70 354
70 426
70 599
70 905
70 922
71 111
71 132
71 171
71 182
71 207
71 253
71 323
71 408
71 432
71 555
71 637
71 650
71 688
71 855
72 89
72 131
72 134
72 141
72 180
72 194
72 270
72 276
72 371
72 435
72 450
72 529
72 530
72 536
72 660
72 821
72 898
72 972
73 162
73 420
73 470
73 552
73 704
73 822
74 143
74 821
74 948
75 132
75 176
75 240
75 522
76 142
76 499
76 561
76 793
76 882
77 174
77 385
78 170
78 188
78 189
78 240
78 392
78 420
78 527
78 609
78 725
78 730
78 843
78 861
78 873
79 80
79 94
79 118
79 121
79 123
79 133
79 142
79 181
79 243
79 374
79 418
79 446
79 646
79 670
79 675
79 738
79 781
79 855
79 872
80 105
80 108
80 137
80 178
80 206
80 296
80 357
80 405
80 409
80 573
80 601
80 906
81 638
81 673
81 883
82 167
82 263
82 332
82 399
82 535
82 544
82 637
82 830
83 316
83 317
83 343
83 384
83 501
84 182
84 402
84 645
84 837
85 206
85 262
85 329
85 416
85 801
86 104
86 198
86 222
86 296
86 336
86 476
86 576
86 629
86 639
86 746
86 757
86 836
86 898
87 112
87 342
87 487
87 596
87 607
87 631
87 640
88 543
89 95
89 96
89 102
89 141
89 165
89 169
89 176
89 195
89 197
89 216
89 256
89 259
89 284
89 289
89 313
89 346
89 386
89 396
89 416
89 427
89 468
89 514
89 556
89 604
89 676
89 707
89 748
89 805
89 808
89 810
89 915
89 946
90 208
90 334
90 487
90 821
90 872
90 929
90 966
91 95
91 107
91 114
91 122
91 154
91 165
91 213
91 238
91 267
91 284
91 314
91 342
91 363
91 391
91 398
91 453
91 459
91 471
91 503
91 506
91 557
91 615
91 643
91 657
91 668
91 704
91 751
91 826
91 885
91 975
92 188
92 213
92 237
92 247
92 250
92 297
92 391
92 400
92 682
92 714
92 930
92 965
93 427
93 533
93 588
93 793
94 155
94 378
94 838
94 876
94 976
95 103
95 155
95 270
95 353
95 445
95 777
95 790
95 994
96 98
96 106
96 173
96 215
96 278
96 737
96 856
97 227
97 332
97 775
97 842
97 868
97 871
97 960
98 259
98 354
98 358
98 511
98 513
98 850
98 877
99 781
100 105
100 137
100 251
100 733
100 735
101 120
101 140
101 184
101 200
101 229
101 456
101 687
102 149
102 192
102 225
102 235
102 245
102 444
102 461
102 474
102 529
102 739
102 837
103 114
103 129
103 170
103 176
103 213
103 218
103 337
103 348
103 367
103 472
103 517
103 549
103 572
103 710
103 736
103 742
103 776
103 833
103 914
103 948
103 988
104 115
104 119
104 144
104 176
104 275
104 319
104 323
104 332
104 395
104 553
104 603
104 635
104 706
104 712
104 749
104 754
104 831
104 855
104 858
104 965
104 982
104 983
105 110
105 201
105 221
105 291
105 334
105 344
105 389
105 430
105 461
105 760
105 848
105 981
106 162
106 163
106 180
106 258
106 299
106 303
106 322
106 376
106 403
106 406
106 430
106 481
106 702
106 815
106 830
106 846
106 879
106 892
106 939
107 185
107 248
107 716
107 756
107 823
107 905
107 947
107 996
108 366
108 384
108 496
108 651
108 658
108 842
108 989
109 117
109 124
109 125
109 264
109 321
109 330
109 337
109 437
109 474
109 501
109 598
109 780
109 853
110 667
110 863
111 252
111 287
111 299
111 325
111 335
111 554
112 147
112 157
112 218
112 320
112 438
112 573
112 714
113 154
113 179
113 326
113 347
113 352
113 376
113 417
113 482
113 587
113 704
113 746
113 788
113 916
113 967
114 136
114 213
114 405
114 517
114 581
114 770
114 885
115 338
115 594
115 686
115 702
115 920
116 163
116 164
116 234
116 646
116 699
116 866
117 136
117 233
117 342
117 401
117 445
117 711
117 971
118 123
118 237
118 282
118 291
118 387
118 405
118 637
118 670
118 828
118 859
118 903
119 152
119 202
119 247
119 269
119 383
119 431
119 488
119 540
119 686
119 730
120 268
120 491
120 554
120 990
121 244
121 262
121 280
121 339
121 366
121 477
121 526
121 569
121 599
121 620
121 785
121 928
121 945
121 997
122 174
122 187
122 285
122 349
122 464
122 536
122 959
123 212
123 225
123 226
123 251
123 271
123 279
123 309
123 317
123 378
123 420
123 470
123 568
123 671
123 687
123 758
123 762
123 869
123 870
123 895
123 979
124 148
124 207
124 272
124 406
124 432
124 507
124 570
124 656
124 747
124 806
124 875
124 903
124 919
125 138
125 156
125 158
125 195
125 302
125 326
125 371
125 403
125 460
125 564
125 593
125 718
125 823
125 869
126 276
126 667
126 812
126 943
126 961
127 295
127 373
127 375
127 445
127 485
127 654
127 664
127 732
127 812
127 923
128 214
128 347
128 399
128 408
128 435
128 484
128 720
129 341
129 588
130 715
131 157
131 253
131 496
131 542
131 700
131 852
131 880
131 924
131 941
132 154
132 172
132 271
132 319
132 436
132 661
132 960
133 165
133 204
133 311
133 520
133 706
133 707
133 828
133 887
134 287
134 346
134 356
134 452
134 636
134 684
134 925
135 139
135 171
135 199
135 201
135 204
135 216
135 220
135 290
135 384
135 424
135 518
135 827
135 898
136 245
136 808
137 203
137 272
137 355
137 731
137 768
137 777
137 814
137 829
137 959
138 141
138 225
138 318
138 894
138 928
139 161
139 177
139 223
139 233
139 248
139 260
139 295
139 312
139 377
139 406
139 480
139 609
139 624
139 765
139 839
139 943
140 155
140 164
140 258
140 275
140 307
140 310
140 348
140 351
140 493
140 501
140 621
140 632
140 636
140 843
140 894
141 168
141 222
141 283
141 331
141 348
141 433
141 534
141 635
141 677
141 710
141 745
141 748
141 763
141 833
141 939
141 962
142 190
142 192
142 246
142 283
142 328
142 412
142 477
142 532
142 918
142 960
143 309
143 335
143 347
143 401
143 556
143 838
143 849
144 231
144 254
144 504
144 644
144 712
144 953
144 992
145 237
145 792
146 148
146 295
146 301
146 349
146 353
146 358
146 440
146 531
146 589
146 663
146 742
146 928
146 931
147 152
147 159
147 160
147 169
147 179
147 183
147 244
147 434
147 504
147 520
147 565
147 625
148 198
148 221
148 307
148 323
148 324
148 355
148 533
148 567
148 588
148 627
148 677
148 952
149 713
149 885
150 274
150 834
150 837
150 845
151 190
151 196
151 349
151 903
151 949
152 210
152 380
152 407
152 449
152 569
152 767
153 301
153 313
153 373
153 380
153 389
153 409
153 422
153 581
153 695
154 171
154 180
154 182
154 183
154 290
154 381
154 698
154 791
154 917
155 266
155 340
155 787
155 889
156 166
156 440
156 458
156 515
156 655
156 823
157 173
157 232
157 271
157 489
157 650
157 652
157 847
157 998
158 199
158 228
158 244
158 298
158 400
158 440
158 441
158 450
158 489
158 566
158 607
158 867
158 933
158 964
158 994
159 275
159 276
159 277
159 314
159 386
159 402
159 502
159 513
159 573
159 622
159 674
159 682
159 814
160 178
160 251
160 370
160 381
160 461
160 528
160 576
160 661
160 753
160 818
161 178
161 191
161 235
161 301
161 304
161 365
161 386
161 468
161 486
161 634
161 774
161 932
161 968
162 566
163 656
163 864
164 177
164 434
164 849
165 252
165 469
165 552
165 901
166 167
166 223
166 321
166 675
167 412
167 575
167 608
167 844
168 300
169 273
169 465
169 778
170 388
170 399
170 746
170 787
172 251
172 346
172 390
172 574
172 988
173 475
173 692
173 757
174 750
174 824
174 850
175 194
175 913
176 298
176 476
176 531
176 564
176 778
176 799
178 284
178 289
178 293
178 755
179 361
179 786
179 991
180 200
180 311
180 369
180 395
180 423
180 541
180 641
180 645
180 659
180 688
180 708
180 730
180 806
181 625
181 774
181 792
182 370
182 409
182 437
182 853
182 942
183 194
183 212
183 293
184 205
184 254
184 276
184 285
184 747
185 264
185 301
185 536
185 862
186 193
186 196
186 285
187 189
187 260
187 279
187 801
188 191
188 280
188 431
188 580
188 613
188 723
188 851
188 934
189 371
189 662
189 944
189 966
190 252
190 342
190 533
190 663
190 685
191 248
191 267
191 333
191 338
191 539
192 206
192 512
193 323
193 918
194 266
194 430
194 512
194 513
194 992
195 256
195 350
195 509
195 605
195 783
195 794
195 918
196 419
196 567
196 697
197 236
197 260
197 481
197 486
197 508
198 255
198 312
198 359
198 403
198 422
198 448
198 515
198 614
198 618
198 694
198 727
198 736
198 740
198 924
198 983
199 227
199 439
199 655
200 443
200 709
201 214
201 250
201 337
201 411
201 455
201 491
201 529
201 598
201 758
201 771
201 811
201 821
201 846
201 884
201 985
202 370
202 413
202 493
202 508
202 872
202 926
202 991
203 206
203 518
203 553
203 587
203 659
203 859
203 993
204 465
205 527
205 759
205 799
205 857
205 980
206 357
206 418
206 767
206 857
207 238
207 828
207 953
207 978
208 561
208 610
208 862
208 886
209 377
209 860
210 428
210 500
210 638
210 749
210 938
211 241
211 809
212 282
212 325
212 461
212 550
212 554
212 597
212 602
212 718
212 734
212 737
212 743
212 853
212 896
212 933
214 268
214 312
214 382
214 836
215 257
215 327
215 365
216 239
216 416
216 665
216 864
216 976
217 234
217 300
217 311
217 328
217 344
217 345
217 349
217 589
217 590
217 606
217 717
217 929
217 931
217 934
217 972
218 241
218 242
218 303
218 351
218 457
218 622
219 341
219 574
219 580
219 992
220 287
220 293
220 421
220 493
220 523
221 484
222 266
222 379
222 510
222 586
222 604
222 694
222 778
222 818
222 840
223 245
223 331
223 719
224 313
224 345
224 488
224 644
224 974
225 327
226 505
226 974
227 387
227 442
227 521
227 923
228 395
228 425
228 541
228 679
228 687
229 247
229 389
229 540
229 569
229 644
229 680
229 698
229 702
230 322
230 324
230 373
230 408
230 671
230 812
231 261
231 556
231 727
231 748
231 752
231 852
232 239
232 483
232 544
232 680
232 707
232 724
232 765
232 954
232 985
235 327
235 375
235 572
235 717
235 878
235 900
235 976
235 998
236 324
236 501
236 586
236 753
236 776
237 508
237 614
238 273
238 585
238 648
238 657
238 847
239 359
239 404
239 642
239 655
239 676
240 296
241 265
241 415
241 432
241 896
241 897
242 277
242 369
242 417
242 695
242 731
242 909
243 291
244 564
246 834
247 729
247 936
248 253
248 280
248 397
248 547
248 623
248 866
248 977
249 533
249 599
250 368
250 410
250 551
250 617
250 657
250 809
250 881
251 304
251 333
251 392
251 484
251 615
251 864
251 900
251 921
252 281
252 388
252 651
252 664
252 874
253 294
253 579
253 592
253 618
254 465
254 612
254 689
254 851
254 899
255 477
257 987
259 390
259 474
259 646
259 846
260 841
260 848
262 284
263 339
263 524
263 634
263 814
263 900
264 497
265 378
265 462
265 531
265 545
265 983
266 305
266 457
266 692
266 953
267 419
267 527
267 624
267 772
267 852
267 890
268 454
268 627
268 940
269 595
270 297
270 469
270 722
270 871
271 307
271 653
271 659
271 970
272 469
272 911
272 999
273 401
273 693
273 967
274 468
274 537
275 366
275 374
275 559
275 613
275 705
275 817
275 889
276 315
277 412
277 618
277 803
278 414
278 527
278 825
279 832
280 521
280 727
280 878
280 903
281 360
281 592
281 824
283 453
283 528
283 542
283 583
283 719
284 407
284 496
284 578
284 980
285 429
285 578
285 822
286 359
286 464
286 499
286 601
286 746
286 782
286 843
287 535
287 992
288 329
288 575
289 393
289 471
289 482
289 625
289 696
289 737
289 881
289 887
289 894
289 901
290 558
290 612
290 708
290 764
291 363
291 422
291 475
292 411
292 476
292 597
292 641
292 785
293 492
293 776
293 871
293 896
294 497
294 546
294 653
294 691
294 877
295 898
296 350
296 377
296 663
296 759
296 794
296 839
296 914
297 308
297 884
298 392
298 588
299 916
300 452
300 592
300 596
300 619
300 773
301 571
301 925
301 951
302 369
302 370
302 485
302 729
302 897
303 986
304 457
304 466
304 969
305 678
305 716
305 990
306 354
306 463
306 684
307 964
308 411
308 482
308 973
309 362
309 546
309 886
310 351
310 446
310 872
310 964
311 382
311 448
311 451
311 470
311 630
312 368
312 629
313 451
315 472
315 531
315 558
315 644
315 675
315 891
315 902
315 986
316 441
316 444
316 558
316 603
316 699
316 928
316 957
316 977
317 335
317 840
318 569
319 479
319 568
319 697
320 610
320 863
321 595
322 368
322 424
322 457
322 513
322 585
322 750
322 907
322 911
322 969
323 956
324 351
324 442
324 453
324 507
324 688
324 742
326 967
327 455
327 509
327 999
329 490
329 672
330 360
330 467
330 745
330 748
330 808
331 818
333 771
335 372
336 665
336 727
337 372
337 575
337 841
337 955
338 511
338 603
338 605
338 752
339 572
339 875
340 765
341 652
341 982
342 438
342 575
342 600
342 615
342 653
342 676
343 522
343 932
344 361
344 478
344 543
344 797
344 864
344 921
344 944
345 486
345 860
345 938
346 565
347 358
347 464
347 648
347 679
347 873
348 414
348 709
348 820
348 873
349 766
350 459
352 361
352 393
352 413
352 426
352 433
352 726
352 780
353 480
353 907
354 444
355 648
356 709
356 832
356 902
357 380
357 518
357 626
358 401
358 478
358 498
358 623
359 490
359 524
359 526
359 595
360 372
360 427
360 505
360 548
360 907
360 970
362 429
362 753
363 617
363 772
364 469
364 669
365 526
365 607
365 803
365 960
366 508
367 560
367 581
369 482
369 505
369 627
369 753
369 756
369 759
369 786
369 796
370 542
370 665
370 721
370 956
371 458
372 647
372 764
372 780
372 980
373 631
373 669
373 786
375 700
375 895
377 754
377 968
378 891
380 662
380 886
382 464
383 491
383 633
383 732
384 566
384 781
385 399
385 410
385 463
385 955
386 796
386 825
386 902
387 723
388 459
388 628
390 467
390 973
391 498
392 405
392 593
392 722
393 444
393 540
393 660
393 749
394 913
395 597
395 700
395 854
396 507
396 897
396 917
397 413
397 437
397 467
397 493
397 502
397 574
397 582
397 696
397 697
397 802
397 887
398 674
398 826
399 525
399 756
399 757
399 806
400 789
401 428
401 436
401 552
401 608
402 421
402 853
403 483
403 625
403 671
403 705
403 752
403 780
404 512
404 593
404 633
404 734
404 895
404 962
405 511
405 591
405 677
406 537
407 690
409 431
409 503
409 669
409 739
409 870
409 963
410 422
410 624
410 899
410 957
411 415
411 417
411 597
411 735
411 970
412 559
413 703
414 474
414 600
414 827
415 550
416 734
416 954
417 538
417 656
417 849
418 448
418 577
418 679
420 447
420 576
421 539
421 600
422 473
423 565
423 600
424 479
424 901
426 443
426 775
428 572
428 904
428 963
429 454
429 792
430 562
430 911
430 925
431 701
432 500
432 565
432 664
432 810
432 946
433 590
433 739
436 721
436 761
437 715
437 755
437 829
438 441
438 891
438 991
439 476
439 684
439 923
440 517
442 458
442 562
442 718
443 768
443 859
443 985
444 479
444 523
444 594
444 621
444 720
445 582
447 472
447 652
448 968
449 857
449 919
450 489
450 617
450 755
450 843
450 996
451 507
451 585
451 884
452 584
452 647
452 844
454 773
454 804
455 577
455 662
455 824
456 633
456 942
457 940
458 479
458 506
459 996
460 728
460 794
461 649
461 717
461 947
462 611
464 673
464 736
464 791
464 858
464 876
465 893
467 684
468 623
469 744
470 634
471 836
476 497
476 610
476 714
476 718
476 804
476 833
477 498
478 647
479 541
480 951
481 519
482 615
483 666
484 558
486 738
487 674
488 813
489 524
490 626
490 668
490 724
491 628
493 846
494 612
495 583
495 704
496 550
496 619
496 707
496 777
496 816
496 854
496 858
496 859
497 745
498 645
498 963
498 993
499 514
500 516
500 713
500 778
501 706
502 515
503 556
503 559
503 961
504 683
504 701
505 769
505 961
506 725
506 766
506 784
507 635
508 638
508 687
509 601
509 807
511 523
511 643
511 700
511 701
511 820
512 637
513 514
513 658
513 712
513 799
513 847
514 555
514 557
515 743
515 814
516 609
517 649
517 782
517 958
518 788
519 557
520 584
520 705
520 816
520 972
521 807
522 740
522 906
523 594
524 561
524 715
524 728
524 751
524 767
524 911
526 583
527 551
527 822
527 957
529 695
529 924
530 695
531 719
531 826
531 950
532 557
532 897
534 639
534 799
534 840
534 880
535 666
535 912
536 815
536 851
538 553
538 954
538 965
540 849
541 591
541 602
541 793
541 934
543 800
545 579
545 735
547 820
547 874
548 759
549 595
549 795
551 944
553 560
553 602
553 672
553 825
553 975
553 997
555 874
556 616
556 890
558 745
559 935
560 645
561 650
561 741
562 638
562 660
563 865
563 921
565 571
566 719
566 817
567 646
567 815
568 592
568 906
568 974
568 997
569 765
571 804
572 661
573 978
574 621
574 969
577 775
578 798
579 593
579 772
579 943
580 670
580 938
580 940
583 777
586 752
586 856
588 591
588 795
588 971
589 609
589 693
589 723
590 770
590 981
591 854
591 973
591 978
592 797
592 855
594 773
596 919
599 774
601 893
604 632
604 726
607 692
607 760
608 797
608 845
610 811
612 703
612 942
614 825
615 639
615 956
616 665
616 697
616 817
617 863
618 744
620 629
623 813
624 738
624 741
625 681
625 779
627 972
628 779
629 724
629 801
631 789
631 920
632 649
632 725
632 743
632 875
633 975
634 685
635 805
636 668
636 770
637 764
637 871
638 991
641 668
641 868
641 883
642 791
643 790
644 685
644 856
645 694
646 725
647 956
648 650
648 901
649 678
652 677
652 789
652 835
653 795
655 995
656 768
657 751
659 953
660 686
660 758
660 967
661 889
663 873
664 936
665 847
666 681
667 820
667 890
669 867
670 837
671 787
671 915
674 761
675 868
676 804
676 878
677 910
679 732
681 841
683 769
683 836
683 874
686 709
686 771
686 988
690 699
692 768
692 813
692 949
694 857
698 766
700 785
700 786
700 926
702 930
703 904
705 723
706 712
706 822
708 787
710 747
710 751
710 910
711 722
716 995
717 756
717 769
718 832
719 763
719 805
720 803
721 866
723 776
724 831
728 867
728 984
730 929
730 998
731 913
731 981
732 819
733 987
734 800
735 771
737 835
740 763
740 792
742 924
745 866
751 819
754 807
756 796
756 908
758 794
759 844
759 976
760 908
763 850
763 920
763 936
763 996
765 947
767 914
770 788
770 958
772 862
774 779
774 830
778 784
781 994
784 954
785 817
788 939
790 965
791 907
792 937
795 835
801 878
801 899
802 916
803 935
803 945
805 869
807 932
809 979
811 879
813 829
817 912
817 982
819 915
824 882
825 860
826 882
830 870
831 995
835 861
837 929
838 962
838 985
839 861
839 922
842 865
842 930
843 945
854 949
855 869
855 881
857 905
866 937
867 995
871 966
873 891
873 934
877 987
887 930
890 959
890 962
890 979
902 952
915 918
919 989
921 990
922 947
926 986
927 938
927 946
927 975
930 951
930 994
946 977
977 997
