0 1
0 2
0 8
0 19
0 25
0 35
0 39
0 50
0 68
0 90
0 104
0 115
0 122
0 134
0 139
0 158
0 202
0 223
0 229
0 249
0 270
0 286
0 297
0 301
0 343
0 348
0 387
0 454
0 469
0 476
0 481
1 3
1 4
1 181
1 410
1 415
1 464
2 3
2 4
2 6
2 7
2 26
2 33
2 36
2 38
2 42
2 43
2 52
2 61
2 77
2 82
2 88
2 90
2 96
2 116
2 117
2 125
2 136
2 161
2 175
2 184
2 194
2 196
2 218
2 253
2 263
2 265
2 308
2 309
2 312
2 323
2 351
2 358
2 404
2 421
2 450
2 455
2 458
3 5
3 6
3 7
3 8
3 9
3 10
3 12
3 13
3 15
3 16
3 18
3 20
3 21
3 28
3 30
3 38
3 51
3 53
3 55
3 58
3 59
3 63
3 66
3 68
3 71
3 73
3 74
3 76
3 81
3 99
3 100
3 103
3 110
3 124
3 125
3 135
3 164
3 169
3 198
3 212
3 222
3 233
3 247
3 267
3 272
3 300
3 334
3 343
3 350
3 357
3 374
3 399
3 423
3 443
3 451
3 470
3 487
3 490
4 5
4 11
4 14
4 15
4 30
4 35
4 65
4 69
4 88
4 121
4 148
4 209
4 223
4 275
4 279
4 284
4 299
4 483
5 17
5 20
5 22
5 39
5 41
5 44
5 45
5 54
5 57
5 80
5 89
5 130
5 131
5 142
5 143
5 153
5 165
5 166
5 170
5 178
5 184
5 220
5 274
5 311
5 320
5 372
5 475
6 9
6 12
6 64
6 98
6 102
6 130
6 281
6 326
6 372
6 457
7 11
7 17
7 64
7 150
7 208
7 212
7 274
7 295
7 381
7 424
7 478
8 16
8 18
8 21
8 31
8 33
8 58
8 118
8 119
8 123
8 132
8 146
8 149
8 156
8 227
8 269
8 285
8 333
8 341
8 348
8 360
8 366
8 373
8 388
8 420
8 421
8 427
8 449
9 10
9 52
9 108
9 146
9 153
9 215
9 310
9 346
9 358
9 435
10 27
10 32
10 36
10 45
10 65
10 70
10 118
10 119
10 201
10 238
10 273
10 276
10 367
10 420
10 448
11 25
11 32
11 87
11 116
11 192
11 304
11 318
11 324
11 347
12 13
12 14
12 23
12 27
12 29
12 40
12 48
12 49
12 51
12 71
12 84
12 94
12 99
12 126
12 147
12 170
12 213
12 224
12 267
12 325
12 393
12 394
12 403
12 410
12 416
12 422
12 475
12 483
12 488
13 66
13 86
13 109
13 122
13 163
13 172
13 246
13 383
13 487
13 491
13 495
14 19
14 24
14 26
14 44
14 47
14 70
14 74
14 89
14 93
14 100
14 106
14 113
14 140
14 148
14 183
14 200
14 208
14 235
14 241
14 242
14 262
14 268
14 278
14 317
14 361
14 428
14 440
14 465
14 468
14 486
15 43
15 138
15 319
16 28
16 40
16 42
17 23
17 34
17 41
17 63
17 82
17 155
17 179
17 222
17 251
17 322
17 329
17 331
17 354
17 423
17 491
18 31
18 96
18 137
18 232
19 236
19 499
20 24
20 47
20 53
20 56
20 86
20 91
20 111
20 141
20 149
20 176
20 193
20 219
20 233
20 330
20 382
20 401
20 419
20 440
20 489
21 22
21 103
21 302
21 353
21 434
22 29
22 62
22 75
22 77
22 140
22 152
22 155
22 175
22 195
22 203
22 221
22 264
22 280
22 281
22 321
22 339
22 363
22 425
22 490
23 79
23 454
24 34
24 37
24 48
24 59
24 85
24 114
24 178
24 209
24 211
24 252
24 334
24 383
24 452
24 470
25 105
25 177
25 433
26 248
26 328
26 411
27 37
27 62
27 76
27 87
27 157
27 174
27 182
27 198
27 244
27 398
28 384
30 157
30 405
30 472
31 335
31 402
32 327
33 46
33 49
33 67
33 69
33 107
33 378
33 417
34 60
34 67
34 94
34 151
34 400
34 424
35 60
35 78
35 154
35 181
35 186
35 246
35 365
35 414
35 447
36 374
36 497
37 215
37 218
38 46
38 61
38 129
38 136
38 177
38 216
38 465
39 75
39 102
39 165
39 171
39 183
39 200
39 225
39 241
39 295
39 336
39 364
39 400
39 496
40 160
40 445
41 261
42 72
42 73
42 126
42 134
42 145
42 164
43 50
43 92
43 112
43 113
43 128
43 133
43 144
43 167
43 176
43 195
43 217
43 239
43 283
43 291
43 310
43 323
43 351
43 376
44 171
45 199
47 57
47 162
47 174
47 234
47 472
48 292
49 55
49 168
49 265
49 342
49 401
50 54
52 186
52 206
52 214
52 237
52 354
53 56
53 84
53 169
53 188
53 386
53 494
54 129
54 352
54 397
55 131
55 142
55 196
55 239
55 298
55 308
55 375
55 389
55 462
56 85
56 188
56 441
57 104
57 185
57 230
59 79
59 81
59 168
59 436
60 93
60 101
60 199
60 345
61 95
61 151
61 154
61 230
62 78
62 101
62 228
62 284
62 312
62 337
62 446
63 144
63 344
64 439
65 159
65 190
66 105
67 269
67 335
67 381
67 384
67 390
67 392
68 207
68 289
68 406
69 83
69 259
70 120
70 182
71 72
71 92
71 97
71 111
71 127
71 152
71 166
71 173
71 197
71 244
71 290
71 316
72 80
72 91
72 107
72 138
72 189
72 191
72 194
72 251
73 301
73 368
73 443
74 243
75 106
75 156
75 225
75 260
75 311
75 403
75 427
76 117
76 252
76 469
76 474
78 193
79 471
80 187
80 238
80 293
80 480
81 467
81 493
82 83
82 108
82 447
84 110
84 121
84 161
84 201
84 211
84 254
84 277
84 340
84 382
84 422
85 120
85 493
86 250
86 393
87 124
87 294
88 227
88 460
89 462
90 98
90 255
90 307
90 352
90 418
91 109
91 143
91 240
91 290
91 413
92 97
92 162
92 167
92 303
92 336
92 398
92 456
93 314
94 95
94 112
94 141
94 145
94 159
94 210
94 221
94 250
94 257
94 263
94 339
94 459
94 468
95 115
95 229
96 408
96 477
98 191
98 258
99 135
99 332
100 453
101 249
101 344
105 329
105 450
106 326
107 137
107 217
107 428
109 391
110 488
111 132
111 236
111 245
111 254
111 271
111 283
111 356
111 442
113 114
113 123
113 150
113 206
113 216
113 231
113 273
114 387
116 204
116 240
116 266
116 396
116 448
116 451
117 187
117 407
117 492
118 133
118 190
118 431
120 220
121 226
123 292
123 294
123 441
125 466
126 127
126 128
126 139
126 203
126 418
126 452
127 160
127 376
127 409
127 498
128 163
128 185
128 337
129 207
129 260
129 456
129 480
130 255
130 271
130 277
130 307
130 331
130 482
131 242
131 413
131 434
132 303
132 362
132 370
132 386
132 463
134 147
134 286
139 226
139 497
140 397
142 430
143 179
143 192
143 202
143 204
143 231
143 256
143 258
143 268
143 429
144 313
145 350
146 189
148 363
148 426
148 431
150 219
151 158
152 416
153 282
157 180
157 349
159 173
159 180
159 298
161 205
161 243
161 305
161 394
162 293
162 324
162 395
163 247
163 299
164 288
164 309
164 362
165 262
165 300
167 342
167 366
169 232
169 248
169 346
170 172
170 287
170 345
170 347
170 463
174 210
174 453
177 276
177 333
178 495
179 245
179 289
179 353
179 435
180 261
181 288
181 484
182 338
182 385
184 214
184 256
184 320
184 385
186 390
187 205
187 213
187 257
188 482
189 411
190 369
193 197
193 234
193 291
193 315
193 357
194 425
197 280
197 473
199 319
200 478
202 275
202 296
206 228
206 296
206 449
207 279
208 369
208 457
209 253
209 264
209 318
210 224
210 355
213 259
214 380
215 235
215 365
220 396
220 467
221 278
221 285
222 419
224 270
224 485
225 282
225 437
226 338
226 412
228 444
230 237
230 306
230 328
230 379
230 417
231 330
234 426
234 432
234 437
236 364
236 370
237 304
237 446
237 458
244 325
246 399
247 313
247 316
248 287
249 266
249 474
253 461
254 360
254 445
257 302
257 317
258 272
258 380
262 371
265 306
265 433
267 375
268 407
274 361
275 305
278 402
281 359
281 415
281 438
282 340
283 297
283 341
283 377
283 459
286 349
289 322
294 315
294 388
294 408
296 439
296 498
299 389
305 391
309 314
310 367
311 368
314 499
315 327
316 321
316 442
317 377
317 476
318 405
320 356
322 479
323 392
325 332
327 355
327 492
330 359
332 444
333 430
341 379
345 404
345 460
348 429
348 464
356 371
356 378
356 414
359 438
360 455
366 494
367 395
369 373
369 412
369 479
373 409
373 461
390 436
390 489
392 477
399 481
400 471
401 406
408 466
409 432
417 486
427 473
451 496
457 485
481 484
