0 1
0 2
0 8
0 9
0 12
0 32
0 43
0 51
0 68
0 119
0 120
0 131
0 148
0 159
0 191
0 193
0 211
0 252
0 404
0 432
0 481
0 677
0 909
0 931
1 3
1 7
1 8
1 9
1 10
1 16
1 17
1 37
1 115
1 221
1 230
1 285
1 342
1 523
1 616
1 662
1 785
1 840
1 869
1 890
1 926
2 3
2 4
2 5
2 6
2 13
2 14
2 16
2 21
2 23
2 26
2 29
2 36
2 37
2 39
2 45
2 50
2 53
2 54
2 61
2 63
2 73
2 77
2 84
2 85
2 89
2 99
2 106
2 115
2 121
2 129
2 135
2 137
2 144
2 154
2 160
2 163
2 170
2 197
2 200
2 203
2 213
2 216
2 227
2 243
2 249
2 267
2 287
2 304
2 315
2 341
2 373
2 395
2 439
2 469
2 478
2 542
2 554
2 566
2 571
2 578
2 591
2 664
2 670
2 674
2 676
2 682
2 686
2 694
2 705
2 707
2 744
2 745
2 751
2 769
2 781
2 784
2 820
2 828
2 856
2 880
2 892
2 929
2 972
2 976
3 4
3 5
3 7
3 11
3 18
3 19
3 25
3 35
3 40
3 45
3 85
3 118
3 133
3 141
3 146
3 154
3 156
3 186
3 188
3 205
3 210
3 215
3 221
3 222
3 253
3 273
3 277
3 295
3 327
3 328
3 333
3 337
3 356
3 397
3 433
3 443
3 453
3 455
3 456
3 460
3 469
3 527
3 528
3 541
3 548
3 602
3 615
3 660
3 703
3 773
3 844
3 845
3 893
3 995
4 6
4 48
4 80
4 89
4 92
4 139
4 171
4 211
4 242
4 318
4 364
4 377
4 524
4 544
4 547
4 598
4 646
4 710
4 939
5 10
5 15
5 17
5 18
5 19
5 20
5 22
5 24
5 26
5 28
5 39
5 44
5 49
5 51
5 56
5 58
5 59
5 61
5 62
5 91
5 92
5 97
5 102
5 104
5 111
5 134
5 142
5 152
5 153
5 197
5 207
5 218
5 238
5 254
5 260
5 278
5 301
5 314
5 393
5 396
5 398
5 420
5 424
5 429
5 464
5 487
5 491
5 551
5 576
5 577
5 596
5 610
5 641
5 645
5 646
5 692
5 699
5 720
5 724
5 733
5 735
5 766
5 824
5 843
5 860
5 861
5 910
5 982
5 983
5 994
5 996
6 13
6 24
6 28
6 60
6 202
6 223
6 268
6 316
6 344
6 423
6 463
6 478
6 550
6 587
6 708
6 807
6 814
6 824
7 11
7 14
7 57
7 663
8 36
8 55
8 57
8 103
8 113
8 167
8 251
8 384
8 759
8 808
8 848
9 76
9 90
9 96
9 104
9 109
9 127
9 173
9 196
9 214
9 235
9 240
9 253
9 346
9 558
9 628
9 680
10 12
10 27
10 38
10 59
10 204
10 207
10 210
10 421
10 445
10 691
10 797
11 40
11 64
11 102
11 370
11 473
11 522
11 546
11 988
12 20
12 27
12 74
12 75
12 87
12 107
12 120
12 140
12 141
12 151
12 165
12 175
12 181
12 190
12 191
12 321
12 519
12 632
12 648
12 651
12 666
12 693
12 694
12 746
12 757
12 800
12 836
13 21
13 23
13 29
13 31
13 41
13 56
13 86
13 87
13 93
13 100
13 150
13 225
13 228
13 239
13 242
13 304
13 326
13 360
13 393
13 396
13 437
13 439
13 472
13 492
13 495
13 504
13 538
13 605
13 631
13 658
13 672
13 675
13 771
13 825
13 893
13 922
14 15
14 34
14 178
14 322
14 386
14 405
14 429
14 432
14 565
14 591
14 615
14 633
14 704
14 715
14 926
14 967
14 968
15 31
15 34
15 52
15 79
15 83
15 128
15 150
15 280
15 283
15 293
15 305
15 577
15 654
15 803
16 64
16 65
16 255
16 451
17 60
17 149
18 241
18 614
19 25
19 499
19 967
20 194
20 269
20 272
20 297
20 311
20 325
20 334
20 401
20 669
21 22
21 42
21 43
21 69
21 78
21 95
21 151
21 198
21 251
21 392
21 458
21 464
21 477
21 687
21 759
21 927
21 987
23 30
23 32
23 103
23 252
23 326
23 384
23 487
24 250
25 50
25 52
25 88
25 98
25 105
25 111
25 133
25 206
25 366
25 508
25 572
25 582
26 33
26 259
26 277
26 601
26 715
26 744
26 850
26 889
26 917
27 30
27 33
27 44
27 49
27 54
27 58
27 67
27 81
27 157
27 245
27 265
27 276
27 290
27 312
27 322
27 355
27 372
27 387
27 438
27 468
27 581
27 602
27 643
27 653
27 698
27 857
27 873
27 903
27 924
27 988
28 137
28 219
28 305
29 41
29 46
29 94
29 124
29 281
29 306
29 360
29 557
29 559
29 575
29 730
29 975
30 143
30 256
30 507
30 525
30 955
30 960
31 47
31 71
31 125
31 128
31 136
31 184
31 230
31 232
31 237
31 274
31 295
31 373
31 380
31 411
31 448
31 461
31 516
31 682
31 689
31 719
31 727
31 746
31 767
31 785
31 830
31 853
31 859
31 905
31 914
31 936
32 35
32 38
32 149
32 195
32 233
32 408
32 430
32 742
32 958
32 964
33 171
33 426
33 927
33 930
33 985
34 234
34 485
35 48
35 53
35 66
35 82
35 142
35 203
35 217
35 270
35 330
35 337
35 359
35 409
35 456
35 596
35 609
35 793
35 858
35 906
35 907
36 540
37 47
37 101
37 107
37 199
37 235
37 256
37 257
37 427
37 490
37 513
37 580
37 600
37 788
37 791
37 900
38 449
38 586
38 674
38 776
39 101
39 187
39 402
39 501
39 623
39 804
39 834
39 984
39 999
40 42
40 63
40 109
40 121
40 303
40 437
40 515
40 628
40 839
41 94
41 218
41 368
41 482
41 679
41 768
42 69
42 671
42 803
42 985
43 46
43 67
43 72
43 112
43 130
43 224
45 55
45 70
45 105
45 163
45 240
45 262
45 292
45 315
45 339
45 363
45 387
45 427
45 560
45 588
45 638
46 68
46 74
46 123
46 153
46 338
46 842
48 70
48 262
48 325
48 569
49 66
49 78
49 106
49 122
49 261
49 264
49 324
49 336
49 377
49 526
49 625
49 817
49 819
49 839
49 876
49 913
50 114
50 161
50 652
51 77
51 112
51 118
51 126
51 406
51 569
51 767
51 939
51 964
52 99
52 108
52 116
52 138
52 147
52 168
52 193
52 206
52 209
52 227
52 284
52 340
52 347
52 357
52 391
52 410
52 507
52 527
52 563
52 632
52 654
52 681
52 696
52 748
52 787
52 902
52 921
53 79
53 90
53 127
53 140
53 162
53 288
53 331
53 338
53 345
53 346
53 362
53 470
53 476
53 513
53 571
53 739
53 807
54 73
54 88
54 279
54 293
54 308
54 395
54 398
54 514
54 642
54 701
55 93
55 108
56 62
56 91
56 136
56 145
56 146
56 147
56 306
56 328
56 356
56 372
56 411
56 517
56 583
56 631
56 690
56 928
57 365
57 741
58 158
58 173
58 198
58 296
58 397
58 408
58 446
58 509
59 166
59 185
59 260
59 309
59 680
59 820
59 954
59 994
60 80
60 125
60 261
60 441
60 517
60 619
60 622
60 624
60 655
60 764
60 810
60 897
61 75
61 81
61 116
61 217
61 486
61 594
61 822
61 937
62 65
62 84
62 86
62 95
62 131
62 168
62 174
62 223
62 263
62 290
62 298
62 367
62 370
62 385
62 434
62 451
62 504
62 512
62 755
62 811
62 881
62 913
62 949
62 966
63 145
63 374
63 448
63 998
64 110
64 228
64 231
64 294
64 362
64 388
64 756
64 879
65 71
65 76
65 83
65 96
65 208
65 271
65 289
65 299
65 342
65 421
65 467
65 471
65 474
65 476
65 581
65 747
65 812
65 833
65 921
65 970
65 989
66 489
66 662
66 747
67 138
67 169
67 283
68 72
68 161
68 176
68 200
68 213
68 347
68 390
68 502
68 627
68 781
68 866
70 126
70 177
71 212
71 316
71 438
71 534
71 703
71 755
71 908
71 942
72 333
72 754
72 857
73 100
73 143
73 176
73 340
73 381
73 494
73 709
73 710
73 845
74 110
74 130
74 155
74 175
74 199
74 226
74 282
74 301
74 308
74 312
74 510
74 929
75 334
75 413
75 450
75 619
75 655
75 840
76 97
76 123
76 139
76 201
76 374
76 711
76 728
77 82
77 190
77 426
78 98
78 275
78 303
78 555
78 574
78 738
78 909
79 182
79 428
79 533
79 549
79 568
79 769
80 167
80 219
80 378
80 470
80 831
81 214
81 686
82 134
82 257
82 313
82 389
82 574
82 701
82 712
83 166
83 180
83 488
83 514
83 990
84 269
84 291
84 390
84 466
84 564
86 183
86 216
86 249
86 271
86 286
86 379
86 440
86 635
86 881
87 201
87 474
90 119
90 144
90 639
90 948
91 132
91 220
91 369
91 400
91 442
91 543
91 555
91 691
91 695
91 713
91 818
91 960
92 603
92 814
93 114
93 155
93 189
93 232
93 298
93 382
93 465
93 486
93 537
93 714
93 726
93 950
94 417
95 124
95 129
95 233
95 248
95 323
95 345
95 505
95 593
95 621
95 711
95 733
95 793
95 861
95 993
96 194
96 357
97 850
98 117
98 122
98 132
98 178
98 248
98 349
98 424
98 528
98 535
98 729
98 832
99 174
99 317
99 634
99 672
99 678
100 592
100 936
101 113
101 117
101 148
101 320
101 348
101 385
101 597
101 722
102 862
103 179
104 135
104 471
104 647
107 205
107 973
108 229
108 258
108 488
108 539
109 209
109 239
109 266
109 477
110 165
110 241
110 332
110 415
110 546
110 611
110 736
110 815
110 838
110 904
110 941
110 975
111 449
111 543
112 169
112 186
112 291
112 459
112 526
112 739
113 215
113 341
114 170
114 442
114 500
114 512
114 585
114 610
114 944
114 969
115 472
116 401
118 540
118 878
118 962
119 307
119 324
119 496
119 738
120 159
120 350
120 726
121 844
121 875
122 599
123 420
123 878
125 164
125 208
125 353
125 481
125 620
125 885
125 894
126 351
127 375
127 908
127 951
128 436
128 553
129 699
130 231
130 329
130 462
130 468
131 492
131 846
132 274
132 530
132 576
132 604
132 924
133 180
133 182
133 499
133 529
134 164
134 172
134 202
134 226
134 270
134 431
134 750
135 849
136 172
136 358
136 418
136 671
137 381
137 443
137 685
137 736
137 897
138 272
138 359
138 404
138 413
138 480
138 629
138 753
138 783
138 827
138 841
139 157
139 259
139 505
139 900
141 204
142 294
142 497
143 544
143 728
143 802
143 915
144 162
144 566
144 667
144 954
145 152
145 246
145 365
145 410
145 946
145 978
146 160
146 418
146 515
146 625
147 823
148 354
148 403
148 483
148 774
149 177
149 181
149 358
150 158
150 187
150 317
150 533
150 774
151 286
151 318
152 184
152 254
152 431
152 521
152 595
152 659
152 683
152 896
153 156
153 179
153 185
153 192
153 195
153 224
153 639
153 650
156 212
156 717
158 236
158 280
158 567
158 617
159 247
159 332
159 545
159 573
159 622
159 657
159 673
159 737
159 836
159 838
160 237
160 386
160 422
160 560
160 652
160 770
160 915
161 536
162 800
163 327
163 677
165 268
165 310
165 412
165 620
165 922
165 953
166 864
167 465
167 684
167 966
168 183
169 482
170 383
170 414
170 976
171 196
171 245
172 243
172 394
172 484
172 552
172 970
172 973
174 605
174 899
175 189
175 238
175 247
175 583
175 811
176 188
176 263
176 297
176 754
176 790
176 834
176 876
177 412
177 506
177 865
179 282
179 368
179 467
179 613
179 720
179 758
180 246
180 310
180 311
180 423
180 748
180 768
180 859
180 978
181 229
183 264
183 321
183 351
183 416
183 495
183 497
183 523
183 597
183 629
183 788
185 379
185 498
185 636
185 637
185 778
186 192
186 289
186 378
186 425
186 537
186 757
186 935
187 220
187 435
187 598
188 789
188 870
188 971
189 624
190 236
190 394
190 534
190 945
191 354
191 371
191 382
191 539
192 234
192 276
192 518
193 511
193 700
193 980
194 364
194 630
196 361
198 977
199 483
199 883
200 244
200 428
200 475
200 547
200 837
200 947
201 300
201 335
201 366
201 538
201 562
201 564
201 645
201 852
201 993
202 689
204 323
204 463
205 330
205 956
208 339
208 813
208 855
210 225
210 484
210 592
210 737
210 842
212 292
212 633
213 266
213 307
213 320
213 352
213 461
214 288
215 690
217 222
217 336
218 244
218 250
218 258
218 302
218 705
218 716
219 279
219 462
219 498
220 586
220 621
220 869
222 563
222 928
222 992
226 798
228 281
228 640
229 278
229 697
229 920
232 684
233 273
233 434
233 494
233 611
233 650
233 697
233 772
235 369
235 419
235 556
237 285
237 460
237 480
237 554
237 787
238 299
239 532
239 708
239 890
239 997
242 446
243 851
244 919
245 265
245 416
247 572
248 693
248 894
249 255
249 595
251 349
251 779
252 388
252 466
252 604
254 309
254 640
254 794
255 331
255 886
255 941
256 275
256 287
256 319
256 402
256 409
256 452
256 613
256 765
256 789
256 809
257 314
257 407
257 732
257 877
257 914
260 541
261 729
262 607
262 642
263 267
263 444
263 802
264 392
264 637
264 873
264 984
265 641
267 344
267 805
268 284
268 367
268 380
268 816
268 912
269 419
269 425
270 969
271 415
271 503
271 588
271 647
271 667
271 764
272 353
272 376
272 457
272 608
272 651
272 792
272 865
272 899
274 417
274 450
274 891
275 452
275 457
275 459
275 503
275 855
275 958
275 961
276 561
277 567
277 608
277 872
277 933
278 313
278 454
278 740
279 880
281 846
282 348
282 765
283 375
284 971
285 363
286 407
286 648
286 868
286 882
286 991
287 296
287 300
287 329
287 406
287 422
287 430
287 441
287 743
287 751
287 823
287 956
288 863
289 371
289 454
290 835
291 493
291 578
291 626
291 935
293 350
293 531
293 883
294 489
294 542
294 790
295 565
296 501
296 815
296 889
297 319
297 660
298 414
298 458
298 934
298 950
299 302
299 355
299 558
300 502
300 999
301 670
301 932
303 524
303 722
303 938
304 335
304 522
305 545
305 709
306 376
306 669
307 606
311 696
314 343
315 673
316 557
316 618
317 352
319 835
321 532
321 551
322 383
322 520
322 562
322 580
322 661
322 919
324 808
325 731
326 882
329 433
329 447
329 609
329 657
329 725
330 343
330 435
330 556
330 698
331 518
333 500
333 783
333 986
335 923
336 485
336 516
336 644
336 656
336 753
337 584
337 752
339 519
339 536
339 799
339 987
340 389
340 750
344 626
344 799
344 949
345 777
345 901
346 391
346 453
346 521
346 593
346 612
346 665
346 676
346 776
346 952
347 731
347 819
350 579
350 825
353 361
354 400
354 552
354 663
354 760
355 399
356 678
357 723
357 943
359 870
359 965
359 983
361 479
362 506
364 550
364 623
365 816
367 589
367 932
368 804
369 549
370 614
370 617
371 989
373 531
373 599
373 692
374 405
375 826
376 589
377 403
377 688
377 979
378 603
378 681
378 782
378 818
381 493
381 934
382 813
387 399
387 917
391 573
391 959
392 548
393 585
394 947
397 601
397 700
397 761
397 809
397 997
398 786
398 895
402 590
402 786
403 436
403 732
403 742
403 821
403 968
404 444
404 847
404 858
404 977
406 986
409 445
409 661
409 848
409 982
415 525
418 491
418 553
419 479
419 508
419 529
419 570
419 852
421 718
422 455
423 683
423 945
425 447
425 910
426 990
429 902
431 568
431 721
433 833
435 440
437 475
437 718
438 579
438 717
438 851
439 530
441 778
441 981
442 473
442 734
443 916
444 743
449 594
449 627
450 600
450 638
450 843
451 792
452 862
453 607
453 761
454 727
458 509
458 741
459 649
462 561
463 666
463 770
464 612
464 687
467 752
469 511
469 801
469 879
472 535
475 829
479 584
481 630
481 649
483 723
483 762
484 704
485 559
485 940
486 490
486 634
489 510
489 706
489 895
490 606
490 707
490 796
492 496
492 810
493 821
493 884
495 730
495 853
497 798
498 575
498 923
500 940
500 965
501 888
504 772
506 636
506 872
516 992
517 570
518 520
518 643
518 854
520 797
523 659
524 725
525 587
525 948
528 721
531 916
533 991
534 644
537 779
539 841
541 773
541 930
542 724
543 719
545 582
545 616
547 685
547 695
557 831
562 665
562 702
562 714
562 874
562 901
563 679
566 871
569 907
573 952
574 775
574 822
575 938
576 763
577 706
578 904
579 635
579 762
585 806
586 712
587 590
587 664
587 675
587 763
590 668
595 658
595 756
595 828
597 758
599 906
599 957
602 618
605 942
606 749
606 931
611 688
611 713
611 980
612 918
614 766
614 887
615 716
615 784
617 656
619 868
624 702
624 805
624 871
629 653
629 791
639 911
646 668
646 962
647 826
656 795
660 777
662 817
662 854
667 775
671 735
678 806
679 794
679 801
680 734
680 884
680 891
688 867
695 760
697 771
697 780
698 740
700 832
701 866
702 885
703 875
715 812
715 946
719 887
724 898
726 830
730 745
733 837
736 829
739 796
744 749
748 959
755 957
760 780
761 896
762 867
763 860
764 827
767 886
768 782
768 937
772 920
776 795
776 943
778 979
785 863
788 972
792 888
794 864
796 877
800 849
806 933
808 847
815 925
820 911
820 925
822 856
833 918
833 995
840 953
845 951
848 963
850 974
859 961
866 905
868 955
868 981
870 996
871 903
873 874
873 898
877 892
883 912
892 998
898 963
918 944
922 974
