0 1
0 2
0 3
0 4
0 5
0 9
0 11
0 15
0 16
0 18
0 22
0 26
0 29
0 30
0 39
0 48
0 49
0 50
0 59
0 61
0 63
0 70
0 74
0 80
0 89
0 123
0 124
0 127
0 136
0 139
0 141
0 146
0 161
0 162
0 163
0 172
0 204
0 212
0 260
0 273
0 279
0 296
0 300
0 314
0 325
0 328
0 339
0 353
0 354
0 444
1 4
1 6
1 7
1 8
1 9
1 12
1 22
1 23
1 28
1 31
1 45
1 72
1 101
1 103
1 106
1 111
1 124
1 137
1 142
1 159
1 167
1 197
1 200
1 219
1 221
1 222
1 237
1 240
1 249
1 262
1 281
1 291
1 293
1 322
1 367
1 373
1 383
1 388
1 469
1 499
2 4
2 5
2 6
2 12
2 14
2 18
2 20
2 31
2 36
2 48
2 51
2 72
2 86
2 183
2 195
2 203
2 241
2 284
2 359
2 382
2 384
2 432
2 466
4 5
4 8
4 10
4 11
4 13
4 15
4 18
4 20
4 21
4 22
4 24
4 25
4 31
4 35
4 37
4 41
4 53
4 54
4 65
4 66
4 75
4 77
4 83
4 85
4 89
4 101
4 113
4 115
4 128
4 130
4 161
4 179
4 185
4 265
4 272
4 305
4 306
4 348
4 379
4 381
4 390
4 391
4 408
4 410
4 413
4 460
4 478
4 496
5 6
5 7
5 10
5 16
5 17
5 33
5 36
5 39
5 40
5 42
5 43
5 47
5 67
5 68
5 78
5 79
5 86
5 93
5 95
5 118
5 120
5 122
5 132
5 137
5 154
5 172
5 220
5 222
5 259
5 306
5 321
5 391
5 394
5 431
5 440
5 454
5 463
5 464
5 469
5 492
6 7
6 9
6 10
6 11
6 13
6 19
6 25
6 27
6 30
6 34
6 43
6 58
6 83
6 86
6 87
6 111
6 139
6 144
6 209
6 234
6 292
6 313
6 326
6 355
6 385
6 404
6 409
6 426
7 8
7 12
7 13
7 15
7 16
7 17
7 20
7 29
7 32
7 38
7 44
7 46
7 55
7 63
7 77
7 95
7 116
7 120
7 121
7 155
7 196
7 207
7 216
7 220
7 226
7 235
7 237
7 243
7 245
7 262
7 280
7 288
7 297
7 317
7 324
7 330
7 362
7 368
7 373
7 393
7 403
7 416
7 423
7 430
7 444
7 449
7 472
8 21
8 119
8 187
8 203
8 212
8 228
8 233
8 235
8 255
8 363
8 418
8 470
8 472
9 17
9 26
9 39
9 52
9 54
9 93
9 102
9 110
9 114
9 141
9 216
9 218
9 224
9 261
9 266
9 294
9 371
9 421
9 450
9 452
9 469
10 14
10 19
10 43
10 59
10 72
10 81
10 90
10 96
10 108
10 133
10 240
10 249
10 300
10 311
10 332
10 368
10 437
10 487
11 14
11 40
11 77
11 102
11 148
11 178
11 207
11 274
11 314
11 318
11 319
11 327
11 332
11 382
11 396
12 25
12 30
12 37
12 64
12 69
12 70
12 81
12 83
12 89
12 116
12 122
12 150
12 169
12 184
12 211
12 239
12 295
12 323
12 378
12 424
12 463
13 49
13 71
13 94
13 118
13 206
13 231
13 273
13 276
13 437
13 491
14 38
14 90
14 105
14 342
14 425
14 431
14 433
14 455
15 24
15 29
15 107
15 263
15 312
15 418
16 19
16 23
16 24
16 27
16 32
16 45
16 56
16 70
16 87
16 104
16 143
16 190
16 193
16 219
16 232
16 480
16 490
17 34
17 38
17 41
17 48
17 50
17 54
17 67
17 79
17 96
17 145
17 161
17 172
17 173
17 194
17 195
17 210
17 236
17 253
17 257
17 307
17 366
17 430
18 23
18 26
18 40
18 122
18 148
18 213
18 283
18 319
18 374
18 417
19 21
19 28
19 47
19 57
19 58
19 68
19 130
19 163
19 170
19 214
19 227
19 232
19 266
19 308
19 336
19 445
19 498
20 27
20 144
20 153
20 183
20 245
20 277
20 311
20 334
20 370
20 422
20 439
21 73
21 79
21 106
21 142
21 230
21 426
22 36
22 52
22 66
22 98
22 127
22 231
22 274
22 381
22 458
22 460
22 495
23 60
23 66
23 88
23 108
23 133
23 143
23 152
23 182
23 215
23 337
23 364
23 372
23 444
24 28
24 42
24 44
24 96
24 328
24 358
24 368
25 55
25 174
25 220
25 236
25 285
25 308
25 317
25 339
25 455
26 32
26 33
26 37
26 53
26 67
26 91
26 100
26 104
26 116
26 120
26 167
26 176
26 199
26 205
26 237
26 241
26 252
26 271
26 352
26 407
26 416
26 442
26 447
26 488
26 489
27 35
27 60
27 132
27 194
27 355
27 468
28 41
28 46
28 56
28 62
28 64
28 69
28 84
28 91
28 117
28 156
28 168
28 214
28 242
28 271
28 296
28 297
28 344
28 383
28 429
29 65
29 171
29 216
29 305
30 63
31 33
31 44
31 60
31 62
31 98
31 129
31 214
31 250
31 340
31 405
32 34
32 82
32 91
32 135
32 153
32 192
32 229
32 297
32 322
32 369
33 42
33 59
33 74
33 75
33 99
33 112
33 125
33 209
33 215
33 353
33 406
33 439
33 477
34 35
34 46
34 51
34 55
34 92
34 97
34 110
34 134
34 221
34 242
34 245
34 265
34 282
34 339
34 363
34 369
34 379
34 394
34 415
35 74
35 82
35 92
35 97
35 99
35 109
35 114
35 131
35 144
35 155
35 156
35 158
35 254
35 256
35 258
35 360
36 49
36 68
36 76
36 150
36 151
36 165
36 227
36 345
36 462
37 119
37 313
37 385
37 477
38 235
39 45
40 51
40 69
40 73
40 92
40 145
40 180
40 293
40 341
40 380
40 396
40 410
40 452
41 71
41 84
41 125
41 198
41 230
41 233
41 255
41 268
41 299
41 301
41 362
41 492
42 50
42 71
42 78
42 87
42 109
42 230
42 248
42 410
42 478
43 62
43 75
43 80
43 88
43 105
43 127
43 128
43 131
43 160
43 180
43 191
43 210
43 357
43 456
44 53
44 90
44 105
44 113
44 114
44 149
44 195
44 199
44 247
44 298
44 354
44 356
44 402
44 419
44 420
45 52
45 109
45 138
45 146
45 157
45 323
45 331
45 398
45 473
46 47
46 88
46 175
46 301
46 350
46 404
47 65
47 81
47 82
47 135
47 168
47 252
48 57
48 58
48 171
48 189
48 239
48 272
48 420
48 489
49 64
49 73
49 111
49 129
49 166
49 181
49 197
49 387
50 266
50 280
50 305
50 309
50 448
50 488
51 57
51 93
51 100
51 132
51 177
51 185
51 202
51 234
51 243
51 253
52 61
52 106
52 108
52 121
52 163
52 288
52 320
52 403
52 485
53 85
53 218
53 250
53 252
53 278
53 364
53 366
53 457
54 130
54 168
54 178
54 184
54 335
54 370
55 56
55 76
55 78
55 110
55 139
55 141
55 155
55 188
55 278
55 404
56 61
56 94
56 205
56 229
56 326
56 363
56 375
56 479
56 498
57 101
57 178
57 190
57 243
57 257
58 102
58 295
60 179
60 443
60 498
61 104
61 107
61 147
61 158
61 187
61 215
61 246
61 253
61 262
61 347
61 351
61 374
61 389
61 406
61 443
62 76
62 85
62 133
62 135
62 206
62 281
62 482
63 112
63 113
63 147
63 208
63 251
63 269
63 282
63 310
63 333
63 346
63 452
64 107
64 289
65 97
65 136
65 159
65 177
65 198
65 201
65 357
66 94
66 103
66 189
66 208
66 405
66 465
66 474
67 376
68 166
68 181
68 186
68 207
68 366
69 300
69 320
69 350
70 201
70 249
70 268
71 491
72 129
72 188
72 190
72 204
72 392
72 395
72 429
72 485
73 119
73 157
73 169
73 217
73 278
73 480
74 221
74 286
74 299
74 315
74 341
74 398
75 80
75 95
75 192
75 303
75 449
76 298
76 358
77 145
77 209
77 279
77 325
77 459
78 126
78 202
78 238
78 248
78 316
78 330
78 342
78 367
78 423
78 442
78 447
78 457
79 128
79 275
80 198
80 238
80 384
80 402
80 428
80 465
81 84
81 100
81 123
81 142
81 170
81 240
81 244
81 290
81 315
81 324
81 335
81 407
81 412
81 493
82 126
82 140
82 181
82 234
82 239
82 267
82 454
83 115
83 160
83 183
83 391
84 117
84 146
84 186
84 223
84 257
84 450
85 121
85 131
85 270
85 365
85 372
86 115
86 138
86 313
86 337
86 377
86 432
87 151
87 169
88 98
88 136
88 296
88 373
88 431
89 140
89 197
89 361
90 99
90 154
90 187
90 206
90 218
90 386
90 449
90 451
91 103
91 124
91 126
91 167
91 226
91 329
91 338
91 340
91 347
91 481
93 226
93 330
93 381
94 150
94 399
95 125
95 153
95 211
95 361
96 176
96 270
98 466
98 483
99 157
99 309
99 310
99 383
99 419
99 454
99 460
99 461
100 134
100 457
101 246
101 336
101 364
101 388
101 400
101 493
102 312
103 165
103 191
103 346
103 378
104 182
104 193
104 229
104 246
104 325
104 333
104 343
104 417
104 467
104 497
104 499
105 112
105 117
105 175
105 258
105 274
105 275
105 288
105 306
105 425
106 446
106 476
107 118
107 217
107 289
107 411
108 393
108 427
108 453
109 123
109 399
110 165
110 189
110 255
110 287
110 349
110 386
111 175
111 224
111 251
111 301
111 427
112 170
112 298
112 345
112 428
112 494
113 386
114 137
114 143
114 152
114 213
114 217
114 302
114 424
114 490
115 445
115 462
116 403
116 427
116 470
117 236
117 294
117 331
118 238
118 318
118 426
118 487
119 152
119 192
119 196
119 232
119 233
119 365
120 140
120 343
121 134
121 156
123 162
123 200
123 247
123 284
124 342
125 174
125 338
125 357
126 222
126 299
126 371
126 411
127 224
128 329
128 421
128 479
129 302
129 471
129 484
130 291
130 435
131 231
131 267
131 268
131 271
131 441
132 188
132 219
132 340
132 479
132 494
133 158
133 269
134 148
134 149
134 151
134 182
134 228
134 286
134 319
134 359
134 393
134 397
134 401
134 409
134 474
135 429
136 138
136 285
136 493
137 149
137 254
137 289
137 303
137 422
137 436
138 263
138 292
139 173
139 228
139 251
139 260
139 294
139 413
139 477
140 265
140 273
140 377
141 430
142 147
142 162
142 259
142 260
142 287
142 334
142 370
142 407
143 174
143 223
143 439
144 375
144 398
146 184
146 193
146 422
147 154
147 164
148 213
148 281
148 387
148 435
149 397
149 416
150 191
151 225
153 160
153 186
153 203
153 212
154 159
154 164
154 208
154 321
154 415
154 450
155 205
155 309
155 336
155 389
155 400
155 428
157 176
157 201
157 285
157 315
157 362
157 459
158 180
158 185
158 194
159 196
159 242
160 173
160 179
160 267
160 331
160 353
160 411
161 317
161 412
161 478
162 164
162 308
162 335
163 484
164 283
164 345
164 438
165 166
165 177
167 200
167 280
169 171
169 307
170 496
171 276
171 316
171 415
174 204
175 258
176 369
179 276
179 303
181 310
181 316
181 326
181 327
181 401
182 312
182 372
185 210
185 244
185 497
187 244
187 270
187 291
189 287
189 320
189 374
193 392
194 247
194 348
194 354
195 202
195 472
196 225
196 263
197 311
198 199
198 344
200 259
200 332
200 484
201 302
202 211
203 250
203 264
203 475
203 486
204 282
205 358
205 382
206 352
207 256
207 277
207 390
208 223
210 254
211 476
212 292
212 453
213 225
214 323
214 392
214 414
214 443
214 481
216 459
217 277
217 356
218 337
220 347
221 227
221 461
221 471
225 264
225 304
225 351
225 359
225 418
225 467
226 295
228 334
228 425
229 461
231 329
232 241
232 256
232 261
232 344
233 279
236 351
236 371
236 379
236 424
236 492
237 341
238 269
239 324
239 396
240 387
241 473
241 497
242 412
242 414
242 495
243 286
244 367
244 476
246 248
246 261
246 304
246 376
246 395
247 284
247 456
247 481
254 471
255 360
255 375
255 380
256 275
256 361
257 264
257 314
258 355
259 272
259 318
260 348
262 290
262 327
266 464
268 399
268 482
269 290
270 390
274 442
276 473
277 293
277 304
277 436
278 486
279 321
279 322
282 283
282 350
282 462
282 496
283 349
283 360
284 385
287 458
289 307
292 436
292 465
293 420
294 333
295 365
296 343
296 440
298 419
300 397
301 451
305 402
306 438
308 448
309 378
309 491
311 349
311 384
312 421
312 475
312 486
313 338
313 346
318 489
318 495
321 417
321 448
321 488
322 434
322 446
322 480
324 328
324 377
324 405
325 468
327 394
330 356
334 395
334 483
339 437
342 475
342 482
342 483
344 408
344 455
347 352
347 414
347 434
349 389
353 408
356 433
357 380
357 453
359 401
368 423
370 376
370 406
371 468
375 441
375 445
377 433
380 499
381 432
382 409
382 470
384 440
386 388
387 441
388 458
389 400
390 447
394 446
411 413
414 463
421 451
422 434
422 464
425 438
426 490
429 435
431 485
433 456
436 467
442 494
457 474
465 466
474 487
