0 1
0 2
0 3
0 14
0 15
0 23
0 26
0 29
0 30
0 35
0 70
0 75
0 96
0 106
0 131
0 146
0 162
0 165
0 167
0 169
0 200
0 210
0 215
0 264
0 283
0 342
0 346
0 394
0 403
0 412
0 446
0 480
0 494
0 550
0 703
0 717
0 742
0 768
0 796
0 855
0 893
0 897
0 908
2 3
2 4
2 71
2 81
2 129
2 168
2 635
2 728
3 4
3 5
3 7
3 10
3 11
3 15
3 18
3 19
3 20
3 21
3 27
3 31
3 32
3 34
3 41
3 44
3 48
3 51
3 57
3 61
3 63
3 67
3 73
3 85
3 89
3 100
3 104
3 106
3 109
3 121
3 133
3 163
3 173
3 188
3 207
3 214
3 229
3 248
3 250
3 280
3 292
3 299
3 305
3 312
3 314
3 404
3 445
3 468
3 485
3 496
3 497
3 499
3 518
3 519
3 567
3 616
3 632
3 739
3 741
3 771
3 776
3 806
3 811
3 820
3 849
3 868
3 889
3 896
3 961
3 973
4 5
4 6
4 8
4 9
4 11
4 16
4 17
4 20
4 24
4 36
4 38
4 39
4 58
4 60
4 62
4 63
4 64
4 67
4 70
4 78
4 80
4 81
4 83
4 90
4 97
4 98
4 117
4 118
4 137
4 149
4 157
4 160
4 199
4 203
4 213
4 235
4 244
4 250
4 253
4 266
4 270
4 288
4 306
4 307
4 328
4 345
4 398
4 401
4 405
4 415
4 430
4 454
4 459
4 462
4 491
4 565
4 612
4 630
4 657
4 664
4 676
4 706
4 738
4 753
4 758
4 780
4 805
4 838
4 840
4 850
4 858
4 865
4 902
4 946
4 984
4 989
5 6
5 7
5 17
5 31
5 150
5 151
5 152
5 224
5 295
5 356
5 375
5 409
5 442
5 783
6 8
6 9
6 12
6 14
6 16
6 22
6 28
6 36
6 39
6 40
6 47
6 56
6 72
6 76
6 80
6 96
6 103
6 107
6 112
6 161
6 170
6 172
6 178
6 179
6 180
6 187
6 234
6 247
6 255
6 268
6 270
6 286
6 301
6 308
6 334
6 362
6 475
6 500
6 528
6 532
6 555
6 589
6 606
6 672
6 740
6 765
6 790
6 793
6 807
6 946
6 956
7 18
7 19
7 33
7 178
7 218
7 263
7 289
7 325
7 417
7 460
7 482
7 497
7 507
7 652
7 774
7 809
7 885
7 934
8 12
8 40
8 181
8 258
8 310
8 312
8 320
8 321
8 386
8 559
8 733
9 10
9 13
9 21
9 57
9 59
9 132
9 166
9 175
9 196
9 456
9 458
9 468
9 511
9 517
9 818
9 832
9 880
9 909
9 990
10 13
10 28
10 34
10 43
10 50
10 53
10 110
10 159
10 160
10 199
10 212
10 249
10 254
10 257
10 272
10 281
10 282
10 302
10 340
10 343
10 397
10 450
10 469
10 528
10 567
10 694
10 720
10 761
10 895
10 914
11 38
11 46
11 117
11 143
11 228
11 543
12 22
12 68
12 69
12 71
12 126
12 136
12 140
12 283
12 354
12 421
12 531
12 636
12 784
12 826
13 24
13 30
13 45
13 47
13 104
13 105
13 111
13 124
13 126
13 128
13 129
13 139
13 151
13 163
13 165
13 192
13 210
13 236
13 284
13 342
13 351
13 352
13 420
13 476
13 482
13 549
13 589
13 640
13 766
13 836
13 838
13 933
13 942
14 23
14 26
14 73
14 79
14 91
14 150
14 196
14 332
14 348
14 387
14 404
14 419
14 586
14 625
14 905
14 955
15 389
15 742
16 64
16 65
16 77
16 78
16 86
16 99
16 114
16 135
16 147
16 176
16 463
16 472
16 488
16 542
16 593
16 623
16 638
16 641
16 661
16 670
16 761
16 762
16 826
16 922
16 928
16 964
17 55
17 479
17 668
17 746
18 53
18 69
18 91
18 108
18 274
18 329
18 436
18 653
18 696
18 921
19 27
19 75
19 85
19 97
19 191
19 204
19 297
19 321
19 444
19 678
19 700
19 844
20 55
20 345
20 445
20 449
20 729
20 954
21 25
21 41
21 132
21 170
21 203
21 243
21 296
21 387
21 472
21 503
21 608
21 711
21 925
22 25
22 32
22 33
22 43
22 58
22 61
22 62
22 76
22 83
22 93
22 95
22 124
22 134
22 138
22 140
22 181
22 187
22 233
22 298
22 355
22 375
22 415
22 426
22 492
22 529
22 540
22 548
22 569
22 587
22 597
22 603
22 604
22 614
22 685
22 727
22 749
22 770
22 870
23 37
23 42
23 66
23 87
23 114
23 149
23 155
23 156
23 183
23 239
23 265
23 324
23 365
23 389
23 564
23 637
23 686
23 732
23 748
23 775
23 786
23 863
23 908
24 44
24 48
24 103
24 383
25 88
25 423
25 659
25 712
25 789
26 29
26 189
26 225
26 296
26 710
27 95
27 168
27 179
28 35
28 153
28 188
28 251
28 253
28 315
28 411
28 556
29 45
29 50
29 100
29 113
29 119
29 121
29 176
29 194
29 209
29 231
29 232
29 235
29 254
29 258
29 414
29 440
29 701
29 936
29 953
30 37
30 111
30 228
30 374
30 392
30 694
30 869
31 52
31 92
31 102
31 122
31 123
31 147
31 158
31 182
31 186
31 195
31 297
31 335
31 367
31 459
31 462
31 474
31 487
31 596
31 697
31 841
31 873
31 917
31 995
32 60
32 74
32 366
33 115
33 431
33 717
33 992
34 627
35 123
35 521
35 736
35 791
36 115
36 216
36 319
36 552
37 319
37 502
37 526
37 859
37 977
38 211
38 785
39 42
39 52
39 74
39 107
39 113
39 226
39 238
39 314
39 331
39 435
39 442
39 486
39 568
39 610
39 620
39 780
39 828
40 54
40 72
40 127
40 143
40 195
40 231
40 317
40 335
40 416
40 425
40 465
40 475
40 578
40 625
40 632
40 634
40 673
40 879
40 993
41 539
42 46
42 49
42 82
42 102
42 138
42 141
42 198
42 287
42 500
42 599
42 634
42 680
42 759
42 762
42 816
42 888
42 914
42 972
43 93
43 186
43 229
43 273
43 516
44 120
44 294
44 341
44 344
44 494
44 633
44 667
44 672
44 813
45 284
45 435
45 607
45 920
46 451
47 59
47 101
47 141
47 156
47 169
47 489
47 584
47 714
47 996
48 49
48 68
48 82
48 125
48 240
48 290
48 326
48 363
48 413
48 586
48 744
48 884
48 925
48 933
48 967
49 89
49 145
49 185
49 220
49 438
50 51
50 56
50 66
50 101
50 128
50 130
50 134
50 136
50 139
50 152
50 190
50 223
50 353
50 369
50 466
50 649
50 824
50 874
50 876
51 54
51 689
52 77
52 294
52 760
52 916
52 959
53 92
53 206
53 563
53 691
53 747
53 796
54 84
54 173
54 249
54 275
54 291
54 325
54 388
54 436
54 535
54 713
54 927
54 940
54 970
55 84
55 256
55 591
55 722
56 142
56 697
57 197
57 434
57 449
57 596
57 644
57 659
58 65
58 112
58 158
58 547
58 622
58 725
58 934
58 993
59 282
60 122
60 194
60 819
61 79
61 654
62 534
62 886
63 94
63 248
63 261
63 355
63 364
63 692
64 311
64 380
64 576
64 917
64 979
65 252
65 448
66 406
66 514
66 667
66 713
66 808
67 90
67 177
67 655
67 704
69 184
70 98
70 120
70 313
70 370
70 788
70 798
70 966
71 265
72 289
72 488
72 854
72 900
73 87
73 88
73 133
73 208
73 266
73 268
73 425
73 453
73 569
73 628
73 687
73 800
73 932
74 135
74 467
74 575
74 666
74 731
75 109
75 219
75 220
75 262
75 601
76 108
76 118
76 137
76 216
76 279
76 393
76 536
76 712
76 751
76 830
77 116
77 581
77 673
77 768
78 190
78 350
78 382
78 555
79 201
79 302
80 232
80 358
80 396
80 642
81 105
81 489
81 734
81 919
82 86
82 226
82 230
82 440
82 560
82 574
82 629
82 706
82 766
83 154
83 164
83 197
83 212
83 215
83 373
83 424
83 437
83 635
83 654
83 716
83 872
84 247
84 570
84 600
84 749
84 890
85 647
86 167
86 285
86 357
86 368
86 390
86 441
86 501
86 808
86 823
87 318
87 495
87 591
88 110
88 333
88 341
88 350
88 368
88 372
88 574
88 594
88 617
88 781
89 378
89 973
90 260
90 278
90 554
91 125
91 949
92 116
92 154
92 262
92 267
92 277
92 483
92 506
93 94
93 184
93 505
93 526
93 695
93 999
94 185
94 223
94 256
94 831
95 202
95 802
95 851
96 99
96 119
96 146
96 189
96 201
96 288
96 324
96 349
96 379
96 383
96 523
96 572
96 598
96 622
96 773
96 779
96 795
96 843
97 171
97 227
97 316
97 839
97 968
97 972
98 234
98 443
98 974
99 145
100 825
101 159
101 349
102 148
102 236
102 263
102 276
102 402
102 413
102 452
102 538
102 556
102 637
102 676
102 736
102 767
102 978
103 619
103 679
103 843
104 592
104 825
107 421
107 689
107 702
108 279
108 286
108 359
108 997
109 144
109 161
109 164
109 252
109 300
109 308
109 309
109 313
109 407
109 418
109 432
109 478
109 524
109 614
109 745
109 816
109 852
109 881
109 882
110 198
110 303
110 330
110 331
110 470
110 534
110 541
110 647
110 663
111 175
111 259
111 562
112 157
112 177
112 200
112 224
112 817
113 217
113 385
113 504
114 131
114 727
115 239
115 581
115 645
116 142
116 155
116 476
116 616
116 708
116 881
117 238
117 244
117 932
118 148
118 644
120 162
120 241
120 303
120 471
120 769
121 447
121 474
122 687
122 984
123 127
123 130
123 144
123 222
123 339
123 429
123 513
123 730
123 778
123 851
124 180
124 214
124 280
124 543
124 683
125 267
126 153
126 174
126 304
126 620
126 772
127 492
128 208
128 209
128 529
128 854
129 221
129 328
129 380
129 506
129 537
129 558
130 315
130 424
130 702
130 875
131 384
131 882
132 204
132 285
132 414
132 433
132 531
132 760
132 930
133 245
133 310
133 322
133 394
133 512
133 533
133 666
133 699
133 812
133 921
133 929
133 936
133 966
134 369
134 611
134 841
135 553
137 346
137 447
137 994
138 207
138 245
138 246
138 333
138 535
138 704
138 902
139 278
139 292
139 332
139 399
139 416
139 438
139 455
139 550
139 590
139 653
139 663
139 682
139 965
139 975
139 996
140 304
140 338
140 781
140 855
143 503
143 759
144 299
144 406
145 384
145 560
145 585
145 743
146 217
146 737
146 860
147 174
147 407
147 408
147 428
147 484
147 627
147 870
147 897
147 940
148 171
148 172
148 295
148 301
148 401
148 486
148 504
148 621
148 660
148 671
148 735
148 743
148 767
149 260
150 298
150 778
151 246
151 261
151 405
151 551
151 845
152 481
153 561
154 750
156 166
156 182
156 490
156 674
157 437
158 213
158 222
158 317
158 354
158 455
158 554
158 883
158 885
159 183
159 191
159 257
159 453
160 193
161 722
162 361
162 395
162 457
162 501
162 525
162 642
162 905
163 477
163 675
164 192
164 202
164 230
164 277
164 316
164 348
164 906
165 377
165 427
165 428
165 658
165 757
165 860
167 242
167 360
167 398
167 477
167 726
167 785
167 953
168 741
169 365
171 918
172 377
172 522
173 275
173 293
173 460
173 495
173 512
173 553
173 601
173 842
173 912
174 351
174 374
174 584
174 639
174 799
174 887
174 969
175 211
175 218
175 273
175 291
175 307
175 329
175 810
176 205
176 433
178 241
178 309
178 360
178 364
178 386
178 465
178 619
178 636
178 822
178 923
179 337
179 411
179 715
179 909
181 237
183 193
183 452
183 626
183 684
184 371
184 376
184 674
184 988
186 206
187 597
188 240
188 466
188 473
189 397
189 774
190 276
190 353
190 519
191 334
192 352
192 510
192 638
193 225
193 577
194 287
195 219
195 323
195 366
195 611
195 822
196 243
196 255
196 358
196 395
196 461
196 809
196 888
197 373
197 746
198 205
198 630
199 237
199 681
199 700
199 877
199 948
199 985
200 403
200 777
200 801
201 327
201 469
201 499
201 731
201 978
202 227
202 592
202 782
202 887
203 432
203 458
203 725
203 777
204 347
204 747
204 911
206 221
206 505
207 422
208 431
208 467
209 490
209 764
210 865
212 339
212 827
214 400
215 372
215 869
216 382
216 515
216 680
216 685
217 274
217 470
217 588
218 251
218 396
218 862
220 264
220 367
220 703
220 779
223 651
223 771
224 326
224 410
225 605
226 269
227 994
228 811
228 856
229 233
229 357
229 487
229 580
229 613
229 650
229 804
230 877
231 864
232 624
232 655
233 242
233 660
233 878
233 956
235 271
235 995
236 718
237 566
237 579
238 479
238 708
238 976
239 363
239 419
239 679
241 338
241 356
241 399
241 598
242 536
242 758
243 259
243 583
244 376
244 509
245 272
246 530
246 798
246 899
247 293
247 518
247 707
248 269
248 557
248 600
248 629
248 650
248 837
249 571
249 709
249 971
252 271
252 724
253 609
255 718
256 705
256 776
256 890
257 573
257 846
258 410
258 668
258 886
259 582
259 593
259 827
259 962
260 546
260 787
264 359
264 478
265 305
265 579
265 814
268 511
268 866
269 320
269 578
270 336
270 711
270 734
270 883
271 540
271 558
271 833
272 430
272 585
272 716
272 751
273 311
273 362
273 750
274 903
274 931
274 947
275 945
277 281
277 527
277 724
277 853
278 306
278 322
278 391
278 473
278 628
278 684
279 371
279 618
279 683
279 693
279 935
280 633
280 662
280 730
282 830
283 330
283 441
283 662
283 797
283 901
284 427
284 483
284 544
284 607
286 491
286 944
287 464
288 521
288 623
288 904
289 290
290 391
290 434
290 493
290 621
290 728
291 300
291 677
292 753
293 344
293 439
293 588
293 764
293 861
294 318
294 451
294 818
294 853
294 930
295 493
295 880
299 378
299 523
300 693
301 340
301 515
301 646
301 834
302 552
302 954
304 446
304 563
304 814
305 533
306 461
306 755
306 879
307 327
309 323
311 336
311 508
311 605
311 615
311 726
311 813
311 840
312 392
312 786
315 418
316 439
316 815
319 604
319 977
321 990
323 889
324 337
324 361
324 400
324 590
324 709
328 664
329 745
329 891
331 379
332 381
333 891
334 541
334 710
334 740
335 595
336 343
336 941
337 583
337 645
344 443
344 516
345 347
345 381
345 507
345 656
345 692
346 631
346 836
347 690
348 857
351 454
351 527
351 963
353 388
354 665
356 423
357 448
358 939
359 393
359 752
359 918
360 390
360 444
360 576
360 950
361 631
362 648
363 408
363 409
365 648
365 844
368 370
368 982
369 402
371 422
371 539
371 564
371 910
372 417
372 669
373 907
376 682
376 794
376 812
377 420
377 498
377 546
377 565
377 577
377 937
377 975
378 641
378 748
378 928
379 385
379 412
380 744
381 545
381 580
381 719
382 485
382 656
383 864
383 913
385 738
388 803
390 525
390 839
390 969
391 426
391 602
391 784
392 657
392 705
394 859
395 548
396 538
402 643
404 568
405 942
406 947
407 464
407 530
408 471
409 498
409 643
409 790
410 866
410 892
410 968
411 514
412 847
416 845
417 537
417 599
423 429
423 524
423 545
423 626
423 658
423 723
423 795
423 874
423 935
424 848
426 532
427 875
429 463
429 562
429 829
430 686
433 640
433 721
434 701
435 450
436 508
436 566
436 573
436 986
437 481
437 688
438 980
441 456
441 513
441 520
444 729
445 496
447 520
447 819
449 606
449 894
449 951
451 502
451 696
454 457
454 624
460 522
460 732
461 480
461 850
463 587
464 484
464 517
465 915
466 649
466 755
466 810
467 763
469 988
471 572
471 707
473 895
473 924
474 509
476 595
476 807
476 958
477 787
477 929
477 939
478 896
479 752
479 912
479 957
480 610
480 612
480 805
480 837
480 991
481 582
481 646
481 651
481 867
481 915
482 715
482 757
483 510
483 544
483 835
486 639
486 876
487 547
487 618
490 903
492 800
492 847
495 967
496 570
496 941
497 817
497 970
500 792
503 754
505 671
505 699
505 923
506 557
506 681
508 677
508 793
509 723
513 868
514 848
515 998
516 542
516 549
516 958
519 960
520 571
520 721
521 937
521 955
522 561
524 913
525 551
526 911
527 559
529 948
531 770
533 898
534 904
537 737
540 678
544 733
545 867
546 714
546 792
546 986
553 602
553 675
554 613
556 952
556 963
559 615
559 782
560 575
563 794
564 594
564 719
565 617
565 944
567 756
567 804
567 842
570 803
570 900
571 665
571 919
572 832
573 797
576 603
576 756
578 698
584 690
584 916
586 652
588 828
588 829
589 862
590 893
592 609
592 834
595 823
599 983
600 775
600 999
601 608
601 962
603 924
604 857
605 688
608 691
610 861
614 898
617 824
618 791
618 846
618 894
618 985
622 669
622 720
622 772
622 979
625 920
635 695
636 892
639 965
646 789
647 698
649 661
650 959
655 783
659 980
660 670
663 765
669 799
671 820
671 849
671 998
675 773
675 910
677 871
677 974
683 949
684 833
684 927
690 735
695 763
695 806
700 754
714 884
715 957
717 981
721 987
730 769
737 739
737 815
737 931
741 852
746 821
749 943
757 802
757 938
758 835
758 938
759 951
763 871
765 945
768 907
774 858
780 788
781 960
782 801
782 872
782 901
787 863
793 856
793 906
800 943
806 821
807 831
813 926
815 873
816 981
816 989
819 926
834 964
843 878
848 987
862 899
876 950
876 971
882 992
885 952
891 983
902 922
910 961
928 976
949 997
957 982
969 991
