0 1
1 2
1 3
1 4
1 6
1 7
1 8
1 19
1 21
1 26
1 31
1 39
1 46
1 61
1 74
1 85
1 86
1 90
1 94
1 96
1 97
3 12
3 15
3 22
3 32
3 41
3 42
3 47
3 50
3 59
3 60
3 79
3 87
3 91
3 93
4 5
4 9
4 13
4 24
4 36
4 43
4 51
4 62
4 64
4 65
4 68
5 10
5 11
5 14
5 23
5 48
5 55
5 56
5 71
7 30
7 45
7 77
7 82
8 17
8 38
8 67
8 69
8 92
9 35
14 16
14 20
15 33
15 34
15 58
15 66
15 73
15 76
15 80
15 83
17 18
17 25
17 63
17 89
18 28
19 27
19 52
20 29
21 98
22 99
24 57
25 40
28 84
32 44
36 37
39 49
44 53
45 70
45 88
47 54
52 72
52 78
56 81
58 75
88 95
