0 1
0 2
0 3
0 4
0 11
0 16
0 17
0 22
0 28
0 29
0 30
0 32
0 35
0 37
0 41
0 50
0 53
0 69
0 76
0 87
0 94
1 4
1 5
1 6
1 8
1 19
1 25
1 35
1 43
1 47
1 71
1 80
1 88
2 4
2 5
2 6
2 7
2 10
2 16
2 19
2 24
2 27
2 39
2 45
2 52
2 54
2 60
2 64
2 73
2 90
2 97
3 7
3 9
3 12
3 13
3 14
3 22
3 34
3 36
3 38
3 65
3 68
3 69
3 72
3 82
3 99
4 5
4 8
4 10
4 11
4 16
4 20
4 21
4 34
4 36
4 42
4 74
4 81
4 91
4 93
4 97
5 6
5 7
5 9
5 10
5 11
5 13
5 14
5 15
5 17
5 25
5 28
5 30
5 39
5 44
5 45
5 46
5 49
5 51
5 54
5 55
5 56
5 68
5 87
5 93
5 98
5 99
6 9
6 19
6 42
6 63
7 8
7 12
7 14
7 18
7 20
7 26
7 27
7 31
7 38
7 41
7 48
7 55
7 57
7 61
7 69
7 75
7 78
8 35
8 38
8 62
8 67
9 17
9 18
9 21
9 23
9 48
9 59
9 65
9 83
10 12
11 13
11 15
11 26
11 34
11 49
11 66
11 72
12 23
12 24
12 40
12 85
13 15
13 28
13 32
13 40
13 56
13 57
13 58
13 70
13 71
13 80
13 82
13 90
13 93
15 24
15 64
15 89
15 90
15 99
16 18
16 20
16 27
16 31
16 39
16 40
16 64
16 68
16 71
16 72
16 86
17 22
17 26
17 29
17 31
17 76
17 95
18 21
18 65
19 33
19 45
19 58
19 96
20 29
20 43
20 59
20 74
20 92
21 25
21 32
22 23
22 44
22 52
22 74
22 89
22 96
23 33
25 41
25 46
25 50
25 60
25 61
25 85
26 37
26 47
26 77
26 98
27 30
27 33
27 36
27 73
27 77
27 88
28 53
28 85
28 91
28 94
29 73
30 46
30 60
30 62
30 94
32 48
32 51
32 75
32 83
33 52
33 79
34 43
35 37
35 58
36 50
37 49
37 51
37 63
37 86
38 47
38 56
38 62
38 76
38 87
38 92
39 55
39 70
40 42
40 44
40 63
40 70
40 86
40 89
41 54
41 67
41 77
41 96
41 98
44 95
46 59
46 66
48 78
49 53
49 57
57 61
58 66
58 79
60 79
60 81
61 67
63 84
64 80
64 92
66 82
68 84
69 83
70 91
74 75
74 78
77 84
78 88
79 95
80 81
94 97
