0 1
0 2
0 3
0 4
0 9
0 28
0 38
0 42
0 48
0 78
0 83
0 100
0 106
0 171
0 250
0 339
0 348
0 453
1 15
1 32
1 88
1 91
1 123
1 127
1 130
1 155
1 230
1 288
1 296
1 325
2 3
2 4
2 5
2 6
2 8
2 10
2 12
2 14
2 16
2 17
2 18
2 19
2 23
2 25
2 30
2 39
2 49
2 55
2 64
2 75
2 84
2 87
2 98
2 111
2 141
2 150
2 156
2 162
2 164
2 170
2 199
2 204
2 231
2 258
2 263
2 273
2 277
2 284
2 312
2 315
2 324
2 347
2 366
2 372
2 377
2 382
2 395
2 416
2 443
2 493
3 5
3 7
3 10
3 26
3 30
3 32
3 33
3 34
3 36
3 39
3 41
3 50
3 54
3 58
3 59
3 64
3 65
3 67
3 81
3 90
3 98
3 104
3 109
3 113
3 124
3 133
3 142
3 150
3 167
3 173
3 186
3 200
3 209
3 210
3 212
3 215
3 227
3 252
3 261
3 264
3 316
3 324
3 351
3 375
3 421
3 422
3 455
3 458
3 460
4 6
4 8
4 11
4 12
4 14
4 58
4 61
4 63
4 85
4 86
4 103
4 119
4 279
4 290
4 313
4 333
4 344
4 400
4 428
4 482
4 495
5 16
5 19
5 83
5 86
5 130
5 210
5 226
5 233
5 274
5 287
5 297
5 326
5 374
6 7
6 24
6 27
6 44
6 129
6 193
6 300
6 460
7 13
7 22
7 28
7 31
7 35
7 38
7 45
7 52
7 57
7 65
7 74
7 107
7 110
7 145
7 158
7 184
7 192
7 222
7 268
7 312
7 337
7 360
7 365
7 380
7 414
7 419
7 478
8 9
8 15
8 18
8 21
8 52
8 79
8 123
8 262
8 268
8 280
8 290
9 11
9 26
9 37
9 53
9 62
9 66
9 93
9 94
9 116
9 379
9 413
9 425
9 437
10 97
10 121
10 131
11 13
11 20
11 25
11 43
11 50
11 59
11 128
11 134
11 140
11 189
11 196
11 276
11 278
11 305
11 309
11 334
11 394
11 444
11 457
12 110
12 168
12 188
12 336
13 17
13 27
13 29
13 40
13 46
13 56
13 66
13 101
13 115
13 134
13 144
13 168
13 182
13 228
13 272
13 285
13 343
13 346
13 380
13 384
13 456
13 474
13 486
14 37
14 95
14 152
14 164
14 197
14 217
14 234
14 252
14 307
14 408
14 492
15 31
15 82
15 106
15 177
15 259
15 336
15 429
16 22
16 29
16 61
16 112
16 205
16 217
16 260
16 271
16 286
16 391
16 493
17 20
17 48
17 60
17 67
17 87
17 100
17 113
17 137
17 178
17 190
17 219
17 220
17 224
17 242
17 310
17 328
17 333
17 338
17 345
17 397
17 412
17 467
18 21
18 23
18 72
18 94
18 101
18 105
18 136
18 188
18 225
18 236
18 240
18 254
18 255
18 381
19 78
19 80
19 124
19 370
19 435
20 235
20 365
21 35
21 146
21 327
21 366
22 24
22 34
22 42
22 53
22 108
22 132
22 135
22 137
22 244
22 265
22 267
22 353
22 449
22 479
23 33
23 114
23 396
24 68
24 156
24 175
24 330
24 367
24 441
26 41
26 56
26 126
26 158
26 246
26 325
26 338
26 356
26 385
26 403
26 465
26 473
26 494
26 498
27 36
28 57
28 62
28 89
28 120
28 127
28 149
28 159
28 183
28 203
28 232
28 244
28 251
29 213
30 71
30 117
30 226
31 99
31 139
31 191
31 199
32 77
32 91
32 114
32 115
32 148
32 352
32 369
32 405
32 408
33 43
33 234
33 303
33 386
34 140
34 202
34 399
34 400
34 429
35 40
35 143
36 47
36 73
36 81
36 128
37 44
37 45
37 46
37 60
37 77
37 92
37 93
37 96
37 146
37 155
37 207
37 229
37 241
37 271
37 276
37 341
37 376
38 49
38 68
38 292
38 448
38 463
38 470
39 54
39 55
39 72
39 131
39 172
39 174
39 178
39 187
39 194
39 298
39 351
39 417
40 187
40 219
40 484
41 195
41 412
41 480
42 51
42 75
42 103
42 111
42 238
42 248
42 331
42 454
43 47
43 122
43 144
43 159
43 165
43 295
45 239
46 151
46 247
47 120
48 154
48 483
49 147
49 165
49 251
49 272
50 51
50 70
50 126
50 309
50 446
51 63
51 76
51 84
51 95
51 96
51 99
51 108
51 118
51 179
51 195
51 367
51 401
52 172
52 357
53 125
55 69
55 74
55 89
55 92
55 247
55 248
55 257
55 265
55 352
56 70
56 80
56 102
56 105
56 122
56 143
56 198
56 223
56 318
56 393
56 468
57 174
57 180
57 301
57 398
58 132
58 440
58 495
59 69
59 97
59 133
59 238
59 306
59 402
60 278
60 300
60 447
61 71
61 85
61 256
61 260
61 314
61 354
61 362
61 452
61 462
62 73
62 192
63 151
63 186
63 197
63 286
63 292
63 424
64 82
65 387
65 410
67 149
67 339
67 410
67 447
68 319
68 384
69 157
69 345
69 456
69 464
70 76
70 167
70 204
71 214
72 79
72 227
72 475
73 138
73 212
73 427
73 439
74 355
74 369
74 462
75 249
76 118
76 216
76 464
77 88
77 109
77 112
77 201
77 273
77 374
77 402
79 90
79 107
79 206
79 215
79 216
79 223
79 414
79 477
80 117
80 157
80 267
81 196
83 270
84 147
84 237
86 116
86 169
87 233
88 426
89 121
89 153
89 166
89 289
89 294
89 383
89 411
90 189
90 275
90 371
91 289
91 327
93 102
93 181
93 294
93 355
94 465
95 317
95 349
95 427
96 302
96 411
97 141
97 258
97 472
99 360
100 104
100 129
100 154
100 160
100 340
100 364
100 388
100 434
102 125
102 163
102 185
102 254
102 301
102 453
102 488
102 498
103 337
103 484
105 152
105 485
107 297
108 303
108 383
108 478
109 450
111 139
112 160
112 171
112 283
112 388
113 342
114 161
114 393
115 119
115 229
115 357
116 340
116 395
117 419
117 481
118 135
118 161
118 176
118 206
118 214
118 246
118 285
118 308
118 321
118 326
118 341
118 359
118 362
118 364
118 368
119 240
119 397
121 317
121 359
121 372
122 138
122 153
122 177
123 230
123 280
123 343
123 490
124 321
125 203
125 308
125 442
125 458
125 499
126 231
126 239
126 282
126 291
126 448
127 386
128 136
128 180
128 266
129 184
129 311
129 361
129 475
129 497
130 175
130 406
131 142
131 148
131 392
132 145
134 176
134 274
134 319
134 370
134 431
135 481
137 190
137 249
137 313
137 375
137 385
137 421
137 433
137 454
138 163
138 166
138 329
138 420
139 378
140 222
140 250
141 277
143 228
143 348
143 477
144 291
144 392
145 198
145 201
145 209
145 236
145 293
145 320
146 185
148 162
148 451
149 487
150 191
150 281
150 304
151 213
151 334
151 494
152 232
152 242
152 304
152 307
152 406
152 471
152 482
154 218
156 221
157 169
157 235
157 299
157 350
157 378
159 243
159 261
160 183
160 298
162 181
162 263
162 389
163 194
163 202
164 170
165 179
165 182
165 220
167 173
167 269
167 283
167 353
167 459
168 379
168 425
168 436
170 253
170 442
171 320
171 404
171 461
174 262
175 193
175 211
175 221
176 208
176 461
179 205
179 224
179 284
179 354
179 432
181 316
182 491
184 409
184 469
186 491
187 288
187 310
189 207
189 218
189 332
190 200
190 315
190 358
192 322
193 253
196 415
196 476
198 208
199 256
199 287
199 323
199 330
201 314
203 211
204 243
205 459
208 311
209 264
209 358
212 225
212 241
212 371
213 407
214 245
215 305
215 332
215 361
215 363
217 275
217 415
217 418
217 452
218 430
220 257
220 266
223 466
225 407
227 255
227 282
228 323
229 399
230 387
231 237
231 245
231 443
232 259
232 403
232 445
232 486
234 376
234 381
234 389
235 349
239 270
240 302
245 474
251 269
251 306
253 279
254 444
257 318
257 356
259 331
259 435
260 281
261 328
264 497
270 335
270 368
270 417
270 423
272 391
274 335
275 293
275 373
275 471
276 342
276 344
276 405
277 299
277 413
279 346
280 394
280 466
281 296
284 295
284 347
284 396
285 416
285 463
289 426
290 439
290 499
293 470
294 390
295 449
300 433
304 420
304 450
304 489
305 418
307 423
307 432
307 473
311 373
311 496
313 329
314 409
317 322
323 382
326 451
328 430
331 436
332 377
335 350
337 485
341 472
351 363
355 445
356 457
358 390
362 401
362 404
367 469
373 488
379 431
384 398
384 422
385 446
385 455
385 468
389 428
389 479
392 438
392 440
392 467
404 441
409 437
413 438
414 476
414 492
415 424
428 434
442 490
460 496
462 483
462 487
471 489
479 480
