0 1
0 2
0 3
0 4
0 5
0 6
0 7
0 8
0 9
0 11
0 14
0 15
0 16
0 19
0 22
0 23
0 26
0 34
0 35
0 36
0 38
0 39
0 43
0 53
0 57
0 60
0 61
0 63
0 67
0 74
0 75
0 87
0 91
0 95
1 4
1 5
1 7
1 20
1 26
1 40
1 42
1 58
1 61
1 92
2 24
2 62
3 4
3 9
3 11
3 28
3 29
3 30
4 5
4 6
4 8
4 9
4 10
4 13
4 16
4 18
4 27
4 39
4 43
4 53
4 70
4 71
4 75
4 78
5 6
5 7
5 10
5 12
5 14
5 15
5 18
5 20
5 25
5 31
5 41
5 45
5 47
5 50
5 61
5 79
5 83
5 98
6 14
6 21
6 27
6 31
6 33
6 41
6 56
6 65
6 67
6 69
6 90
7 8
7 13
7 19
7 25
7 27
7 32
7 35
7 36
7 37
7 40
7 44
7 45
7 46
7 47
7 48
7 49
7 51
7 52
7 55
7 58
7 69
7 72
7 73
7 88
7 89
7 98
8 11
8 34
8 72
8 81
9 10
9 12
9 17
9 28
9 30
9 32
9 39
9 48
9 54
9 56
9 60
9 62
9 68
9 73
9 74
9 97
10 12
10 13
10 16
10 18
10 19
10 23
10 29
10 54
10 77
11 20
11 29
11 31
11 32
11 51
12 21
12 22
12 45
13 15
13 17
13 50
13 64
14 17
14 30
14 64
14 75
14 87
14 92
14 95
15 78
16 33
16 37
16 40
16 52
16 67
16 82
17 80
18 22
18 23
18 24
18 63
18 80
18 81
18 90
18 96
19 24
19 26
19 42
19 44
19 57
19 66
19 74
19 84
20 21
20 25
20 59
20 66
21 72
21 77
21 82
21 93
22 28
22 41
22 76
22 91
23 53
23 99
24 47
24 69
25 34
25 37
25 42
25 43
25 78
26 38
26 66
27 54
28 35
28 36
29 71
29 76
30 33
30 38
30 44
30 55
30 57
30 64
30 65
30 85
30 94
32 91
35 95
36 56
36 60
36 68
37 59
37 62
38 46
39 48
39 99
40 70
41 49
41 50
41 93
43 46
43 90
44 51
47 49
47 59
47 82
49 52
49 55
49 68
50 96
50 99
53 81
53 84
53 89
54 58
55 77
58 85
59 86
60 86
61 63
61 88
61 94
62 85
62 87
62 96
63 65
63 89
63 98
67 70
68 73
68 76
68 97
69 79
69 83
70 71
71 80
71 94
71 97
72 84
72 86
75 79
75 88
81 83
84 92
84 93
