0 1
0 2
0 3
0 4
0 8
0 12
0 20
0 27
0 29
0 30
0 34
0 35
0 38
0 44
0 49
0 60
0 68
0 75
0 84
0 96
0 107
0 122
0 141
0 148
0 159
0 172
0 176
0 181
0 187
0 191
0 192
0 200
0 238
0 274
0 278
0 286
0 287
0 296
0 308
0 337
0 353
0 457
0 475
0 529
0 533
0 577
0 601
0 623
0 636
0 711
0 736
0 783
0 828
0 832
0 841
0 897
0 968
0 970
1 5
1 21
1 32
1 34
1 66
1 107
1 130
1 137
1 195
1 212
1 220
1 232
1 261
1 268
1 272
1 333
1 353
1 382
1 421
1 444
1 597
1 679
1 749
1 766
1 873
1 884
1 885
2 4
2 6
2 7
2 10
2 12
2 13
2 16
2 18
2 19
2 30
2 34
2 37
2 38
2 59
2 66
2 73
2 86
2 101
2 107
2 132
2 151
2 155
2 163
2 180
2 185
2 206
2 217
2 235
2 238
2 240
2 254
2 259
2 264
2 266
2 313
2 318
2 324
2 328
2 336
2 372
2 385
2 454
2 471
2 502
2 508
2 509
2 547
2 569
2 597
2 612
2 644
2 651
2 686
2 695
2 725
2 727
2 771
2 782
2 856
2 892
2 974
2 988
3 4
3 5
3 6
3 8
3 11
3 15
3 17
3 46
3 80
3 89
3 95
3 99
3 112
3 123
3 125
3 183
3 197
3 198
3 243
3 256
3 277
3 332
3 377
3 382
3 410
3 459
3 501
3 503
3 511
3 513
3 565
3 639
3 683
3 685
3 751
3 790
3 802
3 811
3 819
3 884
3 908
3 935
3 948
3 999
4 5
4 7
4 9
4 26
4 35
4 37
4 70
4 85
4 97
4 100
4 145
4 163
4 169
4 192
4 233
4 234
4 249
4 264
4 271
4 299
4 429
4 433
4 543
4 551
4 579
4 632
4 642
4 650
4 764
4 778
4 799
4 826
5 6
5 7
5 8
5 9
5 10
5 13
5 14
5 15
5 16
5 25
5 27
5 28
5 38
5 51
5 54
5 55
5 77
5 100
5 110
5 118
5 124
5 126
5 130
5 152
5 154
5 160
5 168
5 170
5 179
5 189
5 194
5 197
5 199
5 209
5 210
5 213
5 214
5 222
5 246
5 260
5 264
5 288
5 334
5 342
5 390
5 393
5 420
5 434
5 465
5 491
5 533
5 553
5 563
5 605
5 611
5 617
5 655
5 689
5 693
5 705
5 737
5 744
5 763
5 771
5 848
5 850
5 868
5 886
5 910
5 936
5 975
5 990
5 992
6 9
6 10
6 11
6 13
6 20
6 24
6 41
6 44
6 49
6 53
6 57
6 61
6 63
6 65
6 72
6 84
6 86
6 89
6 92
6 103
6 141
6 164
6 181
6 188
6 189
6 193
6 213
6 267
6 272
6 273
6 274
6 275
6 329
6 349
6 359
6 369
6 389
6 443
6 464
6 518
6 537
6 576
6 605
6 614
6 688
6 750
6 762
6 781
6 809
6 868
6 874
6 918
6 928
6 949
6 966
6 984
6 991
7 11
7 19
7 25
7 37
7 50
7 53
7 59
7 81
7 86
7 113
7 127
7 149
7 160
7 174
7 234
7 243
7 251
7 278
7 279
7 322
7 361
7 394
7 400
7 432
7 458
7 493
7 497
7 529
7 567
7 608
7 630
7 641
7 649
7 723
7 801
7 859
7 935
8 14
8 22
8 42
8 67
8 94
8 95
8 127
8 258
8 300
8 358
8 483
8 523
8 822
8 825
9 14
9 15
9 18
9 21
9 23
9 28
9 45
9 55
9 64
9 66
9 71
9 82
9 87
9 95
9 117
9 123
9 139
9 144
9 165
9 167
9 179
9 209
9 218
9 233
9 236
9 263
9 269
9 273
9 282
9 295
9 312
9 321
9 351
9 354
9 362
9 375
9 380
9 386
9 387
9 401
9 421
9 448
9 452
9 455
9 456
9 458
9 464
9 468
9 476
9 488
9 491
9 500
9 567
9 573
9 655
9 716
9 724
9 782
9 862
9 896
9 907
9 913
9 919
10 12
10 17
10 25
10 29
10 44
10 49
10 64
10 97
10 110
10 114
10 159
10 181
10 184
10 201
10 204
10 245
10 282
10 289
10 294
10 338
10 384
10 387
10 494
10 498
10 517
10 555
10 556
10 628
10 668
10 710
10 808
10 811
10 909
10 912
10 913
10 953
11 119
11 187
11 215
11 234
11 257
11 290
11 755
11 819
11 836
11 992
12 24
12 27
12 39
12 47
12 51
12 56
12 61
12 64
12 112
12 119
12 121
12 134
12 153
12 166
12 174
12 239
12 247
12 321
12 371
12 439
12 460
12 500
12 586
12 604
12 649
12 678
12 743
12 887
12 914
12 994
13 17
13 20
13 23
13 31
13 33
13 35
13 36
13 68
13 71
13 72
13 83
13 91
13 109
13 118
13 120
13 132
13 146
13 162
13 176
13 227
13 231
13 279
13 286
13 288
13 302
13 303
13 341
13 355
13 365
13 388
13 402
13 404
13 420
13 442
13 453
13 490
13 502
13 506
13 544
13 549
13 554
13 631
13 633
13 648
13 650
13 676
13 692
13 703
13 754
13 803
13 817
13 874
13 915
13 998
14 22
14 36
14 43
14 50
14 74
14 76
14 80
14 171
14 173
14 207
14 253
14 276
14 293
14 309
14 376
14 422
14 477
14 632
14 644
14 735
14 753
14 797
14 814
15 16
15 33
15 161
15 189
15 192
15 214
15 239
15 302
15 332
15 365
15 373
15 437
15 440
15 466
15 596
15 687
15 759
16 19
16 32
16 56
16 58
16 62
16 65
16 105
16 123
16 186
16 205
16 228
16 243
16 268
16 283
16 386
16 414
16 445
16 572
16 595
16 626
16 628
16 631
16 669
16 736
16 789
16 800
16 847
17 18
17 21
17 22
17 26
17 40
17 42
17 43
17 51
17 54
17 73
17 75
17 82
17 87
17 118
17 171
17 178
17 185
17 193
17 195
17 198
17 224
17 283
17 320
17 394
17 437
17 469
17 539
17 601
17 612
17 767
17 835
17 838
17 866
17 905
17 909
17 927
18 32
18 61
18 62
18 77
18 78
18 90
18 108
18 115
18 136
18 147
18 163
18 176
18 178
18 210
18 214
18 226
18 255
18 323
18 329
18 352
18 354
18 356
18 395
18 411
18 432
18 528
18 570
18 618
18 648
18 680
18 730
18 773
19 41
19 45
19 46
19 69
19 104
19 167
19 193
19 239
19 270
19 314
19 392
19 409
19 443
19 460
19 505
19 536
19 551
19 639
19 730
19 774
19 854
19 890
19 903
20 23
20 24
20 40
20 57
20 58
20 74
20 104
20 116
20 122
20 133
20 138
20 145
20 165
20 177
20 217
20 284
20 335
20 433
20 449
20 455
20 496
20 510
20 538
20 555
20 598
20 599
20 616
20 636
20 696
20 708
20 714
20 760
20 858
20 860
20 881
20 971
21 56
21 67
21 81
21 100
21 230
21 444
21 455
21 522
21 583
21 666
21 694
21 735
21 888
22 26
22 29
22 33
22 41
22 58
22 94
22 124
22 174
22 208
22 294
22 301
22 351
22 355
22 418
22 447
22 488
22 582
22 661
22 670
22 809
22 844
22 904
22 929
22 959
23 28
23 52
23 65
23 79
23 126
23 128
23 138
23 162
23 211
23 217
23 221
23 329
23 399
23 450
23 526
23 761
23 813
23 828
23 830
23 857
23 904
23 959
24 70
24 73
24 79
24 85
24 87
24 136
24 178
24 225
24 229
24 322
24 352
24 461
24 557
24 682
24 717
24 787
24 853
25 36
25 39
25 40
25 48
25 52
25 57
25 72
25 76
25 112
25 114
25 116
25 117
25 126
25 133
25 171
25 188
25 211
25 231
25 259
25 260
25 263
25 275
25 293
25 306
25 327
25 342
25 369
25 416
25 419
25 426
25 437
25 454
25 456
25 477
25 496
25 510
25 512
25 519
25 541
25 611
25 622
25 627
25 635
25 682
25 697
25 714
25 720
25 726
25 772
25 775
25 806
25 816
25 830
25 864
25 933
25 956
25 962
26 45
26 50
26 60
26 135
26 143
26 251
26 306
26 310
26 365
26 445
26 457
26 474
26 587
26 632
26 749
27 31
27 59
27 68
27 74
27 82
27 191
27 200
27 266
27 441
27 470
27 516
27 594
27 596
27 644
27 679
27 706
27 791
27 807
28 31
28 48
28 85
28 154
28 183
28 321
28 463
28 515
28 585
28 804
28 892
28 909
28 932
28 979
28 982
29 30
29 39
29 42
29 53
29 54
29 114
29 155
29 158
29 207
29 215
29 224
29 242
29 257
29 272
29 308
29 400
29 446
29 456
29 514
29 523
29 534
29 779
29 842
29 939
30 47
30 147
30 276
30 847
30 879
31 46
31 63
31 98
31 324
31 449
31 518
31 686
31 712
31 966
32 47
32 62
32 69
32 150
32 160
32 339
32 623
32 650
32 897
33 216
33 298
33 385
33 463
33 617
34 48
34 63
34 79
34 150
34 252
34 327
34 392
34 472
34 554
34 622
34 726
34 758
34 845
34 944
35 139
35 185
35 196
35 341
35 462
36 60
36 346
36 654
36 793
37 88
37 113
37 361
37 488
37 589
37 662
37 850
38 76
38 91
38 93
38 117
38 145
38 219
38 220
38 274
38 413
38 542
38 678
38 719
39 43
39 52
39 246
39 258
39 298
39 366
39 480
39 495
39 578
39 581
39 597
39 651
39 745
39 840
40 106
40 111
40 120
40 122
40 151
40 761
40 784
40 785
41 99
41 113
41 154
41 175
41 182
41 197
41 219
41 258
41 265
41 270
41 280
41 284
41 320
41 342
41 387
41 402
41 435
41 501
41 614
41 723
41 875
41 933
41 944
42 405
42 424
42 606
43 238
43 305
43 569
43 584
43 782
44 83
44 142
44 146
44 525
44 553
44 692
44 899
45 70
45 77
45 84
45 477
45 478
45 762
45 926
46 67
46 134
46 144
46 200
46 206
46 305
46 358
46 366
46 415
46 563
46 569
46 577
46 704
46 768
46 838
47 94
47 295
47 312
47 349
47 383
47 591
48 218
48 225
48 350
48 374
48 465
48 573
48 663
48 689
48 874
48 964
48 982
48 997
49 121
49 177
49 190
49 191
49 310
49 792
49 994
50 120
50 262
50 499
50 660
50 951
51 55
51 69
51 103
51 144
51 168
51 186
51 188
51 194
51 196
51 255
51 285
51 292
51 317
51 377
51 492
51 506
51 589
51 616
51 719
51 751
51 829
51 899
51 914
51 975
52 548
52 619
52 645
53 80
53 83
53 88
53 109
53 165
53 167
53 172
53 283
53 403
53 426
53 459
53 479
53 506
53 537
53 617
53 738
53 754
54 140
54 143
54 367
54 430
54 590
54 611
54 833
54 855
54 889
54 902
55 121
56 71
56 75
56 98
56 108
56 128
56 170
56 319
56 322
56 586
56 600
56 756
56 759
56 895
57 236
57 256
57 877
58 96
58 129
58 166
58 289
58 292
58 521
58 568
58 873
59 110
59 157
59 161
59 430
59 486
59 493
59 887
59 894
60 93
60 948
60 980
61 91
61 287
61 418
61 599
61 781
61 876
61 964
62 124
62 131
62 281
62 293
62 302
62 311
62 316
62 340
62 378
62 422
62 473
62 497
62 620
62 653
62 756
62 772
62 889
62 937
63 89
63 99
63 391
63 588
64 78
64 143
64 182
64 184
64 227
64 419
64 427
64 501
64 953
65 93
65 98
65 102
65 105
65 132
65 153
65 158
65 203
65 205
65 291
65 311
65 378
65 530
65 542
65 562
65 583
65 646
65 744
65 760
65 844
66 141
66 244
66 249
66 279
66 297
66 393
67 108
67 280
67 428
68 103
68 105
68 129
68 136
68 202
68 237
68 250
68 510
68 613
68 807
68 926
69 146
69 190
69 255
69 344
69 370
69 461
69 531
69 592
69 669
69 939
70 81
70 149
70 299
70 841
71 97
71 244
71 328
71 691
71 745
71 853
71 997
72 92
72 265
72 394
72 435
72 487
72 495
72 856
72 971
73 241
74 88
74 111
74 153
74 183
74 195
74 282
74 296
74 338
74 404
74 407
74 507
74 548
74 812
74 853
74 915
75 102
75 152
75 175
75 226
75 252
75 300
75 301
75 314
75 452
75 470
75 524
75 630
75 672
75 675
75 732
75 757
75 846
75 878
76 159
76 636
76 881
76 882
76 924
76 966
77 78
77 119
77 142
77 164
77 204
77 999
78 90
78 315
78 428
79 164
79 182
79 390
79 546
79 562
79 613
79 701
79 788
79 834
79 857
79 960
79 974
79 983
79 994
80 106
80 131
80 576
80 587
80 972
81 157
81 235
81 399
81 845
81 911
82 109
82 380
82 659
82 721
82 731
82 816
83 102
83 542
83 574
83 675
83 729
84 210
84 228
84 396
84 620
84 942
85 92
85 115
85 130
85 244
85 253
85 260
85 305
85 412
85 415
85 594
85 647
85 708
85 875
86 101
86 129
86 395
86 495
86 973
87 104
87 296
87 451
87 520
87 525
87 859
87 888
87 970
88 90
88 740
89 125
89 128
89 194
89 253
89 417
89 431
89 511
89 671
89 802
90 137
90 140
90 147
90 277
90 309
90 348
90 372
90 646
90 677
90 695
90 768
90 785
90 827
90 917
91 96
91 116
91 347
91 513
91 545
91 641
91 678
91 715
91 850
91 905
93 106
93 348
93 557
93 684
93 750
93 808
94 131
94 152
94 169
94 292
94 341
94 467
94 665
94 720
95 101
95 148
95 201
95 235
95 306
95 336
95 368
95 384
95 429
95 444
95 521
95 681
95 770
95 804
95 985
96 232
96 248
96 251
96 269
96 440
96 446
96 762
96 861
96 928
96 960
97 290
97 314
97 649
98 203
98 318
98 498
98 878
98 900
99 115
99 140
99 344
99 410
99 415
99 502
99 580
99 881
99 981
101 149
101 157
101 254
101 657
102 137
102 331
102 744
102 777
103 127
103 482
103 924
104 111
104 139
104 158
104 256
104 362
104 384
104 411
104 468
104 484
104 485
104 503
104 533
104 567
104 855
104 859
105 125
105 156
105 223
105 246
105 313
105 333
105 343
105 629
105 634
105 647
105 879
105 916
105 980
106 133
106 226
106 261
106 262
106 371
106 373
106 403
106 484
106 775
106 819
107 566
107 568
107 622
108 156
108 196
108 291
108 408
108 558
108 890
108 998
109 363
109 375
109 667
109 794
109 831
110 138
110 172
110 724
111 198
111 315
111 360
111 400
111 509
111 565
111 682
111 694
111 700
111 722
111 920
112 134
112 362
113 150
113 169
113 177
113 363
113 398
113 702
113 728
113 758
114 275
114 277
114 359
114 427
114 731
114 950
115 289
115 385
115 500
115 848
115 973
116 223
116 571
116 585
116 606
116 655
116 769
118 438
118 803
118 940
119 155
119 184
119 323
119 539
119 729
119 905
120 230
120 241
120 268
120 324
120 347
120 624
121 262
121 381
122 211
122 561
123 142
123 148
123 337
123 356
123 396
123 423
123 656
123 660
123 785
124 135
124 379
124 499
124 556
124 985
125 135
125 378
125 431
125 822
126 300
126 323
126 664
126 703
126 843
126 872
126 914
127 151
127 162
127 187
127 203
127 213
127 216
127 281
127 459
127 471
127 664
127 945
128 224
128 237
128 241
128 250
128 548
128 701
129 156
129 261
129 442
130 591
130 776
130 996
131 222
131 285
131 600
131 661
132 295
132 317
132 345
132 433
132 504
132 714
132 721
132 757
132 991
133 219
133 938
133 969
134 242
134 245
134 402
134 891
135 199
135 209
135 240
135 249
135 284
135 425
135 586
135 640
135 657
135 824
135 865
135 902
137 376
137 796
138 254
138 354
138 411
138 633
138 634
138 852
139 954
140 168
140 186
140 229
140 380
140 426
140 443
140 450
140 479
140 527
140 652
140 713
140 820
140 860
140 908
141 173
141 180
141 698
141 942
141 943
142 326
142 416
142 521
142 658
142 866
143 166
143 826
144 462
144 545
144 566
146 414
146 474
146 508
146 645
146 684
146 707
146 713
146 775
146 922
147 242
147 271
147 278
147 377
147 441
147 538
147 664
147 737
147 870
148 734
148 755
149 173
149 236
149 505
149 525
149 552
149 646
149 753
149 787
150 216
150 247
150 311
152 212
152 221
152 231
152 309
152 331
152 345
152 439
152 489
152 540
152 580
152 582
152 699
152 742
152 837
152 973
152 989
153 161
153 205
153 208
153 247
153 331
153 408
153 878
154 215
154 315
154 319
154 370
154 386
154 409
154 436
154 485
154 578
154 700
155 347
155 535
155 729
156 199
156 212
156 280
156 299
156 422
156 473
156 552
156 582
156 602
156 621
156 840
156 900
156 982
157 852
158 318
158 698
159 663
160 357
160 464
160 728
160 786
161 204
161 389
162 267
162 285
162 339
162 399
162 412
162 532
163 170
163 364
163 572
163 592
163 619
163 735
163 900
164 180
164 227
164 312
164 360
164 395
164 776
165 221
165 237
165 529
165 957
166 430
166 776
167 220
167 232
167 266
167 297
167 793
168 202
168 206
168 780
168 851
168 946
169 175
169 201
169 273
169 316
169 475
169 535
169 718
169 931
171 222
171 691
171 965
172 333
172 534
173 229
173 313
173 489
173 987
174 442
175 298
175 520
175 535
176 179
176 259
176 381
176 770
176 844
176 939
177 742
177 765
178 401
178 482
178 630
179 357
179 508
179 693
179 983
180 190
180 202
180 349
180 618
181 307
181 337
181 417
181 423
181 425
181 558
181 651
181 777
181 929
181 962
182 447
182 761
183 972
183 998
184 286
184 334
184 390
184 550
184 584
184 699
184 758
184 783
184 814
184 826
184 832
185 879
185 882
186 301
186 398
186 466
186 602
186 764
186 908
187 356
187 413
188 276
188 925
188 988
189 207
189 379
189 419
189 450
189 543
189 786
190 269
190 291
190 348
191 208
191 325
191 326
191 681
191 700
191 722
191 781
191 801
191 805
192 303
192 388
192 428
192 475
193 288
193 425
193 656
193 784
193 875
193 918
193 980
194 685
194 732
194 895
195 996
196 358
196 697
196 887
196 999
197 257
197 565
198 218
198 448
198 625
198 633
198 741
198 955
200 223
200 420
200 797
201 374
201 560
201 571
201 925
202 581
203 317
203 343
203 405
204 330
204 353
204 528
204 818
205 441
206 319
206 432
206 434
206 484
206 591
206 726
206 741
207 601
208 225
208 641
208 854
209 560
209 931
210 270
210 804
210 947
211 230
211 468
212 281
213 265
213 382
213 480
213 514
213 654
213 674
213 840
214 884
214 927
215 294
215 345
216 248
216 308
216 335
216 871
217 709
217 931
218 467
218 764
218 883
218 937
220 361
220 438
220 494
220 796
220 903
222 240
222 346
222 991
223 355
223 461
223 515
223 779
223 815
223 839
223 977
224 245
224 340
224 366
224 414
224 639
224 928
225 958
226 263
226 374
226 530
226 540
226 976
227 228
227 250
227 391
227 427
227 478
227 532
227 546
227 576
227 745
227 821
227 964
229 320
229 334
229 543
229 749
229 894
229 979
231 233
231 340
231 424
231 683
231 742
232 834
234 851
236 248
236 267
236 271
236 489
238 368
238 704
239 453
239 560
239 778
240 303
240 307
240 403
240 436
240 640
240 947
241 739
243 593
243 663
243 711
244 375
244 810
244 912
245 287
246 359
246 514
246 531
246 592
246 924
248 252
248 777
249 416
249 629
249 829
250 373
250 474
251 902
252 370
252 406
252 677
252 707
253 453
253 631
253 691
253 872
253 886
254 659
255 310
255 440
255 452
255 472
255 498
255 793
255 831
255 858
255 943
256 446
256 868
257 637
257 839
257 851
257 986
258 522
258 531
258 624
259 401
259 585
259 605
259 645
259 717
259 861
259 932
260 360
260 723
261 454
263 451
264 665
264 671
264 688
265 769
266 297
266 335
266 344
266 383
266 532
266 959
267 330
267 396
268 487
268 566
268 725
270 325
270 409
270 499
270 507
270 845
271 435
272 952
273 833
273 989
274 332
275 490
275 995
276 327
276 338
276 367
276 472
276 564
276 599
277 364
277 381
277 486
277 673
277 797
277 827
278 397
278 554
279 621
280 346
281 466
281 743
281 773
282 330
283 343
283 473
283 522
283 796
284 436
285 326
285 369
285 634
285 919
285 933
286 304
286 328
286 780
287 460
287 716
287 719
287 805
287 950
288 371
288 398
288 688
288 756
289 290
289 316
289 364
289 417
289 458
289 620
289 708
289 825
289 865
289 923
290 739
292 325
292 423
292 627
292 638
292 666
292 670
292 958
293 304
293 372
293 763
294 921
295 873
296 447
296 581
296 593
296 607
296 795
297 642
297 692
298 867
299 304
300 307
301 350
301 352
301 363
301 397
301 424
301 624
301 731
301 810
302 492
302 621
302 627
302 915
303 439
303 559
303 969
304 351
305 821
305 822
305 869
305 912
306 413
306 623
306 867
306 885
307 556
307 575
308 476
310 524
310 608
311 357
312 476
312 541
312 583
312 946
314 463
314 469
314 555
314 709
316 492
316 690
317 618
318 368
318 561
318 917
319 988
320 562
320 602
320 661
320 757
320 835
321 339
321 509
321 839
322 698
323 490
324 336
324 393
324 405
324 578
324 808
325 350
325 406
325 584
325 647
325 659
325 672
325 687
326 575
326 765
326 841
327 467
327 530
327 772
327 813
328 486
328 766
328 770
329 709
329 747
330 376
330 690
331 418
331 773
332 608
333 388
333 666
333 680
334 451
334 462
334 643
335 625
337 429
337 438
337 727
338 671
340 482
340 544
342 383
342 580
344 774
345 404
345 406
345 469
345 545
345 547
345 703
345 866
345 934
346 752
347 741
347 755
348 595
348 598
351 421
351 652
351 690
352 485
353 643
353 870
353 956
354 511
354 595
354 990
356 367
356 412
356 896
357 434
357 911
357 935
358 891
360 491
360 607
360 637
361 527
361 809
362 526
362 892
363 577
363 771
363 791
363 891
366 397
367 408
367 478
367 526
367 579
368 431
369 389
370 391
370 392
370 445
372 897
373 520
373 752
374 662
374 696
375 516
375 747
376 507
376 926
376 997
377 407
377 889
378 379
378 410
378 471
378 743
379 483
379 616
379 635
379 733
379 818
380 818
381 604
381 679
385 865
387 528
389 534
389 843
390 673
391 550
391 638
392 407
392 540
393 906
394 481
394 907
395 575
396 952
397 549
397 794
397 836
400 505
400 615
400 800
401 549
403 448
403 718
403 790
404 561
404 702
404 798
405 712
406 517
408 598
408 706
410 470
410 503
410 833
410 963
412 537
412 786
413 590
413 831
413 842
418 801
419 504
419 751
421 705
423 480
423 662
425 457
425 625
427 763
427 848
428 449
428 564
428 780
430 568
430 710
431 538
431 824
431 941
431 975
433 496
433 746
433 765
434 512
434 635
434 954
435 524
435 571
435 676
436 551
436 820
436 823
436 863
438 590
438 615
438 740
438 748
438 893
438 899
438 932
439 483
439 519
439 747
440 523
440 668
440 669
440 838
440 922
440 989
441 481
441 886
443 574
444 748
445 563
445 626
446 553
446 800
446 812
448 516
449 607
449 705
449 791
450 465
450 734
451 504
451 515
451 753
451 827
451 849
451 877
451 888
452 814
452 825
453 536
454 817
454 938
455 517
455 527
458 481
458 683
458 812
459 570
459 768
459 898
460 675
460 921
461 559
461 746
462 557
463 487
465 967
466 572
467 547
467 685
467 961
468 494
468 513
470 479
471 588
471 670
472 978
473 519
474 638
474 736
474 880
475 883
478 541
478 559
478 842
479 710
479 893
479 986
480 648
482 759
482 778
483 606
484 600
484 815
485 564
485 656
485 695
485 882
486 658
486 715
486 738
487 674
488 546
489 946
490 497
490 733
490 911
490 996
491 626
492 493
492 871
492 877
494 512
494 588
494 653
494 871
495 643
495 863
496 795
497 672
497 701
498 544
498 573
498 732
498 792
498 950
500 518
500 711
500 956
501 637
502 965
505 619
505 717
506 687
510 629
512 681
514 612
514 967
514 976
518 860
518 953
519 684
520 603
521 716
523 594
524 610
524 930
524 995
528 539
528 603
528 901
529 823
530 589
531 752
532 536
532 574
533 898
534 579
534 984
536 552
537 610
537 907
539 862
540 558
540 837
541 609
543 893
545 867
546 570
547 665
547 938
548 550
548 593
548 694
549 642
549 722
549 978
550 658
550 813
550 987
551 587
551 604
551 858
553 609
553 660
553 715
553 798
554 920
557 739
559 864
561 977
562 697
562 754
567 788
569 603
569 674
569 943
572 767
574 846
574 941
575 852
575 869
575 895
577 957
577 984
578 610
578 615
579 990
581 686
581 725
581 802
582 787
582 806
583 857
585 937
586 689
586 707
586 720
586 727
587 628
588 824
589 614
592 596
593 609
593 843
594 677
594 733
597 923
598 728
598 901
598 978
599 790
599 963
602 667
602 673
604 652
604 654
604 927
607 916
608 613
609 721
609 734
609 979
611 784
616 657
616 965
620 702
620 792
625 918
626 640
626 816
626 934
627 788
630 746
630 834
631 730
631 794
639 821
641 653
641 696
641 940
644 811
644 823
646 951
648 896
648 971
652 817
652 930
652 951
653 872
654 910
655 676
656 712
656 740
656 799
656 869
657 760
657 945
659 680
660 718
660 769
660 779
663 699
663 885
663 968
664 667
665 957
667 668
669 906
673 693
673 750
677 863
679 774
679 968
680 706
681 738
681 748
683 925
683 993
685 974
686 767
686 828
688 789
691 724
691 876
693 704
693 799
695 919
698 849
703 922
704 954
705 835
705 993
706 713
707 947
707 962
708 837
712 795
712 798
716 737
717 815
723 930
724 916
724 995
731 832
731 890
731 961
734 864
736 820
739 803
739 972
744 854
745 855
745 961
748 983
749 941
752 830
753 949
755 766
758 883
760 880
761 789
761 993
762 917
764 849
764 861
764 876
766 807
767 783
770 898
771 870
772 806
772 847
775 923
776 810
780 836
785 829
786 904
786 981
790 805
793 970
795 940
799 910
799 955
799 969
805 903
807 906
814 846
815 963
816 894
816 942
819 921
819 948
820 856
821 976
821 986
826 929
838 901
839 862
841 977
842 958
846 913
850 920
851 934
851 960
853 936
864 880
871 936
876 944
895 987
896 949
915 981
919 952
926 945
943 992
951 955
952 985
966 967
