0 1
0 2
0 3
0 4
0 5
0 8
0 9
0 10
0 12
0 13
0 18
0 19
0 21
0 23
0 25
0 27
0 31
0 38
0 39
0 44
0 49
0 52
0 60
0 62
0 64
0 70
0 90
0 100
0 105
0 109
0 113
0 116
0 117
0 132
0 133
0 142
0 158
0 159
0 179
0 190
0 198
0 199
0 200
0 202
0 212
0 223
0 228
0 255
0 257
0 263
0 279
0 285
0 301
0 304
0 311
0 338
0 350
0 361
0 363
0 367
0 369
0 377
0 381
0 400
0 437
0 445
0 447
0 451
0 477
0 507
0 558
0 567
0 579
0 597
0 667
0 683
0 689
0 702
0 842
0 854
0 860
0 861
0 876
0 899
0 900
0 910
0 913
0 926
0 932
0 936
0 972
1 19
1 20
1 36
1 56
1 107
1 263
1 278
1 312
1 430
1 468
1 531
1 942
2 4
2 5
2 6
2 7
2 9
2 10
2 11
2 14
2 15
2 16
2 17
2 18
2 20
2 22
2 27
2 31
2 35
2 38
2 40
2 41
2 44
2 46
2 48
2 61
2 69
2 74
2 77
2 78
2 95
2 115
2 118
2 130
2 134
2 158
2 204
2 233
2 306
2 332
2 336
2 343
2 418
2 423
2 444
2 453
2 454
2 484
2 516
2 557
2 563
2 564
2 586
2 611
2 637
2 645
2 657
2 682
2 802
2 804
2 818
2 825
2 890
2 970
2 985
3 4
3 5
3 6
3 8
3 9
3 16
3 25
3 28
3 30
3 36
3 40
3 41
3 43
3 46
3 55
3 59
3 63
3 64
3 85
3 87
3 90
3 91
3 107
3 112
3 119
3 121
3 122
3 128
3 148
3 153
3 163
3 165
3 168
3 175
3 188
3 210
3 235
3 242
3 249
3 259
3 264
3 270
3 300
3 305
3 330
3 335
3 351
3 352
3 369
3 373
3 412
3 425
3 438
3 457
3 496
3 519
3 527
3 539
3 561
3 569
3 577
3 580
3 592
3 597
3 608
3 621
3 667
3 669
3 710
3 767
3 794
3 795
3 797
3 805
3 816
3 820
3 828
3 839
3 841
3 854
3 873
3 886
3 890
3 896
3 909
3 911
3 913
3 921
3 989
4 6
4 20
4 24
4 26
4 79
4 124
4 169
4 172
4 207
4 247
4 331
4 459
4 492
4 554
4 582
4 600
4 605
4 688
4 736
4 749
4 807
4 816
4 869
4 881
4 920
4 935
4 977
5 7
5 8
5 13
5 17
5 27
5 28
5 37
5 50
5 53
5 58
5 66
5 81
5 87
5 98
5 102
5 114
5 118
5 158
5 171
5 208
5 218
5 258
5 265
5 274
5 282
5 315
5 364
5 375
5 387
5 414
5 459
5 476
5 512
5 522
5 544
5 620
5 654
5 711
5 739
5 755
5 790
5 817
5 845
5 868
5 960
6 7
6 11
6 12
6 18
6 19
6 21
6 32
6 58
6 65
6 68
6 73
6 88
6 93
6 114
6 140
6 149
6 169
6 201
6 203
6 212
6 243
6 284
6 301
6 390
6 404
6 413
6 419
6 437
6 461
6 474
6 499
6 546
6 567
6 618
6 623
6 642
6 643
6 771
6 819
6 832
6 871
6 878
6 967
6 997
7 11
7 14
7 17
7 29
7 30
7 34
7 35
7 41
7 45
7 52
7 55
7 72
7 78
7 94
7 110
7 125
7 126
7 133
7 137
7 155
7 182
7 304
7 311
7 319
7 343
7 378
7 405
7 450
7 469
7 518
7 521
7 532
7 584
7 595
7 632
7 650
7 682
7 703
7 705
7 715
7 873
7 936
7 941
7 948
7 963
7 968
7 977
8 15
8 22
8 28
8 33
8 59
8 68
8 83
8 111
8 120
8 167
8 171
8 180
8 182
8 227
8 240
8 278
8 281
8 293
8 332
8 349
8 366
8 387
8 441
8 451
8 483
8 497
8 504
8 505
8 508
8 509
8 517
8 536
8 539
8 562
8 576
8 579
8 666
8 676
8 731
8 798
8 838
8 945
8 949
9 10
9 13
9 33
9 34
9 35
9 36
9 37
9 45
9 57
9 63
9 67
9 97
9 120
9 123
9 136
9 142
9 144
9 156
9 175
9 186
9 201
9 310
9 329
9 384
9 390
9 397
9 486
9 551
9 556
9 564
9 566
9 577
9 591
9 616
9 647
9 653
9 665
9 791
9 801
9 824
9 829
9 865
9 897
9 902
9 930
9 938
9 941
9 969
10 12
10 22
10 31
10 104
10 163
10 185
10 225
10 281
10 370
10 438
10 920
10 935
10 948
11 69
11 75
11 89
11 110
11 228
11 234
11 257
11 294
11 317
11 320
11 358
11 361
11 383
11 455
11 476
11 500
11 581
11 596
11 620
11 629
11 633
11 658
11 660
11 681
11 904
11 949
12 14
12 23
12 30
12 38
12 51
12 57
12 74
12 77
12 88
12 106
12 128
12 137
12 161
12 167
12 168
12 189
12 199
12 206
12 223
12 237
12 265
12 273
12 290
12 363
12 401
12 491
12 545
12 557
12 587
12 611
12 665
12 746
12 774
12 831
12 858
13 29
13 55
13 149
13 220
13 288
13 310
13 325
13 403
13 406
13 430
13 458
13 795
14 15
14 16
14 24
14 26
14 65
14 78
14 82
14 127
14 129
14 152
14 184
14 278
14 328
14 365
14 419
14 483
14 492
14 502
14 512
14 584
14 713
14 779
14 883
14 918
14 979
15 21
15 29
15 43
15 48
15 65
15 72
15 79
15 146
15 192
15 249
15 305
15 333
15 393
15 406
15 800
15 894
15 924
15 955
16 42
16 179
16 259
16 338
16 395
16 404
16 581
16 631
16 666
16 735
17 66
18 113
18 257
18 275
18 377
18 628
18 708
18 897
18 938
19 23
19 25
19 82
19 89
19 93
19 96
19 131
19 139
19 244
19 245
19 288
19 345
19 382
19 388
19 438
19 453
19 454
19 617
19 646
19 713
19 719
19 733
19 824
20 24
20 66
20 80
20 90
20 191
20 205
20 234
20 281
20 285
20 287
20 402
20 464
20 528
20 681
20 728
20 766
20 785
20 822
20 883
20 885
20 974
20 986
21 39
21 69
21 272
21 366
21 632
21 640
21 838
21 853
21 943
21 974
22 37
22 70
22 93
22 102
22 121
22 124
22 127
22 200
22 254
22 258
22 286
22 313
22 385
22 417
22 459
22 533
22 588
22 629
22 775
22 788
22 798
22 862
22 915
22 935
23 26
23 32
23 33
23 40
23 45
23 63
23 86
23 99
23 106
23 119
23 132
23 154
23 164
23 208
23 224
23 234
23 242
23 243
23 286
23 352
23 358
23 366
23 384
23 488
23 522
23 652
23 655
23 678
23 693
23 697
23 765
23 771
23 800
23 801
23 808
23 887
24 150
24 392
24 563
24 625
24 757
25 113
25 246
25 367
25 882
25 942
25 947
26 86
26 108
26 215
26 217
26 241
26 346
26 347
26 573
26 768
27 42
27 92
27 219
27 241
27 286
27 318
27 508
27 567
27 622
27 726
28 73
28 150
28 154
28 182
28 241
28 256
28 407
28 473
28 908
29 32
29 42
29 51
29 76
29 131
29 139
29 140
29 204
29 213
29 236
29 266
29 267
29 268
29 287
29 289
29 291
29 328
29 355
29 356
29 421
29 451
29 589
29 602
29 604
29 761
29 866
30 68
30 74
30 91
30 100
30 148
30 206
30 220
30 261
30 280
30 574
31 34
31 61
31 83
31 130
31 809
32 75
32 81
32 89
32 122
32 125
32 130
32 159
32 160
32 163
32 202
32 211
32 274
32 279
32 306
32 316
32 364
32 434
32 461
32 546
32 578
32 759
32 793
32 853
32 944
33 54
33 82
33 166
33 172
33 178
33 233
33 252
33 535
33 601
33 776
33 940
33 945
34 47
34 58
34 62
34 99
34 124
34 159
34 171
34 185
34 293
34 322
34 344
34 357
34 364
34 407
34 478
34 640
34 669
34 744
34 777
34 796
34 819
34 955
35 50
35 51
35 57
35 85
35 305
35 383
35 717
35 783
35 925
35 991
36 94
36 532
36 633
36 930
37 47
37 48
37 53
37 64
37 71
37 76
37 84
37 116
37 183
37 201
37 203
37 226
37 232
37 253
37 261
37 270
37 314
37 318
37 553
37 556
37 696
37 796
37 905
37 939
38 39
38 49
38 52
38 53
38 75
38 97
38 114
38 129
38 175
38 207
38 264
38 294
38 300
38 385
38 388
38 416
38 493
38 530
38 685
38 740
38 952
39 50
39 56
39 67
39 71
39 101
39 141
39 181
39 223
39 238
39 269
39 335
39 389
39 411
39 435
39 471
39 498
39 525
39 624
39 666
39 728
39 780
39 852
39 859
39 944
40 43
40 44
40 103
40 133
40 134
40 150
40 233
40 240
40 245
40 251
40 260
40 297
40 316
40 355
40 435
40 465
40 480
40 542
40 565
40 606
40 608
40 642
40 667
40 668
40 698
40 712
40 797
40 821
40 895
41 166
41 609
41 664
41 741
42 47
42 70
42 81
42 97
42 104
42 151
42 172
42 230
42 342
42 416
42 441
42 473
42 524
42 581
42 659
42 701
42 708
42 732
42 738
42 743
42 784
42 819
42 828
42 869
42 906
43 49
43 72
43 83
43 98
43 137
43 141
43 142
43 156
43 162
43 176
43 197
43 221
43 252
43 323
43 353
43 383
43 429
43 523
43 531
43 656
43 770
43 791
43 808
43 849
43 895
43 899
43 976
44 71
44 92
44 135
44 160
44 176
44 193
44 205
44 265
44 460
44 523
44 689
44 972
45 46
45 56
45 115
45 131
45 177
45 239
45 340
45 362
45 474
45 572
45 683
45 761
45 781
45 847
45 856
46 85
46 104
46 231
46 829
47 105
47 178
47 213
47 452
47 547
48 95
48 116
48 145
48 152
48 161
48 170
48 299
48 312
48 391
48 553
48 564
48 627
48 651
48 758
48 760
48 769
48 787
49 102
49 112
49 277
50 54
50 98
50 139
50 178
50 250
50 268
50 330
50 452
50 472
50 543
50 651
50 662
50 891
50 942
50 953
51 88
51 106
51 117
51 147
51 308
51 324
51 326
51 336
51 485
51 512
51 718
51 781
51 805
51 961
52 117
52 140
52 179
52 206
52 295
52 309
52 382
52 391
52 421
52 488
52 541
52 905
53 54
53 79
53 187
53 221
53 329
53 427
53 509
53 838
53 848
54 61
54 248
54 355
54 456
54 501
55 101
55 109
55 123
55 217
55 230
55 807
55 911
56 157
56 193
56 199
56 343
56 439
56 744
56 834
57 60
57 62
57 291
57 571
57 578
57 583
57 593
57 674
57 687
57 722
57 764
57 765
57 888
58 59
58 60
58 267
58 299
58 462
58 635
58 685
58 916
59 67
59 76
59 112
59 125
59 164
59 194
59 212
59 216
59 283
59 296
59 414
59 448
59 476
59 496
59 569
59 583
59 596
59 656
59 700
59 714
59 823
59 857
60 77
60 92
60 100
60 129
60 146
60 151
60 243
60 256
60 276
60 397
60 525
60 789
60 840
60 868
60 919
60 953
61 87
61 103
61 144
61 186
61 191
61 195
61 218
61 298
61 394
61 495
61 656
61 680
61 753
61 827
62 80
62 84
62 203
62 216
62 337
62 686
62 772
62 779
62 792
62 814
63 111
63 121
63 321
64 155
65 73
65 108
65 122
65 136
65 141
65 173
65 251
65 296
65 387
65 410
65 446
65 501
65 548
65 645
65 775
65 845
66 481
66 720
66 737
66 789
67 101
67 115
67 118
67 638
68 188
68 749
69 235
69 239
69 643
69 985
70 195
70 215
70 297
70 426
70 552
70 563
70 649
70 742
70 813
70 846
70 850
71 168
71 174
71 180
71 244
71 261
71 341
71 368
71 606
71 663
71 684
71 698
71 730
71 896
71 983
72 103
72 152
72 167
72 282
72 392
72 427
72 463
72 513
72 515
72 572
72 724
72 876
72 908
72 964
72 990
73 80
73 91
73 174
73 202
73 207
73 229
73 362
73 447
73 470
73 489
73 514
73 692
73 741
73 777
73 898
74 147
74 155
74 209
74 248
74 317
74 346
74 398
74 428
74 526
74 691
74 692
74 703
74 765
74 795
74 880
74 992
75 143
75 442
75 689
76 86
76 464
77 468
77 604
77 637
77 649
77 991
78 271
78 557
78 739
78 889
79 95
79 149
79 198
79 481
79 610
79 871
80 153
80 307
80 323
80 326
80 713
80 870
80 895
81 148
81 397
81 757
81 919
81 971
83 84
83 96
83 231
83 268
83 302
83 322
83 410
83 535
83 943
83 955
83 997
84 222
84 371
84 546
84 574
84 767
84 830
85 319
85 332
85 653
85 772
86 138
86 195
86 224
86 349
86 415
86 505
87 96
87 107
87 132
87 145
87 193
87 534
87 965
87 989
88 94
88 399
88 436
88 528
88 613
89 109
89 126
89 176
89 194
89 320
89 372
89 520
89 664
89 688
89 733
90 127
90 165
90 210
90 291
90 302
90 375
91 143
91 351
92 135
92 222
92 481
92 556
92 612
92 834
92 906
93 119
93 143
93 154
93 183
93 192
93 227
93 254
93 376
93 379
93 433
93 443
93 472
93 605
93 657
93 660
93 683
93 699
93 744
93 776
93 904
94 134
94 169
94 222
94 260
94 434
94 559
94 586
94 974
95 197
95 296
95 325
95 463
95 594
96 105
96 111
96 128
96 246
96 499
97 371
97 479
97 685
97 862
98 99
98 135
98 197
98 298
98 301
98 356
98 374
98 414
98 417
98 534
98 550
98 707
98 841
99 477
99 617
99 639
99 931
99 932
100 209
100 607
101 123
101 151
101 186
101 272
101 484
101 529
101 661
101 753
101 833
101 946
103 120
103 190
103 358
103 566
103 927
104 110
104 138
104 189
105 108
105 603
105 706
106 187
106 269
106 293
106 339
106 388
106 396
106 522
106 575
106 606
106 637
106 659
107 189
107 255
107 469
108 157
108 923
109 157
109 200
109 331
109 352
109 562
109 826
110 188
110 511
110 571
110 677
110 709
110 950
111 147
111 330
111 847
111 901
111 965
112 126
112 232
112 541
112 613
112 618
112 937
112 951
112 966
112 969
113 184
113 354
113 458
113 514
114 173
114 314
114 380
114 585
114 884
115 174
115 208
115 313
115 851
116 327
116 413
116 986
117 279
117 288
117 347
117 482
117 589
117 591
117 665
118 408
119 676
120 198
120 290
120 325
120 655
122 156
122 399
122 900
124 489
124 748
125 166
125 252
125 576
125 877
125 894
125 917
125 967
126 136
126 145
126 266
126 276
126 344
126 538
126 576
127 170
127 190
127 211
127 225
127 238
127 239
127 247
127 250
127 294
127 340
127 382
127 449
127 526
127 579
127 639
127 648
127 696
127 721
127 746
127 875
127 892
127 898
127 959
128 162
128 269
128 275
128 527
128 648
129 308
129 424
129 462
129 480
129 598
129 649
129 927
129 959
130 240
130 321
130 337
130 345
130 655
130 721
131 144
132 292
132 311
132 386
132 391
132 456
132 516
132 544
132 694
132 697
132 729
132 764
132 969
132 980
133 204
133 402
133 480
133 844
133 894
133 929
133 946
133 972
134 164
134 219
134 253
134 262
134 333
134 578
134 587
134 678
134 724
134 734
134 994
135 138
135 226
135 246
135 560
135 570
135 633
135 857
136 177
136 183
136 411
136 441
136 524
136 600
136 776
137 374
137 748
138 226
138 254
138 340
138 444
138 568
138 616
138 742
139 431
139 473
139 997
140 237
140 264
140 378
140 420
140 627
140 872
140 980
141 146
141 215
141 335
141 380
141 395
141 487
141 631
141 636
141 781
143 214
143 217
143 219
143 238
143 308
143 585
143 594
144 170
144 180
144 310
144 412
144 529
144 545
144 555
144 963
144 975
145 324
145 342
145 359
145 360
145 389
145 445
145 603
145 675
145 790
145 909
145 936
146 161
146 177
146 181
146 401
146 465
146 467
146 552
146 923
147 160
147 460
148 153
148 185
148 373
148 466
148 635
148 907
148 988
149 249
149 270
149 422
149 471
149 816
149 836
149 952
150 823
151 211
151 408
151 644
151 841
152 165
152 393
152 810
152 871
153 173
153 194
153 196
153 205
153 928
154 280
154 432
155 187
155 229
155 230
155 290
155 297
155 341
155 452
155 490
155 829
155 837
155 909
155 940
156 218
156 255
157 210
157 231
157 289
157 312
157 359
157 390
157 396
157 404
157 432
157 462
157 502
157 530
157 547
157 585
157 587
157 715
157 865
157 949
158 162
158 213
158 242
158 484
158 646
158 932
159 229
159 745
160 345
160 677
160 684
160 777
161 181
161 191
161 196
161 235
161 307
161 628
161 770
161 976
163 196
163 224
163 247
163 350
163 453
163 537
163 559
164 282
164 326
164 365
164 615
164 845
164 977
165 351
165 674
165 729
165 809
165 839
165 994
166 295
166 359
166 360
166 467
166 475
166 492
166 586
167 216
167 431
167 610
168 236
168 272
168 354
169 398
169 460
169 601
169 704
170 184
170 328
170 863
171 256
171 430
171 700
171 719
171 860
171 899
171 925
172 723
173 284
173 482
173 657
173 786
174 263
174 676
175 253
175 334
175 367
175 381
175 489
175 631
175 752
176 641
176 690
176 743
177 412
177 607
179 285
179 306
179 699
179 913
179 978
180 221
180 271
180 533
181 248
181 300
181 635
181 830
181 870
182 228
182 376
182 638
183 258
183 702
183 782
184 250
184 273
184 502
184 554
184 658
184 827
185 373
185 500
185 521
185 658
185 690
185 831
185 877
186 594
187 237
187 443
187 722
187 723
187 745
187 846
188 490
188 558
189 192
189 236
189 275
189 316
189 417
189 422
189 431
189 505
189 506
189 543
189 588
189 614
189 625
189 855
189 880
189 903
190 309
190 800
191 347
191 952
192 393
192 439
192 528
192 784
193 273
193 298
193 455
193 530
194 209
194 277
194 309
194 538
194 560
194 561
194 577
194 663
194 715
194 883
194 887
194 893
195 220
195 225
195 262
195 324
195 337
195 435
195 513
195 553
195 647
195 759
195 826
195 934
195 996
196 267
196 446
196 491
196 712
197 292
197 989
198 450
198 537
198 634
198 680
198 924
199 428
199 864
200 350
201 259
201 975
203 214
203 544
203 885
203 938
203 981
204 791
205 214
205 232
205 336
205 626
207 348
207 555
207 663
207 714
207 808
208 244
208 319
208 389
208 403
208 426
208 427
208 574
208 703
208 804
209 227
209 280
209 372
209 660
209 695
209 907
210 751
210 939
211 245
211 362
211 411
211 420
211 560
211 691
211 857
211 893
211 947
212 771
212 844
213 400
213 403
213 458
213 507
213 950
214 302
214 410
214 445
214 494
214 548
214 734
214 922
214 929
214 966
216 292
216 456
216 550
216 643
216 747
216 959
216 999
217 315
217 472
217 496
217 636
218 384
218 448
218 497
218 540
218 693
218 728
218 874
218 875
218 998
219 321
219 436
219 798
219 978
220 421
220 582
220 718
220 810
220 855
220 896
222 271
222 379
222 426
222 442
222 654
223 465
223 488
223 700
223 778
224 339
225 327
225 474
225 933
225 960
226 510
226 547
226 856
226 901
227 493
227 575
227 753
228 284
228 289
228 344
228 442
228 510
228 645
228 670
228 677
228 695
228 727
228 814
228 818
228 973
229 357
229 679
229 768
230 283
230 406
230 429
230 570
230 843
230 870
230 930
232 251
232 277
232 379
232 433
232 555
232 877
233 675
233 828
235 315
235 392
235 592
236 295
236 983
237 287
237 357
237 702
237 787
238 423
238 599
238 605
238 619
238 641
238 887
238 951
238 956
240 738
240 748
241 436
241 517
242 348
243 785
243 875
243 981
244 314
245 467
245 773
246 262
246 529
246 541
247 356
249 471
249 914
250 365
250 540
250 598
250 750
250 756
250 888
250 889
251 260
251 434
251 572
251 755
252 303
252 468
253 274
253 590
253 754
253 763
253 851
254 266
254 334
254 604
255 455
255 995
256 303
257 783
257 787
258 444
258 621
258 867
258 950
258 958
259 398
260 675
260 933
262 386
262 394
262 504
262 722
263 440
264 500
265 322
265 333
265 360
265 437
265 499
265 573
265 664
265 672
265 742
265 767
265 773
265 799
266 283
266 624
266 644
267 304
268 422
268 629
268 680
268 860
269 331
269 375
269 405
269 450
269 687
270 327
270 342
270 428
270 482
270 517
270 727
270 743
272 602
272 607
272 724
272 832
272 839
274 408
274 440
274 701
274 907
275 276
275 334
275 401
275 707
276 353
276 490
276 519
276 591
277 540
278 299
278 630
280 409
282 307
282 318
282 524
282 711
282 817
283 313
283 626
283 782
283 849
283 873
284 317
284 521
284 953
285 354
285 370
285 425
287 825
288 506
289 368
289 874
289 956
290 729
291 368
291 448
291 615
292 503
293 694
293 737
294 914
296 349
296 542
296 622
296 740
298 519
298 806
299 303
299 320
299 329
299 338
299 515
299 608
299 639
299 737
299 984
300 716
300 774
303 339
303 487
303 583
304 792
306 377
306 399
306 709
306 782
307 623
307 632
307 706
307 736
307 762
308 710
310 323
310 532
310 612
310 711
310 833
311 363
311 385
311 475
311 494
311 495
311 518
311 550
311 634
311 780
311 817
312 361
314 661
314 778
315 861
316 904
317 370
317 673
318 346
318 376
318 469
318 515
318 723
318 878
319 498
319 811
321 418
321 621
321 731
321 763
321 966
322 449
322 525
323 498
323 835
324 372
325 341
325 380
325 466
325 551
325 712
325 761
325 764
325 890
326 457
326 886
326 999
329 446
329 486
329 616
330 395
330 527
330 835
330 920
331 409
331 598
331 968
332 394
332 595
332 802
333 867
334 842
335 651
335 799
335 872
336 420
336 813
337 348
337 381
337 566
337 671
337 690
337 752
339 400
339 405
339 624
339 662
339 749
339 843
341 374
341 730
341 796
342 353
342 626
342 886
343 407
343 506
343 716
343 809
343 943
343 982
344 487
346 549
346 636
346 986
347 494
347 957
348 503
348 535
348 593
348 720
350 852
351 511
351 620
353 954
353 998
354 369
354 371
354 672
354 790
356 447
358 418
358 470
358 780
358 815
359 565
359 705
359 720
360 433
360 470
360 925
361 693
361 707
361 880
362 758
362 962
363 704
365 653
365 835
366 423
366 513
366 601
366 918
367 537
369 396
369 461
369 905
370 409
370 463
370 754
371 726
371 988
372 378
372 429
372 668
372 670
372 789
372 831
373 915
374 386
374 449
374 533
374 575
374 623
374 668
374 757
374 863
376 552
376 823
377 424
377 848
378 479
378 565
379 478
379 600
379 928
382 413
382 485
382 590
382 678
383 554
384 615
384 821
385 763
386 432
386 518
386 687
387 425
387 627
387 793
388 731
389 671
389 917
390 630
390 893
391 416
392 914
393 402
393 415
393 491
393 497
393 549
393 611
393 746
393 762
393 825
393 849
393 855
394 597
394 934
395 440
395 851
395 901
396 751
397 415
398 479
398 558
398 599
399 475
399 485
401 504
401 589
401 593
401 788
401 874
401 921
402 419
402 466
402 995
403 536
404 443
404 486
404 982
405 672
405 903
406 602
407 747
407 806
407 964
408 549
408 634
409 424
409 570
409 652
409 785
409 916
410 483
410 559
413 511
413 803
415 531
415 642
416 619
417 536
417 650
418 818
418 926
418 971
419 457
420 454
420 805
421 495
422 891
423 910
424 686
424 766
426 520
426 561
426 610
426 931
427 439
428 493
432 503
432 760
433 701
433 769
434 619
434 704
434 910
434 917
435 523
435 879
438 539
438 568
438 706
438 719
438 760
438 822
438 862
438 962
439 478
439 745
440 945
441 733
443 548
444 516
444 592
444 735
444 766
444 937
446 736
446 756
446 962
447 650
448 804
448 814
448 847
451 670
451 961
452 609
452 646
452 864
457 510
457 514
458 464
458 662
458 734
458 772
458 861
460 786
460 878
462 508
462 926
464 879
465 644
466 569
467 792
469 699
471 617
472 507
472 562
473 940
476 477
478 618
479 927
481 881
481 939
482 573
482 696
482 830
483 812
484 571
485 614
485 882
486 509
487 526
487 858
489 545
489 641
489 732
489 784
490 681
492 599
493 596
494 625
494 988
495 716
496 640
496 725
497 833
498 542
498 750
498 846
498 970
499 836
500 501
500 595
500 750
500 982
501 520
501 714
503 815
504 813
505 751
507 543
510 534
510 679
512 613
513 881
514 758
514 915
515 590
515 603
515 820
516 799
517 815
526 609
527 538
527 951
528 568
528 661
530 551
531 769
531 908
531 921
532 822
533 725
533 732
534 844
535 674
538 588
538 770
538 853
538 922
540 928
540 934
542 580
543 762
544 812
544 963
545 747
547 741
548 622
548 990
550 584
550 775
550 981
554 580
555 811
555 840
556 867
557 840
559 788
560 811
560 929
562 582
562 754
563 888
566 679
566 922
567 709
567 903
567 916
568 638
568 684
568 694
568 812
571 612
571 682
571 892
572 628
572 911
574 783
575 691
576 807
576 852
576 937
577 961
577 990
584 669
585 906
586 803
588 686
588 868
589 869
589 992
590 866
591 794
591 958
592 673
592 779
594 850
596 755
598 987
600 996
601 614
601 630
601 778
602 810
602 872
603 854
604 801
610 859
613 967
614 647
615 725
615 979
617 884
619 859
619 976
620 954
621 806
622 786
624 891
626 826
629 721
629 965
632 717
632 834
634 688
635 692
637 843
638 648
639 654
639 996
641 848
641 979
646 652
647 946
648 918
648 970
649 659
653 774
654 759
655 998
658 885
659 865
659 884
659 994
661 858
662 730
665 673
666 671
666 863
667 898
670 993
671 697
671 924
673 717
674 695
679 726
680 837
681 900
684 710
684 740
684 923
685 698
685 718
690 705
690 768
690 802
693 948
697 912
698 837
703 897
704 971
707 708
707 987
708 960
709 727
710 879
714 756
719 738
722 735
722 773
725 836
725 973
728 803
729 739
731 902
737 797
740 752
740 793
749 892
752 889
755 866
755 984
756 794
756 980
757 956
766 933
772 824
776 876
781 987
782 864
790 832
790 992
797 882
800 944
804 856
805 820
805 821
814 902
815 827
815 964
817 993
819 842
830 850
839 973
841 978
848 931
849 919
860 985
867 912
896 954
897 983
905 912
910 947
910 999
913 941
922 957
929 991
933 968
942 958
947 975
950 957
951 984
956 993
990 995
