0 1
0 2
0 3
0 4
0 5
0 6
0 8
0 10
0 11
0 13
0 17
0 18
0 21
0 27
0 28
0 36
0 40
0 47
0 48
0 59
0 63
0 77
0 83
0 85
0 134
0 154
0 156
0 163
0 164
0 165
0 196
0 233
0 242
0 282
0 304
0 317
0 376
0 416
0 441
0 446
0 454
0 471
0 491
0 506
0 555
0 659
0 699
0 736
0 770
0 777
0 795
0 844
0 895
0 919
0 946
1 4
1 11
1 20
1 25
1 46
1 63
1 94
1 248
1 337
1 347
1 566
1 763
2 7
2 18
2 24
2 39
2 52
2 66
2 81
2 100
2 101
2 143
2 182
2 223
2 231
2 345
2 451
2 484
2 489
2 551
2 612
2 620
2 624
2 630
2 675
2 683
2 755
2 765
2 788
2 805
2 817
2 833
2 856
2 963
3 4
3 5
3 6
3 9
3 10
3 13
3 14
3 16
3 18
3 32
3 45
3 55
3 60
3 69
3 98
3 109
3 114
3 138
3 174
3 180
3 201
3 218
3 236
3 257
3 264
3 280
3 335
3 379
3 381
3 408
3 484
3 497
3 522
3 549
3 568
3 577
3 603
3 633
3 636
3 638
3 718
3 860
3 898
3 906
3 931
3 932
3 957
4 5
4 6
4 7
4 8
4 10
4 12
4 14
4 23
4 26
4 31
4 32
4 35
4 39
4 41
4 42
4 43
4 48
4 56
4 62
4 71
4 76
4 79
4 84
4 86
4 87
4 111
4 121
4 127
4 139
4 141
4 143
4 144
4 146
4 153
4 166
4 213
4 217
4 240
4 251
4 256
4 269
4 277
4 288
4 298
4 301
4 316
4 329
4 353
4 381
4 401
4 407
4 413
4 414
4 477
4 502
4 515
4 538
4 574
4 607
4 608
4 610
4 611
4 619
4 626
4 629
4 634
4 656
4 658
4 686
4 695
4 727
4 732
4 753
4 772
4 787
4 802
4 830
4 848
4 929
4 933
4 961
4 987
4 995
5 8
5 15
5 28
5 29
5 32
5 33
5 37
5 44
5 51
5 55
5 56
5 58
5 59
5 67
5 75
5 89
5 93
5 96
5 122
5 150
5 153
5 156
5 161
5 176
5 202
5 207
5 216
5 232
5 261
5 280
5 309
5 348
5 413
5 437
5 439
5 479
5 501
5 504
5 516
5 626
5 647
5 688
5 718
5 753
5 757
5 825
5 879
5 915
5 990
6 7
6 9
6 30
6 36
6 53
6 91
6 95
6 97
6 110
6 112
6 120
6 170
6 208
6 260
6 294
6 323
6 345
6 385
6 391
6 425
6 483
6 509
6 570
6 572
6 675
6 689
6 767
6 801
6 836
6 936
6 975
7 14
7 15
7 21
7 27
7 57
7 65
7 78
7 102
7 120
7 127
7 132
7 141
7 154
7 169
7 179
7 188
7 224
7 284
7 305
7 352
7 369
7 419
7 432
7 462
7 480
7 528
7 571
7 670
7 680
7 738
7 788
7 886
7 947
7 992
8 9
8 16
8 19
8 22
8 53
8 58
8 64
8 68
8 79
8 88
8 134
8 151
8 199
8 208
8 248
8 253
8 262
8 468
8 492
8 512
8 541
8 548
8 564
8 594
8 612
8 630
8 693
8 757
8 772
8 790
8 868
8 878
8 904
8 913
8 925
8 962
9 11
9 12
9 19
9 22
9 35
9 45
9 65
9 93
9 117
9 121
9 158
9 162
9 186
9 227
9 238
9 269
9 272
9 282
9 517
9 546
9 564
9 707
9 719
9 811
10 19
10 41
10 63
10 80
10 94
10 118
10 136
10 144
10 149
10 175
10 183
10 209
10 276
10 291
10 335
10 376
10 419
10 503
10 519
10 534
10 622
10 664
10 687
10 733
10 743
10 817
11 12
11 15
11 16
11 28
11 44
11 47
11 50
11 54
11 58
11 68
11 72
11 79
11 88
11 92
11 102
11 104
11 114
11 117
11 122
11 136
11 148
11 170
11 194
11 199
11 222
11 226
11 243
11 253
11 254
11 262
11 263
11 287
11 302
11 307
11 352
11 360
11 397
11 403
11 445
11 451
11 475
11 491
11 514
11 525
11 529
11 562
11 583
11 592
11 638
11 644
11 654
11 665
11 670
11 673
11 743
11 749
11 758
11 781
11 789
11 793
11 805
11 807
11 818
11 861
11 868
11 887
11 907
11 988
12 13
12 17
12 23
12 26
12 35
12 36
12 51
12 54
12 103
12 115
12 119
12 125
12 153
12 168
12 172
12 206
12 237
12 247
12 264
12 276
12 293
12 301
12 314
12 318
12 328
12 357
12 379
12 401
12 424
12 430
12 435
12 463
12 479
12 492
12 533
12 542
12 560
12 663
12 720
12 751
12 803
12 836
12 988
13 20
13 26
13 41
13 87
13 96
13 156
13 268
13 409
13 456
13 827
14 22
14 84
14 109
14 135
14 171
14 179
14 192
14 257
14 258
14 259
14 283
14 326
14 362
14 782
14 821
14 986
15 17
15 24
15 33
15 40
15 48
15 53
15 61
15 64
15 74
15 83
15 97
15 116
15 147
15 148
15 172
15 193
15 201
15 241
15 281
15 355
15 382
15 393
15 521
15 599
15 602
15 675
15 725
15 870
15 900
16 21
16 24
16 25
16 27
16 37
16 60
16 90
16 117
16 145
16 155
16 188
16 192
16 205
16 222
16 223
16 246
16 277
16 294
16 322
16 323
16 406
16 417
16 427
16 460
16 475
16 565
16 586
16 606
16 684
16 699
16 722
16 773
16 816
16 976
17 29
17 42
17 49
17 51
17 55
17 56
17 66
17 69
17 82
17 96
17 97
17 102
17 119
17 126
17 215
17 235
17 326
17 374
17 402
17 407
17 443
17 453
17 548
17 554
17 637
17 705
17 753
17 905
17 938
17 975
17 979
17 989
18 40
18 71
18 131
18 160
18 166
18 193
18 221
18 262
18 308
18 385
18 420
18 443
18 494
18 545
18 599
18 603
18 657
18 696
18 997
19 20
19 23
19 30
19 77
19 113
19 115
19 129
19 139
19 150
19 186
19 218
19 230
19 234
19 297
19 303
19 329
19 350
19 366
19 486
19 493
19 545
19 678
19 694
19 837
19 875
19 894
19 968
20 25
20 31
20 61
20 89
20 111
20 133
20 134
20 197
20 204
20 244
20 309
20 312
20 317
20 319
20 340
20 450
20 523
20 540
20 553
20 595
20 601
20 605
20 819
20 821
20 853
20 982
21 38
21 49
21 57
21 60
21 75
21 78
21 81
21 82
21 95
21 125
21 164
21 179
21 192
21 207
21 248
21 307
21 318
21 389
21 396
21 417
21 438
21 520
21 739
21 770
21 869
21 917
22 46
22 67
22 99
22 154
22 225
22 240
22 328
22 411
22 414
22 495
22 510
22 583
22 590
22 684
22 874
22 926
23 66
23 74
23 94
23 105
23 130
23 155
23 209
23 220
23 233
23 266
23 281
23 287
23 547
23 582
23 676
23 903
23 963
24 34
24 42
24 43
24 57
24 65
24 78
24 85
24 106
24 107
24 124
24 127
24 137
24 165
24 203
24 298
24 436
24 476
24 575
24 579
24 611
24 690
24 702
24 707
24 851
25 29
25 30
25 43
25 47
25 69
25 180
25 185
25 189
25 196
25 214
25 240
25 272
25 283
25 318
25 354
25 358
25 372
25 472
25 560
25 863
25 873
25 875
25 936
26 31
26 34
26 147
26 251
26 804
27 59
27 112
27 129
27 161
27 203
27 398
27 409
27 522
27 608
27 748
27 849
27 860
28 34
28 38
28 70
28 86
28 95
28 744
28 791
29 200
29 806
29 888
30 33
30 50
30 80
30 130
30 152
30 178
30 187
30 439
30 454
30 479
30 502
30 631
30 984
31 123
31 148
31 152
31 157
31 255
31 273
31 419
31 530
31 570
31 704
31 754
31 893
32 68
32 89
32 90
32 99
32 106
32 136
32 181
32 195
32 206
32 264
32 297
32 332
32 336
32 357
32 373
32 515
32 546
32 820
32 822
32 876
33 72
33 73
33 267
33 271
33 363
33 470
33 586
33 657
33 688
33 918
34 37
34 52
34 67
34 73
34 100
34 105
34 163
34 191
34 213
34 219
34 234
34 235
34 266
34 487
34 627
34 652
34 681
34 721
34 791
34 819
34 903
35 39
35 46
35 50
35 72
35 73
35 99
35 104
35 122
35 126
35 128
35 129
35 131
35 183
35 191
35 208
35 225
35 234
35 237
35 241
35 243
35 277
35 279
35 296
35 299
35 322
35 332
35 362
35 368
35 370
35 393
35 409
35 421
35 432
35 440
35 447
35 516
35 528
35 562
35 589
35 676
35 678
35 704
35 719
35 747
35 799
35 838
35 839
35 941
35 951
35 960
35 982
36 38
36 45
36 49
36 62
36 168
36 171
36 189
36 217
36 325
36 384
36 526
37 135
37 351
37 378
37 622
37 708
37 721
37 864
37 902
38 815
39 71
39 130
39 171
39 239
39 263
39 345
39 349
39 352
39 388
39 424
39 434
39 456
39 478
39 500
39 520
39 538
39 575
39 670
39 714
39 822
39 979
40 52
40 107
40 279
40 299
40 392
40 411
40 497
40 792
41 44
41 85
41 272
41 283
41 300
41 347
41 353
41 378
41 529
41 595
41 648
41 708
41 767
41 789
41 927
42 75
42 77
42 135
42 336
42 367
42 410
42 438
42 618
42 630
42 674
42 746
43 87
43 92
43 128
43 139
43 160
43 210
43 265
43 341
43 390
43 490
43 690
43 883
43 953
43 960
44 84
44 174
44 194
44 246
44 880
44 894
44 915
44 949
45 64
45 108
45 114
45 140
45 141
45 175
45 259
45 351
45 377
45 592
45 602
45 682
45 692
45 749
45 776
45 866
46 110
46 142
46 143
46 224
46 270
46 327
46 356
46 416
46 575
46 582
46 701
46 775
46 862
47 126
47 388
47 929
48 195
48 616
48 859
48 923
49 70
49 472
49 644
49 978
50 61
50 101
50 160
50 219
50 286
50 341
50 379
50 420
50 534
50 556
50 563
50 665
50 991
51 107
51 113
51 116
51 363
51 428
51 536
52 308
52 311
52 346
52 398
52 483
52 488
52 597
52 650
52 776
52 796
52 939
53 54
53 166
53 177
53 216
53 274
53 275
53 334
53 470
53 476
53 568
53 591
53 609
53 662
53 667
53 750
53 796
53 847
53 855
53 944
53 950
53 984
54 146
54 215
54 382
55 133
55 142
55 253
55 375
55 513
55 689
56 74
56 91
56 490
57 76
57 783
57 918
58 62
58 80
58 158
58 221
58 374
58 832
59 91
59 109
59 113
59 142
59 164
59 184
59 194
59 202
59 206
59 355
59 365
59 410
59 446
59 584
59 626
59 640
59 668
59 856
59 901
60 118
60 133
60 222
60 228
60 239
60 265
60 290
60 303
60 330
60 383
60 415
60 440
60 444
60 468
60 477
60 498
60 537
60 545
60 594
60 609
60 692
60 731
60 828
60 842
60 844
60 910
60 937
60 991
61 98
61 104
61 210
61 211
61 327
61 333
61 388
61 531
61 533
61 832
62 76
62 82
62 112
62 128
62 146
62 180
62 221
62 281
62 306
62 309
62 383
62 396
62 400
62 537
62 603
62 623
62 631
62 695
62 854
62 913
63 70
63 158
63 285
63 300
63 317
63 642
63 740
63 867
63 899
64 108
64 219
65 83
65 123
65 178
65 191
65 210
65 229
65 258
65 275
65 279
65 304
65 395
65 504
65 587
65 709
65 726
65 830
65 841
65 882
65 895
65 995
66 120
66 124
66 157
66 175
66 198
66 601
66 935
67 214
67 594
67 677
67 780
67 952
68 333
68 343
68 540
68 924
69 161
69 177
69 325
69 364
69 493
69 628
69 645
69 648
69 671
69 839
69 841
69 858
69 892
70 131
70 196
70 562
70 570
70 574
70 590
70 880
71 88
71 98
71 101
71 159
71 190
71 429
71 583
71 779
71 910
71 994
72 81
72 140
72 331
72 365
72 375
72 399
72 480
72 531
72 551
72 708
72 761
72 826
73 284
73 321
73 455
73 751
73 843
74 93
74 288
74 496
74 552
74 569
74 652
74 731
75 173
75 430
75 498
76 121
76 138
76 145
76 377
76 619
76 745
76 824
76 878
77 581
78 229
78 331
78 362
78 433
78 604
78 766
79 86
79 90
79 100
79 119
79 211
79 212
79 233
79 236
79 250
79 260
79 270
79 340
79 349
79 373
79 510
79 515
79 541
79 596
79 634
79 666
79 681
79 739
79 759
79 766
79 809
79 947
79 983
80 108
80 110
80 132
80 314
80 360
81 169
81 217
81 305
81 371
81 415
81 426
81 482
81 507
81 679
81 778
81 869
81 990
82 334
83 140
83 157
83 178
83 182
83 185
83 215
83 223
83 255
83 273
83 299
83 310
83 445
83 456
83 466
83 508
83 813
84 103
84 115
84 155
84 163
84 238
84 315
84 568
84 885
84 897
84 993
85 103
85 145
85 176
85 211
85 235
85 271
85 289
85 296
85 338
85 347
85 359
85 452
85 474
85 527
85 563
85 752
85 813
85 921
86 314
86 610
86 685
86 799
87 230
87 408
88 969
89 92
89 106
89 152
89 162
89 187
89 249
89 292
89 784
89 934
90 216
90 460
91 244
91 269
91 286
91 340
91 363
91 639
91 701
91 732
91 911
92 159
92 167
92 184
92 392
92 764
92 921
93 118
93 198
93 364
93 425
93 482
93 554
93 590
93 680
93 750
93 769
93 800
94 105
94 176
94 218
94 457
94 484
94 851
94 922
95 147
95 193
95 224
95 227
95 295
95 330
95 384
95 509
95 521
95 714
96 292
96 339
96 358
96 754
96 779
96 815
97 124
97 270
97 401
97 433
97 653
97 655
97 909
97 976
98 328
98 965
99 162
99 316
99 332
99 413
99 475
99 657
100 285
100 344
100 729
100 738
100 751
101 137
101 290
101 342
101 422
101 488
101 547
101 553
101 656
101 698
101 827
102 116
102 183
102 232
102 250
102 372
102 418
102 601
103 307
103 330
104 150
104 294
104 518
104 599
105 151
105 334
105 346
105 367
105 395
105 495
105 503
105 593
105 628
106 123
106 125
106 132
106 170
106 190
106 230
106 261
106 364
106 387
106 417
106 465
106 661
106 707
106 759
106 778
107 225
107 226
107 266
107 342
107 543
107 719
107 973
108 181
108 552
108 557
109 325
110 111
110 138
110 173
110 491
110 686
110 717
111 255
111 306
111 380
111 393
111 412
111 593
111 625
111 934
112 182
112 195
114 339
114 873
115 274
115 400
115 432
115 461
115 572
115 849
115 967
115 994
115 995
116 187
116 226
116 239
116 242
116 285
116 449
116 532
116 730
116 811
116 826
116 923
116 957
116 980
119 420
119 539
119 672
119 695
119 715
119 974
119 989
120 469
120 702
121 200
121 231
121 260
121 350
121 360
121 616
121 863
122 276
122 298
122 367
124 227
124 308
124 310
124 361
124 467
124 477
124 912
125 165
125 252
125 268
125 405
125 421
125 538
125 554
125 555
125 581
125 623
125 717
125 893
126 168
126 202
126 205
126 275
126 468
126 576
126 615
126 840
126 851
127 257
127 297
127 823
128 167
128 236
128 438
128 461
128 537
128 723
128 997
129 381
129 709
130 151
130 186
131 366
132 361
132 473
132 487
132 636
132 660
132 735
132 827
133 144
133 214
133 571
133 622
134 137
134 159
134 173
134 394
134 897
134 919
135 638
135 968
136 323
137 337
137 370
137 703
138 804
139 201
139 343
139 448
139 782
139 981
140 149
140 282
140 321
140 378
140 386
140 447
140 459
140 462
140 464
140 478
140 542
140 621
140 664
140 765
141 406
141 501
142 571
143 184
143 244
143 249
143 427
143 435
143 457
143 473
143 688
143 743
143 774
143 896
144 181
144 242
144 402
145 185
145 220
145 371
145 598
145 696
145 768
145 797
145 862
146 167
146 293
146 327
146 434
146 687
146 846
146 888
146 914
146 987
147 203
147 366
147 579
148 149
148 705
149 306
149 320
149 324
149 375
149 567
149 662
149 693
149 716
149 733
149 902
150 441
151 197
151 207
151 311
151 530
151 714
151 787
153 200
153 402
153 486
154 319
154 411
155 412
155 415
155 620
155 817
155 866
155 870
156 177
156 251
156 407
156 580
156 744
156 780
156 783
156 797
156 971
157 212
157 232
157 254
157 278
157 416
157 748
158 359
158 496
158 544
158 781
159 341
159 344
159 467
159 660
159 669
160 169
160 245
160 532
161 174
161 303
161 333
161 507
161 763
161 943
161 950
162 172
162 190
162 238
162 302
162 312
162 831
164 320
164 434
164 834
165 384
165 505
166 197
166 247
166 454
166 536
166 576
166 692
166 710
166 994
167 188
167 301
167 331
167 598
167 604
167 645
167 920
168 274
168 397
168 471
168 525
168 539
168 866
168 900
168 914
168 981
169 261
169 436
169 442
169 533
170 199
170 246
171 189
172 250
172 749
173 204
173 346
173 423
173 527
173 581
173 659
174 896
175 505
176 198
176 679
176 852
177 338
178 263
179 204
179 355
179 452
180 228
180 315
180 503
180 651
180 685
180 859
181 256
181 278
181 291
181 312
181 324
181 339
181 368
181 451
181 557
181 585
181 623
181 712
181 721
181 798
181 874
182 220
182 249
182 304
182 424
182 469
182 520
182 658
182 669
182 920
182 965
182 973
183 295
184 361
184 426
184 546
184 942
184 969
185 259
185 310
185 655
186 205
186 286
186 495
186 573
186 677
187 380
187 458
187 519
187 703
187 773
187 988
188 322
188 353
188 412
188 450
188 561
188 731
188 747
188 831
188 832
188 955
188 987
189 289
189 316
189 426
189 642
190 213
190 458
191 444
191 668
191 742
192 252
192 387
192 518
192 567
192 676
192 764
192 784
192 864
192 938
193 344
194 291
194 338
195 387
197 481
197 494
198 258
198 336
198 564
198 970
199 302
199 335
200 512
201 209
201 212
201 229
201 394
201 558
201 887
202 247
202 543
202 595
202 789
202 816
202 860
203 580
203 668
203 734
203 780
203 892
204 252
204 389
204 661
204 699
204 865
205 474
205 839
205 978
206 357
206 455
206 833
207 382
207 691
207 846
208 463
208 678
208 700
208 884
209 710
210 237
210 828
210 978
211 963
212 373
212 511
212 694
213 228
213 245
213 292
213 472
213 476
213 936
213 945
214 647
214 808
214 881
214 986
215 231
217 429
217 449
217 474
217 544
217 561
217 640
217 752
217 782
217 953
218 245
218 532
218 587
218 754
218 853
219 905
220 265
220 320
220 431
220 508
220 517
220 786
220 820
223 268
223 809
224 358
224 453
224 639
224 650
224 847
225 488
226 256
226 313
226 324
226 371
226 483
226 726
226 816
226 932
227 254
227 267
227 288
227 559
227 661
227 758
227 939
228 337
228 406
228 578
228 999
229 290
229 385
229 614
231 267
231 305
231 342
231 399
231 492
231 497
231 534
231 598
231 637
231 659
231 690
231 720
231 736
231 741
231 948
231 967
231 970
231 979
231 992
232 356
232 368
232 430
232 442
232 555
232 611
232 855
233 243
233 349
233 428
233 529
234 287
235 241
235 295
235 465
235 514
235 701
235 810
235 977
235 982
236 356
236 463
237 343
237 561
238 653
238 704
238 840
239 421
239 458
241 311
241 348
241 418
241 513
241 516
241 618
241 730
241 806
241 942
242 315
242 773
243 369
243 386
243 403
243 443
243 466
243 524
243 614
243 775
243 806
243 886
244 380
244 493
244 687
244 913
246 408
246 525
248 397
248 501
248 672
248 697
248 740
248 863
249 487
250 278
251 391
251 686
251 837
251 951
252 273
252 890
252 931
253 838
254 390
254 633
254 696
254 887
255 588
255 762
255 899
255 900
256 280
256 383
256 838
257 293
257 713
257 801
257 938
259 584
259 879
261 289
261 404
261 551
261 632
261 635
261 645
261 745
261 881
261 985
262 431
262 837
263 712
264 459
264 526
264 831
265 549
265 717
265 760
266 934
267 376
267 530
268 369
268 746
268 871
268 983
269 271
269 405
269 608
269 885
270 667
270 742
271 284
271 296
271 494
271 502
272 300
272 350
272 566
272 604
272 711
272 899
274 739
275 326
275 351
275 489
275 523
275 578
275 643
275 867
276 592
276 882
277 404
278 722
278 948
279 329
279 607
279 612
280 422
280 807
280 825
280 877
280 925
281 655
281 768
282 354
282 511
282 663
283 509
283 636
283 653
283 848
283 976
284 577
285 550
285 620
285 878
286 453
286 565
286 845
288 392
288 405
288 437
289 573
290 490
291 738
292 569
292 959
293 395
293 542
293 993
294 462
294 464
294 759
295 374
295 485
295 654
295 853
295 897
295 935
296 319
296 536
296 956
297 540
297 609
297 740
298 615
298 672
299 389
299 394
300 894
301 313
301 404
301 600
301 804
301 917
302 513
302 535
302 746
302 893
302 945
303 742
304 313
305 444
305 524
306 535
306 713
306 776
307 390
307 422
307 560
307 958
308 348
308 737
309 643
309 792
310 365
310 848
311 427
311 460
312 785
312 883
314 321
314 445
315 591
315 596
315 646
316 398
317 511
317 944
318 685
319 359
319 499
319 835
320 370
320 457
320 735
320 802
321 354
322 567
323 771
323 829
323 844
324 440
325 505
325 810
326 482
326 558
326 614
326 810
327 410
328 480
328 684
329 447
329 830
331 400
331 871
331 967
332 650
333 504
333 698
334 565
335 547
335 559
337 391
337 428
337 865
337 973
339 372
339 435
339 506
339 541
339 553
339 702
339 777
341 461
341 924
342 414
342 423
342 473
342 486
342 669
343 762
344 814
345 698
346 556
346 576
346 881
347 489
347 632
348 718
348 766
349 499
350 600
350 752
350 761
351 396
351 788
351 955
355 617
355 761
356 499
356 522
356 961
358 441
359 512
359 587
359 627
359 786
360 386
362 446
362 510
362 641
363 660
363 812
363 949
365 543
365 813
366 418
366 465
366 829
368 691
369 377
369 769
370 399
370 455
370 615
371 774
371 803
371 875
372 585
372 922
373 485
373 728
373 915
373 926
374 821
374 825
375 519
376 950
378 431
378 557
378 858
378 962
379 792
382 859
383 559
383 883
386 689
387 464
387 625
387 697
387 992
387 998
388 425
388 549
388 811
388 890
389 403
389 433
389 624
389 644
389 884
389 980
390 429
392 710
393 439
393 572
394 423
394 926
395 591
396 634
396 886
397 613
397 755
397 888
398 452
398 618
398 823
398 835
398 908
399 996
400 802
400 809
400 907
401 682
403 629
404 857
404 940
405 539
405 616
405 665
406 785
406 895
407 481
407 544
407 635
407 814
407 819
408 467
408 469
408 610
408 663
408 989
410 972
411 485
411 606
411 726
412 448
412 958
415 586
417 442
417 450
417 582
417 679
417 935
418 566
418 755
418 954
419 526
419 928
420 436
420 728
420 733
420 948
421 728
424 637
424 904
425 523
425 724
426 449
426 498
427 448
427 517
427 528
427 597
427 941
428 437
428 531
428 647
428 716
428 801
428 901
429 573
429 916
430 677
431 550
431 635
431 781
431 876
431 942
433 527
433 607
433 720
435 507
435 508
435 737
436 481
436 783
436 850
436 868
437 925
437 943
437 952
440 621
440 691
441 552
441 643
441 940
441 981
442 596
443 524
443 939
444 496
444 506
444 700
444 903
444 927
445 778
447 771
448 624
448 921
448 966
451 471
452 459
452 762
453 466
453 673
454 829
457 927
458 795
459 579
460 500
461 470
461 621
461 920
462 514
462 671
462 889
462 952
463 548
463 584
463 625
463 818
463 880
464 683
464 908
466 654
466 764
468 606
468 885
469 478
469 641
469 664
470 574
470 709
470 974
473 518
474 605
474 741
474 911
475 619
475 800
475 861
475 999
480 747
481 558
484 879
486 563
486 578
488 786
488 818
488 834
489 667
491 500
491 639
492 872
494 585
494 593
494 700
494 794
495 588
498 706
499 725
499 850
499 889
499 932
500 727
501 845
503 861
504 646
506 784
506 916
507 940
509 909
510 605
510 627
511 833
512 703
513 651
514 857
515 711
515 725
517 521
518 771
519 662
521 629
521 769
521 828
521 923
522 673
522 760
522 928
523 649
523 800
524 790
526 794
527 597
527 812
527 977
528 535
529 569
529 908
530 748
532 556
532 957
534 613
534 633
536 869
536 971
537 756
539 550
540 600
543 777
543 876
544 577
544 628
544 706
544 847
544 892
545 649
549 951
551 794
551 842
552 756
555 937
556 680
557 646
557 772
559 787
561 649
561 834
564 745
565 640
565 674
565 683
565 705
565 820
566 855
567 803
568 998
570 580
570 716
570 722
570 734
570 961
571 808
572 613
572 666
572 796
572 996
573 715
573 756
574 631
576 589
576 602
576 713
576 724
576 843
577 906
577 937
578 727
580 656
582 658
582 911
583 933
585 589
586 588
586 682
587 617
590 641
591 681
594 858
596 671
597 822
598 674
598 842
598 891
601 632
601 871
603 741
603 854
605 732
605 877
606 617
608 904
612 666
612 959
622 715
623 785
623 974
624 711
624 941
626 648
626 852
628 642
630 651
630 873
631 985
632 770
632 865
632 969
634 856
636 724
636 735
636 889
638 814
639 693
639 962
640 652
641 757
641 779
641 924
643 730
644 697
645 815
647 767
648 845
649 758
650 843
652 946
653 750
653 795
653 901
654 744
659 898
661 706
662 774
663 930
664 984
667 791
667 812
667 946
668 945
669 964
670 943
670 956
671 807
672 729
672 850
672 954
674 775
674 993
675 964
676 896
676 918
678 971
679 793
679 854
680 826
680 970
682 694
682 824
682 836
682 931
683 928
684 734
686 823
686 857
688 996
689 872
691 975
692 835
692 841
692 884
694 790
694 805
695 953
696 723
696 737
696 793
696 862
697 956
699 933
701 852
703 723
705 712
705 729
709 798
710 944
713 917
714 898
715 799
715 980
717 990
718 864
724 877
726 736
726 874
731 905
732 914
736 872
737 902
742 798
742 954
744 824
744 955
745 949
749 808
749 912
749 977
750 763
755 765
759 760
759 964
761 991
764 768
767 983
776 907
777 958
779 922
782 891
785 870
786 797
786 890
789 840
792 882
793 947
804 867
809 929
818 930
818 959
824 912
827 846
828 960
832 985
845 849
858 906
858 972
861 909
862 919
870 916
870 930
883 891
889 965
892 910
901 966
909 998
913 972
926 968
943 986
957 966
993 999
996 997
