0 1
0 2
0 3
0 4
0 5
0 6
0 8
0 9
0 10
0 16
0 18
0 20
0 22
0 33
0 36
0 38
0 45
0 47
0 52
0 93
0 101
0 117
0 157
0 162
0 190
0 206
0 276
0 304
0 310
0 341
0 377
0 392
0 394
0 428
0 433
0 445
0 452
0 493
0 497
1 4
1 5
1 6
1 7
1 8
1 9
1 11
1 15
1 18
1 19
1 26
1 29
1 37
1 43
1 46
1 53
1 54
1 88
1 104
1 203
1 210
1 258
1 303
1 343
1 352
1 373
1 385
1 407
1 418
1 471
2 17
2 66
2 138
2 487
3 4
3 55
3 87
3 153
3 458
4 5
4 6
4 11
4 12
4 14
4 17
4 24
4 26
4 27
4 29
4 31
4 33
4 37
4 40
4 43
4 44
4 50
4 54
4 69
4 72
4 95
4 109
4 114
4 115
4 129
4 130
4 141
4 148
4 165
4 167
4 171
4 194
4 197
4 201
4 205
4 215
4 216
4 237
4 239
4 272
4 280
4 284
4 291
4 347
4 368
4 426
4 457
4 461
5 7
5 8
5 10
5 13
5 19
5 20
5 23
5 24
5 25
5 41
5 56
5 62
5 64
5 65
5 85
5 91
5 100
5 109
5 121
5 131
5 145
5 147
5 213
5 308
5 338
5 351
5 393
5 406
5 408
5 420
5 453
5 477
5 498
6 7
6 19
6 39
6 41
6 44
6 74
6 85
6 118
6 143
6 145
6 155
6 156
6 164
6 167
6 179
6 208
6 215
6 230
6 245
6 277
6 284
6 314
6 329
6 349
6 360
6 476
6 485
7 13
7 20
7 22
7 34
7 60
7 63
7 82
7 131
7 181
7 190
7 217
7 233
7 264
8 9
8 10
8 13
8 15
8 16
8 18
8 21
8 27
8 29
8 36
8 42
8 46
8 48
8 51
8 57
8 75
8 80
8 86
8 92
8 96
8 98
8 100
8 102
8 109
8 136
8 152
8 163
8 172
8 206
8 228
8 240
8 246
8 254
8 281
8 299
8 303
8 307
8 339
8 352
8 358
8 371
8 430
8 435
8 445
8 446
8 481
8 487
8 494
8 495
9 12
9 16
9 68
9 71
9 78
9 79
9 87
9 95
9 110
9 113
9 119
9 140
9 168
9 171
9 172
9 199
9 218
9 325
9 345
9 372
9 392
9 413
9 437
9 447
9 491
10 11
10 12
10 14
10 15
10 17
10 28
10 30
10 34
10 37
10 42
10 46
10 48
10 58
10 64
10 76
10 77
10 83
10 86
10 88
10 89
10 112
10 124
10 133
10 163
10 220
10 232
10 265
10 266
10 274
10 286
10 297
10 320
10 330
10 332
10 348
10 354
10 379
10 414
10 415
10 419
10 422
10 457
10 468
10 476
11 50
11 59
11 79
11 103
11 137
11 239
11 259
11 277
11 297
11 361
11 432
11 442
11 473
12 14
12 23
12 24
12 31
12 38
12 47
12 59
12 60
12 68
12 84
12 94
12 126
12 134
12 154
12 159
12 174
12 182
12 204
12 234
12 242
12 244
12 246
12 262
12 279
12 309
12 324
12 417
12 438
13 21
13 26
13 32
13 33
13 34
13 83
13 92
13 98
13 137
13 172
13 185
13 200
13 207
13 224
13 231
13 280
13 295
13 314
13 317
13 477
13 480
14 22
14 25
14 28
14 35
14 49
14 53
14 56
14 57
14 62
14 71
14 82
14 85
14 101
14 104
14 110
14 138
14 178
14 262
14 270
14 286
14 298
14 310
14 357
14 374
14 459
14 464
15 21
15 23
15 25
15 47
15 55
15 65
15 145
15 160
15 163
15 166
15 204
15 244
15 298
15 358
15 389
15 475
15 480
15 481
16 38
16 67
16 79
16 99
16 119
16 173
16 177
16 195
16 260
16 292
17 82
17 84
17 87
17 121
17 122
17 133
17 136
17 189
17 223
18 180
18 246
18 275
18 376
18 386
18 455
19 45
19 67
19 102
19 108
19 268
19 306
19 329
19 478
19 495
20 30
20 51
20 54
20 63
20 70
20 74
20 99
20 115
20 124
20 130
20 165
20 166
20 194
20 222
20 256
20 283
20 287
20 328
20 335
20 380
20 385
20 450
21 58
21 86
21 89
21 93
21 96
21 100
21 112
21 132
21 146
21 156
21 176
21 184
21 194
21 205
21 276
21 293
21 415
21 468
21 497
22 27
22 32
22 40
22 69
22 81
22 113
22 186
22 227
22 236
22 437
22 461
23 28
23 35
23 39
23 40
23 42
23 107
23 120
23 139
23 179
23 191
23 301
23 347
23 371
24 56
24 122
24 137
24 190
24 195
24 198
24 232
24 253
24 268
24 334
24 336
24 353
24 358
24 419
24 464
24 478
25 32
25 70
25 107
25 126
25 134
25 150
25 201
25 277
25 285
25 299
25 449
25 491
26 30
26 43
26 51
26 162
26 431
26 472
27 35
27 62
27 67
27 76
27 78
27 111
27 151
27 152
27 237
27 301
27 387
27 453
28 31
28 61
28 161
28 186
28 336
28 367
28 382
28 392
28 400
28 436
28 444
28 462
29 39
29 77
29 473
30 45
30 55
30 91
30 117
30 301
30 334
30 471
30 484
31 49
31 52
31 84
31 90
31 104
31 176
31 243
31 264
31 312
31 330
31 375
31 390
31 420
32 196
32 433
32 462
32 493
33 36
33 41
33 60
33 72
33 89
33 92
33 93
33 300
33 311
33 328
33 407
33 422
33 478
34 110
34 295
34 416
36 81
36 289
36 302
36 306
36 470
36 473
36 492
37 53
37 70
37 73
37 97
37 105
37 132
37 142
37 193
37 207
37 228
37 263
37 311
37 324
37 346
37 356
37 405
37 448
38 80
38 108
38 139
38 229
38 252
38 326
39 48
39 57
39 66
39 78
39 81
39 113
39 122
39 157
39 169
39 183
39 195
39 267
39 320
39 337
39 466
39 483
40 50
40 52
40 61
40 97
40 98
40 101
40 249
40 251
40 268
40 294
40 322
40 325
40 485
41 83
41 151
41 178
41 300
41 302
41 340
41 360
41 366
41 405
41 474
42 425
43 44
43 161
43 170
43 175
43 286
43 487
44 160
44 398
45 69
45 74
45 77
45 94
45 116
45 149
45 151
45 210
45 219
46 106
46 354
46 409
46 429
47 49
47 75
47 95
47 126
47 139
47 157
47 187
47 192
47 321
47 364
47 368
47 386
47 399
47 499
48 188
48 378
49 68
49 80
49 131
49 166
49 211
49 411
49 419
49 454
50 59
50 94
50 125
50 185
50 197
50 217
50 251
50 312
50 388
50 412
51 261
51 270
51 408
52 161
52 188
52 269
52 327
53 75
53 160
53 233
54 58
54 71
54 123
54 238
54 271
55 217
55 231
55 344
55 400
55 466
56 141
56 213
56 393
57 64
57 111
57 168
57 216
57 241
57 243
57 252
57 254
57 470
57 474
58 65
58 73
58 107
58 196
58 208
58 247
58 276
58 278
58 331
58 346
58 440
59 61
59 76
59 134
59 140
60 63
61 66
61 144
61 267
61 272
61 339
61 355
61 426
61 432
61 475
61 480
62 150
62 203
62 209
62 210
62 228
62 280
62 295
62 296
62 411
62 440
63 148
63 175
63 209
63 383
63 405
64 111
64 129
64 133
64 165
64 200
64 278
64 399
65 73
65 121
65 135
65 136
65 147
65 171
65 173
65 237
65 357
66 144
66 174
66 245
66 467
67 128
67 154
67 218
67 322
68 72
68 90
68 127
68 135
68 174
68 223
68 250
68 256
68 266
68 273
68 294
68 383
68 468
69 204
70 103
70 132
70 155
70 198
70 257
70 307
70 389
70 391
70 430
71 178
71 296
71 351
71 366
72 103
72 106
72 191
72 214
72 281
73 116
73 326
73 335
73 336
73 439
74 88
74 114
74 118
74 144
74 146
74 153
74 177
74 196
74 206
74 225
74 226
74 255
74 292
74 331
74 370
74 381
74 427
74 439
74 440
74 482
75 255
75 360
75 387
75 476
76 264
76 282
76 328
76 347
76 499
77 120
77 140
77 158
77 169
77 307
78 293
78 464
79 91
79 116
79 152
79 221
79 272
80 108
80 117
80 183
80 251
80 263
81 102
81 391
82 90
82 130
82 271
83 231
83 235
83 338
84 105
84 142
84 149
84 224
84 403
86 143
86 189
86 263
86 443
87 112
87 127
87 250
88 97
88 99
88 184
88 212
88 221
88 402
88 414
89 96
89 123
89 150
89 477
89 491
90 238
91 300
92 154
92 227
92 305
92 332
92 408
92 416
92 488
93 250
94 211
94 313
94 346
94 350
94 439
95 106
95 127
95 155
95 168
95 267
95 429
95 431
96 124
96 128
96 158
96 176
96 187
96 224
96 229
96 260
96 290
97 423
97 447
98 287
98 342
98 372
99 125
99 222
99 290
99 320
99 361
99 382
99 450
100 235
100 288
100 308
101 115
101 120
101 125
101 164
101 192
101 289
101 318
101 334
102 105
102 119
102 202
102 291
102 369
103 114
103 153
103 207
103 285
103 381
104 492
105 183
105 370
105 446
105 454
106 243
106 309
106 425
106 467
107 184
107 185
108 156
108 164
108 173
108 261
108 278
108 362
108 454
109 337
109 455
109 496
110 305
111 219
111 274
111 389
112 135
112 169
112 223
112 240
112 327
112 434
113 138
113 270
113 424
114 180
114 321
114 484
115 158
115 364
116 159
116 253
116 285
116 288
116 465
117 118
117 316
117 330
117 343
117 461
118 209
118 431
119 149
119 177
119 333
119 349
119 423
119 467
120 128
120 230
120 384
121 214
121 332
121 348
121 365
121 397
121 421
121 423
122 123
122 129
122 249
122 257
122 297
122 486
123 146
123 180
123 193
123 199
123 225
123 240
123 291
123 434
123 451
124 212
124 235
125 148
125 284
125 369
126 141
126 220
127 225
128 181
128 325
128 388
128 416
129 175
129 236
129 376
129 378
130 199
130 296
130 319
130 355
130 395
130 398
131 142
131 208
131 239
131 256
131 322
131 342
131 363
131 396
131 399
131 449
131 451
131 463
131 486
132 191
132 391
133 188
133 234
134 182
134 215
134 254
134 273
134 293
134 367
134 397
135 353
136 143
136 147
136 170
136 182
136 193
136 442
138 417
139 203
139 211
139 306
139 363
140 222
140 253
140 374
140 390
141 159
141 236
141 380
142 410
142 450
142 460
143 232
143 326
143 376
143 422
143 435
143 452
143 496
144 167
144 241
144 412
145 245
145 262
146 187
146 261
146 310
146 344
146 353
148 186
148 218
148 260
149 170
149 201
149 229
149 279
149 395
151 213
151 323
153 230
153 406
154 441
155 179
155 406
155 472
156 162
156 242
156 363
156 393
157 317
157 449
157 460
158 200
158 438
159 337
159 379
161 181
161 367
162 226
162 234
162 271
162 342
164 198
164 403
165 214
165 252
165 351
166 197
166 220
166 247
166 359
167 304
167 313
167 338
168 350
168 370
168 446
169 259
169 281
171 366
171 390
172 304
172 424
172 428
173 219
173 269
173 311
173 316
173 404
174 192
174 255
175 212
175 287
175 327
175 402
176 226
176 292
177 421
178 417
178 443
180 221
180 451
181 386
182 205
182 316
182 372
182 379
182 459
183 202
184 227
184 420
184 469
184 482
185 324
186 189
186 202
186 339
186 425
187 269
187 273
187 315
188 312
190 216
190 265
190 411
190 433
190 445
191 265
193 377
195 318
196 438
198 343
199 242
199 404
200 233
201 248
201 275
201 282
201 335
202 317
202 381
203 259
203 274
203 394
203 415
205 238
205 248
206 404
207 241
209 456
210 283
213 257
213 448
214 244
214 290
214 378
215 248
215 323
215 365
215 489
215 499
216 288
218 247
218 258
218 375
220 258
221 249
221 375
223 410
223 441
223 443
224 349
224 400
224 465
225 387
226 421
226 452
227 462
228 444
230 401
230 474
231 359
233 266
233 289
233 318
233 385
234 492
236 359
238 319
241 479
242 418
243 299
243 402
244 340
244 345
244 472
245 344
247 275
248 303
249 465
251 305
251 315
251 341
251 380
251 396
251 444
251 475
253 319
254 283
254 315
255 384
255 397
255 484
257 488
261 494
263 298
265 294
266 309
267 279
267 302
268 314
268 483
269 407
271 340
273 282
273 341
273 356
275 441
277 362
277 447
279 413
279 436
281 459
281 460
282 313
283 427
285 432
286 348
288 388
289 466
296 352
296 364
296 371
296 498
297 409
299 377
299 426
301 369
302 333
303 455
304 308
304 323
310 345
312 456
314 436
315 321
315 329
315 361
315 401
315 479
316 493
320 331
320 394
321 384
322 333
322 485
329 448
331 413
332 354
336 373
336 412
336 457
341 442
342 368
343 456
345 350
345 355
345 373
347 395
347 396
347 398
347 434
348 356
348 437
350 357
356 362
358 410
359 497
361 374
361 489
364 365
366 490
367 494
372 382
372 403
374 409
376 383
377 496
379 430
379 490
381 428
382 414
383 463
387 427
390 424
390 429
392 401
402 489
403 469
407 458
416 418
418 435
420 469
424 453
424 483
424 488
429 479
436 471
438 458
438 481
442 470
451 495
454 463
455 482
463 486
468 490
490 498
