0 1
0 4
0 5
0 14
0 17
0 33
0 38
0 39
0 40
0 50
0 52
0 82
0 109
0 140
0 149
0 203
0 213
0 240
0 245
0 253
0 261
0 291
0 340
0 488
1 2
1 3
1 7
1 9
1 10
1 48
1 54
1 57
1 64
1 78
1 81
1 85
1 87
1 105
1 114
1 117
1 119
1 129
1 169
1 172
1 173
1 204
1 219
1 225
1 244
1 249
1 267
1 350
1 356
1 366
1 403
1 447
1 448
1 456
2 31
2 63
2 136
2 196
2 209
2 216
2 348
2 444
2 471
3 97
3 108
3 126
3 242
3 432
4 13
4 95
4 182
4 274
4 381
5 6
5 8
5 12
5 16
5 19
5 20
5 21
5 28
5 30
5 45
5 71
5 77
5 88
5 89
5 90
5 94
5 106
5 115
5 128
5 139
5 151
5 171
5 179
5 192
5 197
5 206
5 234
5 236
5 299
5 300
5 310
5 319
5 351
5 441
5 466
5 484
5 486
6 11
6 35
6 49
6 66
6 107
6 188
6 391
6 470
7 104
7 421
7 445
8 304
9 53
9 153
9 442
10 29
10 46
10 263
11 22
11 24
11 26
11 55
11 59
11 123
11 127
11 166
11 184
11 260
11 265
11 283
11 290
11 464
12 15
12 101
12 311
13 61
13 110
13 168
13 199
13 268
13 363
14 27
14 233
14 330
14 335
14 475
15 67
15 463
16 18
16 143
19 60
19 257
19 437
20 72
20 163
20 384
20 406
21 25
21 68
21 80
21 158
21 220
21 221
21 227
21 262
21 305
21 405
22 23
22 75
22 144
22 308
23 176
24 34
24 36
24 42
24 43
24 56
24 91
24 103
24 160
24 189
24 278
24 313
24 341
24 362
25 41
25 69
25 92
25 170
25 325
26 58
28 47
28 167
28 193
28 433
29 32
29 373
29 496
30 79
30 83
30 461
31 37
32 281
33 44
33 162
33 248
35 73
35 277
36 239
36 419
37 210
37 301
37 392
37 411
40 125
40 191
40 352
41 70
41 86
41 93
41 99
41 156
41 298
42 65
43 247
44 148
44 152
44 165
44 218
44 342
44 385
45 130
45 285
46 489
48 51
48 145
48 187
48 194
48 324
48 361
48 452
48 479
49 76
49 112
49 122
49 147
49 226
49 295
49 424
49 457
52 142
52 157
52 159
52 279
52 333
53 102
53 205
53 413
57 243
57 256
58 84
59 252
60 62
60 133
62 270
64 417
65 207
65 255
65 337
65 473
65 491
69 141
70 259
71 118
71 198
71 303
71 383
72 74
72 435
75 96
75 98
75 120
75 178
75 190
75 286
75 329
75 409
75 474
76 121
76 407
76 455
78 365
80 100
80 131
80 137
80 297
82 275
85 154
87 111
87 426
92 161
92 195
92 389
92 446
94 250
94 440
94 494
95 116
95 482
96 150
99 280
100 390
102 374
102 472
103 493
104 124
105 217
109 113
109 146
109 164
109 284
111 388
112 155
112 174
112 185
112 339
112 380
112 490
113 228
113 264
114 135
114 223
119 276
119 293
121 317
122 258
122 336
122 345
122 371
122 420
122 499
123 132
123 138
123 379
125 292
125 431
127 201
130 134
131 302
131 332
132 438
133 316
136 238
138 415
140 183
145 224
145 287
145 289
145 294
145 459
146 232
149 396
150 208
150 235
151 357
153 186
153 200
153 211
153 237
153 476
155 180
155 181
155 314
158 439
159 175
160 288
163 177
163 400
163 462
165 241
165 334
168 338
169 215
169 465
176 468
183 282
183 309
184 214
184 273
184 399
188 222
188 251
188 269
188 349
188 369
188 434
192 307
192 398
193 202
193 404
194 229
196 425
198 212
198 272
198 346
203 230
204 320
211 231
211 296
211 364
211 477
211 492
212 331
214 246
214 323
215 467
216 460
216 495
217 318
220 266
225 423
225 451
226 402
226 422
231 360
232 416
251 254
251 347
251 376
252 343
254 450
255 359
256 271
258 412
260 368
262 483
263 367
265 315
265 322
273 485
274 327
275 382
282 355
287 321
287 410
288 326
288 478
289 397
290 312
293 498
294 454
297 458
301 481
302 306
302 418
303 414
306 387
307 353
307 372
314 328
316 370
319 354
324 377
333 375
341 344
342 358
345 429
351 487
358 408
358 430
362 394
366 378
366 386
375 427
377 393
377 428
381 436
384 453
393 395
393 401
426 443
432 469
446 449
451 497
470 480
