0 1
0 2
0 3
0 4
0 5
0 6
0 7
0 8
0 12
0 13
0 15
0 17
0 18
0 20
0 25
0 51
0 52
0 55
0 57
0 58
0 59
0 63
0 68
0 69
0 72
0 84
0 86
0 97
0 128
0 143
0 147
0 148
0 151
0 165
0 166
0 173
0 174
0 202
0 207
0 208
0 210
0 237
0 254
0 261
0 268
0 304
0 312
0 315
0 319
0 333
0 381
0 388
0 395
0 415
0 417
0 444
0 448
0 469
0 474
0 478
0 494
1 5
1 6
1 8
1 9
1 12
1 18
1 21
1 27
1 39
1 41
1 71
1 77
1 79
1 80
1 81
1 95
1 103
1 111
1 112
1 142
1 144
1 152
1 170
1 177
1 179
1 183
1 197
1 202
1 208
1 225
1 240
1 246
1 269
1 273
1 330
1 360
1 370
1 383
1 399
1 408
1 411
1 463
1 475
1 494
2 5
2 6
2 9
2 10
2 11
2 13
2 15
2 33
2 42
2 44
2 50
2 54
2 55
2 63
2 66
2 68
2 74
2 82
2 83
2 89
2 113
2 119
2 129
2 134
2 150
2 172
2 183
2 186
2 223
2 228
2 237
2 256
2 288
2 316
2 321
2 324
2 346
2 355
2 376
2 403
2 444
2 445
2 466
3 5
3 6
3 7
3 11
3 17
3 22
3 26
3 28
3 32
3 33
3 71
3 83
3 115
3 131
3 139
3 141
3 142
3 166
3 169
3 179
3 184
3 194
3 196
3 198
3 202
3 231
3 238
3 249
3 268
3 346
3 384
3 389
3 394
3 404
3 428
3 440
3 458
4 48
4 96
4 250
5 7
5 8
5 9
5 10
5 11
5 14
5 15
5 17
5 19
5 20
5 23
5 25
5 28
5 32
5 35
5 36
5 39
5 45
5 64
5 73
5 74
5 77
5 89
5 91
5 92
5 105
5 106
5 107
5 109
5 110
5 113
5 126
5 127
5 133
5 148
5 156
5 172
5 177
5 180
5 181
5 215
5 217
5 233
5 234
5 235
5 242
5 244
5 270
5 276
5 282
5 285
5 301
5 303
5 309
5 319
5 327
5 331
5 387
5 397
5 410
5 413
5 439
5 490
6 7
6 8
6 10
6 12
6 14
6 22
6 32
6 34
6 60
6 70
6 79
6 92
6 100
6 102
6 107
6 112
6 152
6 170
6 177
6 210
6 227
6 232
6 240
6 249
6 251
6 259
6 264
6 270
6 271
6 278
6 285
6 321
6 354
6 373
6 382
6 410
6 430
6 442
6 452
6 477
6 488
6 490
6 492
7 9
7 12
7 14
7 16
7 19
7 20
7 22
7 24
7 28
7 30
7 32
7 34
7 37
7 40
7 44
7 49
7 51
7 53
7 56
7 73
7 75
7 100
7 106
7 109
7 111
7 114
7 125
7 133
7 135
7 136
7 154
7 167
7 169
7 173
7 174
7 193
7 205
7 232
7 243
7 245
7 277
7 308
7 311
7 367
7 368
7 378
7 383
7 418
7 424
7 427
7 468
7 475
8 11
8 14
8 21
8 26
8 31
8 33
8 37
8 49
8 52
8 53
8 56
8 60
8 61
8 62
8 65
8 71
8 73
8 81
8 101
8 104
8 118
8 153
8 157
8 167
8 198
8 209
8 226
8 230
8 253
8 255
8 265
8 298
8 300
8 305
8 312
8 314
8 322
8 332
8 350
8 373
8 399
8 400
8 424
8 448
8 457
8 460
8 484
9 10
9 16
9 19
9 23
9 24
9 25
9 27
9 28
9 35
9 39
9 49
9 53
9 61
9 64
9 72
9 78
9 85
9 90
9 132
9 133
9 134
9 148
9 173
9 178
9 184
9 188
9 205
9 209
9 222
9 229
9 237
9 239
9 267
9 290
9 292
9 307
9 308
9 349
9 371
9 425
9 475
9 489
9 491
10 29
10 35
10 40
10 43
10 45
10 47
10 50
10 56
10 66
10 72
10 74
10 81
10 105
10 110
10 113
10 124
10 129
10 143
10 151
10 153
10 157
10 159
10 189
10 225
10 243
10 246
10 258
10 273
10 293
10 312
10 329
10 333
10 334
10 347
10 353
10 362
10 385
10 391
10 435
10 436
10 449
11 13
11 18
11 21
11 22
11 29
11 42
11 50
11 67
11 80
11 100
11 111
11 146
11 173
11 215
11 223
11 245
11 250
11 293
11 391
12 13
12 29
12 30
12 38
12 119
12 120
12 150
12 236
12 274
12 292
12 331
12 344
12 416
13 15
13 27
13 34
13 41
13 42
13 47
13 51
13 54
13 65
13 67
13 93
13 99
13 112
13 124
13 149
13 215
13 238
13 258
13 305
13 310
13 325
13 327
13 350
13 379
13 384
13 443
13 481
14 16
14 35
14 55
14 57
14 62
14 87
14 88
14 99
14 117
14 125
14 134
14 135
14 157
14 319
14 320
14 340
14 355
14 432
15 16
15 18
15 19
15 21
15 59
15 91
15 97
15 224
15 457
16 17
16 20
16 33
16 34
16 69
16 80
16 103
16 105
16 123
16 129
16 130
16 150
16 163
16 227
16 228
16 242
16 315
16 340
16 343
16 451
16 454
16 485
16 488
17 76
17 153
17 216
17 358
17 385
17 386
17 420
18 25
18 27
18 112
18 128
18 204
18 215
18 236
18 248
18 259
18 308
19 30
19 48
19 65
19 87
19 88
19 94
19 96
19 98
19 144
19 152
19 171
19 176
19 184
19 196
19 208
19 278
19 305
19 325
19 361
19 422
19 423
19 426
19 445
20 24
20 30
20 191
20 321
20 338
20 418
20 492
21 23
21 26
21 29
21 51
21 78
21 79
21 89
21 131
21 139
21 171
21 257
21 299
21 382
21 406
21 474
21 476
21 483
22 23
22 24
22 36
22 38
22 42
22 79
22 83
22 86
22 95
22 108
22 185
22 194
22 221
22 278
22 303
22 330
22 347
22 415
22 426
23 26
23 31
23 41
23 45
23 54
23 70
23 76
23 78
23 91
23 116
23 120
23 126
23 137
23 140
23 146
23 150
23 160
23 180
23 196
23 237
23 246
23 251
23 269
23 270
23 280
23 281
23 311
23 313
23 337
23 364
23 382
23 388
23 396
23 403
23 450
23 455
23 477
24 85
24 102
24 158
24 223
24 277
24 289
24 325
25 31
25 37
25 62
25 105
25 143
25 175
25 200
25 210
25 234
25 252
26 47
26 96
26 127
26 169
26 171
26 197
26 203
26 218
26 274
26 283
26 322
26 376
26 453
27 60
27 108
27 154
27 220
27 252
27 370
27 461
27 471
28 31
28 36
28 37
28 43
28 44
28 58
28 70
28 74
28 80
28 88
28 94
28 107
28 186
28 187
28 206
28 243
28 244
28 252
28 261
28 310
28 342
28 370
28 436
28 474
28 481
28 491
29 36
29 38
29 40
29 96
29 115
29 119
29 188
29 255
29 281
29 297
29 357
29 387
29 407
29 462
29 484
29 487
30 40
30 41
30 54
30 64
30 101
30 125
30 144
30 189
30 205
30 206
30 357
30 407
30 470
31 44
31 46
31 201
31 214
31 277
31 307
31 344
31 356
31 390
32 45
32 48
32 59
32 69
32 140
32 149
32 157
32 194
32 229
32 293
32 450
33 83
33 232
33 489
34 39
34 50
34 59
34 64
34 73
34 82
34 117
34 120
34 132
34 148
34 155
34 192
34 232
34 257
34 269
34 273
34 385
34 449
34 486
35 85
35 93
35 98
35 130
35 136
35 162
35 294
35 430
35 434
35 488
36 87
36 92
36 94
36 130
36 180
36 336
36 351
36 380
36 432
36 433
36 461
37 38
37 63
37 87
37 335
38 58
38 60
38 61
38 66
38 130
38 132
38 140
38 154
38 187
38 193
38 220
38 229
38 242
38 382
38 408
38 417
38 431
38 432
38 454
38 459
38 495
39 46
39 52
39 53
39 56
39 66
39 76
39 136
39 144
39 214
39 228
39 341
39 354
39 459
40 43
40 82
40 103
40 159
40 291
40 304
40 343
40 395
40 479
41 46
41 68
41 127
41 139
41 160
41 191
41 230
41 364
41 365
41 411
41 468
42 43
42 46
42 47
42 49
42 57
42 58
42 61
42 67
42 77
42 86
42 104
42 113
42 123
42 168
42 200
42 241
42 331
42 353
42 358
42 374
42 386
42 394
42 402
42 445
42 452
42 453
42 466
43 68
43 90
43 439
44 103
44 135
44 219
44 225
44 390
44 486
45 55
45 70
45 93
45 146
45 175
45 261
45 367
45 495
46 82
46 101
46 178
47 48
47 65
47 69
47 81
47 84
47 104
47 110
47 122
47 123
47 137
47 141
47 185
47 231
47 262
47 362
47 374
47 421
47 422
47 434
49 57
49 63
49 67
49 77
49 165
49 301
49 329
49 402
49 425
49 436
49 447
49 476
50 52
50 84
50 149
50 164
50 190
50 205
50 235
50 255
50 354
50 399
51 95
51 162
51 164
51 181
51 414
51 441
51 455
52 62
52 98
52 140
52 141
52 155
52 342
52 423
52 491
53 115
53 118
53 168
53 208
53 247
53 276
53 330
53 480
53 482
54 71
54 88
54 137
54 213
54 264
54 356
54 400
54 406
54 421
54 465
55 75
55 108
55 181
55 241
56 75
56 280
56 363
56 365
57 99
57 160
57 182
57 196
57 289
57 363
57 396
57 412
57 452
57 478
57 494
58 72
58 93
58 124
58 142
58 187
58 199
58 216
58 248
58 313
58 355
58 476
59 138
59 183
59 437
60 122
60 182
60 194
60 219
60 229
60 263
60 283
60 292
60 304
60 456
61 111
61 164
61 175
61 186
61 299
61 300
61 307
61 345
61 438
62 118
62 122
62 145
62 180
62 188
62 204
62 214
62 218
62 317
62 380
62 381
62 426
62 447
62 471
63 299
64 155
64 190
64 238
64 247
64 259
64 303
64 353
64 407
65 76
65 143
65 185
65 209
65 417
66 97
67 98
67 121
67 133
67 145
67 168
67 192
67 207
67 267
67 298
67 332
67 402
67 455
67 470
67 477
68 84
68 115
68 127
68 134
68 218
68 446
69 75
69 78
69 86
69 90
69 94
69 217
69 219
69 244
69 351
70 100
70 131
70 175
70 182
70 227
70 389
70 392
70 442
71 170
71 314
71 371
72 163
73 91
73 102
73 126
73 181
73 224
73 231
73 233
73 238
73 438
74 117
74 287
74 375
74 413
75 89
75 99
75 119
75 129
75 224
75 282
75 294
75 314
75 322
75 337
75 376
75 419
75 440
75 495
76 114
76 124
76 131
76 151
76 174
76 323
76 324
76 349
76 366
76 369
76 404
76 443
77 85
77 102
77 114
77 152
77 161
77 202
77 217
77 225
77 240
77 252
77 265
77 306
78 116
78 128
78 156
78 160
78 165
78 172
78 176
78 234
78 245
78 254
78 310
78 357
78 371
78 443
78 463
79 92
79 256
79 271
79 414
79 488
79 489
81 118
81 161
81 211
81 383
83 117
83 212
83 351
83 367
83 400
84 142
84 235
85 95
85 108
85 192
85 254
85 344
85 378
85 379
86 90
86 101
86 121
86 132
86 164
86 187
86 262
86 295
86 365
87 106
87 174
87 236
87 279
87 341
87 381
87 397
88 222
88 281
88 348
89 171
89 272
89 331
90 104
90 138
90 211
90 395
90 418
90 429
90 496
91 110
91 218
91 366
92 199
93 188
93 348
94 116
94 189
94 195
94 211
94 305
94 341
94 464
94 467
94 499
95 109
95 345
95 465
96 97
96 114
96 122
96 156
96 176
97 106
97 116
97 123
97 214
97 294
97 363
97 484
98 120
98 125
98 128
98 155
98 161
98 162
98 169
98 183
98 265
98 288
98 295
98 472
99 107
99 158
99 179
99 191
99 193
99 242
99 248
99 295
99 317
99 326
99 387
99 441
100 178
100 279
100 353
101 147
101 158
101 168
101 178
101 190
101 356
102 206
102 262
103 136
103 203
104 201
104 355
104 377
104 456
105 412
107 109
107 121
107 141
107 163
107 220
107 286
108 222
109 138
109 159
109 211
109 339
109 473
110 154
110 213
110 235
110 282
110 284
110 336
110 359
111 126
111 146
111 153
111 186
111 192
111 203
111 212
111 351
111 393
112 135
112 257
112 263
112 271
112 287
112 338
112 346
112 384
112 393
113 263
113 296
113 300
113 320
113 421
114 256
114 408
115 239
115 264
115 289
115 328
115 421
116 158
116 246
117 170
117 275
117 276
118 121
118 138
119 137
119 266
119 301
119 388
119 424
119 439
120 156
120 210
120 318
120 405
121 412
121 496
121 499
122 147
122 427
123 394
123 473
124 190
124 197
124 294
124 352
124 461
124 464
124 470
125 149
125 359
126 203
126 272
126 454
127 167
127 204
127 233
127 308
127 372
128 163
128 204
128 226
128 268
128 284
128 290
128 296
128 480
129 139
129 176
129 191
129 217
129 267
129 286
129 352
130 145
130 147
130 352
130 397
131 260
131 273
132 167
132 200
133 236
133 272
133 388
133 444
133 493
134 179
135 328
135 404
135 441
135 480
136 228
136 358
136 438
136 442
137 145
137 199
137 387
138 330
138 428
139 177
139 244
139 416
140 216
140 221
140 226
140 334
141 161
141 201
141 227
141 303
141 311
141 318
141 347
141 357
141 368
142 198
142 262
142 277
142 449
142 458
142 494
143 368
143 472
144 162
144 195
144 338
144 409
145 274
145 493
146 184
148 166
148 172
148 200
148 248
148 285
148 304
148 339
148 427
148 437
149 151
149 295
149 336
149 476
150 283
150 313
151 165
152 234
152 437
152 474
153 241
153 275
155 166
155 464
156 296
156 459
157 159
157 259
157 332
157 375
157 481
158 363
158 415
159 189
159 265
159 333
159 360
159 420
159 453
160 321
160 323
160 374
160 405
160 416
160 466
161 206
161 223
162 212
162 251
162 284
162 389
162 465
162 471
162 473
163 298
163 392
164 207
164 250
164 360
164 452
165 197
165 239
165 359
165 398
166 342
166 359
166 444
167 317
167 434
168 185
168 220
168 222
168 258
168 302
169 216
169 328
170 199
170 221
170 266
170 282
170 301
170 497
171 195
171 312
173 329
174 182
174 207
174 298
174 398
174 490
175 391
176 213
176 253
176 328
176 386
176 400
177 475
178 266
178 285
178 324
178 377
178 496
179 378
179 411
180 213
180 249
180 287
180 375
180 447
180 460
180 486
180 498
181 201
181 453
181 497
183 230
183 302
184 258
184 290
184 320
185 224
185 245
185 311
185 316
185 349
186 257
186 297
186 401
186 460
186 477
186 487
187 198
187 290
187 417
189 300
189 334
189 420
190 195
190 278
190 462
190 499
191 193
191 276
191 292
191 361
191 407
191 438
193 239
193 332
193 362
194 398
195 288
195 393
195 406
195 499
196 297
196 307
196 338
196 404
197 212
197 233
198 260
198 309
199 381
199 445
200 209
200 433
200 481
202 243
202 284
202 405
202 478
203 275
203 389
203 411
204 463
205 269
205 286
205 493
206 325
206 340
206 369
206 450
207 466
208 291
208 293
208 323
209 272
209 394
209 460
210 260
210 384
212 240
213 247
214 333
215 219
215 247
215 309
215 403
215 487
216 221
216 465
217 250
217 375
217 406
217 435
217 483
218 309
218 335
218 364
218 478
220 231
220 289
220 383
220 401
221 253
221 297
221 419
221 492
222 409
223 489
224 251
224 256
224 280
225 226
225 249
225 288
225 369
225 433
225 446
226 241
226 286
226 409
226 433
226 447
226 497
226 498
228 448
229 230
229 255
229 327
230 318
231 350
231 386
231 398
231 437
233 254
233 268
233 271
234 461
235 344
235 356
235 482
236 267
236 376
237 261
237 431
239 339
241 263
241 434
241 436
242 253
242 291
242 299
242 350
243 291
244 274
244 371
245 302
245 426
246 264
247 313
249 484
250 260
250 361
250 443
250 463
251 403
254 266
254 270
255 296
255 315
255 395
256 322
257 306
257 473
258 275
258 280
258 364
258 419
262 397
262 479
263 281
263 341
263 408
263 423
264 366
264 479
266 287
268 372
268 448
270 352
270 454
271 279
271 306
271 377
271 380
271 392
271 424
271 468
272 337
272 429
273 326
274 358
274 396
274 440
276 337
277 361
277 423
277 496
278 279
278 283
278 302
278 316
278 318
278 372
279 315
279 335
279 467
280 320
280 497
281 415
283 335
283 345
283 485
284 373
284 385
285 306
285 327
285 425
287 326
287 370
288 435
289 317
289 379
289 446
291 324
293 390
293 405
293 456
294 374
295 329
295 468
296 343
296 379
296 428
296 432
297 323
297 366
298 310
299 336
300 326
300 464
301 412
305 319
305 368
305 420
306 316
307 372
308 345
308 413
309 348
309 369
309 495
311 365
311 427
312 354
313 314
315 459
316 457
317 367
319 396
322 467
322 469
323 334
323 340
323 480
324 360
324 413
324 486
325 439
325 482
327 414
328 457
328 483
328 498
329 431
330 485
331 347
333 470
333 472
336 339
337 342
337 399
338 430
338 456
339 343
339 378
339 401
339 414
342 346
343 349
343 409
343 416
343 429
343 449
343 451
345 348
350 380
352 373
353 462
353 491
354 393
354 455
357 472
358 392
361 362
361 418
361 428
361 469
363 498
364 483
365 410
367 402
368 442
371 431
372 377
372 435
372 458
373 422
374 401
378 390
380 391
380 430
384 422
388 469
393 462
404 451
409 410
409 485
415 419
415 458
416 425
419 451
422 441
422 487
428 429
428 440
430 471
433 467
436 450
445 446
452 490
459 482
462 479
477 492
484 493
