0 1
0 2
0 3
0 4
0 5
0 6
0 7
0 8
0 9
0 10
0 14
0 17
0 21
0 28
0 29
0 39
0 42
0 48
0 50
0 52
0 55
0 75
0 77
0 82
0 83
0 86
0 91
0 93
0 94
0 98
0 121
0 122
0 127
0 128
0 163
0 168
0 178
0 183
0 192
0 194
0 200
0 201
0 206
0 218
0 237
0 241
0 259
0 275
0 283
0 313
0 330
0 338
0 385
0 401
0 404
0 405
0 411
0 425
0 428
0 456
0 478
0 482
0 486
0 491
0 495
0 513
0 518
0 569
0 588
0 598
0 646
0 650
0 678
0 700
0 710
0 714
0 763
0 771
0 781
0 861
0 868
0 883
0 915
0 942
0 970
1 3
1 7
1 12
1 13
1 15
1 24
1 27
1 43
1 61
1 65
1 68
1 86
1 90
1 104
1 127
1 135
1 142
1 165
1 177
1 180
1 191
1 203
1 234
1 261
1 262
1 270
1 276
1 280
1 336
1 386
1 389
1 463
1 494
1 506
1 525
1 548
1 577
1 596
1 618
1 762
1 796
1 852
1 941
3 4
3 5
3 8
3 12
3 14
3 24
3 40
3 49
3 51
3 56
3 71
3 105
3 107
3 115
3 139
3 170
3 174
3 195
3 234
3 235
3 259
3 268
3 281
3 308
3 335
3 374
3 384
3 418
3 503
3 521
3 594
3 689
3 694
3 701
3 732
3 806
3 893
4 11
4 15
4 21
4 31
4 54
4 59
4 88
4 103
4 212
4 221
4 307
4 328
4 407
4 410
4 479
4 524
4 606
4 684
4 694
4 778
4 800
4 830
5 6
5 9
5 19
5 31
5 33
5 38
5 47
5 64
5 69
5 83
5 88
5 89
5 100
5 126
5 131
5 132
5 136
5 147
5 162
5 185
5 216
5 233
5 238
5 247
5 275
5 278
5 295
5 342
5 348
5 354
5 372
5 390
5 400
5 408
5 442
5 446
5 490
5 500
5 515
5 539
5 542
5 544
5 566
5 599
5 604
5 636
5 667
5 687
5 722
5 746
5 769
5 773
5 795
5 819
5 824
5 971
5 985
6 18
6 41
6 55
6 67
6 81
6 111
6 181
6 222
6 254
6 258
6 264
6 285
6 321
6 465
6 466
6 470
6 591
6 605
6 611
6 636
6 741
7 49
7 65
7 67
7 70
7 79
7 106
7 119
7 137
7 149
7 152
7 163
7 165
7 175
7 298
7 301
7 387
7 399
7 547
7 569
7 570
7 660
7 704
7 732
7 766
7 786
7 841
7 884
7 949
7 960
7 962
7 994
8 20
8 25
8 34
8 36
8 48
8 53
8 94
8 96
8 98
8 99
8 110
8 138
8 141
8 145
8 150
8 159
8 168
8 199
8 206
8 246
8 267
8 273
8 294
8 338
8 371
8 379
8 394
8 396
8 412
8 488
8 493
8 513
8 520
8 541
8 561
8 589
8 605
8 616
8 734
8 782
8 814
8 864
8 987
9 10
9 16
9 22
9 23
9 25
9 26
9 34
9 57
9 84
9 87
9 120
9 135
9 146
9 157
9 213
9 219
9 242
9 257
9 265
9 268
9 298
9 307
9 334
9 337
9 386
9 435
9 504
9 549
9 575
9 702
9 738
9 771
9 780
9 791
9 804
9 806
9 865
9 918
9 924
10 11
10 13
10 16
10 53
10 109
10 178
10 207
10 231
10 243
10 300
10 314
10 315
10 326
10 341
10 350
10 357
10 464
10 580
10 603
10 671
10 798
10 827
10 945
10 974
10 994
11 23
11 39
11 43
11 262
11 433
11 670
11 837
11 900
12 29
12 32
12 35
12 54
12 56
12 58
12 59
12 66
12 100
12 106
12 173
12 205
12 239
12 312
12 322
12 379
12 384
12 474
12 561
12 565
12 607
12 637
12 642
12 680
12 703
12 767
12 769
12 809
12 882
12 961
12 977
13 17
13 28
13 35
13 60
13 62
13 71
13 74
13 77
13 80
13 172
13 176
13 189
13 198
13 204
13 208
13 241
13 242
13 251
13 293
13 304
13 313
13 363
13 369
13 438
13 470
13 492
13 502
13 625
13 642
13 645
13 801
13 824
13 863
13 926
13 968
13 993
14 18
14 119
14 129
14 557
14 640
14 948
14 966
15 19
15 27
15 45
15 47
15 52
15 90
15 108
15 110
15 124
15 155
15 160
15 183
15 205
15 210
15 239
15 398
15 501
15 506
15 519
15 614
15 623
15 717
15 719
15 729
15 736
15 737
15 738
15 831
15 849
15 860
15 882
15 902
15 903
15 948
16 33
16 44
16 92
16 113
16 184
17 22
17 26
17 44
17 99
17 102
17 118
17 146
17 223
17 249
17 292
17 358
17 431
17 560
17 562
17 566
17 620
17 751
17 783
17 873
17 988
17 999
18 20
18 46
18 129
18 141
18 211
18 220
18 382
18 396
18 434
18 458
18 471
18 595
18 612
18 624
18 711
18 928
18 933
19 37
19 166
19 451
19 715
19 755
20 166
20 990
21 139
21 143
21 179
21 490
21 629
21 785
21 943
22 37
22 84
22 95
22 117
22 140
22 261
22 414
22 417
22 424
22 471
22 733
22 787
23 32
23 73
23 133
23 194
23 279
23 289
23 477
23 553
23 666
23 748
23 762
23 784
23 842
23 875
23 968
24 356
25 30
25 92
25 145
25 172
25 193
25 305
25 343
25 584
25 621
25 656
25 799
25 895
25 901
26 36
26 117
26 202
26 296
26 299
26 527
26 572
26 603
26 635
26 648
26 685
26 697
26 751
26 871
26 987
27 62
27 734
27 869
28 30
28 66
28 405
28 829
29 278
29 498
30 69
30 345
30 462
31 42
31 61
31 85
31 202
31 204
31 260
31 290
31 403
31 414
31 547
31 550
31 668
31 781
31 826
32 38
32 70
32 150
32 181
32 265
32 320
32 362
32 392
32 444
32 645
32 650
32 676
32 677
32 808
32 867
32 942
33 51
33 255
33 817
34 57
34 113
34 230
34 535
35 40
35 73
35 152
35 198
35 236
35 245
35 256
35 304
35 407
35 462
35 567
35 570
35 890
36 126
36 147
36 156
36 341
36 367
36 454
36 475
36 514
36 536
36 581
36 661
36 927
36 953
36 993
37 41
37 50
37 60
37 97
37 347
37 422
37 525
37 556
37 597
37 613
37 639
37 643
37 783
37 815
38 46
38 64
38 125
38 288
38 331
38 416
38 533
38 810
38 886
39 72
39 303
39 369
39 434
39 520
39 822
40 68
40 79
40 190
40 226
40 273
40 654
40 874
41 45
41 164
41 216
41 300
41 319
41 324
41 353
41 392
41 406
41 409
41 554
41 761
41 777
41 825
41 867
41 896
42 250
43 912
44 121
44 149
44 186
44 284
44 366
44 380
44 828
44 898
45 123
45 140
45 248
45 329
45 449
45 558
45 590
45 740
46 63
46 93
46 95
46 184
46 203
46 245
46 325
46 523
46 626
46 716
46 741
46 746
46 844
46 915
47 116
47 475
47 811
48 367
48 862
49 78
49 89
49 105
49 156
49 222
49 232
49 293
49 332
49 385
49 521
49 577
49 613
49 625
49 659
49 726
49 773
49 907
49 980
50 116
50 143
50 349
50 448
50 496
50 600
50 667
50 784
50 855
50 908
50 944
51 58
51 63
51 453
52 91
52 154
52 549
52 656
53 76
53 78
53 101
53 123
53 134
53 144
53 159
53 415
53 421
53 464
53 512
53 593
53 658
53 675
53 696
53 708
53 709
53 758
53 855
53 870
53 938
54 108
54 109
54 111
54 296
54 337
54 554
54 601
55 498
55 639
55 906
56 74
56 164
56 167
56 286
56 492
56 622
56 808
56 830
57 317
57 436
57 517
57 564
58 214
58 310
58 365
58 378
58 427
58 758
58 803
59 81
59 176
59 200
59 347
59 455
59 596
62 97
62 101
62 171
62 173
62 246
62 252
62 263
62 302
62 456
62 485
62 503
62 764
62 802
62 929
62 954
63 75
63 201
63 397
63 788
64 72
64 76
64 85
64 227
64 344
65 107
65 197
65 309
66 214
66 682
66 876
67 120
67 131
67 182
67 190
67 629
67 898
68 155
68 635
69 174
71 134
71 699
71 775
71 966
72 363
72 752
72 864
73 87
73 154
73 196
73 252
73 256
73 857
73 982
74 151
74 276
74 301
74 644
75 80
75 96
75 160
75 185
75 589
75 634
76 102
76 132
76 233
76 269
76 410
76 533
76 628
76 838
76 922
77 82
77 345
77 508
78 825
79 161
79 294
79 308
79 327
79 461
79 534
80 430
81 104
81 114
81 118
81 169
81 175
81 250
81 315
81 359
81 361
81 372
81 378
81 381
81 482
81 592
81 669
81 739
81 757
81 821
81 950
81 982
82 579
82 621
82 834
82 888
84 225
84 419
84 523
84 556
84 567
84 583
84 598
84 731
84 768
84 816
85 177
85 209
85 229
85 387
85 531
85 736
86 959
88 219
88 675
90 153
91 151
91 253
91 823
92 353
92 381
92 485
92 969
94 215
94 229
94 236
94 348
94 797
95 112
95 148
95 180
95 193
95 288
95 452
95 653
95 767
95 840
95 876
96 213
96 352
96 935
97 103
97 793
97 981
99 136
100 144
100 228
100 443
100 633
101 153
102 622
103 114
103 465
103 607
104 197
104 318
104 424
104 429
104 619
104 693
104 978
105 167
105 442
105 447
105 688
105 839
106 228
106 575
107 125
108 215
108 325
108 340
108 845
109 112
109 389
109 415
109 540
110 115
110 240
110 343
110 586
111 208
112 458
113 279
113 972
114 217
114 220
114 302
114 309
114 332
114 416
114 540
114 973
115 133
115 138
115 157
115 508
115 720
115 856
115 956
116 124
116 196
116 244
116 322
116 522
116 891
116 892
117 211
117 320
117 370
117 398
117 413
117 445
117 647
117 676
117 799
118 122
118 137
118 182
118 218
118 583
118 702
118 801
119 317
119 926
120 128
120 162
120 223
120 314
120 316
120 382
120 388
120 395
120 413
120 559
120 563
120 571
120 617
120 649
120 989
122 904
123 130
123 355
123 803
123 967
124 161
124 365
124 437
124 655
124 665
124 782
124 846
124 878
124 955
125 264
125 311
125 457
125 630
125 740
126 130
126 352
127 287
128 910
129 306
130 441
130 484
130 894
131 747
133 142
133 422
133 450
133 467
133 505
134 271
135 158
135 207
135 664
136 611
137 364
138 510
138 578
138 780
138 816
138 851
140 199
140 237
140 428
140 565
140 686
140 913
141 189
141 272
141 383
141 588
141 638
141 791
141 813
143 148
143 299
143 346
144 188
144 232
144 292
144 608
144 609
144 628
144 691
146 192
146 423
146 489
147 187
147 212
147 257
147 274
147 305
147 377
147 431
147 466
147 473
147 560
147 563
147 571
147 623
147 887
147 921
147 952
148 169
148 210
148 328
148 349
149 515
149 653
149 692
149 928
150 551
150 585
150 811
151 853
152 179
152 728
152 750
152 975
154 247
154 546
155 224
155 238
155 286
155 674
156 227
156 654
157 158
158 453
158 986
160 188
160 427
160 545
161 335
161 340
161 587
162 460
162 483
162 660
162 877
163 230
163 823
164 225
164 418
164 469
165 171
165 186
165 221
165 240
165 287
165 291
165 371
165 394
165 468
165 495
165 609
165 665
165 923
165 990
166 187
166 618
166 931
167 170
167 274
167 376
167 512
167 528
167 699
167 725
167 745
167 833
167 909
167 914
167 995
169 271
169 486
169 516
169 555
169 884
170 251
170 277
170 713
171 253
171 346
171 526
172 333
172 336
172 679
172 817
173 209
173 217
173 319
173 648
174 231
174 277
174 539
174 896
175 393
175 911
175 980
176 368
176 480
176 511
177 195
177 366
177 373
177 591
177 763
177 765
177 869
177 885
177 958
179 447
179 651
180 270
181 500
181 610
181 764
182 282
182 484
182 530
182 848
183 191
183 339
183 770
184 448
184 683
187 548
187 893
187 917
188 568
188 597
188 934
191 370
192 342
192 536
192 792
192 955
193 568
194 244
194 673
194 680
194 723
195 558
197 272
197 339
198 358
198 873
199 254
199 290
199 995
200 531
202 477
202 753
203 735
204 291
204 612
208 248
208 487
208 644
208 672
209 243
210 351
210 651
211 280
212 226
214 509
214 517
214 545
215 316
215 344
215 373
215 718
215 997
216 289
216 527
217 390
218 518
219 249
219 375
220 786
220 885
221 285
221 361
222 224
222 463
222 638
222 837
223 235
224 281
224 739
226 295
226 297
226 743
226 874
227 375
227 662
227 710
227 717
227 828
229 713
229 919
231 419
231 662
232 282
232 564
232 632
232 945
232 951
234 326
234 329
234 455
236 425
237 664
238 439
239 690
239 899
240 376
240 602
240 880
241 962
242 310
243 258
243 269
243 438
243 481
243 543
243 848
244 532
244 835
245 331
245 334
245 451
245 670
245 759
249 519
249 890
250 868
251 400
251 505
251 805
252 255
252 266
252 297
252 327
252 333
252 499
253 260
253 266
253 267
253 283
253 472
253 576
254 393
254 538
255 633
255 754
258 311
258 807
259 849
260 324
260 440
260 798
260 827
260 889
261 460
262 263
262 323
262 357
262 599
262 627
262 692
264 306
264 951
266 744
266 820
267 403
267 528
270 364
270 430
270 445
270 809
271 303
271 720
272 432
272 818
274 411
274 590
276 284
276 312
276 408
276 646
278 359
278 360
278 454
278 507
278 578
278 705
278 715
278 735
278 862
278 952
279 497
280 439
280 634
282 487
282 586
282 846
283 409
283 835
285 509
285 542
285 892
286 557
287 417
287 572
287 750
288 655
288 704
288 725
288 757
289 423
289 582
289 690
289 992
290 714
290 822
290 931
291 380
293 459
293 615
295 356
295 652
295 900
296 595
296 810
297 401
297 440
297 832
299 687
300 368
300 377
300 522
300 657
302 723
303 323
303 406
303 743
303 964
305 992
308 587
308 602
308 812
309 696
309 920
309 970
309 991
312 318
312 360
312 964
313 351
313 494
313 663
313 668
314 330
314 402
314 661
315 433
315 579
315 610
315 779
316 478
316 679
318 350
318 493
319 321
319 399
319 772
319 888
321 362
322 535
322 772
322 872
324 685
325 426
325 491
325 592
325 637
325 733
325 774
326 946
326 975
329 432
329 742
330 391
330 711
332 421
332 840
332 957
333 444
333 532
333 857
334 354
334 524
334 902
334 991
335 691
336 695
337 457
337 674
337 678
337 731
337 831
337 921
338 937
339 420
340 511
340 708
341 355
341 483
342 461
342 682
342 861
343 391
346 397
346 404
346 891
347 383
347 437
347 474
347 961
348 652
350 441
351 496
351 712
351 747
351 854
351 905
353 552
354 914
357 402
357 429
357 504
357 707
357 989
358 904
358 983
361 550
362 530
363 374
363 388
363 574
363 969
365 821
368 395
368 420
369 689
369 759
371 526
371 875
375 956
376 446
376 929
377 473
377 553
378 435
380 516
380 748
381 752
381 756
381 842
384 604
385 559
385 606
385 663
386 499
387 551
387 829
390 776
391 917
392 479
392 574
393 608
393 765
393 895
395 436
395 585
395 614
395 686
395 853
395 879
396 449
398 514
398 722
398 833
398 847
398 988
399 640
399 858
400 934
401 412
401 501
401 573
402 712
402 859
403 937
404 489
404 502
404 529
405 856
407 469
407 529
407 912
408 426
408 800
414 729
417 778
420 443
420 452
420 721
420 813
421 459
421 537
422 507
422 854
422 965
423 973
424 789
425 834
425 938
426 818
428 544
428 802
428 843
430 534
431 510
431 641
431 819
431 913
431 999
432 468
432 488
432 860
433 641
433 820
435 537
435 697
436 450
436 865
436 949
437 472
437 476
437 624
437 935
438 480
439 476
440 649
440 919
440 974
441 946
444 657
444 706
445 481
446 467
446 981
448 698
449 538
452 794
454 863
456 573
458 630
458 727
459 880
461 832
463 768
464 905
465 581
465 792
466 543
467 889
468 805
470 666
471 719
472 677
472 887
473 858
474 631
479 619
479 907
481 998
482 497
482 730
482 745
482 886
484 541
484 658
484 754
484 984
485 923
488 916
489 936
490 683
492 709
495 576
495 594
495 643
497 620
497 927
498 688
498 721
499 790
501 671
501 788
504 986
505 562
507 593
507 615
507 777
510 584
511 684
511 693
511 700
513 906
516 932
517 918
517 925
519 552
520 626
521 681
525 647
525 779
525 972
526 908
527 555
527 774
527 930
531 760
531 941
532 963
533 815
535 580
537 749
542 546
542 753
543 600
543 724
545 761
554 959
555 616
557 724
558 881
559 958
559 996
562 984
563 582
565 695
566 703
566 971
569 760
570 727
572 836
572 883
577 826
579 836
583 601
584 797
584 870
588 631
588 669
588 924
590 841
591 903
593 627
597 617
597 852
597 897
602 701
604 881
605 632
605 681
607 706
607 844
608 716
608 957
610 965
611 932
614 698
614 744
614 845
617 977
619 877
624 790
624 812
626 659
626 673
631 985
640 707
641 756
646 742
647 850
648 755
658 672
658 718
662 979
667 967
670 879
673 705
673 766
673 944
673 976
676 775
677 728
681 804
688 872
690 726
690 838
692 920
695 866
697 859
697 899
700 776
700 789
703 749
703 925
711 947
715 787
716 979
717 737
726 730
726 785
730 871
731 796
732 794
738 814
745 793
747 795
759 998
761 911
762 866
763 770
766 954
769 839
771 909
771 953
773 901
780 940
792 847
796 976
801 807
807 939
811 878
812 851
816 943
817 940
818 978
825 930
831 843
836 950
837 850
840 933
841 939
843 947
849 897
860 916
860 960
866 894
875 910
886 983
891 963
892 997
907 922
926 936
992 996
