0 1
0 2
0 3
0 4
0 7
0 10
0 15
0 17
0 25
0 46
0 108
0 117
0 130
0 160
0 164
0 227
0 288
0 339
0 344
0 350
0 375
0 397
0 410
0 428
0 494
1 4
1 5
1 6
1 7
1 8
1 10
1 13
1 15
1 16
1 25
1 30
1 45
1 46
1 47
1 48
1 50
1 54
1 55
1 61
1 73
1 74
1 81
1 86
1 91
1 92
1 93
1 94
1 96
1 98
1 112
1 119
1 140
1 149
1 161
1 183
1 200
1 210
1 232
1 240
1 241
1 246
1 256
1 260
1 262
1 282
1 283
1 286
1 290
1 291
1 301
1 354
1 364
1 377
1 403
1 416
1 421
1 432
1 442
1 451
1 454
1 462
1 478
1 491
2 5
2 6
2 7
2 8
2 9
2 11
2 12
2 14
2 15
2 18
2 24
2 46
2 51
2 54
2 55
2 65
2 68
2 72
2 80
2 116
2 126
2 129
2 144
2 145
2 161
2 167
2 168
2 178
2 192
2 198
2 204
2 208
2 213
2 223
2 231
2 234
2 259
2 291
2 302
2 321
2 345
2 349
2 369
2 392
2 438
2 455
2 485
2 488
3 4
3 10
3 14
3 20
3 22
3 35
3 44
3 76
3 89
3 98
3 159
3 210
3 223
3 315
3 364
3 378
3 438
3 464
4 5
4 13
4 17
4 19
4 20
4 21
4 22
4 24
4 26
4 37
4 48
4 60
4 106
4 109
4 113
4 132
4 135
4 138
4 143
4 176
4 179
4 214
4 216
4 237
4 283
4 327
4 367
4 469
4 492
5 6
5 11
5 14
5 21
5 29
5 31
5 41
5 42
5 43
5 55
5 65
5 68
5 70
5 91
5 99
5 100
5 122
5 127
5 128
5 137
5 138
5 143
5 149
5 155
5 158
5 160
5 168
5 170
5 171
5 177
5 183
5 201
5 218
5 264
5 305
5 322
5 398
5 416
5 420
5 423
5 428
5 437
5 452
5 455
5 464
5 478
6 8
6 9
6 32
6 41
6 42
6 49
6 67
6 70
6 83
6 85
6 97
6 114
6 116
6 228
6 245
6 261
6 273
6 278
6 311
6 313
6 332
6 391
6 400
6 481
7 11
7 19
7 20
7 36
7 50
7 56
7 66
7 94
7 109
7 112
7 121
7 127
7 144
7 152
7 182
7 183
7 192
7 194
7 207
7 293
7 312
7 316
7 344
7 358
7 384
7 404
7 427
7 429
7 440
7 451
8 9
8 12
8 13
8 18
8 33
8 35
8 36
8 44
8 51
8 59
8 66
8 69
8 71
8 84
8 147
8 158
8 204
8 207
8 226
8 244
8 280
8 305
8 308
8 311
8 329
8 336
8 357
8 358
8 359
8 414
8 485
8 497
8 498
8 499
9 30
9 34
9 47
9 57
9 58
9 77
9 91
9 111
9 134
9 137
9 167
9 174
9 177
9 184
9 190
9 211
9 242
9 248
9 255
9 272
9 319
9 337
9 365
9 368
9 388
9 414
9 425
9 473
9 480
9 481
10 16
10 17
10 19
10 28
10 31
10 52
10 67
10 76
10 113
10 123
10 125
10 131
10 132
10 157
10 163
10 170
10 172
10 213
10 215
10 224
10 227
10 236
10 253
10 263
10 277
10 317
10 322
10 457
10 469
11 12
11 25
11 29
11 35
11 61
11 64
11 79
11 80
11 100
11 101
11 103
11 124
11 129
11 199
11 219
11 220
11 247
11 258
11 287
11 312
11 328
11 332
11 340
11 363
11 367
11 376
11 406
12 23
12 37
12 171
12 189
12 233
12 266
12 283
12 303
12 310
12 321
13 26
13 49
13 72
13 104
13 111
13 118
13 128
13 133
13 179
13 200
13 236
13 313
13 392
13 486
13 489
14 22
14 30
14 32
14 42
14 43
14 45
14 63
14 70
14 81
14 89
14 101
14 108
14 127
14 134
14 146
14 154
14 169
14 223
14 229
14 254
14 333
14 352
14 378
14 398
14 421
14 433
14 437
15 16
15 18
15 23
15 26
15 28
15 29
15 31
15 32
15 36
15 43
15 57
15 58
15 59
15 60
15 83
15 90
15 93
15 95
15 105
15 128
15 133
15 134
15 136
15 143
15 149
15 171
15 189
15 208
15 220
15 228
15 253
15 297
15 340
15 395
15 403
15 406
15 422
15 449
15 465
16 44
16 56
16 71
16 95
16 180
16 338
16 342
16 374
16 383
17 21
17 23
17 27
17 33
17 40
17 47
17 86
17 88
17 107
17 109
17 119
17 251
17 259
17 260
17 298
17 330
17 380
17 409
17 481
18 38
18 39
18 62
18 66
18 74
18 95
18 188
18 198
18 239
18 256
19 39
19 52
19 68
19 257
19 396
19 402
19 448
20 27
20 94
20 121
20 225
20 245
20 280
20 346
20 497
21 27
21 33
21 38
21 39
21 40
21 41
21 82
21 87
21 102
21 111
21 120
21 164
21 182
21 187
21 365
21 366
22 24
22 28
22 48
22 49
22 54
22 67
22 69
22 75
22 77
22 85
22 148
22 166
22 212
22 292
22 317
22 418
23 97
23 105
23 151
23 212
23 221
23 243
23 356
23 368
24 45
24 162
24 184
24 219
24 227
24 272
24 472
24 476
25 51
25 101
25 186
25 243
25 250
25 282
25 350
25 366
25 413
25 457
25 474
26 102
26 115
26 252
26 268
26 341
26 394
27 86
27 87
27 89
27 115
27 200
27 209
27 243
27 324
27 334
27 343
28 34
28 84
28 108
28 120
28 419
29 77
29 99
29 140
29 245
29 312
29 337
29 466
30 40
30 73
30 140
30 147
30 191
30 262
30 267
30 294
30 301
30 413
31 100
31 152
31 273
31 288
31 290
31 409
32 34
32 52
32 72
32 123
32 415
32 422
32 453
32 487
33 38
33 50
33 203
33 220
33 225
33 439
34 73
34 84
34 178
34 328
34 362
34 445
35 62
35 63
35 92
35 142
35 145
35 191
35 218
35 248
36 37
36 56
36 75
36 170
36 217
36 267
36 347
36 470
37 78
37 82
37 125
37 131
37 139
37 174
37 235
37 246
37 294
37 313
37 315
37 381
37 498
38 53
38 61
38 74
38 76
38 104
38 113
38 135
38 159
38 168
38 181
38 263
38 286
38 294
38 327
38 364
38 375
38 386
38 402
38 408
38 426
38 465
39 53
39 131
39 153
39 156
39 169
39 197
39 304
39 315
39 483
40 118
40 203
40 363
41 64
41 97
41 99
41 110
41 135
41 157
41 187
41 191
41 264
41 276
41 289
41 304
41 336
41 391
41 395
42 141
42 158
42 397
42 444
43 163
44 53
44 59
44 60
44 65
44 78
44 139
44 141
44 176
44 186
44 190
44 206
44 215
44 279
44 389
44 403
44 431
44 458
44 459
44 476
45 165
46 57
46 63
46 85
46 103
46 142
46 202
46 208
46 299
46 357
47 190
47 238
48 79
48 83
48 88
48 104
48 107
48 186
48 194
48 241
48 301
48 356
48 362
48 381
48 453
48 477
49 78
49 87
49 177
49 303
49 418
50 195
50 300
50 381
51 58
51 289
52 175
52 327
52 352
52 372
53 120
53 137
53 211
53 240
53 266
53 287
53 449
53 463
53 472
53 494
54 69
54 172
54 274
54 360
55 62
55 110
55 221
55 238
55 247
55 249
55 323
55 349
55 377
55 386
56 106
56 249
56 307
56 405
57 80
57 117
57 123
57 199
57 219
57 250
57 318
57 335
57 427
58 350
58 438
58 448
59 82
59 207
60 64
60 71
60 90
60 105
60 114
60 126
60 130
60 180
60 193
60 195
60 238
60 277
60 370
61 188
61 269
61 298
61 300
61 380
61 388
61 467
62 98
62 107
62 115
62 122
62 146
62 155
62 203
62 216
62 224
62 226
62 233
62 267
62 268
62 275
62 278
62 290
62 306
62 339
62 345
62 396
62 422
62 431
62 446
62 466
62 470
63 112
63 130
63 261
63 265
64 195
64 206
64 361
64 369
65 102
65 212
65 459
66 150
66 483
67 284
67 351
67 408
68 175
68 197
68 206
68 279
68 411
69 114
69 142
69 435
69 445
69 459
70 116
70 154
70 175
70 217
70 234
70 258
70 268
70 307
70 326
70 389
70 412
70 434
71 75
71 79
71 117
71 162
71 480
72 93
72 254
73 465
74 88
74 146
74 148
74 237
75 155
75 379
76 122
76 147
76 169
76 196
76 314
76 356
76 404
76 479
77 286
77 298
77 302
77 383
78 251
78 323
79 166
79 193
79 194
79 423
80 81
80 90
80 399
80 474
81 136
81 151
81 250
81 348
81 371
82 96
82 342
83 124
83 281
84 163
84 247
84 285
84 331
84 398
84 453
85 145
85 235
85 255
85 307
85 369
85 472
85 484
85 497
86 119
86 124
86 129
86 165
88 279
89 167
89 281
89 496
90 92
90 415
90 417
91 318
92 185
92 205
92 343
92 485
93 341
94 415
95 96
95 118
95 440
96 217
96 259
96 320
97 103
98 236
98 382
99 150
99 181
99 257
99 272
99 353
100 164
100 239
100 367
101 106
102 110
102 229
102 456
103 125
103 230
103 284
103 285
104 121
104 156
104 178
104 189
104 467
104 490
104 493
105 318
105 482
106 285
106 420
106 435
106 439
107 162
107 184
107 265
107 289
107 291
107 389
107 475
108 173
108 296
108 425
109 275
109 402
110 214
110 244
110 331
110 458
111 196
111 361
111 433
111 477
113 154
113 166
113 192
113 260
113 271
114 151
114 240
114 413
114 416
114 432
115 126
115 193
116 365
116 411
117 153
117 198
117 209
117 235
117 251
117 263
117 295
117 319
117 354
117 471
118 153
119 293
119 326
119 351
120 182
120 261
120 474
121 232
121 407
122 148
122 172
122 265
122 271
122 401
123 144
123 255
123 317
123 325
123 359
124 138
124 234
125 132
125 330
126 270
127 156
127 165
127 179
127 228
127 304
127 499
128 300
128 405
129 204
129 325
129 339
129 361
129 393
129 430
130 475
130 496
131 139
131 210
131 293
131 379
132 133
132 136
132 225
132 278
132 445
132 487
133 276
133 370
133 468
134 443
134 460
136 188
136 215
136 266
136 292
137 141
137 150
137 248
137 320
137 401
138 159
138 355
138 372
139 185
139 232
139 277
139 323
139 331
139 399
141 273
141 295
141 333
143 185
144 180
144 205
144 221
144 239
144 314
144 322
144 443
145 499
147 161
147 214
147 226
147 254
147 270
147 306
147 436
148 152
148 388
150 287
150 296
151 157
151 249
151 387
151 449
151 482
152 336
152 450
152 489
153 233
154 160
154 349
154 418
154 424
155 460
155 462
156 187
156 281
156 295
157 348
159 280
159 299
159 335
159 341
159 462
160 256
160 329
160 370
160 432
163 173
163 202
163 216
163 241
163 421
164 181
164 196
164 393
164 443
166 174
166 197
166 201
166 271
166 346
166 494
167 176
167 202
167 231
168 405
169 297
171 173
171 310
171 411
171 486
172 252
172 470
173 252
173 379
174 308
174 310
174 490
175 412
178 436
179 224
179 332
179 434
180 199
181 222
183 231
183 257
183 354
183 360
184 209
185 399
185 431
185 490
186 463
187 242
187 471
188 205
188 258
188 348
189 201
189 246
189 328
189 457
190 334
191 244
191 288
192 382
192 454
193 444
193 467
194 213
194 218
194 284
195 373
196 269
196 282
196 387
196 452
196 479
198 357
199 426
199 455
199 471
200 276
200 320
200 447
200 492
203 473
204 211
204 222
206 296
206 309
206 330
206 353
206 368
207 342
207 430
208 230
208 299
208 359
209 434
209 489
210 262
210 435
212 242
213 222
213 375
214 274
214 338
215 230
215 377
216 305
216 347
219 229
219 253
219 306
220 264
220 302
221 308
222 358
223 297
223 394
223 425
224 498
226 237
227 384
227 439
227 461
228 338
228 343
228 351
228 493
229 390
229 436
230 340
232 335
232 385
232 396
232 442
233 316
234 442
237 326
238 270
239 316
241 355
241 414
243 269
243 391
244 353
245 372
246 456
248 292
248 419
250 401
251 362
252 303
252 344
252 390
253 371
253 376
255 420
256 337
262 371
264 274
264 275
264 419
264 469
265 479
266 385
266 400
266 484
267 309
269 395
269 495
270 430
271 355
273 325
274 406
274 429
276 311
276 360
276 384
277 333
277 334
277 424
277 444
278 452
280 488
281 408
283 314
283 461
284 446
285 478
286 386
286 390
297 374
299 400
301 309
301 324
301 346
301 347
304 319
304 329
304 433
304 487
307 345
311 468
314 321
314 376
316 374
319 324
319 383
326 393
326 441
326 458
327 366
327 373
327 385
328 448
329 352
329 417
329 437
330 387
332 417
333 495
334 363
337 424
338 409
341 468
346 373
351 410
351 461
356 483
357 428
361 378
362 394
363 397
364 392
365 447
367 382
367 410
367 429
367 446
368 456
371 412
374 464
376 495
378 404
379 380
379 423
379 496
382 427
383 407
383 451
388 493
389 450
389 484
391 441
393 473
395 475
399 407
399 460
399 486
412 426
412 454
420 476
420 482
421 477
421 480
422 463
426 440
426 466
431 441
433 491
438 450
440 492
441 447
463 488
468 491
